-1.7479 -1.2471 -0.97522
0.87797 0.26425 1.7506
-0.56663 1.6488 -0.75284
-2.821 -0.57315 -0.10787
-2.1519 -0.5112 0.59752
-0.81577 0.15002 1.3726
1.7975 1.9094 -0.66983
-2.7344 -1.0843 -0.21375
1.8825 1.313 -0.85481
0.23325 1.3482 -1.0926
1.8566 -0.84022 -1.3539
-2.7227 -0.71139 -0.44808
-1.5896 0.37385 -0.88065
-1.8669 0.15472 -1.3023
0.39324 1.6605 -1.0576
-2.5565 0.60988 0.23652
-0.068892 -0.47931 -1.7511
-0.80496 1.5353 1.2125
2.5824 -0.019567 1.051
0.57876 1.6845 1.1564
-1.4235 0.50608 -1.6332
1.8602 1.5751 0.45076
2.2642 -0.56552 -1.2076
2.1165 1.2578 -0.63137
1.1531 0.059621 -1.5609
1.2807 2.1052 -0.13643
2.7761 -0.67544 -0.7045
-1.1096 0.53124 1.526
-1.8523 0.70947 -1.6752
0.77661 -1.5792 1.0418
-0.40643 1.0601 1.5434
-0.73391 -1.6995 0.76545
-2.8233 -0.66674 0.5417
-1.7679 -1.2552 1.0977
-0.6024 0.47354 -1.7246
2.2869 0.55599 0.55234
1.1593 -1.7742 -1.0278
-1.2666 0.54375 -1.5123
0.070427 1.7515 -1.0165
-0.32642 1.3894 1.3837
2.4116 0.38651 0.83199
2.3737 1.0399 -0.42162
-1.1719 0.77215 1.4979
-1.6384 1.8131 -0.2789
-1.6725 -1.6172 -0.52192
-2.6741 -0.32108 -0.85354
1.6943 -0.12888 -1.215
2.1263 -1.4343 -0.4167
0.047114 2.1252 -0.66103
2.5579 1.1438 -0.55998
1.7766 1.0543 0.94569
-0.39354 -1.0458 1.3258
-0.33242 0.97229 -1.9603
0.84606 2.054 0.83993
1.095 -1.507 -1.3444
-0.71719 -0.77324 -1.9437
1.2043 1.6243 -0.28058
0.6103 1.3664 -1.1755
2.5923 -0.22049 -0.16219
-2.4156 1.1855 0.2352
-2.0936 -1.7204 0.64759
-1.6332 -1.8888 0.33717
-0.18624 -0.22746 -1.9796
-0.32073 -1.0519 -1.5376
-0.044403 -0.58062 1.8424
0.20257 2.2015 -0.77231
-0.78689 2.1549 1.0072
-0.45158 1.3741 -1.6092
0.13984 2.5027 0.043947
-0.72198 -2.5366 -0.69152
2.9194 0.40786 -0.11238
-1.4133 0.48748 1.5273
-0.067474 1.6529 -1.115
-1.9138 2.0644 0.12175
-1.2085 -0.3094 -1.2736
-1.4488 0.3532 1.4992
0.078628 2.23 0.0052479
-2.5675 -0.59798 0.5946
1.2911 0.07508 -1.4463
0.55777 0.76227 -1.3991
1.9757 -1.3976 -0.77247
0.30852 -0.6784 -1.4568
-1.744 1.7803 -0.59717
0.15561 -1.9567 0.2227
-1.1304 -2.1765 -0.31382
1.4526 1.0152 -1.252
-1.5884 -0.74681 -1.4427
-1.328 -1.6203 0.91662
1.0315 -0.41832 1.1514
-2.1673 1.0045 -0.70404
1.8763 0.35814 1.4056
-1.3662 -0.33045 -1.6216
-1.3571 1.2204 -1.1127
-2.8333 0.09617 -0.46201
2.9593 0.32408 -0.13692
-0.60098 -0.8436 1.6973
-2.6066 -0.53581 -0.89115
-1.7169 -1.8768 -0.19242
0.9059 1.5224 -0.81906
0.24956 0.73718 1.729
0.27075 -0.88909 -1.491
1.7164 -0.060743 -0.98703
2.6136 -0.92769 0.47706
-1.002 0.1804 -1.7425
-2.1555 -0.68535 -1.4731
2.3115 -0.59147 -0.62136
1.8582 -0.65678 1.4359
0.39047 -2.2547 -1.009
-2.4742 0.57719 0.22932
-2.1133 -1.5527 -0.0060898
1.9589 -0.96194 -1.1266
-2.7253 -0.31118 0.21803
-1.1363 -1.8777 -0.60542
-1.9101 -0.85754 -0.89359
2.3919 -1.6295 0.0084598
-0.91186 1.4664 1.3563
-1.3182 -1.3249 -1.1925
2.5689 -0.29756 1.0249
-0.40381 -1.0818 -1.6151
-0.9073 -0.3708 1.8393
3.0224 0.38629 -0.46205
-0.47017 1.1885 -1.5883
2.5646 -0.65805 -0.35006
2.1096 0.54617 1.019
0.28885 1.7968 -0.92484
-0.4819 -2.1478 -0.091194
1.6234 1.5645 1.1649
1.5668 -1.8288 0.76194
2.5198 0.29656 -0.72834
-0.39243 2.0369 0.092805
-0.25788 -1.6808 -1.0078
0.17128 -1.3971 -1.3331
-2.3671 -1.3763 1.0448
0.29709 1.883 0.78604
-2.494 0.60636 -0.33658
2.2624 -0.085628 -1.4954
0.84687 -2.1012 0.59436
-1.5726 1.1724 0.99404
-2.7592 0.40028 0.27097
0.98339 2.1232 -0.40684
1.5199 2.034 0.34973
-2.3351 0.87226 0.66031
-2.1226 0.51063 0.65261
-1.6362 -1.6738 0.014308
-0.72173 -0.96826 -1.5722
0.64995 0.86308 -1.0903
0.078812 0.79013 1.8624
2.8761 -0.026445 0.33201
-1.6008 -2.1603 0.23391
1.0559 -2.0136 -0.34335
-1.8483 0.20528 1.0711
-1.9444 0.97174 -1.0463
-0.0068022 -2.5911 0.15916
-2.2006 -1.743 -0.35138
-1.1132 -2.2439 -0.17117
0.3703 -1.4646 -1.4442
-1.5136 -1.8977 0.22873
0.048653 2.059 0.56011
-1.7321 0.73694 -0.94234
1.8929 -0.95869 0.3053
-1.0308 -2.0352 0.14823
-2.7759 -0.12411 0.10354
-0.57674 -1.7049 -0.42352
0.19064 1.892 -0.96565
0.13346 -0.63774 1.327
-1.1889 0.31073 -1.6048
0.23707 2.4455 0.28634
1.7055 -0.88433 1.2737
2.3557 0.69884 -0.55721
3.2313 0.42144 0.077922
0.15008 0.063434 -1.592
-0.64366 -1.217 1.0698
-1.4915 -1.2246 -1.1986
-1.5275 0.46183 -1.2667
0.80443 1.0547 1.257
0.95061 1.3143 -1.064
-0.82446 -1.0759 1.7588
1.7382 -0.47411 1.5938
-1.6658 1.9555 0.12383
-0.36204 -0.66086 1.4578
0.67806 -1.4967 1.3746
-2.2672 1.0816 0.42062
-2.2222 -0.93767 1.0436
-1.4693 1.483 1.2647
1.5806 0.48709 -1.5516
2.1309 0.8401 -1.2123
2.0544 -0.23357 -1.2359
-2.6751 0.49411 0.61272
-1.9552 -1.0924 0.75737
-2.2406 -1.4673 0.31526
-0.3523 1.4765 1.1056
-1.927 0.75748 1.0983
2.2015 0.6063 -1.0786
-2.9525 -0.19626 0.22929
1.7863 -1.691 -0.65655
-2.1409 -1.118 0.30154
0.13544 1.4474 1.2604
-1.3363 0.88146 -1.4545
2.6784 -1.2998 -0.15602
-0.72261 -1.6189 1.2032
2.4559 -1.2369 0.40264
2.0455 0.56471 0.96706
0.29673 -0.91568 -1.4507
-2.1513 1.1301 0.69452
2.1471 -1.2981 -0.40498
-1.5106 0.20284 1.371
2.6791 0.7312 0.1463
2.5606 -0.039175 -0.38527
0.90326 1.6802 -1.1107
-1.5349 0.075334 -1.4552
-0.23625 1.7804 0.94717
-2.5177 -0.90572 -0.4546
-0.97484 1.8433 -0.94749
1.9909 -0.59178 -1.366
2.6869 -0.52486 0.23216
1.5104 1.8358 0.49625
2.7068 0.12192 0.61613
-2.2533 1.5931 0.20236
-2.0914 0.64126 -0.97131
1.9325 1.46 0.10986
-2.3234 1.1701 0.46315
-1.3332 1.3879 -1.2873
0.9701 -0.31081 1.7326
1.2131 1.3994 0.80295
-1.5963 -0.81459 1.2018
-1.0192 -0.13822 -1.8196
1.2245 0.60997 -1.6269
1.0739 -0.46288 -1.7812
1.7637 1.6673 0.2425
2.0672 -0.36703 1.0997
-1.8222 -0.51103 -1.2217
1.1811 1.0543 1.367
1.2089 0.49909 1.4013
-0.13211 -1.1829 -1.5567
-1.3624 -1.9092 -0.78465
-2.0006 1.3475 -1.1373
0.67363 1.5314 -1.2438
0.11497 -0.60923 -1.7645
1.3951 -0.55864 -1.1972
-1.5918 -0.6388 1.1193
-2.2585 1.6771 -0.55703
-1.6351 1.1254 -0.57617
-2.7859 0.060871 -0.45287
1.7486 -1.5715 -0.24941
-1.3577 1.7618 0.96886
2.5817 0.90538 -0.58902
0.16312 0.86285 1.4356
0.25494 2.5383 1.0398
1.0557 1.4169 1.5019
-0.34948 0.1254 -1.7324
-0.8011 2.0861 0.34895
2.5939 -0.0039709 -0.026309
-0.18918 -0.71602 -1.3463
-0.36323 2.1535 -1.2942
0.15595 0.74687 -1.2197
-0.41776 -1.5641 1.118
-0.74528 0.93682 -1.3092
1.0347 -0.73635 -1.3997
1.1717 0.99241 -1.2238
1.2154 -1.891 -0.19927
1.8421 1.4145 -0.81543
-1.9855 1.7341 -0.50614
-1.0391 -0.70374 -1.464
-2.5214 -0.93714 0.31621
1.9189 -1.8636 -0.018576
-2.6502 0.89416 0.09611
1.9276 0.58223 1.2082
1.2326 -1.9569 -0.26968
-0.24828 2.062 0.57409
0.36121 0.74255 -1.4319
-2.842 1.2951 -0.35473
1.1444 1.714 -0.36351
1.256 -0.43051 1.8976
-0.65303 -1.7099 -0.93394
-2.9142 -0.64754 -0.22794
-2.489 0.88187 -0.72755
-2.1674 0.3193 -1.2173
1.3394 1.5281 -0.94549
1.2913 1.7681 -0.64964
2.6362 0.63258 0.67302
0.038595 1.4737 -1.427
1.9561 1.1385 0.66467
-2.3806 -0.8963 0.30119
-2.527 0.81464 0.62645
-0.68047 -0.93825 -1.8467
-2.5212 -0.72424 0.89976
-0.90596 -2.0591 0.06448
-2.943 0.77193 -0.28232
0.90349 1.8528 -0.15161
-1.3049 1.8774 -0.37482
2.451 1.0676 -0.45037
-2.6268 -0.34395 0.85963
-1.7738 0.085552 -1.1212
-0.10936 -1.2153 -1.2177
-0.16777 1.952 1.1325
-1.2183 0.10226 -1.4408
2.2093 -0.5542 1.28
-0.0066351 1.7194 -1.2583
-0.81342 -0.13404 1.8303
0.4808 1.0671 1.4309
0.52163 -1.8488 -0.76517
2.9898 0.44436 0.12765
2.4668 -0.32501 -0.90627
-1.8551 1.19 0.25019
-1.7875 1.82 0.6744
2.8046 0.88818 -0.21825
-2.9065 0.19832 -0.10803
1.2825 -1.3818 1.4476
-1.8817 1.5813 -0.0091603
1.6683 -1.6721 0.82648
-0.11154 0.23264 1.7123
1.9024 0.48195 -1.3235
-0.64735 -1.5821 1.2353
2.92 0.46405 -0.18153
2.6741 -0.1004 1.0298
-3.1287 -0.434 0.061103
-2.3384 -1.1411 -0.17913
-2.7124 0.5508 0.32453
-2.8094 0.065789 0.38294
-0.49422 -1.945 1.3802
0.54088 1.9078 0.99273
1.2964 -1.0485 1.0184
0.36115 1.2116 -1.6018
-0.2918 -1.4377 1.6688
-2.0854 -0.90329 -1.0096
0.0070096 -1.4391 0.70041
-1.6374 -1.7133 -0.30414
-2.8312 -0.6198 0.38025
0.28942 2.0442 0.03677
2.1584 -1.2623 0.47143
-2.4686 0.68125 1.5299
1.2719 -0.55491 -1.4341
0.92158 1.9419 -0.092343
0.96644 -2.3109 0.54244
2.2096 -1.7569 0.43731
-1.0397 1.988 -0.20208
-1.3003 1.0096 -1.2312
1.8697 1.9654 0.20007
0.021077 -1.8337 -0.72058
-0.20599 -2.0308 -0.84271
-2.3765 0.23087 -0.47693
-2.6568 -0.314 0.40879
0.40048 -0.93016 -1.3326
-0.33648 2.5566 -0.037935
1.9806 -1.7069 0.39698
-0.33169 2.1423 0.57791
2.369 0.89425 -0.71821
-0.7654 -0.42894 1.5075
-1.3177 1.2846 1.3357
0.65257 -0.35232 -1.4257
2.3947 0.83226 -0.46567
-0.32292 1.1431 0.99131
0.42901 1.0781 -1.5402
-1.3355 1.6254 -0.35103
2.7618 -0.70894 0.71918
-1.5252 -0.29519 -1.872
1.6584 1.0652 1.1598
0.93281 -2.2595 0.38057
0.44153 -2.454 0.50209
-0.095884 -1.3879 -1.201
-1.8225 -1.8335 0.075283
2.4838 -1.013 0.40687
-2.2667 0.058461 0.82703
-0.080706 -0.78911 1.6491
-0.61853 -2.293 0.14726
0.5073 -1.7488 1.3081
-1.8142 1.1083 1.037
-0.33679 0.55263 -2.0284
-0.64278 -1.4147 -0.92227
-0.63355 -1.6596 0.72811
-0.94457 0.2119 -1.5358
-2.7642 0.2454 0.8338
-2.0484 1.2266 0.67012
-0.51319 2.004 0.96669
1.4408 -0.089757 1.4187
-1.0912 2.1481 0.27301
-1.6412 -0.60176 1.3142
2.7146 1.3858 -0.3455
-2.3521 1.6294 -0.23171
-2.3609 1.3608 -0.47714
2.0415 1.8132 0.68762
2.142 1.0009 0.35643
3.039 0.055233 -0.10297
1.8401 1.2027 -0.98171
0.23523 2.3266 0.33208
0.20248 -0.84122 -1.6906
-2.3984 -1.0544 0.43315
0.99805 -1.8999 -1.1207
0.31116 -0.83008 -1.4185
2.5068 -0.15696 0.50745
-3.0666 0.18528 0.073692
0.35027 1.0779 -1.6181
0.93666 2.0793 -0.54565
0.016036 -0.61235 1.6312
-1.832 -1.3957 -0.77107
1.4368 -0.42629 -1.6454
-1.2199 -2.2634 0.86095
2.2686 -0.34246 0.83513
1.226 2.0972 -0.38892
0.1441 -0.62063 -1.6563
-1.7469 1.9485 -0.2791
2.8291 0.78635 0.43345
0.55379 -0.69858 1.7017
1.5801 1.4499 -0.63977
1.4997 -1.8508 -0.61848
-1.1058 0.64737 1.4822
0.40937 -1.6153 1.3856
0.80707 1.1106 -1.2117
-0.82812 -0.31446 -1.5918
-2.6386 0.36239 -0.80248
1.0309 1.0538 -1.1277
2.1631 -0.46887 -0.67678
1.9027 1.5627 0.56251
1.7807 -0.91611 0.64435
-0.33062 -2.4584 -0.33967
-0.2363 -1.963 1.0488
1.3088 -2.029 -0.030291
2.8921 -0.089812 -0.65124
1.8184 1.7428 0.15392
-0.21729 2.1196 -0.67618
-2.9957 -0.3672 0.087508
1.3567 0.49335 1.5875
2.4748 0.33076 -0.84109
-0.57785 -0.10104 -1.6485
-0.53298 -2.0705 -0.79376
-0.36208 1.0011 -1.2307
0.92066 -1.5461 -1.3064
0.52422 2.0259 1.2448
1.7988 -0.84783 -1.4324
-0.48324 -1.881 0.84223
-0.91491 -1.7882 0.67721
1.1272 1.4903 -1.0158
-2.413 0.03407 -1.1078
-0.29585 1.4111 1.2388
-0.53347 -2.6978 -0.68806
2.8184 0.0060707 -1.0118
-0.44001 -0.75633 -1.957
-2.67 -0.20727 0.78261
0.087194 -1.0992 1.3368
-1.0504 -1.4687 -0.76943
-1.3359 0.022636 -1.7569
-0.093566 1.503 1.1793
2.0219 -0.12931 1.5436
0.38321 2.0092 0.85347
2.7315 0.73943 0.13113
1.2281 1.829 0.61492
-1.1106 1.8514 -1.1667
-2.8094 -0.22165 -0.83326
-2.2695 -0.682 -0.96444
-1.8767 0.4886 -1.2392
0.78606 -2.1859 -0.23967
0.48427 -1.6721 -0.66932
-2.0701 -0.21728 0.88517
-0.064333 0.51305 -1.3599
-2.7088 0.61632 0.4707
-1.943 0.78345 1.264
1.9938 -1.2719 0.21443
-0.91358 -1.6733 -0.87566
-0.85194 -0.4631 1.6738
2.6571 -0.33839 -0.24709
-0.12972 1.9233 -1.2398
0.52387 2.1983 0.42426
3.0001 0.49547 -0.45274
-1.408 -1.7378 -0.20116
-0.42386 -1.8943 0.77025
0.14264 -1.913 -0.51576
2.9265 1.2645 -0.01726
-0.76326 -2.0276 0.92588
-1.6655 -1.6692 0.87798
2.517 0.83643 0.30097
1.6759 1.1821 1.0537
-2.2334 1.3291 0.49942
-2.9192 0.52171 0.14292
1.8978 -2.0497 0.39554
-0.34349 -2.2212 0.4665
-2.0079 -0.71284 0.73037
-2.3424 1.1075 0.74687
-0.037072 1.563 1.3373
1.4795 -0.90825 -1.4201
2.5109 1.4344 0.38403
-0.79325 0.8016 -1.6647
0.5943 1.1176 1.5891
0.00098453 2.26 0.16673
1.7821 -1.1691 0.71269
2.1164 0.6322 -0.44513
-1.6782 1.5365 0.36725
-0.23734 2.2509 0.79737
-2.8367 -0.82059 0.93313
0.80829 -1.1786 1.6057
-0.64641 0.79621 1.2827
-0.77563 -1.0597 1.3635
2.1851 -1.5056 0.067014
2.6077 0.38617 0.93164
-0.28571 -0.61351 -1.656
-1.3828 0.68707 1.5891
-0.9168 -1.9468 0.28019
2.9728 -0.010414 -0.45578
1.8404 1.5186 -0.43801
1.4745 -0.66049 1.4428
0.2607 0.89319 1.7196
1.4589 -1.7826 0.069085
-1.469 1.6915 -0.3078
2.1272 -1.0691 -0.75634
0.19898 1.7119 -1.0538
2.2425 -1.6457 -0.12861
0.98414 -0.18243 1.5837
-1.1037 -1.1845 1.4562
0.60209 0.73829 -1.406
-2.4826 0.49929 -0.77411
-2.0192 -0.45854 1.0374
2.541 -0.33373 0.38752
-1.4599 -1.555 0.18191
-1.3199 -2.3226 -0.3356
-2.232 1.3926 0.67942
-1.4295 -1.6914 0.79249
1.7492 1.3558 -0.25231
2.4396 -0.82049 -0.6492
2.4089 1.1305 0.32405
0.72135 2.2117 -0.62859
1.3545 0.8994 1.5313
2.9651 0.010527 -0.82804
0.41366 -1.3387 1.3179
-2.2702 -1.0736 0.64247
0.11857 -1.4412 1.1457
0.33474 1.4174 1.1208
2.3293 -0.32044 1.2762
0.62135 1.0363 1.5618
1.747 -0.4951 1.1106
-2.4487 -1.3891 0.30823
-1.6872 -1.4442 -0.70747
1.9604 1.2784 -0.49246
0.025733 -2.5236 0.1255
-0.70265 -1.8167 0.28475
2.1827 -1.3914 -0.52364
1.4191 1.8276 0.053975
1.2569 1.6128 0.67549
0.63183 -1.1202 1.4275
1.8528 1.7432 0.47665
-2.0181 -0.27937 -1.6286
0.025284 -1.9827 0.34731
-2.3238 -1.3749 -0.11649
-2.0314 -0.70562 -1.7733
-2.6765 1.1899 0.2615
-1.8459 1.2446 -0.25187
-1.586 -2.1036 0.74464
0.48381 -1.8139 0.86868
-0.40619 1.9412 0.57726
1.521 1.4054 0.6954
-0.25807 1.9877 1.0375
1.6455 -0.98867 -1.3166
-0.57282 1.7681 0.97978
-0.094236 -1.2718 -1.2606
1.318 0.34983 1.2637
1.2676 1.9717 0.33867
-1.3818 1.2403 1.3659
-1.7738 -1.3641 1.268
2.6724 0.035593 -0.52745
1.7472 -0.94722 -1.067
-0.582 1.9034 0.97443
0.76849 -2.1167 0.7311
-1.6441 1.831 0.36834
0.10721 0.66566 1.966
-1.9933 1.1442 -0.67348
1.9377 0.7344 -1.2367
-2.0278 1.4613 -0.15046
2.2196 0.61848 1.1774
0.24553 -1.9764 0.62339
1.4598 0.86205 -1.2967
-2.5799 -0.64435 0.37696
1.1927 -1.6743 0.44585
-2.7001 0.29076 -0.56915
1.2261 -1.6353 0.88131
1.0076 -0.89061 1.2717
-0.49275 -0.64475 1.5801
0.31953 2.0375 -0.49648
-0.39791 1.428 1.1767
1.8886 1.1532 0.24599
-2.1657 -0.34255 1.8797
-0.1546 -1.9878 -0.9329
1.5234 1.9707 0.030429
-1.1298 0.45267 -1.5106
-0.11681 -0.77067 -1.6773
0.58779 2.108 -0.69876
0.29249 1.8922 -0.72216
1.8336 0.27651 1.2996
0.49523 -0.10777 -1.7434
-0.011494 -2.1438 -0.30046
0.93292 -2.0707 -0.39591
2.7346 0.76805 0.24941
2.4354 1.2416 0.45638
-1.1138 -1.9537 0.29561
-2.454 -0.54227 0.78358
-0.35259 -1.9791 0.25064
0.15301 1.816 -0.63282
-1.0614 0.71016 -1.4718
1.0119 0.13733 -1.5723
2.3069 0.93325 -0.92256
0.32042 -0.92762 1.1997
-1.2257 -1.7758 0.75456
-1.365 -1.9006 -0.41585
0.47244 0.21459 -1.3498
-1.6085 1.925 0.099786
-0.55845 0.21005 -1.5351
0.58676 -2.2503 -0.35998
2.8393 0.24599 -0.59883
-2.3601 0.10104 -0.62683
-1.2083 -2.1141 -0.42953
2.5311 0.81429 -0.61821
-1.3271 1.9768 0.24449
-2.1743 0.94478 -0.86792
0.12378 -1.8276 1.0062
1.9199 0.93888 -1.062
-1.7295 -0.95557 1.0254
1.7717 1.0246 -0.49127
3.0782 0.096454 -0.012643
1.7738 -0.9272 -0.95637
1.0009 1.9887 -0.20163
-1.9529 -1.4751 -0.81649
2.5341 0.66952 -0.29184
1.6666 0.3134 -1.2497
0.0036676 1.232 -1.2874
-0.036207 -1.3317 1.8025
1.5819 -1.5437 -0.43068
2.2129 0.67292 -0.431
0.72504 -1.5956 1.1112
-2.2871 -0.79631 -0.83643
-1.6401 -1.8332 -0.12317
0.72135 1.9233 -0.15298
-0.10863 0.56374 -1.62
-1.5889 0.17481 -1.6625
2.9059 -0.16077 -0.022801
-2.1397 1.26 -0.6719
0.55362 -0.20905 1.8689
-2.7489 0.028162 -0.2895
-1.5932 -1.6435 0.5556
-0.48403 -0.31511 -1.3354
-0.91021 0.84113 1.4236
-0.068476 -2.7484 0.090661
0.73707 -0.87096 -1.2846
-1.7638 -0.80471 0.88203
-2.536 0.59332 -0.7234
1.207 -0.43555 1.3953
0.20741 1.6417 -0.87599
1.4578 -1.7659 -0.69478
1.3012 2.1545 0.55059
2.9208 -0.12213 -0.58712
0.66706 1.2997 1.0378
2.1134 -0.1375 1.3081
-0.73273 -1.9728 -0.29416
-2.5302 -0.57612 -0.87261
2.6511 0.70799 -0.40047
1.7883 -1.3221 0.14114
-0.82879 -1.9307 -0.52754
0.33246 -0.077176 -1.677
0.66044 -1.195 1.158
1.4112 -1.8541 0.82268
1.0567 -1.4983 -0.9076
-2.0019 -1.4933 -0.5988
-0.96219 -1.7949 -0.57104
-1.0428 1.6933 -0.67511
-2.8099 -0.59638 0.44275
-0.18449 -1.4756 1.1143
-2.0799 -0.21341 1.1769
1.3089 -1.5293 1.7078
-3.2046 -0.35045 -0.49968
-0.434 -1.8947 1.2539
-1.7767 0.32904 1.3552
-2.2172 1.1626 -0.63641
-2.2806 -1.5749 -0.29405
2.7528 -0.68832 0.85017
-0.16684 -1.0269 -1.2547
0.55744 2.4767 0.055784
-1.3951 1.8756 -0.78423
0.99082 -2.082 -0.088058
-0.13647 -2.1876 -0.74912
2.6288 -0.56485 -0.026972
2.0298 -1.4624 -0.11447
0.73755 -1.4876 1.3476
0.5494 1.6865 -1.2241
1.9753 -2.0858 0.022383
2.6956 0.43567 -0.24898
-0.083608 0.091496 1.6721
-0.20721 2.1202 -0.88922
2.3621 -1.1615 0.74011
1.5188 -1.8194 -0.34471
-1.009 1.3102 -1.3161
2.2063 -0.52441 -1.1846
1.2612 0.33788 1.4035
3.0821 -0.052734 -0.35903
-1.3893 1.915 0.083013
-0.4083 -0.04621 1.8079
-1.5427 1.479 0.92891
-1.4308 1.8833 0.34372
2.1969 0.37888 -0.91634
-2.6909 -0.23786 -0.35522
-1.3911 1.4381 0.8243
-0.66404 0.77679 1.8367
1.83 -1.743 -0.92955
-2.3715 1.455 -0.20367
2.3615 -0.36205 1.1014
0.98733 2.1642 -0.58988
1.559 -0.57629 1.1171
0.92614 -1.8009 0.43966
2.6885 -0.31927 -0.68069
0.83794 -2.1133 -0.60859
2.593 -1.0729 0.38452
1.5162 1.7313 -0.88665
1.2228 1.9516 0.31569
1.0998 2.0148 -0.09086
-0.40302 -0.27891 -1.6211
-3.0338 -0.1647 0.80476
0.17299 -1.3731 -1.1462
0.59446 2.4121 0.13601
0.41832 -0.033406 1.7413
-2.2025 0.81235 -0.68025
2.843 0.59231 -0.92393
1.3035 1.5023 -1.2878
-0.70869 0.34702 -1.6142
-2.7528 0.42601 1.2427
0.083622 -2.122 0.47383
1.4828 1.6425 -1.0481
-1.1985 0.46027 1.6733
-2.6284 -1.2227 1.2836
1.6814 -1.3536 -1.2959
-0.032637 -0.96419 -1.8413
-2.6585 -0.99727 0.012998
1.1722 -0.35683 -1.9291
0.82665 0.13118 -1.2743
-0.66611 -0.67273 1.7959
-0.78141 -1.8751 0.22212
-2.084 -1.4614 -0.4228
-1.9321 0.89788 1.2756
-0.11007 -1.7927 -1.1647
-1.445 2.0811 -0.16983
1.3869 1.9824 -0.14079
-1.9004 -0.4891 -1.1564
2.4935 1.3235 -0.5108
1.1926 1.8611 1.0896
2.1019 0.94764 -1.0876
1.4668 0.91642 -1.3565
1.3483 -0.44045 1.6109
0.9001 2.0544 -0.90921
-1.6132 -1.4032 -0.74064
0.32506 0.7203 -1.5115
-2.8441 -0.7069 -0.69677
0.48284 -2.3917 0.35128
1.3026 -1.8018 -0.47891
-0.5285 0.75023 1.5707
0.10127 -1.6314 -1.1238
1.8882 1.1556 -0.96449
-0.643 -1.1677 -1.6812
2.4525 -1.5302 0.14267
0.75208 -0.70906 1.2997
