2.217913334749756 7.3235241416581465 1.5455061297543358 9 34 27
2.317283202278218 7.3142506462676655 1.5340345866975431 9 35 54
2.1755167911825213 7.322536888861846 1.541596971741087 9 36 16
2.2231717296851423 7.324860205735021 1.5337250450045727 9 37 29
2.3041108095973044 7.317551993414547 1.523427683419843 9 38 51
3.937532465332509 6.499216850430769 0.53668728861526 9 210 447
3.665774628527917 6.488996055842581 0.5222245942336308 9 227 416
3.2236727333800603 6.329265327903958 0.5850999130651959 9 252 380
3.865707030811303 6.283009614619789 0.2619738914184855 9 272 468
3.184205369761333 5.8105348652296 0.5911583939899707 9 296 471
