2.9248949629519423 7.215873253758023 1.536122190694485 9 3 280
2.9630502559720195 7.191749310253135 1.5337846566542999 9 3 289
3.0021644556903166 7.201052880607378 1.5306133868466232 9 3 295
3.0318176152383947 7.192098468123244 1.5285737039347924 9 3 301
3.0907300674419855 7.203390512577899 1.5238592001337317 9 3 310
3.1280721772464606 7.196125318205394 1.5211992986435843 9 3 317
3.1801282346665127 7.192636135920539 1.5173401420145305 9 3 326
3.1999988552755037 7.165616399868833 1.5164519838133361 9 3 332
3.188858031957206 7.128215537633657 1.5181465706449764 9 3 334
3.216292253329822 7.114294283262179 1.5163878755073779 9 3 340
3.2308901032608803 7.118139867296621 1.5151958201911633 9 3 342
3.2570137129208723 7.130190795766101 1.5129448698464516 9 3 345
3.3101571114143007 7.144939965997432 1.5085881351429022 9 3 352
3.3452013493572936 7.131495681144495 1.5062427979559296 9 3 359
3.351129791416368 7.121646192674833 1.5060185310425287 9 3 361
3.394501429331469 7.110767782322778 1.5029847070793143 9 3 369
3.2639197463728262 7.122182484887569 1.507835150205194 9 4 347
1.7545492483795035 7.37763407845334 1.5532058603519763 9 20 22
1.7374310673138535 7.396247465840206 1.5417308353495494 9 23 18
3.8344747232940737 6.3166973297515945 0.5116946587760105 9 204 528
3.917165505519682 6.396327860622877 0.4060132383605668 9 214 525
3.90939905609405 6.45162572911333 0.3345020926409443 9 223 515
3.7878289871783415 6.399801143729876 0.3563833118402677 9 228 507
3.760088674825755 6.422574500081299 0.34388900739974715 9 230 500
3.5051669611260343 5.753621314272611 0.5590515914850147 9 252 581
3.2522147409158917 6.264440722662151 0.27491439126594885 9 280 449
3.494846397539929 5.702166927865318 0.44187890074859903 9 282 586
3.317594162844979 5.406485115695028 0.44560289086487637 9 328 625
3.316697964260827 5.396597133786058 0.43835279742083544 9 331 627
