0.640163789266197 7.234608909634784 1.0006772213481503 9 6 226
0.6472802445360062 7.247280958183992 0.9980454662416847 9 6 232
0.6514181358236015 7.274684406076003 0.9899963739004014 9 6 241
0.6529216964989488 7.283895464363723 0.9873144686909943 9 6 244
0.6526260884169628 7.314482275003936 0.9773005150477131 9 6 252
0.6630252009159929 7.336279058361777 0.9723877728391224 9 6 261
0.6743722739874838 7.35747688695377 0.9678685686037765 9 6 270
0.6809284596695541 7.373353907365825 0.9640766032002445 9 6 276
0.6208684068757049 7.047110038497689 1.0556243782041181 9 7 158
0.6224319730059349 7.064622510262325 1.0502299875771288 9 7 165
0.6226385635587083 7.089572569963626 1.042119246199113 9 7 174
0.6292433126379073 7.1090115616759215 1.037156182713467 9 7 183
0.6268786940610221 7.138286324258763 1.027090904089787 9 7 192
0.6324836239704159 7.157108813317801 1.0221189074176285 9 7 200
0.639498768680479 7.168526542498847 1.019863737178425 9 7 206
0.637935023338087 7.199477220584256 1.0094192829776933 9 7 215
0.6016521377877507 6.897850319630846 1.0985411550608828 9 8 89
0.604894834223733 6.91047546624645 1.0950819639424894 9 8 96
0.6073783881883926 6.926174587221838 1.0904532071094906 9 8 104
0.6100955617567625 6.9443788614356645 1.0850514414089485 9 8 113
0.6099074980869015 6.96551434763836 1.0780733869553223 9 8 122
0.614180806287596 6.981136365626337 1.0738482155313285 9 8 130
0.6156257169169859 7.002098076113269 1.0672723456889837 9 8 139
0.6165944187830472 7.021585599493787 1.0610797691217808 9 8 147
0.5901507237208208 6.793762672658254 1.1285968335726206 9 9 32
0.5936848828855901 6.804196604666392 1.1259065246906952 9 9 39
0.5956569797221558 6.819563474689518 1.1212580879896088 9 9 48
0.5988634571065983 6.834512325968499 1.1170094912781752 9 9 57
0.6014611799636919 6.850264965852067 1.11236664442183 9 9 66
0.6017132833902538 6.868109010534274 1.1065363140824795 9 9 75
0.5999216453083592 6.883228231905012 1.0993615430088377 9 10 82
0.6549444052680298 7.306273165134378 0.9685936990899193 9 11 251
0.6621956011975578 7.335842924259192 0.957882529207468 9 12 261
0.6372830945889563 7.158903885290877 1.0094545755077047 9 13 203
0.6184832764404409 7.014247593147357 1.0519411512185044 9 14 146
0.5999480065981844 6.8302574823639635 1.1081911219515308 9 15 57
0.6000997554990065 6.867818875867747 1.095507142549113 9 15 76
0.6445867452336245 7.209043741837139 0.9896647591742138 9 15 221
0.6469653858708483 7.237440491074944 0.9805684109032344 9 15 230
0.6457657650615912 7.2530930564181055 0.9750078258682942 9 15 234
0.6485928251335475 7.264203112739323 0.9718617867210997 9 15 238
0.6207848714882284 7.0241339323523855 1.0450622188229526 9 16 151
0.6203965018006627 7.048453359169751 1.0367074962193852 9 16 160
0.6240036654495538 7.067050327459693 1.0311721763743837 9 16 168
0.6264730390671095 7.087284641352525 1.024831339982758 9 16 176
0.6275400250917598 7.112501461103646 1.0164896206946021 9 16 185
0.6304150742238374 7.130646997218915 1.010947759551209 9 16 192
0.6282036995267859 7.142147718129271 1.0065535018472573 9 16 195
0.6354578357192726 7.188721754194457 0.9923018627780351 9 16 212
0.6491908692482571 7.277883627627209 0.9649846128495896 9 16 242
0.6042187656690944 6.890810609026791 1.084930405255383 9 17 89
0.606478497031552 6.90855720310146 1.0793653638910436 9 17 98
0.6082750273465473 6.927186177889948 1.0733972693743132 9 17 107
0.6129389085649106 6.9440789322326015 1.068651632814227 9 17 116
0.6129504180092371 6.955766834962289 1.064662304875681 9 17 121
0.6133438294518181 6.977034896394149 1.05748483502587 9 17 130
0.6517063178867937 7.285701774430507 0.9604853617565721 9 17 245
0.6568862501572587 7.2982403272718885 0.9573401368544803 9 17 250
0.5928686452070145 6.786660937631984 1.1163033094007715 9 18 32
0.5965973390510863 6.800626960100662 1.112334563492381 9 18 41
0.5939408116696175 6.815322521507121 1.1067079377044042 9 18 48
0.6000294736160569 6.840077247180413 1.0995586192622622 9 18 63
0.6449818191117627 7.245802030165254 0.9702933575050315 9 18 232
0.6299050000903886 7.148394942870542 0.9981660936863257 9 19 198
0.6157093442580149 7.011001277186214 1.0403292567857292 9 20 145
0.6058432372265935 6.9018150900116595 1.0721530478557568 9 22 96
0.6271272398792579 7.104199721421463 1.006286020733672 9 22 183
0.6462869144641321 7.218191220717028 0.9707944759745071 9 22 225
0.5899524659075335 6.806768733205455 1.0982406794383426 9 24 44
0.5969767979155932 6.81920836128385 1.0954489116666304 9 24 53
0.6025053327620874 6.852733478654406 1.0848959461441066 9 24 72
0.6089429478137369 6.922727150623548 1.0617097226054524 9 24 107
0.6134071271997823 6.988028997297155 1.0397292293458456 9 24 136
0.6271528274798437 7.091486849005051 1.0064136953196339 9 24 179
0.6386421229940575 7.181970067136795 0.977155892088286 9 24 212
0.6402663101912427 7.196871471669034 0.9722769537341662 9 24 217
0.6178341201536334 7.006507060918593 1.0321793278478806 9 25 145
0.6181267562428567 7.0298259356596695 1.0240009965123007 9 25 154
0.6226311677987113 7.041858819645762 1.0207688543936382 9 25 160
0.6252186597527121 7.064278919462976 1.0134291119869339 9 25 169
0.631118701895831 7.110723039078637 0.9983470873837488 9 25 187
0.6344577892158332 7.134763559963569 0.9906049935289989 9 25 196
0.6386945923486984 7.16514223292302 0.9808256840921759 9 25 207
0.5912346119784226 6.782795014757507 1.1035042960874901 9 26 32
0.5976808586846641 6.873434431690346 1.072788593062131 9 26 81
0.6104689973339428 6.913674553629425 1.0614141536191213 9 26 104
0.608574204497839 6.9309946795431046 1.054832239226385 9 26 111
0.6111437063632672 6.949911970984008 1.048700542315661 9 26 120
0.6133147500786708 6.969739149270175 1.0421549553682685 9 26 129
0.598605235444566 6.829818809474252 1.0866824567905782 9 27 60
0.5894447116002988 6.80403787738016 1.090220365064609 9 29 44
0.6226531613282617 7.0392946865931725 1.0111519560110507 9 30 160
0.6032540688068285 6.885536982084284 1.0602926037845606 9 31 90
0.6188808711113347 7.018067894214004 1.0158532616455775 9 31 151
0.6265005958281313 7.062412508581648 0.9993819104379933 9 32 170
0.6286741596407581 7.0712171334066865 0.994507213319632 9 33 174
0.5993665176452764 6.828085551194544 1.059932434318789 9 42 64
0.611263332443696 6.940809860405495 1.0200004227853472 9 42 120
0.6142950215355529 6.969390003520559 1.0077981644755678 9 43 133
0.5931631325755501 6.7704818882736895 1.0767293471680093 9 44 32
0.6072304977563281 6.903502235765642 1.0292200538438112 9 44 103
0.610584402236954 6.9191353002919636 1.0240534927331861 9 44 111
0.6105808105194268 6.947393557458843 1.01322733999952 9 44 123
0.5931198136671749 6.783172421616491 1.0663949427985093 9 47 40
0.593964628191079 6.7994605718739605 1.060286837155176 9 47 49
0.6011776647817831 6.850083889902614 1.042441073117664 9 47 77
0.6026916555489708 6.828155812587639 1.049429506393135 9 48 67
0.6031034313474146 6.873403293866344 1.0319093080657904 9 48 89
0.5981262029704193 6.807025794049382 1.05465419707088 9 49 55
0.5969851971080139 6.762545523024728 1.0645301569312087 9 53 32
0.5998356510374866 6.851496647709359 1.0298914727155126 9 53 79
0.5977861714826482 6.809313045476113 1.0423459459207076 9 55 58
0.5943231850573719 6.776765722954019 1.0526496540777233 9 56 40
0.5943413032874868 6.787913698283887 1.048167804377441 9 56 46
0.6043739212072148 6.8341924977582815 1.0321221807630279 9 56 73
0.6013577587374167 6.814922781723969 1.0352669708997024 9 58 63
0.5946015100632706 6.788987058927656 1.0402570131316229 9 60 48
0.595668048185213 6.755811354327987 1.050416430484573 9 62 31
