2.2220707616511524 6.706147625957334 0.41490010427851765 9 21 461
2.2105871419843015 6.6552252851488465 0.41440334169339854 9 26 457
2.576757435880313 6.441843725068184 0.43433886685631007 9 64 553
2.556857668015958 6.410433909865319 0.4386509119951816 9 66 548
2.6457073854406095 6.474634717944782 0.4154756847352168 9 68 570
2.5867001865802086 6.378668689539534 0.44196228920318126 9 71 557
2.5549812719994325 6.359264317734573 0.44175083572625584 9 72 548
2.5749736412334054 6.372196641635255 0.43512756957198095 9 73 553
2.5307481231964974 6.348769913300631 0.4305602575959815 9 75 540
2.598784826731751 6.364789980750827 0.43628691451669666 9 75 560
2.614491165371712 6.365537449278767 0.4313627003631004 9 77 564
2.650515144366414 6.3964161573572635 0.422224691353839 9 77 573
2.5445242478184524 6.332435910355147 0.4305989266306054 9 78 544
2.5877271645729207 6.342286667214186 0.4265824622104526 9 80 556
2.660177244367977 6.372605563095485 0.4214530909573384 9 81 576
2.6878339340943227 6.367843036943233 0.43001286461171007 9 81 585
2.558518684660908 6.332453524682191 0.40995596013881785 9 84 546
2.5807214482746264 6.323700121795216 0.4156976355118467 9 85 553
2.5772383009718376 6.332126592916396 0.40624771164834095 9 86 551
2.6234124309723414 6.336912003413695 0.41358673422370695 9 86 565
2.640908050302847 6.34335006812264 0.4137663701489265 9 86 570
2.64590068041825 6.337308764055315 0.4182487450752097 9 86 572
2.6543173334700145 6.326818188243912 0.42204676720450784 9 87 575
2.68499010352338 6.335799833115463 0.4236563602892991 9 87 584
2.559116870218872 6.3194901260812255 0.3974803740717021 9 89 545
2.599472970077512 6.311792467784596 0.4106933829663668 9 89 558
2.6967667607308554 6.32180965681549 0.42629413681936024 9 89 588
2.7286414279991114 6.335681604438445 0.4253812167470239 9 89 597
2.670530395342968 6.3188869368459955 0.41432676690007364 9 91 579
2.5913239696737627 6.3155274867291675 0.39482604915675124 9 92 554
2.7284615112101624 6.330616003625748 0.4163994805286646 9 92 596
2.640217587040037 6.334962171680887 0.38637473232200814 9 94 567
2.5514804447717063 6.325336519320819 0.3682012205299958 9 95 540
2.6011752244570543 6.312987194616348 0.38643346660304867 9 95 556
2.648581923152994 6.323634902600157 0.3907781998336699 9 95 570
2.6618590127564916 6.312603068374515 0.4001478069862121 9 95 575
2.7423364819815843 6.314847583938929 0.4127783068462145 9 96 600
2.5540364271587728 6.308022390235095 0.37073471240065814 9 97 541
2.587507905163771 6.296910267478219 0.38472740858516286 9 97 552
2.673130992389019 6.308559588055221 0.39703287531957576 9 97 578
2.688547455539902 6.307182054232117 0.40128526836671874 9 97 583
2.596950783663623 6.3049156412424 0.37810584969093974 9 98 554
2.726919182108171 6.293894623950014 0.41370748351595044 9 98 596
2.6423863532798118 6.328677729296495 0.3702284641074165 9 99 566
2.6764284892045382 6.323187250324263 0.3811170479372299 9 99 577
2.6839677322867375 6.315241850450926 0.38750235377764275 9 99 580
2.5522654361547943 6.3131564546470935 0.3550448836555442 9 100 539
2.7634450940556015 6.313700692883537 0.40227874517134143 9 100 605
2.773644393586112 6.306468756734009 0.40886207189113044 9 100 609
2.5850072736487495 6.306506157578232 0.3622752711240733 9 101 549
2.71860828889613 6.293033325940641 0.40045443358048316 9 101 592
2.6110577930088597 6.300828899771012 0.3674658233027537 9 102 557
2.142296334308022 6.363411581970857 0.21949392217513797 9 103 421
2.561828426021655 6.308591291379333 0.34756086066295233 9 103 541
2.5757053672297574 6.312239498478747 0.3485235075330235 9 103 545
2.7793503216400217 6.300270002661703 0.40191322964239773 9 103 610
2.222209480945849 6.366290603302089 0.2314383012941441 9 104 442
2.3237418067368574 6.34549130005601 0.26705251904198635 9 104 470
2.6223043114306526 6.310181130778767 0.3562262925867623 9 104 559
2.6444023173381743 6.307925916802794 0.3626109345546531 9 104 566
2.7117052148721434 6.286192512216164 0.39099895054277845 9 104 589
2.144991862135728 6.353643033990027 0.21247367156725883 9 106 421
2.216503843343227 6.360827791003328 0.22447433128980054 9 106 440
2.587818276446573 6.319952520705524 0.3341691584684816 9 106 547
2.6093738613050776 6.313110450813763 0.34324581816622834 9 106 554
2.6410405240970123 6.323222610476996 0.344359438065599 9 106 563
2.654721125308056 6.3125231435141504 0.35397291257568164 9 106 568
2.6771482733246907 6.312164689948428 0.3593193611249492 9 106 575
2.1570163611633677 6.369077745404528 0.20132003218914862 9 107 424
2.254617515750439 6.359940559156929 0.22925792252413846 9 107 450
2.3095236389777423 6.356530914088913 0.24392183269351353 9 107 465
2.7033817450200694 6.309290411342648 0.3629692820519459 9 107 583
2.184508373314426 6.357352681186354 0.21023689257994094 9 108 431
2.280851673828661 6.347934738771205 0.2381354906951183 9 108 457
2.62856611611471 6.313726640067928 0.33895772828105986 9 108 559
2.718379348840892 6.300810230503056 0.36749121514623573 9 108 588
2.729818559166889 6.296690002063073 0.37263666982192145 9 108 592
2.0968851175333008 6.373237175064056 0.1757740051915515 9 109 408
2.267316888478769 6.351319798651432 0.22848741918724236 9 109 453
2.317990441620098 6.3432903189998795 0.24508757566451123 9 109 467
2.6013617718872837 6.318147622957438 0.32580824629626504 9 109 550
2.6450488661879623 6.322515766485205 0.3332004274089093 9 109 563
2.7506530212306517 6.288003512974322 0.3786907682214671 9 109 599
2.2051345065023065 6.356101245936408 0.20669458926284867 9 110 436
2.2537397833221267 6.357330754550587 0.2171699865640535 9 110 449
2.7802527579697913 6.288761808881262 0.3810132674386384 9 110 608
2.3029803810114546 6.361191632351142 0.22167682373294229 9 111 462
2.7339517970752953 6.2846590998310035 0.3687725885704678 9 111 593
2.1536567911746776 6.369558871066749 0.1772977237973805 9 112 422
2.229617856698117 6.360297831800595 0.200680404638933 9 112 442
2.576223163576196 6.305264447496352 0.31529071513378426 9 112 542
2.664898014044926 6.306432033637951 0.33516432076152647 9 112 569
2.764365706148784 6.298036055381694 0.3634710028127506 9 112 601
2.021199967722691 6.370715229259656 0.14110032073715773 9 113 388
2.111543605444219 6.380314249206428 0.1561693046141701 9 113 411
2.1889851541332357 6.356448358182452 0.1890470597128049 9 113 431
2.2566828478399326 6.357440302042637 0.2041954388592584 9 113 449
2.3151064951074782 6.346264679292599 0.22475167117025285 9 113 465
2.558010914997433 6.307521387341382 0.3054150656596679 9 113 536
2.7068344011750423 6.301537160426637 0.34379467651614926 9 113 582
2.783437710706016 6.294256268955094 0.3661622406504641 9 113 607
2.611426156604484 6.317982242269872 0.3070972364467792 9 114 551
2.6415329255475313 6.333846223654245 0.3042236612117888 9 114 559
2.740613753795654 6.303368339426425 0.34638271604940485 9 114 592
2.062001867527383 6.377214468235302 0.1371097882569965 9 115 398
2.1216249258242676 6.360257823975145 0.16169076264566495 9 115 413
2.1372321740107747 6.354659551786781 0.16885175336260616 9 115 417
2.16411798751723 6.352908458014322 0.1762424833108176 9 115 424
2.3064370607111613 6.349754924502315 0.2115332293135268 9 115 462
2.5783930176074046 6.312773995046461 0.29836444368112347 9 115 541
2.6157518086737888 6.325172998886687 0.2950513372184571 9 116 551
2.6879208284097436 6.298352460040629 0.3288549568678598 9 116 575
2.7604816871421773 6.285725277509842 0.35382506009450876 9 116 599
2.0594066437423235 6.379329225661071 0.1256588779670902 9 117 397
2.1811638015285655 6.344507567056535 0.17628663949604206 9 117 428
2.271433801083454 6.348014027521569 0.19531413201256131 9 117 452
2.682957172864299 6.311108121569279 0.31543973970525996 9 117 572
2.7222099224488687 6.289770620481569 0.33814340741037396 9 117 586
2.099809774358314 6.381671483288022 0.12892653817415423 9 118 407
2.1897008908905455 6.355253488200955 0.16686826614828565 9 118 430
2.2910249341486444 6.348524404980292 0.19503453457252196 9 118 457
2.340815028794289 6.327369188386348 0.22018208547642892 9 118 471
2.374219881718698 6.3379074546734895 0.22138684515296947 9 118 480
2.6167411665125684 6.332297806210468 0.2821540117185386 9 118 550
2.6626033527956525 6.315378430292488 0.30369158537136665 9 118 565
2.754110200412846 6.296409701600006 0.33729548906768714 9 118 595
2.8157219624502594 6.293289576467556 0.35380695813539 9 118 615
2.117041477951115 6.3630321165884505 0.14007851496559853 9 119 411
2.1559373209980834 6.364489852631165 0.1483514461592672 9 119 421
2.2286678312881123 6.356430165589496 0.1706783622007022 9 119 440
2.700711788536758 6.293773341233112 0.3221657846451751 9 119 578
2.0971218996885916 6.389841512290953 0.11351171698334306 9 120 406
2.202997870812087 6.356390925537942 0.15996523694142462 9 120 433
2.240522609712351 6.340866478136726 0.17877062662336662 9 120 443
2.3144425429394113 6.335785867560341 0.19954196851404227 9 120 463
2.7461308460116793 6.30219116483763 0.3233496794983193 9 120 591
2.0814214013809176 6.400172929630309 0.09833796886146073 9 121 402
2.153720864227081 6.370224149125585 0.1347092167849766 9 121 420
2.28316404543202 6.352675617733503 0.17672432647805558 9 121 454
2.3443719168890333 6.331175709818529 0.20504711203793025 9 121 471
2.6447343003261805 6.348070876630402 0.2656379470321415 9 121 556
2.6553293772365256 6.335994652433431 0.2758916386110237 9 121 560
2.6765435262854984 6.314470970548953 0.2947210320349245 9 121 568
2.7759131417874108 6.290764700951739 0.33353002795764164 9 121 601
2.8266774270505977 6.284003510362078 0.3499298431019582 9 121 618
2.131127293675926 6.3691618066097995 0.12524954456615234 9 122 414
2.2538920162934186 6.345568841147824 0.16967942518029777 9 122 446
2.7288986751686357 6.287131280151195 0.32047267792376966 9 122 586
2.7863795907402666 6.2891487965361605 0.3328774808746293 9 122 604
2.8096712597459357 6.28392400276301 0.3417882110058126 9 122 612
2.1071964613457808 6.399975560939691 0.09486705759889502 9 123 408
2.205853372842118 6.361410569374302 0.14332685266448375 9 123 433
2.6188835597251305 6.3409915771275065 0.2552108748018791 9 123 548
2.6723335122404563 6.312332801320947 0.2864752704701057 9 123 566
2.1445329009457663 6.373667972815756 0.11596460377683093 9 124 417
2.171986998373789 6.36870039431037 0.12575967185190828 9 124 424
2.2895711884278183 6.3447803484202385 0.16942361333630673 9 124 455
2.795116789289446 6.28707830539704 0.3279228633984057 9 124 606
2.211530221461858 6.357862887588568 0.13751857919097943 9 125 434
2.3308907157839567 6.337098064544329 0.1796885101633683 9 125 466
2.3491372549502003 6.335811539740589 0.1849080811017767 9 125 471
2.6110921158394524 6.35514138783884 0.23527544683387402 9 125 544
2.6447338181873343 6.337913519337313 0.2545541119769519 9 125 555
2.6978140333561815 6.323188740735217 0.2768757382522855 9 125 572
2.1421215080341947 6.384388069407104 0.09875057251626895 9 126 416
2.162017814580671 6.373130739953224 0.11088591961897798 9 126 421
2.26925860509996 6.347521168603595 0.15342086670574018 9 126 449
2.6781802144142413 6.344816357547533 0.2536773004701436 9 126 564
2.682795535526965 6.3364841199049025 0.2602240598312102 9 126 566
2.1746622567437583 6.3795182825929695 0.10492806554313439 9 127 424
2.2096917509782923 6.366198365760688 0.1221074862105449 9 127 433
2.224587411289375 6.340653397526281 0.14242843719942178 9 127 437
2.32164148964288 6.332375027739926 0.17128522668626012 9 127 463
2.3475979531871043 6.334866297365398 0.1759223215938126 9 127 470
2.6483735589167665 6.341153276064616 0.2444390450135825 9 127 555
2.7412674265599795 6.304053083602045 0.29116038774333397 9 127 586
2.7942763661839347 6.289394423644104 0.3135580228048678 9 127 604
2.8254946273464743 6.28893660257504 0.32139648323586867 9 127 614
2.6143060590106444 6.334618946252874 0.2360226640837264 9 128 545
2.625582049517204 6.339313677917481 0.23566794218168896 9 128 548
2.241979874868736 6.34886101293644 0.13176984995016383 9 129 441
2.357336012745427 6.336855190141017 0.16768930304917928 9 129 472
2.7720672867039897 6.2998826582719385 0.2927449614537363 9 129 595
2.8199478475632302 6.2813688099383596 0.3165770183119718 9 129 612
2.328901337951134 6.336846475750051 0.1561127526250563 9 130 464
2.7938585138967245 6.283102831296834 0.30484368722417376 9 130 603
2.809835492835028 6.283852597669795 0.30823584250970515 9 130 608
2.840188399211187 6.299595938798568 0.3052028516036627 9 130 616
2.2669669333671822 6.352117870857391 0.12616160217387762 9 131 447
2.300676147574766 6.345475558922033 0.13879939207457204 9 131 456
2.36580570387556 6.3246980031449915 0.16849393402197554 9 131 474
2.611992228740449 6.336015427424026 0.22104781631236348 9 131 543
2.7089740131134783 6.331364219619912 0.24780206397304538 9 131 572
2.6215352733078467 6.32627097007086 0.22535326930937805 9 132 546
2.6709023861731414 6.334088963157165 0.2322184075765623 9 132 560
2.848897494823484 6.287995402882211 0.3064950906806767 9 132 619
2.705200282556381 6.330888483359056 0.23827545444870002 9 133 570
2.7517836403141107 6.331112137368663 0.2495519360646159 9 133 584
2.3374033080570533 6.342056878109549 0.1358442465591867 9 134 465
2.3658465664435298 6.328096898197151 0.1522141842667044 9 134 473
2.660200965471636 6.319731698215233 0.23022063482892752 9 134 557
2.7712711835758275 6.324921579749617 0.25405004943074605 9 134 590
2.3403716809350414 6.351526205199431 0.12064272306069879 9 136 465
2.753133598274989 6.330945580508605 0.2366030274905535 9 136 583
2.6809804948264127 6.317763049437309 0.22317863081302058 9 137 562
2.3928471035577106 6.331305450245347 0.13783092858911328 9 138 479
2.640376221604734 6.340976741325157 0.19275261885397943 9 138 548
2.7087617763339624 6.328270165551778 0.2184045190483661 9 138 569
2.7441293808551657 6.335011313110324 0.22260018309440288 9 138 579
2.4233680611306974 6.331320999379434 0.14067186606732496 9 139 487
2.780692311744315 6.3188763276002256 0.23820997505331531 9 139 591
2.810104429931217 6.3189491763525645 0.2454882303344923 9 139 600
2.834254518946972 6.304021249058262 0.26171367086591 9 139 609
2.8779978123221466 6.301904031335834 0.2740602287940397 9 139 623
2.7195541911001277 6.319614995157794 0.21794684152694632 9 140 572
2.6106083954837054 6.3119686294519415 0.1913885057460507 9 141 540
2.646430389787634 6.333265101766003 0.1856911293994017 9 141 549
2.669958039506062 6.317389382275997 0.202519133842733 9 141 557
2.4221602396804394 6.351973714285249 0.11180613275328866 9 142 485
2.757381371378269 6.313019852077337 0.2229130397456549 9 142 583
2.7873390374601374 6.314117992048488 0.22967661566101194 9 142 592
2.8140964291329427 6.316069098898513 0.2350469062736309 9 142 600
2.8494772202113388 6.305884630362948 0.25097199493080824 9 142 612
2.4627743768379573 6.317415435753565 0.14116508026045382 9 143 497
2.4984152133017745 6.315788200717854 0.15126732741331916 9 143 507
2.6814489181450223 6.3376832623674275 0.1821587039324064 9 143 558
2.701424656179795 6.32263255273098 0.19763021839867934 9 143 565
2.62390791867886 6.321426997037841 0.17430211524407135 9 144 542
2.457538476707674 6.339806681586593 0.11468906061834727 9 145 494
2.7345975366146797 6.309754903569113 0.20581097513767155 9 145 575
2.7778138291763543 6.310152662163095 0.2164706242534966 9 145 588
2.885809228840597 6.3039667062206455 0.24812610475257646 9 145 622
2.5063683358155995 6.318567397773344 0.13714264830302514 9 146 508
2.631965989662289 6.313693285772991 0.17243195869084582 9 146 544
2.8094356146744257 6.301404448603623 0.22608429215061876 9 146 598
2.6816898316196967 6.314702525483086 0.1797062935913727 9 147 558
2.7285167846531166 6.312719837185625 0.19301553934508608 9 147 572
2.7715001723582566 6.31140814031483 0.20487460979621708 9 147 585
2.628380864643227 6.31551694475815 0.16088294184716045 9 148 542
2.6710649262402892 6.3208619710998875 0.16799522570916658 9 148 554
2.6938430761766545 6.303344327330557 0.18618047113163416 9 148 562
2.8455796622627716 6.3121739072744525 0.21864901584037066 9 148 607
2.8795225202447483 6.307665326336227 0.23049234066012092 9 148 618
2.88846365316898 6.305818318037437 0.23407786998300706 9 148 621
2.5422371289160113 6.3168657100936105 0.13319326517477315 9 149 517
2.7853892765921566 6.313732459364058 0.19760227538296427 9 149 588
2.83172131452296 6.29489906423472 0.22280426310291035 9 149 604
2.820219534083015 6.314265183384366 0.20154857206886412 9 150 598
2.6330227232520995 6.316612093446636 0.1471459489774618 9 151 542
2.6643842311781527 6.317336085671244 0.1546920424821161 9 151 551
2.6690893187484828 6.308545231207663 0.1621791527578731 9 151 553
2.7158052665114543 6.317484180398848 0.16780670799982333 9 151 566
2.7645337503629475 6.311074922892071 0.1849116281476888 9 151 581
2.8665825338130615 6.301970534799164 0.2176498245515921 9 151 613
2.9029136646781195 6.304836610572934 0.22494398302976615 9 151 624
2.730669944907193 6.304400000435818 0.1763241652291747 9 152 571
2.824547360760928 6.312131751164228 0.19036445881694974 9 153 598
2.8517573260929874 6.295959018507884 0.2090290014082643 9 153 608
2.6875035127960967 6.309105908634773 0.1524033072353641 9 154 557
2.733197532268175 6.290342437800696 0.17778809253316807 9 154 572
2.7523824952690417 6.3103583917286885 0.16831164752481853 9 154 576
2.783250692327916 6.301837811774225 0.18246100958664302 9 154 586
2.797125817495046 6.303821888283454 0.1846243904901672 9 154 590
2.842974965430347 6.284267671158176 0.210620152373991 9 154 606
2.6476157982990625 6.309088044568749 0.13732035642897067 9 155 545
2.893933274765497 6.287471901811668 0.21697688162064033 9 155 621
2.639230331076714 6.3115061996087345 0.12860358512102077 9 156 542
2.724513999298398 6.3082214043657245 0.15320818088552723 9 156 567
2.824923852276309 6.318034549882292 0.17223072745294243 9 156 596
2.8294896222346257 6.311771878580841 0.17797318969121712 9 156 598
2.8876162878198435 6.300518233189335 0.2012968525290444 9 156 617
2.7013637179416206 6.305118906509642 0.1446911920912577 9 157 560
2.6698487841939236 6.3105457590690115 0.12770775987255512 9 158 550
2.683562490870987 6.3100179304068735 0.13168554910037766 9 158 554
2.7743073560214486 6.3057684324489465 0.1585611177912758 9 158 581
2.867799347689519 6.308027831962297 0.18138997205760243 9 158 609
2.6654109108793005 6.328817151967618 0.10830788271348402 9 159 547
2.843741710732096 6.299766746209915 0.17647993805054663 9 159 602
2.8957932183674098 6.30849874511733 0.1837299981684304 9 159 617
2.6605115131736485 6.34607376957204 0.08941747245367626 9 160 544
2.7068129287333282 6.307977901868141 0.12970277561607535 9 160 560
2.9091326926017285 6.29606537390889 0.19175089096821107 9 160 622
2.7414795491212924 6.315900836595068 0.1281839204652251 9 161 569
2.715857113342463 6.317005463905647 0.11576543806968664 9 162 561
2.771097608992271 6.306882990396888 0.1379039013465777 9 162 578
2.848136964133083 6.297562326347633 0.16521586930173138 9 162 602
2.8800335134034745 6.295268299609656 0.17536133583075908 9 162 612
2.7869320603690095 6.309048989611011 0.13570354332992363 9 163 582
2.806695854448157 6.307683186897245 0.1419660278602295 9 163 588
2.9084215782774185 6.288494471310022 0.18326346047742748 9 163 621
2.7224323054755306 6.3294015400326415 0.09851982468103837 9 164 561
2.7511240684263414 6.320565923499986 0.1127635194815968 9 164 570
2.820000251747439 6.312467436935389 0.13714687999908604 9 164 591
2.8644557579307883 6.306138319686451 0.15370935595898416 9 164 605
2.755025640799353 6.304836145018483 0.12074615047697201 9 165 572
2.848369870549092 6.302393793142938 0.1474799652487926 9 165 600
2.894375731272072 6.302223839417131 0.1598798799339236 9 165 614
2.9158522145739636 6.281705448601839 0.1810142152035834 9 165 623
2.94148898441835 6.29825689272524 0.17542600935193975 9 165 629
2.755445461960705 6.324154470051763 0.10146369829792734 9 166 570
2.7672428513809826 6.317459784797906 0.10966343968269943 9 166 574
2.8255148938803964 6.313624696603444 0.12331112147474554 9 167 591
2.8305205748383115 6.30842017144043 0.12858908155429716 9 167 593
2.785502282966277 6.321436725690082 0.10178128912505224 9 168 578
2.8467040203283887 6.301719893228958 0.1332000625827563 9 168 598
2.8892884521147444 6.309660106088156 0.13862441879263354 9 168 610
2.896939166411519 6.303533586340014 0.1453308832801814 9 168 613
2.947953718859306 6.2925315521739815 0.16739697308764878 9 168 630
2.830769984096413 6.319101789511062 0.11085558452803057 9 169 591
2.9103043547281953 6.299386077051099 0.14731289441962891 9 169 617
2.81677753693784 6.333672157707053 0.0910522771840836 9 170 585
2.8202583568019186 6.3232302754264476 0.0999740822545565 9 170 587
2.8153413944356056 6.3563363025269854 0.0683286751844725 9 171 582
2.8409784585107847 6.293850038001806 0.11836743013943885 9 172 595
2.882732803041056 6.299166642629945 0.12562128110776172 9 172 607
2.848533544275805 6.3309702309606335 0.08689486313889838 9 173 593
2.8746502628880464 6.313200020377952 0.10283960911826773 9 174 602
2.8925695949281347 6.320706890513101 0.09699255203113366 9 175 606
2.79892329169252 6.299024316989044 0.043116608047559346 9 184 576
2.7890748060967847 6.2787897301982785 0.046508726233880804 9 186 574
2.833128366764836 6.318834513267419 0.026537252558151758 9 186 583
2.808412742814406 6.280210755360564 0.045749665982810495 9 187 579
2.7997392284049933 6.247910543948509 0.04438748038048157 9 192 577
2.9003059583911504 6.244622909494119 0.035550378845735864 9 200 603
2.9205880710248735 6.2347776480591595 0.029447630833841387 9 204 608
2.9278431251591712 6.2220900363123715 0.027178963584366445 9 207 610
1.383592528837434 5.434354010663411 0.0869440376355568 9 246 135
1.3945643185404073 5.431870659638341 0.08397827194608665 9 248 138
1.4146288212706182 5.444254947083312 0.07821308359211421 9 248 146
1.4507152211525174 5.442886161386143 0.08708722629506638 9 249 156
1.387206413664117 5.418712499308104 0.0811238275484012 9 251 134
1.3569314352419402 5.3899108989489095 0.09120033457097843 9 253 120
1.4528613050427925 5.429014720193598 0.0790401606596578 9 254 155
2.5919521991520544 5.459849572642864 0.43426743761854014 9 254 568
1.3443445752968448 5.38061831073003 0.08740671197829197 9 255 115
1.4260283955588355 5.404009289058557 0.08653806932407182 9 256 143
1.4323670372385915 5.408975597573486 0.07897445032663186 9 257 146
1.458216441556616 5.41786942378743 0.0785874006528342 9 257 155
1.3557407958301786 5.3661037204136015 0.08821939771620335 9 259 116
1.4327823108137214 5.391235288138845 0.08845938413807652 9 259 143
1.3838138816105778 5.374689713906577 0.08434741153336711 9 260 126
1.40285818724728 5.3824784632501546 0.08274679947809727 9 260 133
2.9099336024277305 5.913611664359588 0.04559195737036936 9 260 615
2.93165144318487 5.922798730380723 0.04344644434624878 9 260 621
2.9070817087784646 5.911953749570795 0.036164291176205676 9 262 613
2.5920302234591697 5.4316575533941425 0.4310550006768361 9 263 568
2.9256135016798055 5.89448560511442 0.050985547971748035 9 264 621
1.3408905015256982 5.333408937629674 0.09038927910295946 9 265 106
1.4321466876982105 5.36959993210495 0.07908605046379269 9 266 140
1.4596160157517606 5.375445978908182 0.08246713977783626 9 266 149
1.472533068666174 5.371963875766328 0.0907410507622941 9 266 152
1.402194598995171 5.351903499728868 0.08297122265758339 9 267 128
2.920845710468954 5.89669097571983 0.03165164518662977 9 267 617
1.3716146307269668 5.331329453114138 0.08980070592865297 9 268 115
1.3851205750929578 5.3321392123102855 0.0936985876431915 9 268 119
1.3442751187020694 5.314889210852104 0.08883447605018202 9 270 104
1.4126862811637675 5.334922173936008 0.09135219836033537 9 270 128
1.4231428503794434 5.353372022243598 0.07499585484316906 9 270 135
1.4702273154680663 5.36097189245856 0.08346087666438629 9 270 150
1.472206703649194 5.349983083655008 0.08237588683198949 9 273 149
1.3782912749676282 5.307466869233303 0.09091515859961996 9 274 113
1.4495097792905978 5.337030068921264 0.08389414616879631 9 274 140
1.426285453936171 5.314981453350283 0.09077031898415266 9 276 129
1.3971955306841326 5.306468446732848 0.08513881881115659 9 277 119
2.592155735493166 5.3787811829537056 0.43773924643683415 9 277 570
1.3294380190952015 5.135158950093743 0.24763667904498665 9 278 51
1.3691288954054408 5.275198079491 0.10082307371717159 9 279 104
1.4559818101765096 5.31346616094819 0.08951246501452181 9 279 138
1.3268905187723619 5.144032990142319 0.22868620803619177 9 280 54
1.3378048609944706 5.27349234824761 0.08675797325152068 9 280 95
1.390147018435008 5.277875871565898 0.1009582914177003 9 280 111
2.908068395729704 5.8202676478202395 0.044697803699839334 9 280 617
1.3643004684437543 5.270241251951882 0.09557631566900038 9 281 102
1.4055124792841998 5.295782797249105 0.0817993750302588 9 281 120
1.354007280760439 5.26869200787198 0.08899624212705781 9 282 99
1.4470553750797945 5.299158993724542 0.08863443525538206 9 282 133
1.4827029533313296 5.315870048705661 0.082775865273639 9 282 147
1.4563254662553402 5.299398796774155 0.08718130635936006 9 283 136
1.4992729433344816 5.314474137366894 0.08122564116106346 9 284 152
1.3286031429456937 5.2428523462857015 0.0954390703266963 9 285 86
1.3755199821249942 5.260493534933409 0.09260503641245088 9 285 104
1.4200742545595584 5.277513611720676 0.08960711065431504 9 285 121
2.895942845184482 5.78823666114754 0.05118839311318979 9 285 615
1.3227487742612547 5.116668298928099 0.23399810137946075 9 286 46
1.342859870664023 5.245101226347905 0.09360386544512678 9 286 91
1.3986475734334345 5.267516903684484 0.08395777902550017 9 287 113
1.371982513635356 5.245134848071451 0.09532175371504392 9 288 100
1.4553706056006495 5.281566362477349 0.08428168790319779 9 288 133
1.4733871938532996 5.2803673834280564 0.09241431351305351 9 288 138
1.3274824666415337 5.12925608887556 0.2089060448636504 9 289 53
1.326044307958655 5.142700576219222 0.19272050909316452 9 289 57
1.5128765187605793 5.285285002397951 0.09691083295929714 9 289 151
1.4067090575021053 5.258492200524138 0.08364304897511121 9 290 114
1.4161174920488722 5.259651726379225 0.08583021536630264 9 290 117
2.5925064192390783 5.337024227260539 0.4382633118545115 9 290 571
1.486563648138755 5.276448744190343 0.08349748055318651 9 292 142
1.311664148452023 5.157107619859056 0.1533168594880039 9 293 59
1.3581154725328288 5.21634089324885 0.10103478849644398 9 293 90
1.3824996497479958 5.2273229210063 0.09733008830137502 9 293 100
1.5078566524993895 5.2739934843069385 0.0898373329896216 9 293 148
2.959577945048887 5.777118535883501 0.0471572672463525 9 293 635
1.3938277592534267 5.228816018326294 0.09530521625266664 9 294 104
1.4222240791088396 5.239540266568845 0.09341447535008474 9 294 115
1.321156559263574 5.112599421395373 0.20113296879555032 9 295 48
1.3592232734261362 5.2162794777960215 0.09241159391466502 9 295 91
1.4556121284295935 5.2420810967529725 0.0939625342939232 9 296 126
1.3194007702829775 5.088799067504928 0.22056376972942093 9 297 40
1.465935681877242 5.240710615621608 0.09496387115185367 9 297 129
1.3407025324942947 5.1991838900905645 0.09200813137395447 9 298 82
1.5127604610916583 5.252823814680957 0.09384247119318623 9 298 146
1.527112959432071 5.255950445611594 0.09561507839063799 9 298 151
1.2891426914066795 5.173179265594305 0.09885712064300689 9 299 60
1.37346822125018 5.210836791903665 0.0860287699627107 9 299 95
1.4221998289981568 5.2255842817453715 0.0870745163308162 9 299 113
1.3175040639762003 5.083853012897602 0.21340155347005862 9 300 39
1.4915854262029358 5.2346025773668385 0.09842234881937628 9 300 136
2.9609620087742634 5.754864839958778 0.03822142541371343 9 300 635
1.3580037816647224 5.195432061680615 0.08947151737153236 9 301 87
1.3200034559171665 5.10762440636614 0.17708098479218837 9 302 49
1.3313120732530621 5.1777724568860855 0.09140629156138536 9 303 75
1.3688869330719955 5.195973530071791 0.08383187402933934 9 303 91
1.3946859541016607 5.205316928564908 0.08248886572879899 9 303 101
1.5085318709659608 5.235246685844646 0.09038638535479637 9 303 142
1.4494253638651071 5.215661817036278 0.08660813863235073 9 304 120
1.3247064421756711 5.082550843969087 0.1969132941213496 9 305 43
1.340848183382902 5.176064917926272 0.08804713779598372 9 305 78
1.4233003778734572 5.209218907673682 0.07962592013189917 9 305 111
1.3019234133467816 5.106452017280478 0.15415217251143254 9 306 45
1.2996259085205026 5.154211349578018 0.0941930009826657 9 306 60
1.4739645012490143 5.22040793717918 0.08110808693690696 9 306 129
1.5435180733994853 5.243147943092271 0.08042508831293427 9 306 155
2.9504909388580463 5.719945437193476 0.04583810081264317 9 306 634
1.2892363730511907 5.130973513528033 0.11433306467922155 9 307 50
1.536132100257769 5.2339861684531135 0.08417626179773152 9 307 151
2.928682248071628 5.705505841232133 0.04995881620490228 9 307 628
1.413254523827484 5.193848743653447 0.08072470868891779 9 308 105
1.3132264802790377 5.062336151526954 0.20062022895602594 9 309 34
1.3031686020492002 5.143814849088867 0.09478342771183867 9 309 59
1.3333202207524635 5.1566060412617745 0.08618246517819705 9 310 72
1.349698901648158 5.160911948379679 0.08731865835388963 9 310 78
1.5440281673876293 5.229043372241989 0.0794222280783663 9 310 153
1.2848484707512116 5.120352134177788 0.10778421656142423 9 311 47
1.3882719698533232 5.165809906481384 0.09196249441153426 9 311 91
1.4004373663279233 5.170897960893271 0.09042747698676856 9 311 96
1.4889250148868853 5.208649527147079 0.07832751918256142 9 311 132
1.5165749383569354 5.215918610844199 0.08024560126469993 9 311 142
1.3120599871621619 5.059448732909779 0.19110765604055713 9 312 34
1.2937817981478603 5.129452335724807 0.0953299486194954 9 312 53
1.3299430052705508 5.140844886207352 0.095455941518646 9 312 67
1.4503447163384067 5.180464645332785 0.08910540894555719 9 313 114
1.4722908420644782 5.18999840352911 0.08585523026855357 9 313 123
2.944478284976002 5.689956922484934 0.044804676487304906 9 313 633
1.2804137461148086 5.111159761697165 0.1040011240030203 9 314 44
1.4084292888822003 5.162344749698475 0.0905753362202546 9 314 97
1.480290619258289 5.191254091028668 0.08281391440472441 9 314 126
1.5052321428333144 5.201567616216607 0.07976416778908346 9 314 136
1.5583700232687345 5.218667777312466 0.07946709885250969 9 314 156
1.3020061445855502 5.06918124075148 0.16179264069136567 9 315 36
1.3371778314612037 5.133409129497193 0.09401923060324924 9 315 68
1.328103393836966 5.127711648230909 0.09301806326968931 9 316 64
1.2336183985465476 5.079654210254812 0.11170742583409377 9 317 21
1.2959857686020357 5.114716905111318 0.09202393353278215 9 317 51
1.3567801058300257 5.135055058858471 0.0906389534011367 9 317 75
1.3851688964653182 5.147496135768416 0.08620562318647385 9 317 87
1.5362918734176594 5.196559170888954 0.08468409560836276 9 317 145
1.2553952042999048 5.076384966275274 0.11578897074164196 9 319 27
1.3610086626500573 5.1252183392771755 0.09582077808048162 9 319 74
2.9317717700184147 5.656519671637879 0.05145308974867202 9 319 631
1.3108519865699049 5.10688850774903 0.09440385509882021 9 320 54
1.5417717262883166 5.18614748571489 0.08630239621080404 9 320 145
1.572140090943021 5.1978413519262405 0.08358505015533835 9 320 157
1.4397708737912813 5.1455231819706055 0.09253787856783657 9 321 104
1.2430745039498228 5.076357877833942 0.09708964449519386 9 322 25
1.2876564357516198 5.085615140733669 0.10340821745693662 9 322 41
1.324356106302662 5.110658149956162 0.08579238936815048 9 322 60
1.4632346037974355 5.151479400554458 0.08978119735070145 9 322 113
1.4703943936346902 5.15089849220715 0.09350378699787276 9 322 115
1.487455533906039 5.157847011964748 0.09146140930876956 9 322 122
2.9398916457495385 5.647451175934757 0.05108598752816329 9 322 634
1.3737222626268026 5.120967272832054 0.08806461197484827 9 323 78
1.5098061566741847 5.165346331910657 0.08619715780169379 9 323 131
1.3017998941162245 5.091420739871494 0.09244141310747334 9 324 48
1.4137690547638702 5.126989342469996 0.0921194751076444 9 324 92
1.5335474329325873 5.171356230972427 0.08344133159860645 9 324 140
1.571130214062994 5.186142381138015 0.07957710308698229 9 324 155
1.3608883318789 5.107979366730545 0.09054792795539335 9 325 71
1.4337702385439786 5.136318769261635 0.08345161032277426 9 325 101
1.2830262931963388 5.072644381558656 0.10023764725582884 9 326 37
1.45020800428114 5.131862091941129 0.09155083071857395 9 326 105
1.3247001135429197 5.079757507562579 0.10364435461263954 9 327 52
1.330797440873853 5.0892821646313795 0.09350355122140375 9 327 57
1.417575587715048 5.119408183737012 0.0897722318374603 9 327 92
1.48690005935934 5.141289569654401 0.08970566874940267 9 327 119
1.2497666427922949 5.0629114737772865 0.09001724983544213 9 328 25
1.2786896936057206 5.065042551577696 0.09934811667460397 9 328 34
1.2990916146907991 5.071014259484453 0.09994954095357977 9 328 42
1.4977029384917542 5.13903854013536 0.09256781428330507 9 328 122
1.3568858686399048 5.090872047751863 0.09307481007225649 9 329 66
1.5471590308524588 5.165165825542773 0.07367211364500781 9 329 144
1.3884807358892954 5.104419267522041 0.0835394187067644 9 330 80
1.5962431976453102 5.167516412660692 0.08652412191651604 9 330 160
1.3332412540638359 5.065919394438583 0.1028324222569601 9 332 52
1.4146484579585912 5.106011996880969 0.08309900625939837 9 332 89
1.5068166334684194 5.131448587090426 0.08785529605409237 9 332 124
1.5217218026800698 5.1407934619268065 0.08152074475770199 9 332 131
1.362500870561946 5.080638348188092 0.09065674788892708 9 333 66
1.4701874086110218 5.119778451193663 0.08336776091692366 9 333 110
1.5441592949857936 5.144038619048688 0.0819395409364605 9 333 139
1.5678446782477797 5.150867038953887 0.0827627044461241 9 333 148
1.4015885542048534 5.090097812707738 0.08980144601774986 9 334 81
1.2847252275428898 5.050765097977126 0.08881421675284074 9 335 34
1.4553542193665108 5.101613768417036 0.09242660236934785 9 335 101
1.311679379141761 5.052856618805372 0.09288877242245297 9 336 43
1.4303801469779867 5.0888450211888046 0.09453396850691798 9 336 90
1.5754615499332032 5.141931269766644 0.08400730925762412 9 336 149
1.259914530207711 5.034862533432741 0.09068993537129222 9 337 22
1.4864319414970322 5.115290879443441 0.07753332315292849 9 337 115
1.3692328911617393 5.0681552867601125 0.08728395975524883 9 338 66
1.5169120906197748 5.112931881521158 0.08926761371734493 9 338 124
1.526623163333231 5.1166753131988 0.08828911516532312 9 338 128
1.56151874017619 5.132991843893248 0.08079678303185456 9 338 143
1.3191008730630376 5.0428705656479575 0.09595483815906936 9 339 43
1.394934422688658 5.0711220593170605 0.08963295487250833 9 339 75
1.5883229578431588 5.130278342725438 0.09146598885337665 9 339 151
1.6027649729136892 5.140608375127446 0.08336732559982463 9 339 158
1.3320292450860747 5.0464361292460875 0.08725314149512808 9 341 49
1.4610529349088297 5.0850868985499655 0.08956547751747057 9 341 100
1.3624461935896586 5.045356292753365 0.0974315667486747 9 342 58
1.4039077641030944 5.062157156419571 0.09199781481586866 9 342 76
1.2987919744560559 5.028996988286387 0.08779800324083409 9 343 34
1.3718527777635674 5.044671702024342 0.09785961928121267 9 343 61
1.426450249717286 5.067857039250815 0.08916373396018895 9 343 85
1.615621619980067 5.12759909165772 0.0881387507293121 9 343 160
1.3080250972297904 5.024522995987399 0.08882425249384163 9 345 36
1.452521584744738 5.068959040376372 0.08966664642657873 9 345 94
1.4892798075331337 5.0815537528613755 0.08804319935752614 9 345 109
1.5301607751325292 5.093473728574382 0.08920969300957471 9 345 125
1.278411913872442 5.008909760603705 0.09324131085257736 9 346 22
1.509920031128539 5.089660191693142 0.08088047918992625 9 346 118
1.433260647232387 5.056407868491325 0.08955087074446944 9 347 85
1.5552868098587127 5.0954919181976805 0.08797034056678332 9 347 134
1.5731592732474626 5.10077420948993 0.08837298993476161 9 347 141
1.578992040693775 5.109311356759795 0.07873209497526967 9 347 145
1.596273604916282 5.111520075834072 0.08327939329149125 9 347 151
1.3195107702610436 5.016947536309372 0.09066482767505124 9 348 38
1.3626173835890476 5.028862456338625 0.09281684963194681 9 348 55
1.457169322082926 5.060708254147725 0.08931560701754826 9 348 94
1.4813781158113823 5.065907969614597 0.09267166611737343 9 348 103
1.4894829120816104 5.0709504947806305 0.08904212527099542 9 348 107
1.3560538090319092 5.024586173376532 0.09132195826480194 9 349 52
1.5378358840847517 5.08748409620169 0.08210307801981398 9 349 127
1.3818061811948694 5.029967722594355 0.09038979012011383 9 350 62
1.504597781154573 5.066307846310654 0.09302214033313572 9 350 111
1.5140475146817651 5.073430472845105 0.08695118952167813 9 350 116
1.3916600024173786 5.034638129653745 0.08329993682831027 9 351 67
1.4193696772503266 5.036716358099715 0.0928005319443721 9 351 76
1.461334790876668 5.052955426967001 0.08813329426835215 9 351 94
1.2879107270332177 4.9938397080807535 0.09108035743138165 9 352 22
1.56235844808604 5.081576047258872 0.08735084363525569 9 352 134
1.3023040204589 4.999702174321941 0.08430428221498887 9 353 29
1.4441467256389608 5.038720011976579 0.09161046390097871 9 353 85
1.6275136123937974 5.101324904761102 0.08321848729478698 9 353 160
1.4353631381316676 5.030422411156396 0.09504580612405511 9 354 80
1.5427358052624869 5.068994000229686 0.08727140458032956 9 354 125
1.4581703884081954 5.038475093450691 0.08883245683976515 9 355 90
1.4807862820445044 5.044994064125137 0.08955444714095284 9 355 99
1.5595030897143274 5.066835187370685 0.09332119099028269 9 355 130
1.324269201544591 4.992153805070883 0.09123899483529918 9 356 34
1.5908132340628756 5.0771013983960085 0.08767683790612413 9 356 143
1.6107181090793687 5.087482969796926 0.08142418133470475 9 356 152
1.3453970616644566 4.992909038529779 0.09509581669529266 9 357 41
1.5047352733320434 5.044501972920745 0.09170947754247116 9 357 107
1.370904875696544 4.9953980678827765 0.09841818337420749 9 358 50
1.3741975734269238 5.000819742239995 0.09184161721622286 9 358 53
1.3252938123051146 4.979768750670499 0.09596483960536029 9 359 31
1.5280943927307988 5.0478580244695745 0.08788521300986796 9 359 116
1.4023522675205398 4.999798082263618 0.09691019316117488 9 360 62
1.427061546180662 5.0040263816632065 0.10203653437272475 9 360 71
1.550502032131015 5.053486456318429 0.08500743361868879 9 360 125
1.62368518390185 5.07358718429967 0.08393602544889922 9 361 154
1.3050009286633317 4.9680798766440075 0.0898894676774582 9 362 22
1.442518719281383 5.006808941828554 0.09073522139709134 9 363 78
1.4676514748692044 5.010600899541431 0.09676245169266506 9 363 87
1.479865920495116 5.019182881784364 0.0846124913051387 9 364 94
1.5768605370791413 5.044120666629531 0.09219905246056648 9 364 132
1.6276737427616017 5.065344385311876 0.08371220258408263 9 364 154
1.3328196472638325 4.966244603340008 0.0914549997165679 9 365 31
1.407379943680903 4.989209328510762 0.09147198860801842 9 365 62
1.5060261163552102 5.020748143392546 0.08972303738636667 9 365 103
1.5819274592071175 5.0479889303751815 0.08381863292477632 9 365 135
1.5994213576726546 5.05314855421682 0.08417294197054526 9 365 142
1.6523908728726036 5.0681950760195456 0.0861290587653123 9 365 163
1.3556666846333605 4.968093332370776 0.09464910775168889 9 366 39
1.4532436658030883 4.999338202867339 0.09281372082313477 9 366 80
1.5259520708066128 5.028518945954272 0.08236971290910633 9 366 112
1.377122320987322 4.973492056493409 0.091724912439199 9 367 48
1.3991292493376664 4.979835504592182 0.09238994096858488 9 367 57
1.3155324397314914 4.9525974666973065 0.08993557615793524 9 368 22
1.331750133445551 4.962984110879906 0.08156891988060644 9 368 31
1.4317922972100146 4.984275119503004 0.09627480048230552 9 368 69
1.552969219056853 5.027821757435193 0.08656023147246117 9 368 121
1.6249528847288495 5.052869111910629 0.08206207456806625 9 368 151
1.4423728575791137 4.98514101130779 0.09518119659896507 9 369 73
1.447411967497608 4.989242577214888 0.0912101992558294 9 369 76
1.6636749363220833 5.057204671567035 0.08893016868488668 9 369 165
1.3805498437742154 4.965609324280767 0.08637075196033961 9 371 48
1.5349631520264166 5.013390325158213 0.08581717335197414 9 371 112
1.4789792248075215 4.986260085332141 0.0965768095302515 9 372 86
1.4941016266276674 4.992993233457659 0.09328689422068859 9 372 93
1.6155031741645203 5.033733412036395 0.08782383615328815 9 372 144
1.5613300074066458 5.013153419320762 0.08917079438921993 9 373 121
1.5827389345919487 5.020432427266489 0.08804886054130034 9 373 130
1.4354093491512883 4.965497825104581 0.09861391347384418 9 374 66
1.516424191319231 4.996677163966043 0.08856949993116037 9 374 102
1.6407295668583886 5.033461179882433 0.08577520866577615 9 375 153
1.3750115436075645 4.943094778762076 0.09516923088605234 9 376 40
1.3961277630297233 4.949738877395278 0.09488869255911614 9 376 49
1.414832787730252 4.955749080015691 0.09444088905341341 9 376 57
1.4627692747408736 4.967258735157476 0.09951163083517467 9 376 76
1.3342651737152522 4.929947585388576 0.09141356281354596 9 377 23
1.5047706979563178 4.982949098268495 0.09013270105291471 9 377 95
1.5407195332926071 4.99730564722325 0.08476109472869764 9 377 111
1.605441398987018 5.010226079701132 0.09092027514385315 9 378 136
1.6662342615360433 5.0327338570807445 0.08463559098095219 9 378 162
2.548391388005711 5.08030588443637 0.44250774883764965 9 378 555
2.7751166919561805 5.390054211041768 0.05566568113527848 9 378 585
1.3528771120442729 4.933233245732418 0.08559545886321551 9 379 31
1.4838897902263577 4.970388607474393 0.09030195121733908 9 379 85
1.645964931039093 5.02276274699317 0.08577032001573537 9 379 153
1.378156765120235 4.933114351545332 0.0934408896824177 9 380 39
1.4036158781958217 4.940084963244329 0.08989591820803322 9 381 50
1.5102916610412795 4.972989068824032 0.08938660602063608 9 381 95
1.625312630492916 5.012406562312828 0.0824255319011562 9 381 144
1.4853422729318604 4.956989943854772 0.09816499115489741 9 382 82
1.571551314680785 4.988811009143626 0.08918437489550946 9 382 120
2.753437219088591 5.37224255533534 0.05236420774688377 9 382 577
1.4360503500007433 4.937851358205049 0.10000143001015926 9 383 60
1.4555986805803645 4.944336256642063 0.09427785077690887 9 384 69
1.3492230771701952 4.909144117840205 0.09394391238665056 9 385 23
1.4043595702817082 4.922034961993291 0.10041997772117095 9 385 45
1.5385533546341887 4.9671895177573155 0.08848367965999238 9 386 104
1.5792286330691627 4.979483449876077 0.08865042107926113 9 386 121
1.6554216503417558 5.0037823411953015 0.08685632291656131 9 386 153
2.391935824159812 4.9551992963930305 0.5397224826471728 9 386 487
2.4890691916303807 5.039954263188527 0.44822950856107846 9 386 526
2.5068129025939534 5.045686025400695 0.4476904875227733 9 386 535
2.524616976468394 5.051433656844898 0.44715565387463885 9 386 544
2.7599626008699016 5.363518329741455 0.04843319213812425 9 386 579
1.3817737195906221 4.911841616026214 0.09618719020583466 9 387 35
1.4346360486598924 4.9262711460625725 0.09896813607608546 9 387 57
1.4730214055954054 4.944878041086805 0.08745184828147101 9 387 76
1.5172076248280764 4.956494468387571 0.0905170573219023 9 387 94
1.5999632681745009 4.9825084327385705 0.08916829213963684 9 387 129
1.6217969287245189 4.988780680370006 0.08979666589938673 9 387 138
1.68073418053592 5.004807289758642 0.09299903067427517 9 387 162
2.3748194537494545 4.958426769537143 0.522210112573943 9 387 475
2.468660286772608 5.029400178829918 0.4516212202596638 9 387 516
2.543563545772117 5.05707528070746 0.4435244211464363 9 387 553
1.4961598881102565 4.9485479088985045 0.08814863481926682 9 388 85
2.372319409892478 4.9879229684896496 0.46437973781688757 9 389 467
1.579896838391918 4.967856829682743 0.08858884319039229 9 390 119
1.6457668143240582 4.989400744569678 0.08603927746172824 9 390 147
1.6729355051581491 4.996543313619755 0.0879239763159756 9 390 158
2.34454156994958 4.984481923579793 0.45219739516972335 9 390 451
2.4231326429016007 4.95494903457528 0.5421870473343933 9 390 505
1.387579520020028 4.904872124200665 0.09127276110589433 9 391 36
1.5442314651433904 4.952907374564811 0.09055557336488929 9 391 103
1.5613445700497666 4.957406359598776 0.09174271371723908 9 391 110
1.60218688469931 4.972360290125432 0.08744716035805755 9 391 128
2.7334039683114963 5.329840495890412 0.06433477675789878 9 391 572
1.4362539840395772 4.913707456823694 0.09644629303286134 9 392 55
1.5255150775450073 4.9429576343768264 0.09282275881532787 9 392 94
2.4502518770637343 5.013609407818937 0.44965435403908105 9 392 506
1.405410780422482 4.903746162474958 0.0925392139719694 9 393 42
1.4594119748999153 4.922138952486483 0.0891368703262505 9 393 66
2.297501996332991 4.959943199941663 0.45823106660537205 9 393 426
2.3149585486886877 4.968204045599839 0.45318709794878254 9 393 435
1.3652022653069982 4.886613826764397 0.09603540580899073 9 394 23
2.524879279399358 5.0340010282453225 0.44581044025280736 9 394 544
2.749365276564448 5.325326330819572 0.06410198635197917 9 394 578
1.485331075853487 4.924705067060349 0.08827634876371127 9 395 76
1.5889038675266633 4.9561095130410875 0.08829317411018112 9 395 120
2.2427634442995705 4.9406337637297675 0.4553169154658907 9 395 396
2.259600942929886 4.947147993148776 0.4529009678358158 9 395 405
2.483620049183246 5.018046391664752 0.4478331396759688 9 395 523
2.5000149723695704 5.02131271860027 0.45076244413659383 9 395 532
1.5038349355411085 4.926666691994255 0.08957833952303673 9 396 83
1.6118415466175355 4.959747160841854 0.0889956551930271 9 396 129
1.6268196735472653 4.969932601587978 0.07926795873830139 9 396 137
1.6525024509218786 4.975122579047473 0.0837412893582754 9 396 147
2.371168491073118 4.965170966259361 0.47633730793490914 9 396 467
2.389774055904139 4.947674540097726 0.5162088713715477 9 396 482
2.411534188465572 4.95131259529623 0.5213073594468587 9 396 495
2.465577584246886 5.008734107186402 0.45058618474093404 9 396 514
2.542519013742935 5.035209518246274 0.4451568980279683 9 396 553
2.2748129870844 4.945719264144111 0.4557476182955923 9 397 413
2.291452624826872 4.95061316073865 0.4560034151880755 9 397 422
1.3936778454815157 4.884663097797589 0.09458380149728995 9 398 33
1.4653171962428726 4.908677614921755 0.09055661465866316 9 398 65
2.2088868015409835 4.922833782190269 0.45702736392601706 9 398 377
2.3161637432002 4.957253453403782 0.45367302180880387 9 398 435
2.3595504354629124 4.971768095645969 0.45128473594133944 9 398 458
2.74199412957375 5.316324646931325 0.05406395237420569 9 398 574
2.7654221595928092 5.321965708317401 0.05658888620122271 9 398 583
1.4493122393601565 4.897453224154893 0.0966916402696929 9 399 56
1.4938625801845125 4.915366889324174 0.08897111210107944 9 399 77
1.613014478385014 4.94875870290462 0.09363311510110983 9 399 127
1.6633736887709496 4.969749819062913 0.08361290795488951 9 399 150
1.6850511088287323 4.975965562298475 0.08421572381999476 9 399 159
2.3331971255849453 4.960317199669321 0.45350541164023705 9 399 444
1.4080875224023979 4.885810367970345 0.09027608835104473 9 400 39
1.5580756250865326 4.9293658344705245 0.09346369274088495 9 400 103
1.5655853170855143 4.933917624444794 0.08947396309309785 9 400 107
2.4418011101728525 4.994156137075674 0.4479622904407583 9 400 501
1.4291797639882797 4.8905453757472594 0.08817846549634067 9 401 48
1.5325707638125967 4.920297651491988 0.09083391325542789 9 401 92
1.5871069137098042 4.9387487941687125 0.08739017936168025 9 401 116
2.780117918357381 5.319236167690141 0.05271243906960388 9 401 588
2.2268955172989062 4.920434008351992 0.45565241556870595 9 402 386
2.3093489914485774 4.944675441532725 0.45684928914073086 9 402 431
2.477870437706035 5.000263713171353 0.448638729726185 9 402 520
2.744972554441548 5.305919800717994 0.051960978742026764 9 402 575
1.3833134896430272 4.8630371334072295 0.10231760908472642 9 403 23
1.3968543321790243 4.873759996219687 0.09057556748125695 9 403 32
1.4604154362395825 4.888935074628292 0.09770228508242274 9 403 58
1.6184284585231667 4.938662589456919 0.094170597291787 9 403 127
1.6415499811752552 4.949346017554853 0.08762213916597816 9 403 138
1.6754530366592948 4.961840538832139 0.0836333159619107 9 403 153
2.267584074132413 4.931270865369522 0.45442670121418627 9 403 408
2.3677917947483387 4.962731637658997 0.4523199811834835 9 403 462
2.5108917087714575 5.009050149192678 0.4468480166867502 9 403 537
2.5274078060468907 5.012880512600135 0.4488996011220395 9 403 546
2.8509596521037075 5.331763648660717 0.057386398501138025 9 403 615
1.4794488904413756 4.895175391247112 0.09183862470044346 9 404 67
2.2440091429211484 4.921122373003065 0.45599211916538507 9 404 395
2.8766101861254874 5.341080526117083 0.049075407753190525 9 404 623
1.398190883490626 4.865870599754201 0.09535185795414547 9 405 30
1.5282026509648943 4.903104720845374 0.09892126012906033 9 405 86
1.535005366002582 4.907947604492471 0.0939435113556557 9 405 90
2.378611573561424 4.94951675356174 0.4739920443106538 9 405 470
2.387653415969215 4.947312122627134 0.48279376138837704 9 405 476
2.394948925367731 4.945157484406825 0.49056602301680585 9 405 481
2.409349766971453 4.945379915696254 0.4979228714179148 9 405 490
2.4230239104964446 4.952029277717407 0.4934217953511988 9 405 497
2.456682369328947 4.98633170074142 0.450343261851355 9 405 509
2.2851937691658604 4.931196035257833 0.4525543243775335 9 406 417
2.473513210873609 4.988829304612178 0.45106612527631906 9 406 518
1.5059876118238493 4.893106572160404 0.09480741296302608 9 407 76
2.3517050565521016 4.9488036123182955 0.45310276731330135 9 407 453
2.4905930482614647 4.991901406607607 0.45089805798592364 9 407 527
2.784109698658441 5.30155109535448 0.053237726040815225 9 407 590
2.801648740386079 5.3051490039345355 0.05627594400728886 9 407 597
1.4860441845648331 4.887554746010577 0.08894757189561053 9 408 68
1.6325324880448246 4.934149528946957 0.08451839490361635 9 408 132
2.274255649791811 4.920473132980113 0.4582484774093314 9 408 411
2.3162886443805557 4.933544328301666 0.45751656711958466 9 408 434
2.329112937770589 4.937421038608109 0.4574941997917683 9 408 441
2.7367130793810834 5.278493646262475 0.06353712571564207 9 408 574
1.424982719058475 4.862618511668259 0.09575206209620113 9 409 39
1.4378286911099116 4.869523187993603 0.090250988313749 9 409 46
1.5598896628412953 4.9031244653800785 0.09597884206989193 9 409 98
1.5817120307033594 4.908357606432944 0.09840577468557776 9 409 107
1.6634790502043661 4.938420738065803 0.08855402280291802 9 409 144
1.6816708879632034 4.9447151251018715 0.08707644884871701 9 409 152
2.898997893036827 5.331769772712653 0.0500703430440157 9 409 632
1.5932220867564362 4.91358283445918 0.09015106527953232 9 410 113
2.4400736881161347 4.970344426083106 0.4506500507544309 9 410 500
1.5120220947247254 4.885891243458813 0.09101095628639522 9 411 77
1.6982717753313565 4.943880229840744 0.08744981795551166 9 411 158
2.2210581474012963 4.898322647807429 0.4579201713690866 9 411 381
2.37117681022072 4.946812895697666 0.4518526153295923 9 411 463
2.556059077422551 5.007450517332325 0.4427029169268566 9 411 560
2.774039973499839 5.281344807918942 0.062272612946853156 9 411 588
2.797325265897137 5.287466442922063 0.06388791948370454 9 411 597
1.463402155918611 4.868288170637376 0.09140253558803368 9 412 55
1.6166437321459843 4.915075908992995 0.09011381128225882 9 412 122
1.6381181138305183 4.920721460886759 0.09160349449164373 9 412 131
2.2539456762076924 4.907094494460994 0.4561398053630813 9 412 399
2.5082228866775567 4.987445220844433 0.44902402860209756 9 412 536
2.5260563722512983 4.994133924832414 0.44659365827593445 9 412 545
1.3997429902630145 4.8437540619377435 0.09627397968149887 9 413 25
1.68841354842325 4.936104739739328 0.08600243057860735 9 413 153
2.23808528514064 4.900548998810446 0.4555608299931657 9 413 390
2.270545481639981 4.910080254467615 0.45597646163464045 9 413 408
2.411177405625036 4.948049539676924 0.46389599297077655 9 413 486
1.441430363399813 4.8539111226449565 0.0956125136509447 9 414 43
1.4736205135667806 4.865358859674712 0.09232966267411746 9 414 58
1.535521163155351 4.886109860994463 0.08835000117861669 9 414 86
2.387722258189093 4.943984907165913 0.45451644247417655 9 414 472
2.396188481767967 4.9447181319547475 0.4578616913720601 9 414 477
2.4505878738645634 4.962999607398271 0.4542809076675153 9 414 506
2.8852310945987028 5.311092629639247 0.05235718388681199 9 414 628
1.4219416414329205 4.845995179730626 0.09438443340740266 9 415 34
1.4968568183298634 4.868171245690334 0.09497864685283242 9 415 67
2.354396453876484 4.930360291201943 0.4573224252683 9 415 454
2.468719536663718 4.968851174273689 0.4496039864022485 9 415 515
2.4884119952076924 4.976509349718256 0.44636738611271287 9 415 525
1.6094374170603643 4.899923968395632 0.09369341396094799 9 416 116
1.5521867320186318 4.881577846879148 0.09076022221868651 9 417 91
2.2714753321404295 4.900368741812576 0.4590884121496551 9 417 408
2.3093842558921542 4.912309504938236 0.4580261482830009 9 417 429
2.325755648546874 4.917600775763388 0.4573158832084253 9 417 438
2.3718035690398205 4.933162147458335 0.4540493495937633 9 417 463
2.741465788569827 5.260878056376604 0.04865740658687878 9 417 574
2.894438979378196 5.3070179965279625 0.0481933689500047 9 417 631
1.5731261458840564 4.886257187394506 0.0886373870731938 9 418 100
1.5916218325704936 4.891612032655748 0.08899617950116312 9 418 108
1.6247447299195286 4.9003199451164114 0.09129392314528251 9 418 122
1.6655083525079908 4.913498382104173 0.08950063631830818 9 418 140
1.6742898116008877 4.916791710295853 0.08826140256504744 9 418 144
2.4103279817191656 4.94239906310404 0.45447775717533334 9 418 484
2.4279447307242323 4.949984579831203 0.4501546181670766 9 418 493
2.76308966338125 5.261624876747885 0.05381019978512058 9 418 583
2.8598158969351517 5.291485195299087 0.05220213153488196 9 418 619
1.4385330993518672 4.840711968702422 0.09330364479993913 9 419 39
1.6989657466717305 4.92096476658096 0.08915928522702177 9 419 154
2.443986516261651 4.951336319130644 0.4527153054807368 9 419 502
1.520321946972211 4.8658107223628155 0.08707537280579003 9 420 76
1.5564140610040793 4.871870665956722 0.09606584928048756 9 420 90
2.22795331462797 4.882377862054332 0.4567911024067639 9 420 383
2.24759174138177 4.888520312396972 0.4563001130141382 9 420 394
2.5415527457097546 4.980005703028802 0.4498188512224175 9 420 554
1.5092203998129632 4.856201993333393 0.09386209600723783 9 421 69
1.649976722896779 4.898579914749157 0.09341963415512122 9 421 131
2.35011007677058 4.916551803192121 0.4574720994521315 9 421 451
2.504867283377539 4.967984071364929 0.44779400870145136 9 421 534
2.5191378024198436 4.97124722269196 0.4497118959941957 9 421 542
2.761871114745395 5.251468142932035 0.055493043735076464 9 421 583
1.4107186232352802 4.8231544743019095 0.09553953921451663 9 422 24
1.4619791755223586 4.838579568671155 0.09537906021658626 9 422 47
1.576438014918112 4.87597871990417 0.08938229622116434 9 422 99
1.4814428029461864 4.8438569816467965 0.09130655964617751 9 423 56
2.2517996482287685 4.881164643781999 0.46106462008631344 9 423 396
2.3271861365682844 4.905842845425248 0.4569907324713228 9 423 438
2.3892264273185617 4.926040519453353 0.4538516870420036 9 423 472
2.4493753919037706 4.943797208548576 0.45430289322858186 9 423 505
2.766915055233455 5.244003166582212 0.061395578200472256 9 423 586
1.5024943384702896 4.848087558387144 0.0901292530606046 9 424 65
1.6214608086143725 4.882271392073608 0.09279250268788086 9 424 117
2.2810672270873056 4.890900233285126 0.45528481013312405 9 424 412
2.4057797777477403 4.929017923730085 0.4536888004353914 9 424 481
2.464981132684313 4.947974295253085 0.4512746224847074 9 424 513
2.4817755518913023 4.9533587788222535 0.45057653119612984 9 424 522
2.8887698002991313 5.283778345460209 0.049354056389324 9 424 630
1.428452191468477 4.820548695549391 0.09541197428053128 9 425 30
1.5403877463018996 4.856259917143982 0.09105055152067631 9 425 81
1.5947231330451939 4.872478005775198 0.09108854478133188 9 425 105
1.645069161496316 4.887163920671582 0.09178263957749477 9 425 127
2.7386245371342706 5.230726213309913 0.05943802317763769 9 425 575
2.297208683051106 4.88953080256162 0.45941322972613186 9 426 421
2.3115666608356635 4.894269610064622 0.4585412156970434 9 426 429
2.36384940552708 4.910907002036256 0.4565639911473329 9 426 458
2.5205836501299226 4.960789325389415 0.4506241873307022 9 426 543
1.4906614176021447 4.832395767189856 0.09821506473887975 9 427 56
1.6087610055051738 4.8711364440461455 0.09144357062495256 9 427 110
1.6590238819744711 4.885792784222586 0.09212453771346873 9 427 132
1.6790126926169224 4.892490161381069 0.09070538531055661 9 427 141
2.265552058697902 4.87793261387488 0.4596679354238129 9 427 403
2.423175437612231 4.929467922786896 0.45096195174148124 9 427 490
1.4781209299184104 4.824451504921512 0.10127495989087776 9 428 49
1.5466287832742083 4.847736516918755 0.09572615898343595 9 428 81
1.7010199592777875 4.895997574344671 0.09145259632106884 9 428 150
2.4985625254147865 4.950310058782895 0.4501979785452208 9 428 531
2.8870463766531476 5.271094876418692 0.050112158160863673 9 428 630
1.5607095924301286 4.852530796921683 0.08938155593884423 9 429 88
2.2309023689644434 4.862780956619486 0.4612573204948688 9 429 383
2.3284393948452453 4.893683567155007 0.4577086766362597 9 429 438
2.5374646325766603 4.960112880192546 0.44970390813603833 9 429 552
2.7431126881758505 5.220288988870566 0.05981806214374363 9 429 577
1.5241364042291214 4.836361933337217 0.09453132074464299 9 430 70
2.344884394965735 4.897131240908316 0.4566202597860869 9 430 447
2.3606051533599213 4.900787284679528 0.4586496782040742 9 430 456
2.792011932941371 5.234545459736642 0.05478916533300038 9 430 595
1.4371510527579632 4.807441186037378 0.0952684205069596 9 431 30
1.4593969454621176 4.811862673700663 0.09963201159899193 9 431 39
1.5862020360611384 4.851858379034651 0.09526632821959913 9 431 97
1.6521888350232887 4.873486961478716 0.09138234876882168 9 431 127
2.766265408245462 5.2215493637178145 0.05960760505583318 9 431 586
1.686772137838534 4.87889548581731 0.09584331441535432 9 432 141
2.2479693261138753 4.864201249234595 0.45672795185401505 9 432 392
2.440441885779136 4.925237688589597 0.4493692445007711 9 432 499
2.452432934794694 4.9274413346301635 0.4520839278832789 9 432 506
1.5589825177222825 4.836896243280447 0.09847625359556655 9 433 83
2.274524281735669 4.8693684340093135 0.4582333146924509 9 433 407
2.290457231710155 4.874503297382235 0.4574533852053373 9 433 416
2.394405248579626 4.907507807842484 0.45335295948735455 9 433 474
2.4116399656661063 4.914877233572918 0.44889281714554685 9 433 483
2.468893375217652 4.930402027447119 0.45192195552032366 9 433 515
2.7905673638075243 5.224541389347169 0.05665882362338559 9 433 595
2.8787309364314586 5.2500847059434275 0.05806169095036018 9 433 629
1.595200278397267 4.848429343973601 0.091756448546644 9 434 100
1.6371658015787893 4.861820900474939 0.08994841285726074 9 434 119
2.533342290086644 4.948337692968819 0.45036976109826765 9 434 550
2.727883160231838 5.1962180325181535 0.07028386161539313 9 434 573
1.5007897613639947 4.81760159876951 0.09202128019151723 9 435 57
1.5297866918524996 4.823813286359195 0.09686802340087608 9 435 69
1.668993376039157 4.8669973909321715 0.0932938417284257 9 435 132
2.3066748099067587 4.874670770268225 0.45885255638734557 9 435 425
2.514375518671768 4.942448772734761 0.44679895088282295 9 435 539
1.4663026102187184 4.801143009989971 0.09930398730338652 9 436 39
1.6183256320717505 4.84955533900561 0.09281658323431019 9 436 109
2.2542989788761134 4.85674756868434 0.459620176328675 9 436 395
2.427990812792293 4.9132026513637 0.44990448303574704 9 436 492
1.4847742495925895 4.806592814902649 0.09418210298434015 9 437 48
1.551947651157747 4.827995968990667 0.09126176731360447 9 437 79
2.2911513140442534 4.865105230605856 0.4609071385677159 9 437 416
2.486036650671479 4.9285062576012155 0.4497908545226973 9 437 524
2.7607095638382977 5.206607091999346 0.051936353317067585 9 437 583
2.8972594603025534 5.248120827030988 0.05003865322506118 9 437 635
1.5112638945065489 4.813204392171331 0.0915016317593853 9 438 60
1.9765552426053812 4.9565271870881835 0.0810854768533451 9 438 266
2.23938385128348 4.849231727168314 0.4579439910155174 9 438 386
2.3220039005622977 4.875152142048937 0.4551365902281982 9 438 433
2.449859102155796 4.91576458770029 0.44977476019885154 9 438 504
2.7288363061165586 5.190231448961759 0.06021793479663384 9 438 572
1.438225538342123 4.786662177465886 0.09615920777358444 9 439 25
1.6090370897075412 4.8385484357309085 0.09375887199502175 9 439 103
2.337538888030236 4.876035061705834 0.45873613148137293 9 439 442
2.3541942095444943 4.8832058801931115 0.454191639720657 9 439 451
2.539568498551576 4.938920639426359 0.45280152468167845 9 439 554
2.7833389880340857 5.2073005109012644 0.05267395541605868 9 439 592
1.4591920826857407 4.790433370437609 0.0959528949020525 9 440 34
1.5820304735015656 4.8296883400316215 0.09020625058146536 9 440 91
1.639021708689223 4.845135265046549 0.09320850313958218 9 440 116
2.370360438024326 4.886113653940813 0.45403256243234225 9 440 460
1.5041329723231462 4.801432914921838 0.09550486137354497 9 441 54
1.6188868853765006 4.838080457753474 0.09013135309058229 9 441 107
1.6525730750602712 4.847862024641085 0.09056334549936307 9 441 122
2.4674739314812384 4.914004547253994 0.4518693956915417 9 441 514
1.5397210420013363 4.808122497447614 0.09821767432349082 9 442 69
1.9781593773332475 4.9441543417641745 0.08571782428147667 9 442 265
2.0002008837870915 4.955025489878452 0.07675675190042597 9 442 275
2.2560935889659657 4.84508160801454 0.46071052537766843 9 442 395
2.271839467282624 4.8506056734117955 0.45894184394729587 9 442 404
2.3168308665587096 4.8628952502446765 0.461109325339669 9 442 430
2.382857374387285 4.88532998109117 0.4551993897818819 9 442 467
2.7553595189783433 5.188628733328895 0.056664742839524385 9 442 582
2.7785868374397094 5.195658177311083 0.056368633964883674 9 442 591
1.4812254997571537 4.791003341164657 0.09249905670151382 9 443 43
1.5583940749934306 4.813591819840555 0.09307787019068314 9 443 78
2.4506262285618314 4.903648638289508 0.4548042129019826 9 443 505
1.5480024941229586 4.808653726394233 0.09164613968300639 9 444 73
1.569850781269232 4.813020771024724 0.09603009717485023 9 444 82
2.007162048157412 4.949099497179862 0.0823856350516825 9 444 277
2.5025371647703922 4.919623769326857 0.44947466943490366 9 444 533
2.5184279052404848 4.923801398339517 0.45057701406166595 9 444 542
1.58307320333867 4.8133818224617375 0.09815736207443893 9 445 87
2.2882728035630193 4.84958401660167 0.4591674422200247 9 445 413
2.338925538055463 4.865188701521454 0.45789457960265234 9 445 442
2.3993785216528654 4.884742791913648 0.4544295466237831 9 445 476
2.424933375388234 4.89374931767248 0.4514156377633013 9 445 490
1.4607552624931173 4.77218473074502 0.10335078994572955 9 446 29
1.5082700799741628 4.788327129560078 0.09897842062901607 9 446 52
1.6223504666378992 4.824251222274222 0.09443093319037033 9 446 105
1.9386620804992745 4.925206698871065 0.07898973179714419 9 446 247
1.9837058677478123 4.935223104680116 0.0859487297027055 9 446 266
2.484555937844229 4.910363435234679 0.4494783489474041 9 446 523
2.752122489335275 5.176484635224708 0.056817864444403954 9 446 581
2.775410511369968 5.181161751837399 0.055660783502911704 9 447 590
1.4484179842886413 4.767321069877044 0.09537345980293144 9 448 24
1.5448089309909097 4.7971998550042905 0.09245001605534076 9 448 69
2.0059356452475527 4.9370340777420445 0.08503700357516797 9 448 275
2.253148458016493 4.835031139542354 0.45583854955684655 9 448 392
2.355365430716356 4.864626436135514 0.4571632559573864 9 448 451
2.535641695847752 4.922457690730081 0.44756579467691615 9 448 551
2.552923207820799 4.928816083150427 0.44492062019675926 9 448 560
1.469588219181836 4.768901296756234 0.10000963549767428 9 449 32
1.4861059610727296 4.776411273635807 0.09441983695249911 9 449 41
1.6020562213555603 4.812776807938378 0.08995422708462675 9 449 95
1.9623262080209332 4.923328338755445 0.08126793905593743 9 449 256
2.302939818154617 4.845448341459791 0.4609245488566913 9 449 421
2.371667755118672 4.8684942701651135 0.4551075663835199 9 449 460
1.9241816981723234 4.909257036545821 0.08173424080936398 9 450 239
2.274175817195303 4.8361237617507875 0.4586414829311589 9 450 404
2.383782550357486 4.869451224179515 0.45661029033245903 9 450 467
2.467902506428372 4.896529472879008 0.451847678667919 9 450 514
2.518018346803842 4.911509682080854 0.45147030249454523 9 450 542
2.735053111749425 5.158981382075449 0.059943971058461276 9 450 575
1.532651940385517 4.784747278750086 0.09532138248723632 9 451 61
2.4183418680422846 4.879913330722137 0.45195747089271443 9 451 486
1.4743598244568767 4.762314575646669 0.10122380320848046 9 452 32
1.9788331150970024 4.919614652247436 0.08309380475233419 9 452 262
2.4408090362190498 4.883591893186242 0.4541783415324179 9 452 499
2.456397958536845 4.887690175092834 0.455259748958735 9 452 508
1.5157233904932965 4.772822319953444 0.0995616470594669 9 453 51
1.5701147913995737 4.792937353941523 0.09076190240377113 9 453 78
1.8855216814540983 4.8906197993846385 0.08072599553746196 9 453 221
1.9676205002345055 4.915334849129766 0.07965122900532484 9 453 257
2.4906506596517106 4.899393246814624 0.4476644655710982 9 453 526
2.5528827201888356 4.919332712437185 0.444244462656714 9 453 560
2.7547734929054615 5.159406027501823 0.05398317219500104 9 453 582
2.7830762406497875 5.168188774979382 0.053045202332215435 9 453 593
1.4889269563363667 4.764511094328232 0.0951006879266234 9 454 39
1.5864314635729646 4.795497680481048 0.0902440657456296 9 454 85
1.9370752167340393 4.901955269538728 0.08358048858594636 9 454 243
1.9894844887628298 4.917963886168755 0.08237428209931497 9 454 266
2.400293733678466 4.86716175287712 0.455612272178214 9 454 476
2.3479454664041346 4.848966898136975 0.45750955926909764 9 455 446
2.730768505391488 5.145762023375092 0.05647354575313335 9 455 573
1.5314078206313022 4.7691469771534765 0.10157331703744532 9 456 56
1.5506728758505073 4.779090259547228 0.09223063640252915 9 456 67
1.5731341097138873 4.782777736166305 0.09864289416817984 9 456 76
2.004733765475704 4.917532180840931 0.08198352951021137 9 456 272
1.4695096074304965 4.745862669596292 0.10731757393918695 9 457 25
1.9148644091011464 4.887267099382204 0.08474920646104867 9 457 232
1.9509198017430043 4.898514857695947 0.08336210915794817 9 457 248
1.9710274641425938 4.905569951836772 0.08086882971086728 9 457 257
2.236776899598151 4.823753995036624 0.43271728347611216 9 457 380
2.251971182219777 4.825095201507962 0.4396036600244084 9 457 389
2.3017852792454634 4.831115680986543 0.4586121201011044 9 457 419
2.3170572917837546 4.835130648242585 0.45967154341703587 9 457 428
2.533593064588126 4.902228279153547 0.45233551450412046 9 457 551
2.364348128144623 4.848907744298765 0.4558711332438351 9 458 455
2.7315321973792432 5.136362972841337 0.059913731124288105 9 458 574
2.757368873627053 5.147564676641766 0.051973263793847924 9 458 583
1.5359107269670997 4.762578382834397 0.10285336235630926 9 459 56
2.2677896486572657 4.823972514952222 0.4440262401729297 9 459 398
2.2827162814360125 4.825698452685443 0.449934219222179 9 459 407
2.324501082793943 4.834045709485995 0.4586797893801762 9 459 432
2.3789842729404738 4.852765640603216 0.45271427223252414 9 459 463
2.394600337487107 4.857310672715733 0.4528231292613074 9 459 472
2.4576350803745077 4.876080551742138 0.452323350271855 9 459 508
2.4737008879700833 4.881183539395269 0.4514887404874839 9 459 517
2.506013527851857 4.891437000741304 0.44983231098647913 9 459 535
2.5216024501696523 4.895535282647895 0.45091371841279626 9 459 544
1.5525604093684349 4.768765240329208 0.09458354761607346 9 460 65
2.416589232169373 4.860462454815989 0.45602205179506194 9 460 485
1.4732017689607546 4.738764407071364 0.10405777256076698 9 461 25
1.9791483128500549 4.896689563199039 0.08346882022898061 9 461 259
2.4282060204852405 4.863954614451837 0.4516702650068277 9 461 491
2.543901383251229 4.899615470696707 0.4479726313946397 9 461 556
2.7482352486867447 5.135594560189413 0.05475619138891452 9 461 580
2.7705524561832426 5.141898731876508 0.055327455424523775 9 461 589
1.481519250631976 4.741880238348786 0.09715759073344454 9 462 30
2.482664242309656 4.878263617884123 0.451258699439804 9 462 522
1.494245458170683 4.7444016381842244 0.09446623135516363 9 463 36
1.5131380840695055 4.750237450119766 0.0938180224472811 9 463 45
1.9396475050035054 4.8810491729284085 0.08129046776524596 9 463 241
2.4480252698029146 4.863927436278755 0.4564120838223755 9 463 503
1.9251269812596261 4.868113375633401 0.09528092731453852 9 464 233
2.285529445908023 4.823365945595192 0.4360471831559569 9 464 407
2.307595838331406 4.822235634706033 0.45326815346693894 9 464 421
2.3357446349613795 4.827903021346962 0.45914333884628467 9 464 438
2.3512476041325026 4.8328451310962555 0.4582575355105094 9 464 447
2.401732783750851 4.849150100407471 0.45489516105313665 9 464 476
2.0019485025241797 4.895648266211589 0.07833871810179094 9 465 268
2.724845297049877 5.117658694555647 0.05582836565198446 9 465 571
1.5175508885791182 4.7419958378530715 0.09909415675158106 9 466 44
1.9616824056336006 4.882011629064789 0.07681679982418577 9 466 250
1.9878586381000685 4.885878771395893 0.08551425046030992 9 466 261
2.3008684260622965 4.821317636065205 0.4424615310557677 9 466 416
2.3161808002153235 4.819744804897908 0.45630393341470743 9 466 426
2.3674218051184104 4.83493852978034 0.45592610877646833 9 466 456
2.4645747415435313 4.864355545745829 0.45381787896022363 9 466 512
1.9306782451178819 4.865665327814373 0.08775650590647732 9 467 235
2.2892370470463352 4.977533180016016 0.0722728384276512 9 467 392
2.3018771689221045 4.981208183004695 0.0665158264928487 9 468 397
2.324412643583665 4.821467602119551 0.4494843284360859 9 468 430
2.3836277414667526 4.837035077491103 0.453592094534052 9 468 465
2.498397761235449 4.871488576436527 0.45169818166447706 9 468 531
2.514752821232895 4.877072456873674 0.4498762041637281 9 468 540
1.4865359647646081 4.724944331609764 0.10099943882590767 9 469 27
1.9720915432841233 4.873898629778433 0.07973387322385261 9 470 253
2.4189631166646857 4.845006603132993 0.4506041038081121 9 470 485
2.4317948526715267 4.847103508947333 0.45445825354154556 9 470 493
2.7291853552095207 5.103147172065068 0.06210583903230038 9 470 574
2.7535110097614224 5.112520827856523 0.05687737324975872 9 470 583
2.7647505765314593 5.117177669685791 0.05370513130508758 9 470 587
1.948996513849031 4.862689893076048 0.08438222427117559 9 471 242
1.9984511990113951 4.876539809579017 0.08583448826392992 9 471 264
2.307302945131352 4.973007878700085 0.07164758200693 9 471 399
2.3131277232816667 4.96944854476376 0.08392240322143496 9 471 402
2.309944442421641 4.818014339562537 0.4348755224035947 9 471 420
2.4468925582030616 4.8489269460971745 0.4562464022286363 9 471 502
2.481040167149752 4.860873815507526 0.4516905840370071 9 471 521
2.3410714241973323 4.820235123731717 0.4466799186303744 9 472 439
2.399577665832527 4.834347437278542 0.4537098796363681 9 472 474
1.9222244907305424 4.848812156063968 0.0871516487278714 9 473 229
2.7708626383644166 5.11281634825577 0.04982933459984351 9 473 589
1.9427960538800957 4.8529178398434505 0.08594227734665272 9 474 238
1.9683558437413682 4.863420707422789 0.07877918270978324 9 474 250
2.784204249442442 5.112794782971401 0.05296394996121112 9 474 595
1.9959138041777322 4.869348951842399 0.07804096734892041 9 475 262
2.3360279124979937 4.9684026807431625 0.07876980093650521 9 475 411
2.356951510907105 4.8192647336297165 0.4470548029694248 9 475 448
2.3747171897277415 4.8222589995530285 0.45226367698860803 9 475 459
2.4639559887376326 4.848653130811016 0.4514953226710754 9 475 511
2.345546015033716 4.968302829768181 0.07973546087380257 9 476 415
2.390217568085508 4.825047008724394 0.4521111517313977 9 476 468
2.4824433570355824 4.853888547050457 0.44756004909807334 9 476 521
