2.919699414708646 5.8036832379073395 0.05040097731717852 9 254 622
2.917520475787475 5.789154095189475 0.04861456016443033 9 257 622
2.948337118680763 5.80629742113851 0.03307091263809614 9 258 628
2.975910346250763 5.804080887823994 0.025376686190319298 9 261 635
2.868426846492607 5.752897955932161 0.048255741269926045 9 262 610
2.8965792921926026 5.765929628616078 0.03606194258363127 9 263 616
2.9316479631363617 5.757740312585333 0.04140280548053177 9 265 627
2.873749554197363 5.73342691714671 0.04314621495759652 9 267 612
2.8919455419108564 5.7373006904481905 0.043147246365725644 9 267 617
2.9241569037072574 5.736472662978969 0.04060060882250904 9 269 626
2.93917447941764 5.746119569771309 0.03400725355922418 9 269 629
2.8720505517646524 5.710461343124943 0.04555735250014603 9 271 613
2.8875037595905146 5.712058929603955 0.04211936965880536 9 272 617
2.9564585785322417 5.729252539003932 0.03427233904328064 9 273 635
2.8833362481552314 5.690934024906221 0.04244563654463929 9 276 617
2.9258130414851475 5.6990245671967905 0.04339202321926172 9 276 629
2.872558107879522 5.6702580008448855 0.051446458746108537 9 278 616
2.9163317084294356 5.692418511773786 0.03784397175350507 9 278 626
2.9187774318172757 5.681279282440462 0.03458063737776307 9 281 627
2.939619305362195 5.670750448196442 0.045315871089584014 9 282 635
2.877094852056902 5.649779190879154 0.03813250204431595 9 285 617
2.9259683107324683 5.631592500335824 0.0586715811507077 9 287 635
2.896362625858699 5.635595471156534 0.04236984913952613 9 288 624
2.9315856960596784 5.62835840868519 0.042871665761314404 9 291 635
2.930130102369607 5.621530086445779 0.03449578242115292 9 294 634
2.8822283623927305 5.593978189145043 0.048867692867394785 9 295 623
2.904587819842094 5.592802160197062 0.050266540485768285 9 296 630
2.8635194464423126 5.575170613123828 0.0449678535985798 9 299 618
2.8726245375464603 5.519818695786973 0.043983663422157315 9 312 624
2.577800956323169 5.115803002185653 0.4471582285327642 9 313 599
2.9000568967702147 5.515398162335052 0.04563052249321253 9 314 633
2.8934506528527906 5.482369436650524 0.052760645917458326 9 320 634
2.863356847376325 5.477405694275806 0.046051689455940625 9 321 624
2.8802052520751236 5.466190058329901 0.053733006704953956 9 323 631
2.843447926528203 5.438319939380236 0.0531098436784716 9 328 621
2.8446453956212725 5.419485062604697 0.056516479606210535 9 332 623
2.8699325285377433 5.428277153676339 0.051926469956876 9 332 630
2.8880974097017993 5.434575101148591 0.04865192242549954 9 332 635
2.8261955347235164 5.380502340514296 0.06056879518089442 9 340 620
2.8550965029337805 5.383952324927054 0.058602545459564004 9 341 629
2.878867756138308 5.394868950819786 0.05063551594056026 9 341 635
2.8593489991717496 5.355573654948951 0.05596656052725035 9 349 632
2.8690152554272137 5.349521443781787 0.05117555879759306 9 352 635
2.859454727359174 5.343132187365785 0.04150663731559079 9 355 631
2.86803925682572 5.339833083789355 0.04846169569308367 9 355 635
2.8316160424475605 5.293386829862151 0.0559968557795516 9 364 627
2.8540703480863314 5.299061495007051 0.054366197983775066 9 364 634
2.2560227730434512 4.890095447971074 0.4577819156141705 9 366 466
2.8346014220366293 5.280866326372795 0.0642897222651373 9 366 630
2.19355519913518 4.870949225852554 0.45976058232335637 9 368 437
1.9312943524249817 5.070680651811176 0.08967701639846415 9 369 325
2.8432807777845635 5.277801634494938 0.05549480254781858 9 369 632
1.9578229272441652 5.070118206453966 0.08821720894858798 9 371 334
2.150725830693856 4.8508792380556125 0.4652418047322344 9 371 417
2.2128274035306736 4.866910907017931 0.46006307407413316 9 371 446
2.236714595555693 4.873389569969222 0.4576150168817146 9 371 457
2.2474786222425123 4.875843582430599 0.4571919029695395 9 371 462
1.9758179244184455 5.061984259122672 0.10040600673483091 9 372 340
2.132258783671421 4.8467612312733825 0.4621188740444957 9 372 408
2.0014541160017107 5.067923578583141 0.094240019342269 9 373 349
2.1935198606449386 4.8565227319979725 0.4621347849881936 9 373 437
1.8751579674464072 5.041632143748692 0.09058339897603118 9 374 304
2.1770381293204184 4.852169354395627 0.45993605835180085 9 374 429
2.2468305663623513 4.866050019438087 0.46013274914047986 9 374 462
1.8422225871226878 5.031605954824367 0.09061540370140087 9 375 292
2.2664608312286414 4.869130717225272 0.45764844456795606 9 375 471
2.839381952279963 5.256404842325848 0.05404632835440237 9 375 632
1.8685239615608207 5.030755727416566 0.09469888278929672 9 376 301
1.9013450908048266 5.042208678896268 0.08745596068614492 9 376 313
1.952152308093215 5.0499073271748935 0.09116508916333599 9 376 331
1.977253716205117 5.0582946554144534 0.08617885758002464 9 376 340
2.1155859968598762 4.845962103730048 0.4433190734871366 9 376 399
2.158557314411899 4.844836597530025 0.4578164634925965 9 376 420
1.8704301400845442 5.020843280748576 0.10005745532586308 9 378 301
1.9084048086162828 5.0348836062222695 0.09042389961672104 9 378 315
1.9274699229242425 5.04334580738218 0.08346988692704649 9 378 322
2.134877748930784 4.843465263357755 0.4452284650921454 9 378 408
1.978785073130096 5.0474368012466355 0.08769793648357105 9 379 340
1.877473330910553 5.0141543474094465 0.10223947623355212 9 380 303
2.2139752692443353 4.847422742342773 0.45553023125013214 9 380 446
2.232140921120477 4.848309638592554 0.4596807227248718 9 380 455
1.910453688238115 5.023049160197906 0.09375528087784368 9 381 315
1.9683719084553044 5.041650353053359 0.08313846551463566 9 381 336
2.2671653689942017 4.856908406522621 0.4535020799442804 9 381 471
2.1795797153341243 4.838128205139448 0.44781730642395146 9 383 429
2.2448677463066495 4.843842165790847 0.45901433854106255 9 383 461
1.9950598965080064 5.036388004576047 0.08401227291069713 9 384 345
2.2025158161920433 4.838947994978799 0.4497654262252775 9 384 440
1.8900760421229672 5.0099380804313505 0.08732473642296901 9 385 307
1.9069062186841261 5.0117425835240255 0.08971782073278667 9 385 313
1.9373884501290124 5.017612902583899 0.09005397236474955 9 385 324
1.9622654490420057 5.0236332160207935 0.0884392247147292 9 385 333
2.1560717611221083 4.836702108633607 0.4351476823309446 9 385 417
2.2222594332144823 4.840553884736899 0.44572491502423617 9 386 449
2.285066367986226 4.8458721248151635 0.4568620667331482 9 386 480
1.9358378956559075 5.009491824130831 0.09196419998426153 9 387 323
1.9714357053400429 5.021295227621332 0.08469179061685339 9 387 336
2.30316001021967 4.8453124647575585 0.45951207876664224 9 387 489
1.8831477005746586 5.00171838030575 0.08263368908943725 9 388 304
1.9527942237090141 5.011048279151861 0.08972175449075048 9 388 329
2.2415102687353547 4.8377912928539795 0.44445698785873966 9 389 458
2.203401993606482 4.83469182218842 0.43357200892726455 9 390 439
2.265136809813761 4.835416529856303 0.4516877837652651 9 390 470
1.9115855363777616 4.9863450974218075 0.090134140675308 9 393 313
1.979869215046049 5.003767048108401 0.08407386758365676 9 393 338
2.0047645981303046 5.006441870043049 0.08768006402241335 9 393 347
2.261540032136983 4.835373145899948 0.43907927349268183 9 393 467
1.8848243971362026 4.978089852705431 0.08968340176569312 9 394 303
1.9369756169412498 4.986066041757661 0.09349094289652982 9 394 322
2.2854395526889646 4.834193559873475 0.444613616318148 9 394 479
1.980928522505506 4.995641400661537 0.08706054068528357 9 395 338
2.238448407235715 4.832806595708647 0.4280650780207482 9 395 455
2.3056017904781894 4.834032766404926 0.44738554094947336 9 395 489
1.9109823800546581 4.974642939629515 0.08816991277720843 9 397 312
1.957514480452809 4.981648011068884 0.09176362390165416 9 397 329
2.3243534992950723 4.83327457929866 0.44682905946718754 9 397 498
1.9828748105333294 4.982206343553345 0.08873492669606842 9 399 338
1.9147881169754652 4.953436720304764 0.09308736161909037 9 403 312
1.938735888096542 4.960853505585934 0.08870467224627743 9 403 321
2.354114359369017 4.831857032339746 0.4352989029662597 9 403 511
1.9162374660564065 4.945024054695538 0.09717149984622298 9 405 312
1.9990482032093535 4.970217923250599 0.08262977836466323 9 405 343
1.9591714767112052 4.95544027486287 0.08885863601425137 9 406 328
1.9642793403132028 4.960092566161789 0.08281934556674142 9 406 330
1.8924362827868708 4.93976723989694 0.0878075977839039 9 407 303
1.9415801788311384 4.943744995928621 0.09222662192151798 9 408 321
1.966172116733741 4.94559566547079 0.09210977977829593 9 409 330
1.9909538442036645 4.949307630187314 0.08373957452868153 9 411 339
2.0044489215855466 4.950594319189955 0.0860669069505351 9 411 344
1.9200807382430993 4.926506914382583 0.08309896312136966 9 414 312
1.9451159634527126 4.923706769994752 0.09113801350935513 9 415 321
1.9821406838776603 4.93384008341993 0.08627676939973972 9 415 335
1.9145962300816253 4.911182926343657 0.08676491763750827 9 418 309
1.9477714590745674 4.907999673977953 0.09324446327364777 9 420 321
1.960466817617694 4.9159369794517245 0.08374385364630865 9 420 326
1.9842285827138582 4.92267738993096 0.08013425700586785 9 420 335
1.9689466465807264 4.913977325753924 0.08484836302580945 9 421 329
1.9936150460364388 4.914007047074799 0.08281893915257177 9 423 338
1.9949697381786073 4.904516882854835 0.0843386524354286 9 426 338
1.9261230672559746 4.8782739831979365 0.09143767034741401 9 429 311
1.9492685825846952 4.885362389827117 0.08682650045611862 9 429 320
2.1403974402722734 4.919150545981239 0.09343682825313104 9 429 393
1.9656117961323472 4.883306772349794 0.09106928999914454 9 430 326
1.978376358749821 4.889597502408802 0.08419793399481801 9 430 331
2.007633942938679 4.891317295010684 0.08618542082522174 9 431 342
1.9405781951967995 4.874429486419887 0.08245878015642205 9 433 316
2.229532208150958 4.931809370891447 0.08088603845945785 9 433 426
2.0040484079406453 4.880282706745517 0.08389030934178487 9 435 340
2.2889347520048586 4.9404379620963965 0.0756250581649851 9 435 448
2.1244592091758507 4.900910297082364 0.08392355503385929 9 436 386
2.1478753599415157 4.904486095029698 0.08577562420544149 9 436 395
1.950316812785581 4.865243817866554 0.0816495466752567 9 437 319
2.3164958198915744 4.942502941099757 0.07095061397568103 9 437 458
1.9515514475181244 4.857306397099984 0.08626070984893097 9 439 319
1.9749450390598013 4.8593889860004 0.09091508039704554 9 439 328
2.005681777477839 4.870214848662563 0.08186144357872416 9 439 340
2.075836438126227 4.883922790776741 0.08182618233871608 9 439 367
1.9394396543822827 4.849896604809855 0.09041779224591329 9 440 314
2.1539782423772795 4.894201153678675 0.08578917260208252 9 440 397
2.312072649956121 4.928181520520365 0.07987088431742095 9 440 457
2.388373047645224 4.947920328930877 0.07072972734649685 9 440 485
2.406849229812551 4.9511373081238 0.07145773064440375 9 440 492
1.990954835776196 4.862496366565236 0.0802571735841251 9 441 334
2.0482292705428677 4.867179785332664 0.08716096837723053 9 442 356
2.123305857120695 4.877936727876265 0.0891544429439668 9 443 385
2.342405804684269 4.9260628030772065 0.07333847342441091 9 444 468
2.054806903421868 4.858101029077255 0.08546065014667392 9 446 358
1.9454606126683 4.8313914393228 0.09057614693223015 9 447 315
2.0810306483568004 4.863291890995166 0.07988231556448255 9 447 368
1.9659124251538054 4.8365593714129025 0.08289007839001394 9 448 323
1.9889439340911141 4.84056950101446 0.08379757184890524 9 448 332
2.0103311461686233 4.8348632115963985 0.09222706369304401 9 450 340
2.079331345805586 4.853658127421787 0.08168701548834045 9 450 367
2.1029170115307974 4.857402831938908 0.07787987816207576 9 451 376
1.9806508294515444 4.825624685090775 0.08825946657806005 9 452 328
2.0339214584963874 4.834417941240345 0.09130807344248204 9 452 349
2.1109981478612028 4.851814813117315 0.08106370464737145 9 453 379
2.274607935411443 4.877536189912246 0.08752803986155855 9 454 443
1.9895483652867856 4.818924389003579 0.08871262779723366 9 455 331
2.0425806629142924 4.826723176670913 0.09366234245513283 9 455 352
2.052727538091472 4.8304031544240695 0.09024861785840876 9 455 356
2.0886726678211693 4.843357989147111 0.07831785089331378 9 455 370
2.118940608477962 4.845758235156521 0.08523072086378436 9 455 382
2.5418539082658698 4.9351778976021174 0.07043322730551593 9 455 544
2.013832980440548 4.813641533446771 0.08700166529943076 9 459 340
2.135833778328032 4.842459213501826 0.07647405023083764 9 459 388
2.0772821506772594 4.8247980855437875 0.08380436586935103 9 460 365
2.158423941572774 4.840815154205509 0.0831627472221208 9 460 397
1.9619299773905796 4.798689372950125 0.0860439509531985 9 461 319
2.037218285088329 4.8122692641530165 0.08804949183425936 9 461 349
2.1111232407034555 4.829470034770499 0.07659932142211656 9 462 378
2.276623485554986 4.8606353036931065 0.07830937824725193 9 462 443
2.5806141481846794 4.923014975693923 0.06528765277434267 9 463 559
1.9856251715896212 4.797493465229294 0.08142053736058297 9 464 328
2.0888708123090347 4.819676854632826 0.076806118752347 9 464 369
2.098970189879161 4.821435307066903 0.07720405703371225 9 464 373
2.1718056697698236 4.832247383270171 0.08393281606946235 9 464 402
2.031163170660337 4.802249794281414 0.08426048783518514 9 465 346
2.0612362177931645 4.80795219654689 0.08447939439197705 9 465 358
2.1018487946648325 4.8146470299999775 0.08132800323753586 9 466 374
2.151988913460526 4.822912146862677 0.08427093928497387 9 466 394
2.2718946669801148 4.8493695696192045 0.07738844749548202 9 466 441
2.3283299293731106 4.8583349956383834 0.07580760524482621 9 467 463
2.484285676499906 4.891518567716432 0.06936184759645325 9 467 523
2.5792131408184478 4.91175722882439 0.06535403131962969 9 467 559
2.0022573623689106 4.790980988405444 0.07951537981908441 9 468 334
2.1773200899010585 4.8214620232224386 0.08641324658775851 9 468 404
2.22207327502875 4.828329060095114 0.09011616278331314 9 468 422
2.2738453074054625 4.842431756442328 0.08148857190898084 9 468 442
2.0926156345873688 4.804484494944185 0.08220075096015433 9 469 370
2.025515641582454 4.789654260646028 0.08062902668244964 9 470 343
2.0655415560967034 4.798924262894044 0.07734448847489017 9 470 359
2.130840490551259 4.80760679347617 0.08001734370748292 9 471 385
2.453674566041778 4.872537269382983 0.07423984661034133 9 471 512
2.5799833577599864 4.900495986510044 0.06656027252024033 9 471 560
1.9840744315356504 4.7757085288313466 0.08213797414319735 9 472 326
2.108716358964151 4.8019880419964345 0.0773008265190851 9 472 376
2.4957683408495677 4.883569819914002 0.06233170696570234 9 472 527
1.9920447849190843 4.772602560530899 0.08647637328307778 9 473 329
2.034087494893944 4.783575101145542 0.08032428583131823 9 473 346
2.0764046281668733 4.7918562695931515 0.08003939378760938 9 473 363
2.5676375929012116 4.888832483030919 0.06921456162752793 9 474 556
2.074435523812064 4.784815814095292 0.08313784001911517 9 475 362
2.1438685614772517 4.797359286066596 0.08489499168353909 9 475 390
2.1760911193503154 4.802969714524254 0.0861646332245316 9 475 403
2.198747448033248 4.80827689562372 0.08412145998219178 9 475 412
1.9811206788692146 4.760929541938521 0.0903711628493733 9 476 324
2.4593327618269503 4.858686650521602 0.07785745508300401 9 476 515
