2.928278402640546 6.317988981927206 0.04761597331753675 9 176 589
2.8923645625159002 6.307369783991835 0.0486720779253067 9 177 582
2.900901336575234 6.27394961683982 0.04778326834623492 9 181 586
2.1859103107056064 5.235547751199384 0.45595599352868166 9 255 482
2.158861992521828 5.153347012665189 0.4516105543876854 9 275 477
1.9969163070901401 5.032488140443407 0.09571907226950005 9 389 413
1.966455685289291 5.026030617888699 0.09348752575299635 9 391 403
1.9564935227445677 5.006868855788852 0.0896023540783375 9 397 400
1.9911427191341555 4.99802926114754 0.09798677684135804 9 398 412
1.8989876656223965 4.9936328879583005 0.0908643604666699 9 400 381
1.982537460326983 4.995751088996569 0.09106094128909836 9 400 409
1.922902763283372 4.992292561300904 0.08870651304831112 9 401 389
1.9496766871491045 4.9923369201412 0.08964226573166623 9 401 398
1.9251337537639235 4.981362103986579 0.09408064559803275 9 403 390
1.9549396206694856 4.9833833065777355 0.09241260952228525 9 403 400
1.9897813288644597 4.9801560356525245 0.09818057033370087 9 403 412
1.8803683596747727 4.974351913618892 0.09722110051111388 9 404 375
1.9045179162973809 4.980364333278187 0.08980681096234533 9 404 383
1.936473750317383 4.973344808933362 0.09588940241535071 9 405 394
1.874131393543217 4.962477796877687 0.09893715716387375 9 407 373
1.947643907822678 4.962919797316811 0.09630010366636732 9 408 398
1.9806382799023645 4.966272792323593 0.08799297231027792 9 409 409
1.8883936823202958 4.94861696923036 0.09958869596622044 9 411 378
1.970419272613371 4.951283606205097 0.09418091706494902 9 412 406
1.874421447661234 4.953901388053039 0.081732460557574 9 413 373
1.9000867613676027 4.944935803640992 0.09556041175572161 9 413 382
1.9934214694645183 4.948158302379097 0.09468324141848039 9 413 414
1.9265599166758403 4.945568280512759 0.09083479832775065 9 414 391
1.9724443380505545 4.9399549686514845 0.09586126669141559 9 415 407
1.9981805546302491 4.938786864488163 0.0985796604089666 9 415 416
1.928987059738292 4.935469376808502 0.09080972529860998 9 417 392
1.942994613331224 4.931970786591426 0.09644603475782709 9 417 397
1.9743125073412693 4.929886526558198 0.10074181360831447 9 417 408
1.9136331618110463 4.92521635738685 0.10017146973184987 9 418 387
2.003008390585802 4.92826212147959 0.09941759571315112 9 418 418
1.8878729741290134 4.920968032354578 0.09066342122922211 9 421 378
1.8982398268688645 4.9019682164225475 0.10448498539933393 9 424 382
1.936893036437887 4.915539237000763 0.0860106563991403 9 424 395
1.968402970125574 4.915270440430092 0.08774747794401061 9 424 406
1.9098678160040565 4.902501870693105 0.09932250973119494 9 425 386
1.998904609543115 4.9084763509702345 0.09423962091410987 9 425 417
1.9565088536545985 4.90462074961788 0.08346054934781799 9 428 402
1.9412691280557806 4.895713225631978 0.09128711004919543 9 429 397
1.9672740412953185 4.898689700869244 0.08793542785783681 9 429 406
1.908790532633939 4.874346754528926 0.09784214769873678 9 434 386
1.9659522181177809 4.8810875410474015 0.0900717932754782 9 434 406
1.9738579153064395 4.8780044870523165 0.09515458561220025 9 434 409
1.919566481763984 4.862687831414423 0.09673992468946446 9 438 390
1.9369685143096094 4.867515511151705 0.09003392676748945 9 438 396
1.96096579381566 4.850820846849964 0.09270899032082802 9 443 405
1.9355335295789866 4.84561846955042 0.09482592472233597 9 444 396
1.926050980669375 4.8195801659303985 0.0919132076178486 9 453 393
2.141739273015955 4.814028052832659 0.08222488176931808 9 459 472
2.308668644844217 4.813606470669989 0.08161091075225269 9 461 534
2.151233111344422 4.805550687503904 0.08201124608882182 9 462 476
2.1651027449983853 4.798518855256679 0.08965409622476006 9 463 482
1.9383608937854293 4.7882159948501535 0.08524268197478424 9 465 398
2.3485765472334523 4.8054119970432385 0.07267777261704511 9 466 549
2.172862125178368 4.789396451657033 0.08075155134811585 9 468 485
2.318222575352495 4.791845786007526 0.0743728747837129 9 470 539
1.9576447015645893 4.764509800455337 0.09720483998757179 9 471 406
2.3398224602095135 4.785230946766659 0.07704649628702542 9 472 548
2.193813348718086 4.774510157783929 0.08274695159372758 9 473 494
2.0864991475230945 4.767229822502493 0.08457228832220487 9 474 454
2.362246374087781 4.780288972061294 0.07692729547707478 9 474 557
2.1700747577524977 4.764735841402203 0.08862063202515769 9 475 486
2.216135026826771 4.76685590383096 0.08244820687123067 9 476 503
