2.5852286500176502 7.23100830305562 1.0031459148950579 9 21 612
2.5156051485142585 7.227059926065579 0.999177229484195 9 22 591
2.6020452137767456 7.227350909647294 0.9982965987228629 9 23 617
2.4489285943714116 7.2424658111272056 0.9825524683893585 9 25 568
2.4799202180372912 7.22907131473308 0.9877505741634935 9 25 579
2.5272458887142957 7.224255516771741 0.990651981160846 9 25 594
2.61222077469474 7.223513117916767 0.9933158759698371 9 25 620
2.500152071323474 7.225487329181596 0.9829444441173001 9 27 585
2.530630101807731 7.227330027261526 0.9832172999309919 9 27 594
2.614256234757308 7.216410098441607 0.9891646585062996 9 27 621
2.478335658113904 7.231899591944268 0.9736442464006068 9 29 577
2.5524573109765765 7.217673264971383 0.9771725353009534 9 30 601
2.581474055995942 7.216438495073095 0.9784152213068079 9 30 610
2.4715229910090097 7.232544133859282 0.9632961952368837 9 32 574
2.4765421919094663 7.220568237578018 0.9674392364647387 9 32 577
2.5946176877792615 7.20960298862526 0.971224281219537 9 33 614
2.565643634724445 7.222870902813556 0.9626208420024654 9 34 603
2.6035736797464093 7.198721158789866 0.9718635718127194 9 34 618
2.5686735954556683 7.224828480121876 0.9553928260220196 9 36 603
2.6110711236434163 7.202863966206925 0.9641069231759619 9 36 619
2.6258781123223907 7.206281367149622 0.9633727081667204 9 36 623
2.6039762368817216 7.208515341866677 0.9520277447741345 9 39 615
2.610072796371371 7.2165326654483115 0.9427382854403686 9 41 615
2.4891603331926886 6.878614780358218 0.7038130796718127 9 153 591
2.437328630322525 6.887965782571647 0.685780869428774 9 156 572
2.416478525026613 6.874919204999739 0.688948565545122 9 157 567
2.4859451777849695 6.875931308475294 0.6908295079696966 9 157 589
2.501147764149292 6.876772256975823 0.6836278052136728 9 159 593
2.4567509643237733 6.88666768777622 0.6726074459202204 9 160 577
2.5112693171501785 6.875945702540282 0.680832288689031 9 160 596
2.4134018192384215 6.873054050479967 0.675385510682609 9 161 565
2.4465767948593093 6.878686543714073 0.6659181382220135 9 163 574
2.4819639867424854 6.877660643532808 0.6641154003616191 9 164 585
2.414707390794424 6.8738464947161635 0.6602816335248511 9 165 564
2.504516639818975 6.870222288240167 0.6656791729696271 9 165 593
2.4106280480979785 6.872089346501001 0.6500856797307198 9 168 562
2.472754690898059 6.869461802624536 0.6539213751109927 9 168 582
2.5811007313539576 6.843924794326556 0.67326739289069 9 168 621
2.3982647843113662 6.870622957826463 0.6468086631047278 9 169 558
2.426089025407771 6.8668024915519545 0.6464201197240214 9 170 567
2.6043507990699175 6.8475401182483004 0.6646190736685063 9 170 627
2.4413283901655927 6.854648356688582 0.6469746097152704 9 172 573
2.416398505621663 6.866571628619907 0.6350109686732835 9 173 563
2.484416881887507 6.854429307832909 0.6412520442212315 9 174 586
2.5939006757092646 6.853120465406477 0.6460654573538411 9 174 621
2.450375753223722 6.860076769530075 0.6327733064713053 9 175 574
2.45400950653785 6.850214687919324 0.6315574112447764 9 177 576
2.5704062556477973 6.855083310502086 0.6327935745801682 9 177 612
2.5750574028340156 6.846676142086092 0.6382203415702496 9 177 615
2.495789301493999 6.849363514390081 0.6298825200461671 9 178 589
2.420689708256262 6.862361485062788 0.6151711801773367 9 179 563
2.456573771352348 6.8465852105836635 0.6189073022986821 9 181 576
2.522610275300497 6.8398885691703395 0.6256029168032134 9 181 598
2.4254285566296656 6.852227418560709 0.6103801655040189 9 182 565
2.4546201141572963 6.851018155792188 0.60843586171507 9 183 574
2.4874958263527662 6.846829886524318 0.612335965445149 9 183 585
2.3860729130275757 6.845462266048704 0.6056434913874799 9 184 553
2.4281044264630953 6.853370604808145 0.6021314875344317 9 184 565
2.5188880913128786 6.843995239614679 0.6115292440046702 9 184 595
2.489591700945154 6.844274123850193 0.6026534110604076 9 186 585
2.4183891736453305 6.844230492395149 0.5923673802040117 9 188 562
2.396492977802146 6.850032492968764 0.583908067978264 9 189 554
2.5551163362811637 6.829968548227721 0.6029891310073052 9 189 607
2.4524056560712726 6.8503722575640715 0.5819211211374586 9 190 571
2.4732526162822586 6.8408661933729205 0.5889466930887295 9 190 579
2.5061815302944477 6.8308489224021525 0.596762449109419 9 190 591
2.5351282454264004 6.8316352402171 0.5973352223716497 9 190 600
2.4037204827157046 6.849680537505476 0.5688857088583752 9 193 555
2.462500018177518 6.844588126525541 0.5744900475130965 9 193 574
2.4974352656787344 6.827320495806258 0.5795778165530932 9 195 587
2.594613961827618 6.83579816659323 0.5775956584851527 9 195 616
2.4277752130752823 6.839252312401249 0.5650537010223289 9 196 563
2.4747514613890083 6.830533496402488 0.5726938673963344 9 196 579
2.446621703498475 6.836079019561318 0.5640014442719208 9 197 569
2.4954127353928843 6.826728028837058 0.5643859775808462 9 199 585
2.5043121258010044 6.819502678037759 0.5696316231136036 9 199 589
2.5324450920785466 6.8186075470900995 0.5713148542205368 9 199 598
2.539277574423256 6.813815016430336 0.5748297956544854 9 199 601
2.405829027641037 6.824769547191819 0.5583866690656001 9 200 557
2.4470160518799156 6.836660261334253 0.5518612881214824 9 200 568
2.58566832591472 6.820540054742451 0.5681562631780823 9 200 614
2.495937753606181 6.829340873144167 0.554802852309322 9 201 584
2.5576484985951007 6.819431822616447 0.563947861007122 9 201 605
2.459759801157569 6.825512282826079 0.5521107006501664 9 202 573
2.5062724636320066 6.828428656215776 0.5518963637313408 9 202 587
2.5318967901041765 6.822513070799491 0.5569422255081027 9 202 596
2.408154780718667 6.827492409444271 0.5408745527835899 9 204 556
2.4766946515583896 6.822759809859454 0.5467912736096003 9 204 578
2.586323244715608 6.818319114050247 0.5540910449905092 9 204 613
2.5158353521753685 6.827566160176973 0.5410222447318669 9 205 589
2.6069047398006604 6.8185148667818485 0.5508240652665264 9 205 619
2.5662421828183195 6.817864852801606 0.5457670193940054 9 206 606
2.6010095588317412 6.827852882493152 0.5401545102359955 9 206 615
2.425604324893082 6.830093002421719 0.5278152171787047 9 207 560
2.456168276710566 6.8305244175567905 0.5247010423555631 9 208 569
2.553038663920549 6.818395837696204 0.5369765363504588 9 208 601
2.5854573907392036 6.822168449284762 0.531610641293722 9 209 610
2.4894794914281655 6.809354751753801 0.5329389969161029 9 210 582
2.5233642876799993 6.818453679424621 0.5278275498806988 9 210 591
2.4334256823250304 6.823783739595358 0.5165389101172457 9 211 562
2.462838031551326 6.828251686935176 0.510483810972918 9 212 570
2.464776507979147 6.8193316577264165 0.5169121327253969 9 212 572
2.5563530220559496 6.821003537261396 0.5193051028668585 9 212 600
2.490944722729757 6.811488865076657 0.5195227229036199 9 213 581
2.526429022939353 6.817340526925927 0.5167312775436301 9 213 591
2.5715244527387484 6.822638610368036 0.5147122954155687 9 213 604
2.414243185298699 6.824461718654213 0.503194657427507 9 214 555
2.489524977143105 6.81429148699634 0.505381702967318 9 216 579
2.528650806979542 6.808863160673846 0.5108464975096012 9 216 592
2.4262041692682166 6.819820964897116 0.4907436091320556 9 218 558
2.500500730870021 6.812128320786218 0.49928212370133784 9 218 582
2.5875395688347913 6.811255750522682 0.5033604838676458 9 218 609
2.473183321164806 6.811337623484671 0.4906387428644734 9 220 573
2.535585602918729 6.806576014691677 0.496607476944392 9 220 593
2.448073456777757 6.817474285214953 0.4810389276337932 9 221 564
2.566743229441549 6.807801634488877 0.4928766880485258 9 221 602
2.5244541063556944 6.805415814418034 0.48887336112079005 9 222 589
2.6034208425595153 6.818024987904451 0.4827080328652489 9 222 611
2.5565954492875234 6.808265098947281 0.4839568799269829 9 223 598
2.600781370430811 6.806971787785306 0.4784737814309097 9 225 611
2.4489763180300685 6.814408198632455 0.462689220467686 9 226 563
2.4773297485744963 6.811975907261077 0.4656497271618767 9 226 572
2.5203264941424486 6.789124900653974 0.48449677151056414 9 226 589
2.5074310927494876 6.810728956502839 0.4636448270301694 9 227 581
2.5585413771170447 6.800470850921949 0.469286719380166 9 228 598
2.495029860904736 6.801478350103942 0.46182207497073313 9 229 578
2.509961413687455 6.808585437299399 0.4528668545672101 9 230 581
2.535003803200863 6.800506037140431 0.46002065642756906 9 230 590
2.5684289917483922 6.802856877145465 0.4512412383305988 9 232 599
2.4412951299261527 6.822716989218769 0.4266241235238333 9 233 557
2.516027664591182 6.812850524051726 0.4372432884583284 9 233 581
2.4589790589451805 6.8134604560979 0.4259680452568848 9 235 563
2.4746101604986617 6.811512196088597 0.4281135698721432 9 235 568
2.4758591005255175 6.801263756495204 0.43609522878866125 9 235 570
2.563022032591131 6.798094848509498 0.44210442250892945 9 235 597
2.4414410679254286 6.811432505570706 0.41401697794789794 9 238 557
2.5095117313261 6.799382843516187 0.4219824014265465 9 239 579
2.5420427268594294 6.804199757063137 0.41953863636285194 9 239 588
2.471471870402805 6.798106142137193 0.4128815729539097 9 241 567
2.5777679940949696 6.809623080464401 0.4081626142649897 9 241 597
2.496897114791352 6.79984222909539 0.40826805799197596 9 242 574
2.4268697255526117 6.78411214277727 0.4135904268493851 9 243 555
2.5065830370166577 6.7909715940276705 0.4114302204610494 9 243 578
2.4513250668983453 6.778012442613102 0.4152044647699804 9 244 563
2.5730324196376895 6.792511754049397 0.4043698344487472 9 245 597
2.495845545426472 6.776639997102915 0.40961686523991103 9 246 576
2.509500535317223 6.781163092680986 0.402250370754037 9 247 579
2.5266140905629606 6.774108475007606 0.4043759564568328 9 248 585
2.5687270165029483 6.767482811612939 0.41150613652478985 9 248 599
2.600888232660541 6.780259865885707 0.3981859804708763 9 249 606
2.4569950718235325 6.756448576661255 0.407261728056733 9 250 566
2.5291071233089433 6.741158051405427 0.41430339134998406 9 252 590
2.420275309848143 6.729218680072168 0.41531006966169803 9 253 558
2.537256852802011 6.730853162901422 0.4188977911802614 9 253 594
2.445332942632977 6.72555868261942 0.41516356176473934 9 254 566
2.586838648908697 6.746353744283901 0.4039315473885805 9 254 606
2.4748695922923343 6.724335124379813 0.41319627311317686 9 255 575
2.4948573600655757 6.71545533269291 0.41298148224873965 9 257 582
2.5941331279647875 6.735799555037584 0.40018250269847133 9 257 609
2.5224141967939406 6.69503032541773 0.42706557913195153 9 258 594
2.554558384544608 6.716591090785531 0.4103340823627857 9 258 600
2.403962741293385 6.696707410408829 0.41641198937262125 9 259 556
2.4739782805929607 6.702434977159296 0.41457442273537715 9 259 577
2.4953038070986464 6.683280432634371 0.4190902710568938 9 262 586
2.4251375119436145 6.674061487664161 0.4197490233891079 9 263 565
2.533886210267606 6.675035934072729 0.4194073873022963 9 264 599
2.4606326351262067 6.66575562839723 0.42003358683213166 9 265 577
2.566046823972035 6.671950279324475 0.4150568266887227 9 266 609
2.4872257594077256 6.658751192528471 0.418869014614629 9 267 586
2.532147165218235 6.660728009359449 0.41910241418211247 9 267 600
2.6055756761848623 6.686931309809562 0.39958141338231856 9 267 618
2.376076529583794 6.623547354019549 0.4404641383061889 9 268 556
2.400047124573532 6.634019307823737 0.43240014531545 9 268 562
2.4298132080994654 6.627939388020082 0.4307458800461994 9 270 572
2.5571017041131516 6.649476105663196 0.41743655045377315 9 270 609
2.373673061835986 6.610529323578047 0.43536006249735215 9 272 556
2.5862760023917013 6.647101391344761 0.41241615125830666 9 272 618
2.3863727588174726 6.603707697603854 0.43784279648083735 9 273 561
2.422727620106697 6.614446039235013 0.4299358476445809 9 273 571
2.455093872225487 6.6175754623508505 0.4285855668823635 9 273 581
2.4792337946419054 6.605732167325271 0.4277947678559717 9 276 590
2.4951672543040377 6.60691177383455 0.42744246104408035 9 276 595
2.515583615786742 6.6007448609485495 0.43385510322190046 9 276 603
2.418179139550029 6.582021841445767 0.4422358885417723 9 277 574
2.590164718361092 6.62398192409346 0.4121895342967081 9 277 622
2.529919179653631 6.588719156319048 0.4329760045850273 9 279 609
2.6397627307807308 6.637806825606525 0.39350424295675923 9 279 634
2.522139565165767 6.5772974103763024 0.4347852842316222 9 281 608
2.55667044992544 6.584167107191968 0.4300732708357369 9 281 618
2.3734747338728135 6.555823929944342 0.4436576894978106 9 282 562
2.3936422977340284 6.560073683116793 0.44067793168975844 9 282 568
2.4285337931155357 6.5588003201730585 0.44339564134057086 9 282 580
2.5249635673481454 6.568424767649846 0.43482713340783596 9 283 610
2.4382896853706533 6.539459319773719 0.4494519561124113 9 285 586
2.474959831615452 6.555935736583317 0.4359011180215142 9 285 595
2.488132031296147 6.553344964221371 0.4388810410075956 9 285 600
2.578583621760631 6.575283771303361 0.4185680571507575 9 286 625
2.5801782070207158 6.564930336174755 0.41997909917474185 9 288 627
2.509190765272538 6.5369318488751675 0.4388121367165365 9 289 609
2.536170604795499 6.535814206714249 0.43701514441285183 9 290 618
2.351233762984423 6.502634757190832 0.45579150139675617 9 291 561
2.3822398201800334 6.511514750506085 0.4488374347821864 9 291 570
2.40829105554523 6.511491679738424 0.4500409071298057 9 291 579
2.486688474407737 6.5209282922925595 0.44471257334051306 9 291 604
2.4568646204380333 6.513177479336355 0.4466384664069811 9 292 595
2.505036189230877 6.524700730017922 0.4379412713877546 9 292 609
2.574073590627958 6.537849121392789 0.42455660074919965 9 293 629
2.4272777501272347 6.494172754107291 0.4552941700532296 9 294 588
2.37172634672544 6.481456959793393 0.4529459791793722 9 297 570
2.4461609831143147 6.484575905920956 0.4493673456879872 9 298 595
2.5009552216045146 6.483542348628285 0.4488831638893358 9 299 614
2.5310649917870514 6.498079990514428 0.43620177002542704 9 299 621
2.3932304046283965 6.468722899281802 0.4542880283351747 9 300 579
2.409430289307531 6.472046991744619 0.4518079879028558 9 300 584
2.4700698632719695 6.478020360883199 0.4488069041493221 9 300 604
2.3222157159325447 6.461410302131589 0.4541435767414237 9 301 555
2.4905194877161456 6.481100957210705 0.4427420653806893 9 301 610
2.530386850112044 6.485063657091913 0.44072491659531265 9 301 623
2.55724211643042 6.484706717932152 0.4382794757608768 9 302 632
2.3931198826781235 6.451550639354438 0.4551765670601011 9 304 581
2.3434267514922977 6.446285066029514 0.45408623696266526 9 305 564
2.3662350149567946 6.438379096866885 0.4550575277746527 9 307 573
2.422476666384913 6.443474376985568 0.4526220963229626 9 307 592
2.466645731555814 6.4468145888648225 0.4513672187048663 9 307 607
2.5034245351611832 6.451381088914923 0.44854675737973193 9 307 619
2.3723070003328046 6.43076007612263 0.45502312863791805 9 309 576
2.4368851457927274 6.43607096748199 0.45273918589618356 9 309 598
2.5257276961758457 6.451288343822192 0.44167477176015724 9 309 626
2.4223297425225674 6.433208359202274 0.4509519679535856 9 310 593
2.493092792266311 6.442943462353121 0.44450135335404517 9 310 616
2.3171528768903515 6.422921973825996 0.4523797391642972 9 311 557
2.3433761894943768 6.425052744337561 0.4514684309486896 9 311 566
2.4592661594856127 6.432455859090269 0.4494712407325807 9 311 606
2.53776876627722 6.440971019677159 0.44458897118925544 9 311 632
2.3933930236511523 6.423245739922056 0.4516875622732859 9 312 584
2.431005495280147 6.425683737305974 0.45099890274763843 9 312 597
2.4418364499991294 6.419279274819174 0.45403423088118156 9 313 602
2.460709334813885 6.414898471059819 0.45146066629021964 9 315 609
2.38453070736631 6.410385663657497 0.4484838273257823 9 316 582
2.414934358945291 6.410507721825342 0.44980730179429074 9 316 593
2.504485954419841 6.416459343836653 0.4479700827114159 9 316 624
2.3681192982374943 6.411374121960767 0.4387074467571501 9 318 575
2.453731866359131 6.4031749641674365 0.4512697028322781 9 318 608
2.526104282687363 6.4121574215571515 0.44545626298954266 9 318 632
2.3122113533434567 6.399001757811929 0.44483855341216305 9 319 557
2.479973094972422 6.403558891341871 0.4481580817107047 9 319 617
2.3341009270816215 6.392268179563219 0.4489079921111816 9 320 566
2.5243527678183977 6.400601611910285 0.4454013161879362 9 321 633
2.458478672027356 6.390804985969453 0.44848711552016396 9 322 611
2.4729691123350688 6.3901734063547195 0.4458743388604094 9 323 616
2.365942965362912 6.387629217349179 0.43938895559249236 9 324 577
2.504537937410592 6.3941748878026825 0.4392005868123321 9 324 626
2.3790634751341253 6.3848716762554 0.43894297459716225 9 325 582
2.399920905553502 6.387520630021145 0.4371535630984327 9 325 589
2.4096669676931173 6.385702999301523 0.43954853077819234 9 325 593
2.331018455280419 6.380456918684937 0.43729212203002343 9 326 565
2.4289944062796294 6.376187929883997 0.4465846835144587 9 326 602
2.5121635558190043 6.386070596362893 0.4401411320080073 9 326 630
2.4662180636572666 6.373412499303033 0.44737680761480014 9 327 616
2.3195487750642894 6.371175350697916 0.4386335271621091 9 328 562
2.52191782013118 6.377363493120054 0.44189970063169626 9 328 635
2.375984445702892 6.366527824471321 0.4383986574063252 9 330 583
2.3542986885329116 6.369043866632121 0.4306224507816374 9 331 574
2.390308416733381 6.370022046389872 0.4313349810082765 9 331 587
2.4775977496864074 6.366891869819257 0.4389995289106463 9 331 620
2.425174268885618 6.359640819891112 0.44027276256934655 9 332 602
2.4508840914756624 6.361712370449 0.4392944637972378 9 332 611
2.347116725880795 6.365069496126498 0.42250353523254525 9 334 571
2.517040650653689 6.36010320016418 0.4363131303182337 9 334 635
2.412754102588405 6.359667390837737 0.42761885309311043 9 335 596
2.3704733735920103 6.359538462896536 0.42163309718387354 9 336 580
2.5100427394007347 6.357871473530167 0.4303863242680359 9 336 632
2.3986692678257473 6.355184446549716 0.4237837510104703 9 337 591
2.3659674645030253 6.359706777430811 0.4090437279606538 9 339 577
2.3472226755712176 6.354085180701078 0.4102750451378889 9 340 571
2.4473028566572825 6.353413883531871 0.4160271554362076 9 340 608
2.4768507610022734 6.349470678365904 0.42189233748337274 9 340 620
2.3955050149907047 6.35564342177749 0.3986745550613653 9 343 587
2.438791356310487 6.347372745215143 0.41014901048172403 9 343 605
2.521630229732744 6.3496230068301545 0.41178815646265154 9 343 635
2.417346990530116 6.34979528727664 0.40225155254331857 9 344 596
2.4560372519171727 6.345092441270843 0.4054198188323139 9 345 611
2.33153057769262 6.357458271582534 0.38097531317140576 9 346 562
2.337012912762963 6.352906528797159 0.38642122174138893 9 346 565
2.3607030456102116 6.345680263992669 0.3834109256954994 9 349 574
2.471439353577151 6.336659032386503 0.3994000507138893 9 349 617
2.3641170689133197 6.34350951278378 0.3693691161157817 9 353 574
2.4257443281346687 6.345183575335998 0.370588544508456 9 353 596
2.435884667777058 6.340147055926222 0.3769650387153738 9 353 601
2.4615595033280933 6.339780563172047 0.37452478735438377 9 354 610
2.3396379583756564 6.344668493170306 0.358315523326588 9 355 564
1.9087121184648927 6.4078676956235645 0.25757091547940525 9 356 405
2.3504778919083202 6.343023975628679 0.34804618165266876 9 358 567
2.4378824794468916 6.337494813793425 0.3591207938693195 9 358 600
2.372082305878658 6.344491574156723 0.3431498085473963 9 359 574
1.88955790633397 6.407749647738575 0.23839881752501246 9 360 398
2.3931267847901 6.336744895602731 0.3491719793242758 9 360 583
1.9032052303778009 6.405810736823412 0.22289317778106632 9 364 402
2.399825703981664 6.339085309032117 0.3295068505405132 9 364 583
1.9310733183596587 6.40597956834247 0.2194871597265049 9 365 411
2.3575171336587837 6.350183249463824 0.30067103517080707 9 367 564
2.3799954120826823 6.345602381707889 0.30744343850554356 9 367 573
1.831915708754743 6.406678584945487 0.19928168656303713 9 368 378
1.9263135575564436 6.404707857938485 0.20669567173709713 9 368 409
1.8504895876637923 6.40527557843497 0.19724654161403254 9 369 384
1.8649574811797902 6.400494328302761 0.2038821245252247 9 369 389
1.8925443882242976 6.401243707856521 0.2044279910482727 9 369 398
2.4037611746915495 6.339457166303208 0.30740189478819224 9 369 582
1.7864944788922075 6.406795295045532 0.18721744538898455 9 370 363
2.3876774373001646 6.351452684828674 0.2873600377609571 9 370 573
1.8141715320247607 6.4036970609468975 0.1877407171219303 9 371 372
1.7746419842348233 6.405858774146348 0.17816726679943695 9 372 359
1.8793607525691658 6.404842039638543 0.18502574844878295 9 372 393
1.803055635091939 6.4079214572210015 0.1723137998408386 9 373 368
1.9327873415963028 6.394741095692778 0.1956569724563333 9 373 411
1.7539098181932558 6.411073537266979 0.16090991794593856 9 374 352
2.3825687948072654 6.371065877526263 0.24458818964019313 9 374 565
1.8003800310305773 6.405915928826953 0.16500133983124732 9 375 367
1.7137755727290545 6.413139735538384 0.14639989695042654 9 376 339
1.7323371234383649 6.408529936789744 0.15319236989257323 9 376 345
1.7821255978608856 6.406686159685917 0.1581932757611142 9 376 361
1.7422437152080366 6.412601668099633 0.14370323645249683 9 377 348
1.5082820321588437 6.460714424833152 0.05488918965605594 9 380 276
2.4110307020044406 6.3735245824987885 0.21028309704545567 9 381 571
2.407306410334247 6.360341138903305 0.1985565402245253 9 387 570
1.4832798583630313 6.439228513819932 0.039445398057427195 9 388 268
1.5539941029068656 6.422393691427984 0.04456229240749221 9 392 289
2.3958092532091633 6.353194876118717 0.17846312503025552 9 393 565
1.516952579766406 6.397686186621981 0.049359178221912714 9 397 277
1.5460372271478273 6.3977040888222 0.04574550402635991 9 398 286
2.410016755340439 6.355306400558841 0.15196798317608828 9 398 567
1.4849386823243282 6.389415702278684 0.0377955410169355 9 401 267
1.5179068240621816 6.385412427241839 0.04514410869913843 9 401 277
1.4810273220695673 6.367914791016831 0.04615350545693908 9 405 265
1.4898948918856294 6.3469504399766485 0.055002733592376396 9 409 267
1.5117837912320735 6.347998640825111 0.04957400132990042 9 410 274
1.5405108440364983 6.3456144716493545 0.04937313477092209 9 411 283
1.5062666841300199 6.338368122842399 0.04717321498121274 9 413 272
1.5253484989355535 6.337687598593461 0.04925734341999943 9 413 278
1.5042649629344471 6.327833746761714 0.0516250256602202 9 415 271
1.5354910542028715 6.329876547533451 0.050530927266906334 9 415 281
2.4520636962664173 6.348432305028101 0.030120664495725258 9 424 570
1.479990743684916 6.290734340757631 0.05188779093593121 9 425 262
1.498805468722541 6.2855098595735575 0.04503581163827497 9 428 268
2.4524387801057927 6.325805180900536 0.03699825732379969 9 429 573
2.341226677431691 6.29385913057712 0.0466144850577912 9 435 541
1.4876400147710518 6.249797340607298 0.05650609319695854 9 436 263
2.2646018505066925 6.290442687743202 0.04180842052389422 9 436 516
2.386213709272393 6.293556284369022 0.03915058687048267 9 437 555
2.4140194368872105 6.294311608034642 0.0397007832310039 9 437 564
2.4298224788596094 6.2993297937020944 0.03292708223503116 9 437 568
2.3296269773885085 6.283807121062636 0.04537895872018893 9 438 538
2.3967594543897706 6.285058157510389 0.04759452752701976 9 438 560
2.3393210738852463 6.282739776410439 0.042286320813037515 9 439 541
2.435433061237222 6.282493251089968 0.04863070717275564 9 439 573
1.4943668571881805 6.240772076849098 0.04986620772140693 9 440 265
2.372909787161408 6.279276347600236 0.0390477219548826 9 441 552
2.4766668766203384 6.28892662430291 0.03040603026276334 9 441 584
2.5054367481730684 6.290846757968794 0.029192863709263328 9 441 593
2.395617610257547 6.271172140973571 0.04781216314646253 9 442 561
1.5079753682921768 6.2275885429683076 0.05558083271512326 9 443 269
2.549727404751541 6.28007123669042 0.03267284932503056 9 444 609
1.4658905369389457 6.224428568690536 0.047382872832264944 9 445 255
1.4928991358034156 6.225162238896191 0.04791729627925578 9 445 264
2.3715158418216835 6.264849643239737 0.04019636201970589 9 445 553
1.4702733120762963 6.212064644928095 0.04622155708346676 9 449 256
2.4523047184358866 6.253319333867763 0.04219925252262069 9 449 581
2.226845338046916 6.24307894705839 0.038986992321219605 9 450 507
2.3365309330481363 6.251654817868914 0.032123086706481674 9 450 542
2.3707485467060287 6.245309065553156 0.04454473115300339 9 450 555
2.396640223697273 6.244333481110759 0.04776735701372514 9 450 564
2.4306714595363808 6.246377170382618 0.046633905646122464 9 450 575
2.4712556857194 6.256433777991851 0.03298207399240294 9 450 586
2.498339578162363 6.253252071445738 0.03984195611173913 9 450 596
2.555986840084916 6.258175781817718 0.03556213311161982 9 450 614
1.4987557236846272 6.200761073780554 0.055697895199513514 9 451 265
1.49047306393157 6.195915354858248 0.05775552794182204 9 452 262
1.472092377242123 6.197482947054729 0.04873701101730199 9 453 256
2.209484849564797 6.232536725671148 0.03882552597700073 9 453 502
2.250171090831901 6.2264086489756565 0.051428016827273826 9 453 517
2.3261484452764867 6.239044208809127 0.03568907630508855 9 453 540
2.3542235104075813 6.2390465889662785 0.03207022556790662 9 454 549
2.502376582374412 6.243071066330833 0.03500175399706151 9 454 598
2.584906239527546 6.243091568292002 0.0402702375264643 9 454 626
2.207335895182035 6.220603447503341 0.036692477299955506 9 457 502
2.233279486924065 6.2146829718360115 0.04816076379402867 9 457 512
2.3170997679117407 6.230762452808168 0.026996499296519927 9 457 537
2.4313520858302633 6.23331391053255 0.030170184827433166 9 457 575
2.4847001260166075 6.219856322002135 0.05587442535491127 9 457 597
2.270696732361797 6.221019678038362 0.034694382941909296 9 458 523
2.6097036634583044 6.23353475594925 0.03591671348864511 9 458 635
2.258494216873941 6.208932094247629 0.04859519674722668 9 459 521
2.389865960467774 6.217450313211292 0.04295399360223362 9 459 564
2.4004393118390883 6.2122380248525175 0.05231944493030194 9 459 569
2.4460106047660144 6.225574838651679 0.03307747676172723 9 459 581
2.4668158836277545 6.229439729866684 0.027995369623168287 9 459 587
1.5122374533241472 6.179687597589988 0.04343494503132517 9 460 269
2.44959911447434 6.217225620238984 0.04180916180700045 9 460 584
2.3174198994025894 6.214526752614047 0.03227526061039443 9 461 539
2.4653562420846518 6.2201887522764405 0.032447477413045656 9 461 588
1.4758070843114628 6.166849814050039 0.05191559839456206 9 462 256
2.3444007475634177 6.2052061417327495 0.04427091151861573 9 462 550
2.5074474466450063 6.209635194341027 0.04749714251937753 9 462 605
2.591021237783231 6.218466081954041 0.03811458555671776 9 462 631
1.4937047103938874 6.163891606268017 0.052756145022727186 9 463 262
2.2144142850709527 6.1954734138378145 0.046753993178278996 9 463 507
2.422606528322998 6.210404801584072 0.03521579948831799 9 463 575
2.286795093517563 6.197789910571262 0.04219426237096502 9 464 531
2.5234711156894116 6.207486506671996 0.041342969422531795 9 464 610
2.5522655970026342 6.210447012827567 0.03822306769637218 9 464 619
2.371784305885569 6.2009838202113485 0.036949376677598345 9 465 559
2.5744603069604337 6.2135548275680295 0.028950930716907797 9 465 625
2.59643823242031 6.209260411257626 0.037699556320318184 9 465 634
1.4917803203835809 6.154629540347566 0.05237619469184618 9 466 261
2.3065481200220512 6.19303479977685 0.04074474055329613 9 466 538
2.4420751462938073 6.192919311666227 0.04990228991257695 9 466 585
2.5472491541844167 6.201200486019083 0.042732290068130396 9 466 619
1.5411776912680657 6.1541746497542436 0.05109053891819637 9 467 278
2.211194863529822 6.186991536664969 0.039333642560113624 9 467 506
2.2477713801490116 6.185278395284278 0.04468971097403385 9 467 519
1.5160381543143977 6.146292338561933 0.05760820700898073 9 468 269
2.275037787446682 6.185279184828576 0.04108071565876292 9 468 528
2.3889109976528635 6.187291950715115 0.045189560389089056 9 468 567
2.4681649342001575 6.192686397054064 0.04119091849792467 9 468 593
2.578350135274296 6.2027029950255725 0.031309491708893855 9 468 628
2.3371522440103436 6.189457470520659 0.03258075006291894 9 469 548
2.419022099584592 6.190603038813287 0.03605904957034656 9 469 576
2.604084325995414 6.200482828130019 0.03135837556685761 9 469 637
1.4534260244627972 6.138328988124178 0.05652286501634851 9 470 247
2.311544351806742 6.179935165640954 0.041864501196560155 9 470 541
2.5115840019473508 6.189135904668932 0.039309029536187756 9 470 608
1.4815074253659064 6.141070468935381 0.04831257984410131 9 471 257
2.2200453163441862 6.174558410988011 0.03962890613587122 9 471 510
2.2665617481218923 6.175284932633914 0.04148126379457229 9 471 526
2.317702660549762 6.174526006499143 0.04622069345481483 9 471 544
2.4368469785107125 6.180447680581977 0.04391879515195196 9 471 584
2.463690656705947 6.181713872373175 0.043518136761740545 9 471 593
2.4837230135737456 6.181721036169861 0.04484633872299648 9 471 600
2.4930235135634016 6.185732944805782 0.038507195159948715 9 471 602
1.511275190193722 6.135267309553174 0.055048469491078666 9 472 267
2.58300680039188 6.187962626556151 0.03519235264656606 9 472 632
2.289427452801211 6.171208398676332 0.03923333626623382 9 473 534
2.3015061322762422 6.172071357702199 0.038537810404584594 9 473 538
2.540098342564951 6.180157229988928 0.040455063793439106 9 473 619
2.3422415214642696 6.167094584539091 0.04454794707404308 9 474 553
1.4978899324763233 6.125839226659055 0.054624575048318746 9 475 262
1.5428470165128343 6.13292051753076 0.0452038518457456 9 475 278
2.2560945300732036 6.160286510277654 0.045257296032759964 9 475 524
2.3081501972125444 6.157438663153783 0.053785798137857777 9 475 543
2.427251607089903 6.168132256070914 0.04302024092813084 9 475 582
2.4616877823736556 6.1717313733286225 0.03901510627377025 9 475 593
2.2152041970339287 6.156845177916422 0.04312109831809119 9 476 510
2.4894930916358264 6.160906470047957 0.04910412224035099 9 477 605
2.528915818935115 6.166752661138053 0.04142397450061486 9 477 617
2.590957135302517 6.172987795542921 0.02908258872087166 9 478 636
