2.3779198385965854 6.881786125303556 0.7949972820048132 9 3 516
2.4153215805976975 6.871968502763139 0.796896576075284 9 3 524
2.4479208576617877 6.902877690168929 0.7887406892119232 9 3 529
2.455997434225301 6.876094903467471 0.7952819919921948 9 3 532
2.465257818381387 6.873633695353655 0.7957598100497588 9 3 534
2.470383820176821 6.837145809577092 0.8047565104912483 9 3 537
2.4846985246600184 6.854030830133432 0.8003516934267265 9 3 539
2.5029757806112753 6.867000697640432 0.7968628285800115 9 3 542
2.327540621141274 6.899181633895256 0.7865415454778021 9 4 505
2.335602715376757 6.883223751676344 0.7807205555870015 9 6 507
2.3695299290167133 6.878433212102301 0.7814549952841494 9 6 514
2.3895796579723125 6.857887564595534 0.7863762024589506 9 6 519
2.3492972876915066 6.8738913001660205 0.7780445513313163 9 7 510
2.4391309850105536 6.874380513521951 0.7766621701304366 9 7 528
2.469454415574721 6.838890449877239 0.7852832673379299 9 7 536
2.3342368524107795 6.8667265585119015 0.7703788583762373 9 9 507
2.3787160252061335 6.864849349640098 0.7702511344406536 9 9 516
2.3279424498206387 6.853951829465343 0.7640599847096923 9 11 506
2.37417666075773 6.881487527513331 0.7562423343972168 9 11 514
2.43281049718017 6.855601388443082 0.7622110569004514 9 11 527
2.476826701362368 6.834883206924202 0.7670275474226351 9 11 537
2.378239328632238 6.852655376029525 0.75886137109172 9 12 516
2.391143919449127 6.8442311726132665 0.7609022545702799 9 12 519
2.411350038275901 6.845757542867726 0.7602303264549286 9 12 523
2.4498711255372774 6.822559130448664 0.7658104717282417 9 12 532
2.337649565101882 6.8684931234982045 0.7503464960794686 9 13 507
2.390650178044755 6.832081881947985 0.7495757494953044 9 15 519
2.4148260820918668 6.829743197384861 0.7498862714442864 9 15 524
2.349175205791106 6.861412923641 0.7324322476413636 9 17 509
2.3746918028234734 6.820733678601171 0.7431211779583621 9 17 516
2.4303944683751997 6.825980575030172 0.7409874768813437 9 17 527
2.390411238299379 6.821008417026964 0.7379830489172445 9 18 519
2.4094485054063663 6.838019078804749 0.7331080540281969 9 18 522
2.444753658788629 6.795301006122434 0.734638963974803 9 20 531
2.352493674165766 6.840223784993288 0.7184769820950107 9 21 510
2.4698586978356953 6.794230122636115 0.7297835013222352 9 21 536
2.578847730654582 6.779848702876398 0.727617451287012 9 22 559
2.4106857973224844 6.826179912212048 0.7118300859052615 9 23 522
2.4434755683367735 6.818326565099912 0.7136372243631754 9 23 529
2.346243860049796 6.824494596806599 0.7081484553471966 9 24 509
2.3928342807078313 6.8074716582279855 0.7074862778886404 9 25 519
2.4239622084164116 6.812916009820603 0.7055735462390098 9 25 525
2.45298698663633 6.79139610512003 0.7113366851893771 9 25 532
2.5763360444756067 6.7905266972111615 0.7052578112426439 9 26 557
2.3983282481584425 6.802919501619074 0.698883458406466 9 27 520
2.447960621438577 6.781055826102515 0.6996968866006366 9 28 531
2.5727867166229066 6.788429305327691 0.6961394068921588 9 28 556
2.341615920734151 6.809067039829567 0.687872163562465 9 29 508
2.3505840786959067 6.804610042092765 0.6890644854854181 9 29 510
2.5895472573558775 6.791855341096649 0.6900611414564822 9 29 559
2.3804934090779235 6.777277783887772 0.6868321069088363 9 31 517
2.363933392961458 6.808872592576394 0.6727559788262941 9 32 512
2.559630726919562 6.744948532355826 0.684624100754781 9 33 555
2.6043189091225214 6.779007004712166 0.6740279848095665 9 33 562
2.3714290737108863 6.83404516562034 0.6551633410701411 9 34 512
2.381745104147258 6.792933319275946 0.6673278328866719 9 34 516
2.404020581735572 6.782355389557482 0.6702477752193414 9 34 521
2.4696897125919905 6.747571507848975 0.6750325632469356 9 35 536
2.3834703082949567 6.7727652547206345 0.6634193246385143 9 36 517
2.428949660321404 6.776200765058882 0.6619069681312352 9 36 526
2.407350899487197 6.762469205161037 0.6563670128061391 9 38 522
2.4566571026382786 6.743806256850113 0.6615611590989343 9 38 533
2.355583103132994 6.792165189533657 0.6428031420758713 9 39 510
2.367988742151793 6.802251738498106 0.6395824139504137 9 39 512
2.376431709285383 6.75409281878958 0.654278618571041 9 39 516
2.4241269140133035 6.747529765470807 0.6558127684071002 9 39 526
2.5038609566612804 6.751519830793857 0.6537853105528741 9 39 542
2.4450191891467625 6.767457472195465 0.6445017982602778 9 40 529
2.5889128632988534 6.753953379486244 0.6472387224059378 9 40 559
2.4579921995715135 6.775583701731764 0.6368586017826995 9 41 531
2.531562244608854 6.755777544601763 0.6422822275847505 9 41 547
2.399079006812665 6.772201920716328 0.6284392143354838 9 43 519
2.411985311476188 6.764064412212496 0.6308683284291084 9 43 522
2.457778882918931 6.786760974317304 0.6233113668856912 9 43 530
2.473114371116136 6.769694515559642 0.6285179980648974 9 43 534
2.3711332084333727 6.798429443865981 0.6153928013486464 9 44 512
2.3876767060093003 6.783495741446359 0.6199463268108543 9 44 516
2.4779231893568685 6.747831811837364 0.6303423141635373 9 44 536
2.579442371556505 6.754532403420761 0.6222758800346184 9 45 556
2.486103467310299 6.770735223025859 0.6129613038775173 9 46 536
2.541150799256961 6.7385548646770035 0.6227141905060246 9 46 549
2.5574810367971788 6.743826023361294 0.6208841208325449 9 46 552
2.4256699771135217 6.765169282777204 0.6102357836028088 9 47 524
2.454841451041375 6.762330885503293 0.6108815266734401 9 47 530
2.492149160980028 6.735906074340891 0.6190123608956452 9 47 539
2.3934311802867043 6.752662830541724 0.6094880419692978 9 48 518
2.376242655585145 6.781560608797257 0.5952218600685577 9 49 513
2.514795606026494 6.722590482272132 0.6131040816251068 9 49 544
2.598959066036775 6.772220139142686 0.5962900724485759 9 49 558
2.425944246562622 6.756130898481742 0.5979518501990375 9 50 524
2.4814723756760477 6.755297157575919 0.59267120090653 9 51 535
2.3723602117975737 6.7761410340022366 0.5816471705250048 9 52 512
2.4113727763374966 6.750997109361307 0.5895930214823791 9 52 521
2.531875520947519 6.730979275295666 0.559643940382526 9 59 545
2.6429861874990195 6.776087459760845 0.533049210929502 9 61 564
2.526760265641097 6.73743984461538 0.5420598104955381 9 62 543
2.546610671706981 6.760535950949806 0.5182888671920951 9 65 545
2.5149159791446536 6.70442717418823 0.5124508521510576 9 70 541
2.536018086278233 6.725199235337516 0.4786029346657801 9 75 543
2.5399744730427942 6.7249735055482205 0.45748669995460833 9 79 543
2.532290367808277 6.699339151501048 0.44068969309379735 9 84 542
2.5071657388496327 6.696320036040444 0.4366272780978444 9 85 537
2.6272754069961337 6.740289692769629 0.41909582348710406 9 85 558
2.6509096128847354 6.719779994927366 0.426958767970288 9 85 564
2.6746951131060985 6.6355860235116095 0.42284772384941616 9 92 573
2.5267818941254516 6.667540510306941 0.40510870140261934 9 93 541
2.651778758431851 6.680827481306342 0.39940333591241206 9 93 565
2.6581219827205667 6.617518332476099 0.40906157020176415 9 96 570
2.6097642009803 6.573540221156406 0.4219198942894735 9 97 563
2.6588935125709243 6.588735812459662 0.41557327197362826 9 97 572
2.6057053247972193 6.566258120801596 0.40922417204491834 9 100 562
2.644564343845193 6.535736975689072 0.4166626910554143 9 101 572
2.6008886370671354 6.559967848601506 0.4013542235084455 9 102 561
2.6084866909141855 6.539600198522938 0.4098949171518298 9 102 564
2.657249074126513 6.472832103981688 0.43276616498483067 9 103 579
2.600601176051557 6.510327356041149 0.411847747521922 9 104 564
2.631747408741629 6.464238733150061 0.43133845686454775 9 104 574
2.680188905950526 6.449849697937845 0.4272358969456356 9 106 585
2.594946529501687 6.4983120384364765 0.4014026326671212 9 107 563
2.6122026674159624 6.492988328752171 0.40367537634277895 9 107 567
2.6581185853644937 6.413142544222734 0.43793418449280574 9 107 583
2.612038105910686 6.436163934649501 0.42300236512850464 9 108 571
2.665708373295341 6.393877620773058 0.4412119389871372 9 108 586
2.59701328022211 6.401024558992534 0.42811129693270744 9 110 570
2.6372656058182895 6.37014164062392 0.4365600343151246 9 111 581
2.6963160256262473 6.358577173945647 0.4416042456569249 9 111 595
2.5978368980324733 6.381350618466746 0.421615866375356 9 113 571
2.686120629855032 6.321406688600676 0.43823770978251586 9 115 595
2.623165672908562 6.3298514319585575 0.42949625651348744 9 116 580
2.6502842194868688 6.330025085948824 0.4294327649174674 9 116 586
2.713624563592269 6.2852331390281595 0.4446252939089037 9 117 604
2.6429105478022574 6.313734577448708 0.4218755838050776 9 119 585
2.574972444525335 6.309591872166012 0.4187170800882003 9 120 570
2.5867663451784715 6.280613921368774 0.4319168314988473 9 120 575
2.6636635195697824 6.262154311449605 0.44040315667363616 9 120 594
2.6991287862906255 6.262966470432744 0.4400733398682628 9 120 602
2.63673780414922 6.291929114768302 0.4218879409274683 9 121 585
2.647438772911163 6.2964669097096575 0.41982755998127486 9 121 587
2.737893105535618 6.258546060687789 0.4372742326992234 9 121 611
2.5781875122565654 6.260654943887111 0.42631023322408046 9 123 574
2.70390310133478 6.25526637002446 0.42899249828182695 9 123 603
2.5651468894817313 6.282986777297998 0.41103207616672766 9 124 569
2.616204280392925 6.264540498043077 0.41966184086714287 9 124 582
2.6708965793529043 6.236146889796693 0.4329040491075822 9 124 597
2.739390684449159 6.253401736213402 0.4250322782597582 9 124 611
2.6586303501676127 6.23533360091226 0.4283970026557815 9 125 594
2.5712660958973057 6.290998228860609 0.3923365068688218 9 127 569
2.578096178795876 6.285030729610493 0.3951507928467193 9 127 571
2.5985515676953033 6.2560109974074205 0.4088087174302464 9 127 578
2.616278973072504 6.267538362807719 0.4034398696097534 9 127 581
2.633460683186198 6.27444319108292 0.3952603310638856 9 128 584
2.651146655774184 6.262826460919422 0.4007746177348248 9 128 589
2.7009871867905266 6.244387083811655 0.40957834793891323 9 128 602
2.5521640110065626 6.266536450606836 0.38881360574908896 9 130 566
2.652069889971831 6.248235622691108 0.39777401905120735 9 130 590
2.7209300157879133 6.244206035958795 0.399870804774602 9 130 606
2.7792752074210396 6.208918902538408 0.41679317124153226 9 130 623
2.639056150422139 6.268522855726671 0.3831009549166582 9 131 585
2.66448768406287 6.218895934197631 0.4019514460131972 9 132 595
2.7973073764174172 6.204981169718746 0.4090123522678524 9 132 627
2.588128452528968 6.282214889683519 0.3663223886731346 9 133 572
2.733142658588314 6.233366114508034 0.39028472072254883 9 133 609
2.785543880391362 6.223523911296452 0.39518471924449594 9 133 622
2.654655141975377 6.232099457233557 0.3856959434233622 9 134 591
2.5153959849780145 6.2363233094744315 0.37820407140048595 9 135 559
2.739090839975974 6.2311894421543155 0.38146030818531784 9 135 610
2.524642713451747 6.234304076724737 0.37421413983056007 9 136 561
2.6090425746758283 6.257185151275952 0.3633612141066065 9 136 578
2.617752930723255 6.245005659322696 0.36932973922934775 9 136 581
2.8226963750340497 6.2018011252142005 0.39112360264515766 9 136 632
2.651125792321528 6.236561295695981 0.3685676421563753 9 137 589
2.671143981693075 6.22067057617141 0.3764217064409092 9 137 595
2.7215009750937513 6.225390416354945 0.3742987765659267 9 137 606
2.734713247196435 6.225472598607979 0.374307793465829 9 137 609
2.5251391753557213 6.229821182089662 0.3663828706673482 9 138 561
2.5917833089021274 6.265047571859146 0.3493233773653899 9 138 573
2.705527966490152 6.216000415366544 0.3738782030540424 9 138 603
2.755232979617626 6.209690956132638 0.3771731757283532 9 138 615
2.5453776517553637 6.245994884163779 0.3534535106215664 9 139 564
2.67716843092866 6.229447873393681 0.3621553929630419 9 139 595
2.5737313063952456 6.2590914102406146 0.3420116010358818 9 140 569
2.5844138588912924 6.263549754729123 0.3398460644992516 9 140 571
2.6532358888272514 6.244101453892193 0.3497771523772566 9 140 588
2.80999677503266 6.209387530065891 0.3676458693979612 9 140 627
2.7169088915316824 6.203325273648908 0.36529734898569144 9 141 606
2.7635597248609027 6.219614852627654 0.35739044102540474 9 141 615
2.8349256807384133 6.213152026797126 0.36091891448299807 9 141 632
2.5417318741432027 6.252077551614005 0.33515806187805364 9 142 562
2.617514118459589 6.226834891437298 0.3481203882431967 9 142 581
2.685622232001812 6.241087806253455 0.3413018983497915 9 142 595
2.688124941172104 6.225793235380946 0.3489598570292163 9 142 597
2.7751254767396842 6.213238245636522 0.35562949498364227 9 142 618
2.799400839687843 6.227823419227816 0.3484470617817854 9 142 622
2.633059509253615 6.240755570051064 0.3361533774549259 9 143 583
2.6796278363000754 6.231539926608899 0.33593551485189765 9 144 594
2.7567158447349147 6.205556846885081 0.3494072794645122 9 144 614
2.8328955530547333 6.218581580695414 0.34320877515768755 9 144 630
2.5273262453889167 6.253617974678473 0.3189249501466076 9 145 558
2.565547420386363 6.246520331235029 0.3227088558970881 9 145 567
2.6379720651384266 6.224759645399019 0.33408665225955514 9 145 585
2.7274833985052953 6.2160898721869815 0.33892233887942735 9 145 606
2.7946490791965006 6.218440381828087 0.33806746110833186 9 145 621
2.683998028323546 6.225511526131735 0.3288639330270231 9 146 595
2.7602698003418658 6.207698999692122 0.33831184660249947 9 146 614
2.818964506823514 6.211225952263412 0.3368210388014137 9 146 627
2.8590272297711614 6.2215059749062025 0.3318012901045513 9 146 635
2.53682448877062 6.248801408053987 0.311110607422149 9 147 560
2.605740426987686 6.239516599158842 0.31621608545030555 9 147 576
2.647611769395186 6.231811467212635 0.3203716268722976 9 147 586
2.7084353892988817 6.217387136349249 0.3280577635178483 9 147 601
2.832688931986805 6.209565506892929 0.33271004128670234 9 147 630
2.5899744179381443 6.254572414639496 0.30327541289443216 9 148 571
2.65545500270564 6.215191602736646 0.32381987703523185 9 148 589
2.6134283808494407 6.253571959650226 0.2987392781066305 9 149 576
2.6942232204406684 6.219916272104217 0.3165172039854607 9 149 597
2.6519911707073174 6.233856064487542 0.3039636071885716 9 150 586
2.731777343306073 6.231759774333742 0.3055089370569175 9 150 604
2.752409031733526 6.2179743530997955 0.31275331122926975 9 150 610
2.819191373588643 6.2094801950249305 0.31753007647278597 9 150 626
2.8543347048998635 6.209427143077739 0.3177609358233018 9 150 634
2.5283687069816088 6.2515195142683275 0.2889085545986805 9 151 557
2.7135826575371578 6.217727938244414 0.3075476690667891 9 151 601
2.764070466292877 6.2017074077074685 0.3161623798332551 9 151 614
2.775761809303517 6.207999967604881 0.31296623925391387 9 151 616
2.8348274656957897 6.184513313958297 0.32550674522484835 9 151 632
2.5751227001464314 6.263974778786947 0.27748162999148485 9 152 566
2.656366204807219 6.258320049204926 0.27569710885232834 9 153 584
2.70217906275729 6.2482880765097635 0.2812338139541408 9 153 595
2.714214004596243 6.244699780321117 0.28318691682684194 9 153 598
2.832041179945726 6.218519702043142 0.29762501061654856 9 153 627
2.8591400456192746 6.201677003907349 0.3066080858776663 9 153 635
2.431247863758256 6.26907625371623 0.26335725846198477 9 154 534
2.5804070275235844 6.27225737563349 0.26264578165807495 9 154 566
2.6666827176580368 6.2553210367664 0.2668558256333071 9 155 586
2.7203281676836717 6.253091282947525 0.26838610009125663 9 155 598
2.829652667331734 6.245195634728206 0.273272827550886 9 155 623
2.5877184138373863 6.27346016988655 0.2514577647039702 9 156 567
2.651647998562166 6.260360945536709 0.2588288329038706 9 156 582
2.845936370108345 6.248144791539806 0.2666134713087487 9 156 626
2.4352179537608345 6.2725519195213355 0.24556509172873353 9 157 534
2.4505326532712233 6.262068620563557 0.25124695087320226 9 157 538
2.559946671066533 6.2703337556751215 0.24760853048181097 9 157 561
2.6059484182771104 6.257691682313829 0.2546510744092496 9 157 572
2.6859087467152722 6.262836340083137 0.25246841736237213 9 157 589
2.8797333993546133 6.231812714751923 0.27031123008798863 9 157 635
2.51498201963918 6.271270737422263 0.24145964481307458 9 158 551
2.536771542987181 6.254134818768921 0.25076540506975387 9 158 557
2.6303833773244802 6.258523128442365 0.24908537173002676 9 158 577
2.705666291304742 6.263315694828618 0.2470595340542694 9 158 593
2.7446490284493645 6.237640556011854 0.26104746939175283 9 158 604
2.7662351336330993 6.24553173245631 0.2569862421151583 9 158 608
2.8592048311660596 6.241822362939452 0.2596261665020081 9 158 629
2.5207859042917127 6.258159288654774 0.24318082948838393 9 159 553
2.6019844100927183 6.27769304655158 0.23329538735900535 9 159 569
2.6782941751224145 6.271844019819312 0.23698511947683842 9 159 586
2.7836177960205615 6.261040049485054 0.24354217406085343 9 159 610
2.5911535100530125 6.282965261821251 0.22501309091334498 9 160 566
2.6235917854019206 6.258646204227745 0.238346847169979 9 160 575
2.7460378169632964 6.234880150156071 0.25205040620199526 9 160 604
2.819230658403752 6.246655320090157 0.24625358050621804 9 160 619
2.863679828477019 6.2544746910164974 0.24237334928959253 9 160 628
2.6955657050023927 6.263053550016394 0.2311793088353009 9 161 590
2.8758242385493356 6.2303232333157474 0.2502390387830351 9 161 633
2.435647082821021 6.258410230131448 0.2263453324218161 9 162 534
2.552638889229189 6.247661972950524 0.23308533257664354 9 162 560
2.5243147753979045 6.256048753281203 0.22294782504589494 9 163 553
2.535568192079708 6.235557274606885 0.23420374572893432 9 163 557
2.588681518058329 6.267135630499247 0.21741527413109996 9 163 566
2.62478784310541 6.26452765891127 0.2191221688819962 9 163 574
2.746621809983913 6.247943161662961 0.2291238857363469 9 163 602
2.758326068847409 6.243492069959233 0.23164212382142102 9 163 605
2.7636205241405776 6.234999678041368 0.23631196423489542 9 163 607
2.870432677545626 6.250182051572559 0.22888339117031298 9 163 629
2.8789353014564236 6.249045787978746 0.22956987384422023 9 163 631
2.8437169596179697 6.257808137950269 0.21918681134122986 9 164 622
2.6524439490005305 6.2698312771966 0.20566327140659624 9 165 579
2.6723318343362434 6.273108051284222 0.20402713232482972 9 165 583
2.784231371457235 6.234540418913235 0.2261368643986259 9 165 611
2.865447796436426 6.24333706683745 0.22197398615295238 9 165 628
2.431197380959791 6.276863946993674 0.1945109178389468 9 166 531
2.5354969346538345 6.226256649101081 0.22330109640421214 9 166 557
2.592011388825687 6.266858138498872 0.2013823286810108 9 166 566
2.640165882816084 6.2829018173822355 0.19293832482932327 9 166 575
2.739095298898639 6.253156469436932 0.21017673968499917 9 166 599
2.831383748812227 6.245063373123673 0.21541680384099537 9 166 620
2.8867624253427366 6.237726678938673 0.2199292169989926 9 166 633
2.777345699236425 6.243494286197544 0.21048180756526835 9 167 608
2.5307929445138746 6.245936306763429 0.20160945134367525 9 168 554
2.71995123886254 6.277907284024414 0.18548826778030447 9 168 592
2.446831762276405 6.272084973456437 0.1808469375477173 9 169 534
2.609428665639564 6.266706126659871 0.1852987950196492 9 169 569
2.690054773428381 6.270147389363228 0.18409651156281415 9 169 586
2.7688816168730215 6.2390131195029594 0.20217864841218458 9 169 606
2.875192520696618 6.232914669523328 0.2065304857931951 9 169 630
2.0167602276221337 5.810963311920383 0.42531082075872706 9 171 461
2.6078972552084982 6.2688150927671344 0.17315865817457565 9 171 568
2.6426654016182436 6.250297121192079 0.18389983322521708 9 171 577
2.6951174480765654 6.276284659929318 0.16976257626026747 9 171 586
2.7155716927672895 6.258447533497571 0.1799882468231302 9 171 592
2.856993051100362 6.22684157828162 0.1990802710608246 9 171 626
2.8474495120674597 6.229328972620789 0.18685004896592172 9 173 623
2.830811408941687 6.229660984963088 0.1811086022541839 9 174 619
2.8603652045963437 6.224869870604785 0.18412509101679397 9 174 626
2.0070102865835273 5.7321433760916225 0.4296500019200744 9 180 461
2.0049218266634705 5.663573656497513 0.44346065492347875 9 186 463
2.8808735516782997 6.231800089140517 0.04712866704409424 9 198 622
