0.6348720324714059 7.246355176817637 0.9389443577488388 9 3 208
0.6404176745334342 7.296105649800266 0.9305285378607622 9 3 211
2.3814501125736767 7.040280693957557 0.7897800212555802 9 42 494
2.312788705813059 6.855987656296011 0.7931951435904819 9 49 487
2.4037559292699306 6.846666008493124 0.797566810586169 9 49 504
2.3652708632122543 6.858926175706323 0.7773323544294067 9 52 496
2.3814398931853926 6.8532897879230505 0.7736525650100483 9 53 499
2.3725874790061647 6.850694291990539 0.7576584068522393 9 56 497
2.3774749339639127 6.82150396962207 0.7652238309949755 9 56 499
2.3236561284112907 6.8403900905049495 0.7426126536383031 9 59 488
2.3473508887576666 6.844610935321963 0.7365757967576365 9 60 492
2.3835381675472984 6.799181807268707 0.7384552647229938 9 62 500
2.3464494848812008 6.818391260474907 0.7158798824103869 9 65 492
2.3688687237786055 6.790077806001536 0.7186159171861882 9 66 497
2.3636072534786594 6.808943793697847 0.7022820889911477 9 68 495
2.3208526872248374 6.745761326951129 0.7021919046801312 9 71 489
2.3427630801751267 6.797142965998694 0.6827982082568033 9 72 491
2.353295903399186 6.782093842818833 0.670654937989763 9 75 493
2.351507250784872 6.819066420197684 0.6486925297296955 9 77 491
2.392872333794801 6.779679057493414 0.6612746732687061 9 77 500
2.3317405080056863 6.762253982053687 0.6479398594157414 9 80 489
2.343544162254954 6.7353698736358245 0.6506753147510022 9 81 492
2.362015108517282 6.72005103893453 0.6557517895375597 9 81 496
2.3493298585607953 6.750919287855562 0.6294210680621352 9 84 492
2.3582251340446496 6.754698606915485 0.6116323123157671 9 87 493
2.395800658169625 6.726292369211689 0.6214725766403432 9 87 501
2.3875386681860022 6.759298104094395 0.6054050402789195 9 88 498
2.3777451432649324 6.756393350766038 0.5946828333016541 9 90 496
2.4110828161981637 6.733637246065455 0.6027957183696604 9 90 503
2.3665045404348684 6.742443001916306 0.581708205295246 9 93 494
2.3452123839083896 6.701997894537348 0.5714030051186603 9 97 491
2.3627167361040455 6.70750235241155 0.570142407570005 9 97 494
2.3729008978196804 6.725720808080524 0.5243469623963666 9 104 494
2.4236938950124447 6.691040103490614 0.4154627450149724 9 125 501
2.4449881042248816 6.664215010045199 0.42633868796365837 9 125 506
2.4569743131193773 6.664199459502466 0.4208774606285215 9 126 508
2.4888183469619016 6.677432739970975 0.41106048561509345 9 127 513
2.3865756830199896 6.636594793576465 0.417139014417395 9 128 496
2.5073493844628603 6.6598397031872 0.4125327878556104 9 128 517
2.535302608894633 6.682402238761137 0.4048813342289179 9 128 521
2.4877820944952314 6.643632833126139 0.412169290919977 9 129 514
2.4369308357170123 6.61034502853459 0.41733589203664345 9 130 506
2.53559075357681 6.675429974787088 0.3956917537412483 9 130 521
2.3523811997553925 6.491230887127509 0.44912508400114826 9 132 495
2.5798130414486975 6.629590550206516 0.40329805230666826 9 132 531
2.585857562083719 6.609095633620541 0.4056885854745689 9 133 533
2.3978563968116413 6.476287308654273 0.44537124487554447 9 134 504
2.488591810193257 6.564180361963 0.414001606880563 9 134 517
2.5564367661920206 6.615839474659122 0.39609617529422203 9 134 527
2.596944050126276 6.580357400098157 0.3999641948490724 9 136 536
2.361500399322024 6.3982034252143425 0.4583433271711621 9 137 500
2.44439019853104 6.4633855967128415 0.43531652000988563 9 137 513
2.4948745333157096 6.473581636665825 0.42745855984066417 9 138 522
2.54279817485385 6.551650115997866 0.3978273108620727 9 138 527
2.601658175443081 6.535174890436655 0.40665664866269635 9 138 539
2.5767782516838897 6.536655768522559 0.39936126183923326 9 139 534
2.4364670819963368 6.421108427452683 0.4352455779275235 9 140 513
2.601011853570207 6.525536874083424 0.39901178152991323 9 140 539
2.6270355288224456 6.491056825821632 0.41400452937242327 9 140 546
2.351208058050312 6.338984017875459 0.4599578852655173 9 141 500
2.372405575424705 6.343713817933835 0.45882940844923414 9 141 504
2.6271802862488878 6.455202179837594 0.4229552167170938 9 141 548
2.3512538512143495 6.331625479733294 0.45206764222882967 9 143 500
2.3785041007870995 6.340657057555658 0.44938610897545117 9 143 505
2.4056318661612117 6.348736336221254 0.4470924650401302 9 143 510
2.5332438457789532 6.42606046175002 0.42009452565067473 9 143 531
2.6054858592413823 6.411832697450659 0.4287210508158634 9 143 546
2.6454538030621113 6.394710968804615 0.43730694188201324 9 143 555
2.450359920234506 6.343415005996466 0.4455256664455587 9 144 519
2.3314868111607767 6.325315482598155 0.4429915276791254 9 145 496
2.5077341917201528 6.365541363150351 0.4330498656845767 9 145 529
2.609328417360634 6.3849834787847435 0.4288778429239042 9 145 548
2.687952730939896 6.408941278283547 0.4219404775126194 9 145 562
2.623252490089385 6.377828140374437 0.42686382270301815 9 146 551
2.359270908911639 6.308266256170371 0.44027076459808945 9 147 502
2.3726794525640957 6.301969009406921 0.44343826753365123 9 147 505
2.416169328532672 6.297431493915333 0.4470375419068122 9 147 514
2.5521160107924765 6.355557093820352 0.42791089045435493 9 147 538
2.3692592176551353 6.300904203567293 0.43285425288067514 9 149 504
2.403426304588564 6.298354451321284 0.4352777493796227 9 149 511
2.4950386261123567 6.324345549063096 0.4278547352414446 9 149 528
2.516059853758828 6.32810179120541 0.42708764557476586 9 149 532
2.5753663842292895 6.342775778008325 0.42319472324141794 9 149 543
2.70913979139338 6.3416725799336655 0.42891775702161583 9 149 570
2.3309829091068464 6.28259850527092 0.43367766699702504 9 150 497
2.4454829965768767 6.285388186292407 0.43700756839789934 9 150 520
2.590608039546983 6.324572297430731 0.4260400932965842 9 150 547
2.7169497817615835 6.319076990333909 0.43336712879880523 9 150 573
2.5021389409855335 6.307374022528837 0.42441095903112935 9 151 530
2.658405854905487 6.288704892721404 0.43859666289569677 9 151 563
2.337215818166488 6.2805346806098115 0.4239095114861333 9 152 498
2.439736807602155 6.2934590727766615 0.42243391507082517 9 152 518
2.5241060588645143 6.294494317673818 0.42534826977804685 9 152 535
2.613049655358926 6.281014632156185 0.43468669581462294 9 152 554
2.448641054515861 6.2682426787951835 0.428213973922148 9 153 521
2.581954352047207 6.3025623384183245 0.4187191346332342 9 153 546
2.3446455304843727 6.304634619071843 0.40281111429848604 9 154 498
2.4635014155526744 6.2827078508831065 0.417103468214306 9 154 523
2.599068552914182 6.29114006712447 0.4188904366305044 9 154 550
2.628806127749545 6.249119449351302 0.43832358620919143 9 154 559
2.6450767135292876 6.254302501521367 0.43672769006512957 9 154 562
2.5504881282236296 6.289658316215757 0.412117060239823 9 155 540
2.5847502212616416 6.289010372432944 0.41378233581348733 9 155 547
2.5982261342008073 6.240925638549518 0.4352929999815438 9 155 553
2.661841422287786 6.2438397362660805 0.43658972172839094 9 155 566
2.4389152786500454 6.276012931496195 0.408095920786828 9 156 518
2.4881016284845394 6.292502084400695 0.40286680128701313 9 156 527
2.5050773680098413 6.266150419849417 0.41509825968605796 9 156 532
2.5680601104037715 6.295026302692828 0.4050024373192338 9 156 543
2.679065042427279 6.248302950349402 0.4299694376828147 9 156 569
2.6893703371141964 6.250156293153166 0.42957534161018396 9 156 571
2.7025007493629856 6.2336801701957345 0.4373249564179602 9 156 575
2.3109803141499374 6.2998870674131116 0.38690138990552025 9 157 491
2.318676465310973 6.289438644956414 0.39181271339876034 9 157 493
2.5334363687524935 6.275280472083555 0.4067879070561986 9 157 537
2.6007214920954174 6.256252363947641 0.4179011998465363 9 157 552
2.3311342496239007 6.296163824595933 0.38381029102763553 9 158 495
2.3891659755456387 6.2485126402913265 0.4072493337645151 9 158 509
2.4396669666878763 6.271586534042366 0.39911432362606414 9 158 518
2.5715115860053084 6.283408830760529 0.39928032027224214 9 158 544
2.6115970495492933 6.227657292111909 0.42556636342765675 9 158 556
2.3443230145213203 6.28441085042023 0.3840103080770969 9 159 498
2.4889664341597477 6.267737440202822 0.39735703457083105 9 159 528
2.5089256913024047 6.26860086913182 0.39779352751283925 9 159 532
2.6791880709183107 6.225507601070095 0.4239257612595997 9 159 570
2.3583313936705594 6.256093917366969 0.39167502577781876 9 160 502
2.6795458497112463 6.249730360539639 0.40776804766084696 9 160 568
2.3233387524957467 6.294623387092654 0.36746031204359286 9 161 493
2.3721197960953306 6.2481500496000795 0.39030926832451973 9 161 505
2.4294982646607473 6.259766571723597 0.38748128098392143 9 161 516
2.7044508589582916 6.235422546583473 0.4097864142506755 9 161 574
2.4809478413492934 6.263518227153895 0.38243120458531465 9 162 526
2.617521916238365 6.2175793116236235 0.4087975063643048 9 162 557
2.682253669174214 6.237237451179763 0.4026422083912218 9 162 569
2.7178754496151827 6.242278618818158 0.4018555504740502 9 162 576
2.741497259998171 6.253632506491394 0.39772745924414776 9 162 580
2.769906777649877 6.264492190536865 0.3940211493390402 9 162 585
2.3421748586815405 6.260358535121389 0.372545996719041 9 163 498
2.541731191451372 6.2653353726787 0.37863867676340357 9 163 538
2.594658559124506 6.26177736643162 0.3824605630547988 9 163 549
2.369980214425672 6.268424739938989 0.3645072880656093 9 164 503
2.374750563724421 6.247652795303811 0.3741436332698438 9 164 505
2.4913027264973344 6.258103841835544 0.37429037621790817 9 164 528
2.6421821140397386 6.226468370743662 0.39499715649183953 9 164 561
2.3245561835948756 6.284640759383318 0.3496272463020311 9 165 493
2.353766010130292 6.259635974695545 0.3622692230674698 9 165 500
2.503933692653045 6.247318755184134 0.3742232030879207 9 165 531
2.5963221058565105 6.274939799242964 0.3655159126923748 9 165 548
2.598925603834757 6.238341273097118 0.38232612477761996 9 165 551
2.6684865195689245 6.2427372222979995 0.38325399082712286 9 165 565
2.7995908044336253 6.268305016260028 0.377116505132999 9 165 590
2.3307424868420745 6.242886759257566 0.3634103727393072 9 166 496
2.385137993189934 6.242245029677655 0.3660086990174347 9 166 507
2.4177890146084637 6.253451726496465 0.36225504685032806 9 166 513
2.5642448821676247 6.263824546603246 0.36370435981818217 9 166 542
2.397954614945108 6.249874995870329 0.35751048802390484 9 167 509
2.465366285001812 6.2605143260607115 0.3554799112645515 9 167 522
2.651255875040383 6.242262791402522 0.3717917170437075 9 167 561
2.6649774607951056 6.239817433683904 0.37350137332796085 9 167 564
2.5955067745465117 6.2621170718168395 0.35473493319933125 9 168 548
2.6137437865578415 6.228867345654789 0.3708913688504485 9 168 554
2.8212672926238005 6.264000194948636 0.36351044349237993 9 168 594
2.346810460609015 6.257277862968595 0.3407555938586253 9 169 498
2.424875013416638 6.250521212354497 0.3472443341593099 9 169 514
2.481680069453282 6.258366146033396 0.3460377626647435 9 169 525
2.6021185572172794 6.234315830039425 0.362378482307095 9 169 551
2.699544641967572 6.234798145585394 0.36633531603071545 9 169 571
2.529699145687453 6.249869612971188 0.34649235922363397 9 170 535
2.6060162359343053 6.213652552785026 0.3666805809336302 9 170 553
2.7402643485391236 6.236684521183878 0.3617196792380182 9 170 579
2.8297516013455524 6.242876268552134 0.3626873679646576 9 170 597
2.4169358696868795 6.250772584654078 0.3356240057349842 9 171 512
2.4365752638743485 6.249787855579655 0.3369356036771949 9 171 516
2.8003088787451267 6.238471509470589 0.35798329247933847 9 171 591
2.331291220814852 6.286995308003306 0.3092507559718971 9 172 493
2.3495937789994983 6.278578781631558 0.31400845924035514 9 172 497
2.400343701427605 6.27947220438015 0.315794002847567 9 172 507
2.4695389686533615 6.257332936813139 0.32922402074053214 9 172 522
2.6774631409908736 6.217460424169093 0.35703257946359224 9 172 567
2.7392902925864235 6.227576082040008 0.35495828512154004 9 172 579
2.3782568697978745 6.288431245617277 0.3049211768481639 9 173 502
2.420926089500065 6.2584614813975525 0.32095456897181496 9 173 512
2.576809993130424 6.263305383180997 0.32546963659136163 9 173 543
2.5961174456844915 6.246768733224176 0.33413155477106593 9 173 548
2.6728935040413004 6.241778951159487 0.339842674768682 9 173 564
2.764951189770925 6.228112158440639 0.3503236891489683 9 173 584
2.403255987404465 6.283335018216983 0.30273071212564484 9 174 507
2.4821022540668114 6.2420440799073145 0.32579721722168475 9 174 525
2.5052959728311186 6.220399547642936 0.3370933799769871 9 174 531
2.4468066310575214 6.272619257786448 0.304056655181967 9 175 516
2.530174339381876 6.250013699111996 0.3185102675506437 9 175 534
2.6760463721909185 6.2302781466600905 0.3343470070147152 9 175 565
2.3442700304713027 6.305286650806334 0.27818789639479324 9 176 494
2.3849070914009323 6.283433249240632 0.2904545961707581 9 176 503
2.5967497013767176 6.253255206007182 0.3142800108164039 9 176 547
2.374385085007181 6.298815096477501 0.27685586464068024 9 177 500
2.4064244230916882 6.284403758682177 0.2852131811395 9 177 507
2.497438680446481 6.249809258060365 0.3059012601476305 9 177 527
2.5452464819965837 6.259554315718017 0.30333502664804146 9 177 536
2.6613980975987683 6.237220412627041 0.3192397113516521 9 177 561
2.3605120234921775 6.301134872830085 0.26934019483580696 9 178 497
2.605470979587518 6.2576685170797886 0.30127086241803513 9 178 548
2.4316997075920534 6.295635640308092 0.269402355184416 9 179 511
2.5141330773226955 6.248556712187401 0.2959457902210836 9 179 530
2.5257781189046176 6.237798920185339 0.3016890527752014 9 179 533
2.5560012691679423 6.2550345176589035 0.2946765106868403 9 179 538
2.65971339108948 6.253440012248811 0.30009505938314396 9 179 559
2.666579105693014 6.244977217109494 0.3045103116659029 9 179 561
2.708321894739867 6.225116257809293 0.31602006932853 9 179 571
2.4624579030533624 6.3110164289289585 0.25750553837019563 9 180 516
2.509785163424203 6.294329776993915 0.2619925576975204 9 181 526
2.535445180144518 6.262203044901762 0.2788811506906985 9 181 533
2.692523992616508 6.241860210602206 0.2959353099640172 9 181 566
2.730070291854886 6.224389080527416 0.3061851071682029 9 181 575
2.3887703726684917 6.276161291762642 0.25965034673790566 9 182 503
2.4056086913802983 6.282196383860101 0.2574463448704971 9 182 506
2.556612446400667 6.262249193711662 0.27410333921462926 9 182 537
2.6233436300578346 6.267327870285769 0.2746323750857891 9 182 550
2.671567056036862 6.262601318358179 0.27914359976170333 9 182 560
2.7081602974531007 6.254116683867626 0.28497534521559675 9 182 568
2.716638568140614 6.250351474175917 0.28721132759758916 9 182 570
2.459502133981591 6.307744590524836 0.24148975222511737 9 183 515
2.470868028615396 6.293393367854339 0.24909479593110007 9 183 518
2.4826635090972466 6.298971649601606 0.246877128192313 9 183 520
2.5097110063939345 6.304109401664344 0.2455716281060485 9 183 525
2.6393706481721804 6.252445868408927 0.2769908798274816 9 183 554
2.559841569927528 6.281409929155426 0.2532902041286125 9 184 536
2.6121106258373485 6.271645311651095 0.2605236781119178 9 184 547
2.694322967625646 6.263662509352406 0.2682427973818404 9 184 564
2.3804942703558747 6.272470474739464 0.2437201621726679 9 185 501
2.6675100340588074 6.254896855715442 0.26565465672842326 9 185 559
2.5038688237290048 6.290655461382039 0.234498954963682 9 186 524
2.5677993650118474 6.2675442386289415 0.24900843391205885 9 186 538
2.706150077397395 6.261922622298941 0.2582007127679784 9 186 566
2.748204182136155 6.254877078410666 0.2636645577463308 9 186 575
2.3916839089837887 6.268788460978593 0.2344487777425983 9 187 503
2.4130679952928933 6.272506688604276 0.23357102984925993 9 187 507
2.458734766667008 6.2901082589218476 0.22684295289870504 9 187 515
2.5455709445769177 6.257374823865677 0.2473088932908969 9 187 534
2.6006830708066606 6.2875290824594625 0.23471191445683193 9 187 543
2.5267403653758054 6.291597459582993 0.22339342428715514 9 188 528
2.6101552775323276 6.281986519714568 0.23212116572208275 9 188 545
2.7244505293223016 6.250857490941183 0.25314132955505064 9 188 570
2.740222248954882 6.253171165867787 0.25270738780043644 9 188 573
2.410993963600222 6.276613827627459 0.21971829124287967 9 189 506
2.502731644986639 6.275853910374451 0.22438673906400752 9 189 524
2.705518460557351 6.263485287300003 0.24012216124391328 9 189 565
2.5459697882309893 6.280524934316235 0.21819179826586232 9 190 532
2.5683296660843986 6.270860262752236 0.2241578162756368 9 190 537
2.6161134709123317 6.262577714932206 0.23061256926375795 9 190 547
2.6242888999589082 6.257027169923573 0.2338201582087911 9 190 549
2.4623195182844837 6.288158523996586 0.20449382816795314 9 191 515
2.596777267439813 6.276899905090037 0.21657689543328096 9 191 542
2.6607884258266377 6.257531105029376 0.22948764559098978 9 191 556
2.727406161617707 6.261711049617038 0.23048800615865428 9 191 569
2.392247332335499 6.252181993116338 0.21373866174344935 9 192 503
2.4220998298252687 6.288003862383784 0.19676791739031008 9 192 507
2.511380963968365 6.29421806229967 0.1977996292322719 9 192 524
2.5345931911144803 6.269424875247548 0.21161951018709257 9 192 530
2.616246859922902 6.25247362446873 0.2183689465327685 9 193 547
2.736138702274136 6.251590580820386 0.22451483275302353 9 193 571
2.5775929476218624 6.285568314934888 0.19357960554441034 9 194 537
2.5452406692739378 6.260206402599218 0.19929828512824188 9 195 532
2.747683749894816 6.248888933459035 0.2148676552342852 9 195 573
2.6460776065306355 6.2520750469347135 0.19666032062928718 9 197 552
2.834729774836492 6.213595818582501 0.06051970568499576 9 225 585
2.0068881867560506 5.435262642717562 0.4414406095984784 9 232 449
1.7356294192317159 5.811381583529711 0.06490453692627152 9 256 375
1.8202987637613655 5.777947692171004 0.08081473408234396 9 258 393
1.8610298736954776 5.797256096743347 0.04746003653352182 9 262 401
1.9017004717529673 5.776803181960906 0.06381269120909439 9 262 410
1.9236472093721377 5.762981447976528 0.07452068427232073 9 262 415
1.93631763108993 5.751652008967374 0.0829685362830328 9 262 418
1.9781637694046181 5.772718837640798 0.04848509150499458 9 266 426
1.967803374703368 5.0699739842712095 0.44530719356045023 9 287 448
