1.0681386685968377 7.313643492534283 1.2405714726580417 9 3 245
1.4441274641581823 7.233495829957272 1.2522771790898353 9 3 301
1.4567467004023116 7.238264687458565 1.2519605078994145 9 3 303
1.4761151234096044 7.2389667113338465 1.252103971098967 9 3 306
1.4973240333657096 7.2063212836161155 1.2554397034997398 9 3 309
1.5163684812900449 7.210245226449425 1.2552731538471007 9 3 312
1.0753149998104266 7.350676040480645 1.230964451774712 9 4 247
1.2367565015134163 7.2856142543674345 1.2329463619762355 9 5 270
1.1751720143290598 7.351303710760444 1.219650102632249 9 6 262
1.2080110719413797 7.303023308192028 1.2248209765648272 9 6 266
1.2740621609175018 7.244116589569326 1.2314162178675285 9 6 275
1.152893256915192 7.268935836382266 1.2215457218935546 9 7 257
1.0784411673462033 7.322245603052805 1.2091750559423406 9 8 247
1.2886097080469732 7.226775758975101 1.2213090066630894 9 8 277
1.132178846241404 7.271737579651124 1.2088682717005 9 9 254
1.2055301721308653 7.31731698668 1.2049432785225132 9 9 266
1.2500556193414238 7.2212862629617485 1.2154384817747574 9 9 271
1.165772755215456 7.313856297472868 1.198701322308016 9 10 260
1.3085467596988238 7.2193156127420295 1.21028986110317 9 10 280
1.0898914966968882 7.326331987051574 1.1841419123733872 9 12 249
1.1112064954993484 7.273575164045709 1.1901144552229204 9 12 251
1.1863890057257778 7.305206065433924 1.1875314227914995 9 12 263
1.2525096177487594 7.195190787568357 1.2002319850231051 9 12 271
1.3627523360492533 7.264492416400648 1.1939546817952216 9 12 289
1.3948813056155096 7.272230260732526 1.187368354396058 9 13 294
1.1391193292595791 7.305863545434206 1.1745641860980207 9 14 256
1.2073911992526993 7.240993110221169 1.182588944920673 9 14 265
1.2248005560521125 7.206348159905417 1.1866564561540036 9 14 267
1.3066386641550638 7.231762696634868 1.1847562911135103 9 14 280
1.111987410758453 7.262261415490118 1.172992339756166 9 15 251
1.1721825178223364 7.306101466867105 1.1687239323066005 9 15 261
1.2860072715195932 7.239728667518225 1.177545037556718 9 15 277
1.2110779054363894 7.208351189967526 1.1741822621129507 9 16 265
1.3391767325896433 7.3005168521686645 1.1650937009835034 9 16 286
1.38522656330605 7.306455559496181 1.1649451432146687 9 16 293
1.4045616389598976 7.31462778357314 1.1642315123019624 9 16 296
1.126771286875349 7.292925649421503 1.1573143746446837 9 17 254
1.2987020120078672 7.240497969019526 1.1654043216795114 9 17 279
1.1631500382534201 7.268769554837636 1.1543797710632522 9 18 259
1.2642536344186015 7.253250885262676 1.1573870240134851 9 18 274
1.184595984561938 7.205769148847701 1.155970494370003 9 19 261
1.205594927535119 7.194816001363707 1.1575229745979243 9 19 264
1.2732454289779362 7.289916103454219 1.1469756839937235 9 19 276
1.3062870292726942 7.292178563887942 1.147093441823936 9 19 281
1.1469876702343347 7.285439291158603 1.1398191741428327 9 20 257
1.221760764593784 7.220046419196347 1.1485983963045947 9 20 267
1.0739899306500629 7.280761373864792 1.133308105346143 9 21 246
1.1063729904169972 7.285214010722661 1.1269166365786012 9 22 251
1.2044282379371807 7.249455841154548 1.13251135363349 9 22 265
1.2338057585565192 7.280270450482161 1.1290447512534367 9 22 270
1.1621771979496873 7.2660872420306735 1.1237417607907012 9 23 259
1.073116002899969 7.3223629597259405 1.1093135920326394 9 24 247
1.1910168769731981 7.247071456233122 1.120284499845417 9 24 263
1.2530424233280888 7.283267220399736 1.116435626786141 9 24 273
1.0616987685539894 7.307153609400296 1.1048115875347293 9 25 245
1.1218468005002857 7.264811221566174 1.1109759867487679 9 25 253
1.1491090007946025 7.2584703867122755 1.105894465702876 9 26 257
1.216633716728904 7.250325402953481 1.1077715452786858 9 26 267
0.9674406621051469 7.25853875910131 1.0786479044706452 9 30 230
1.0767050140921866 7.284720425122361 1.070113601034739 9 31 247
0.8139256800880903 7.280507952221501 1.0610999906502367 9 32 208
1.0982340701107685 7.316130429157138 1.0532947591378772 9 33 251
1.119881426966991 7.307432790156933 1.0547906349886138 9 33 254
1.256010436240783 7.241777036800432 1.0657412014830332 9 33 273
1.0800961151791553 7.299688533513983 1.0490136672348025 9 34 248
1.2752259922860731 7.246753504465955 1.0590044319203358 9 34 276
1.10514793622295 7.311130564042815 1.0413029437856693 9 35 252
1.1711894171482633 7.27460192644922 1.0473956999791831 9 35 261
1.1892642547100711 7.239490343390054 1.0526788517236283 9 35 263
1.204385456016865 7.277908905657773 1.047338710366556 9 35 266
1.0887728934228078 7.240111486375367 1.0450248711844674 9 36 248
1.1212756841769078 7.291744752425914 1.037922715402412 9 36 254
1.1657834711917407 7.214521868746851 1.0497256623994373 9 36 259
1.231131319303943 7.22214631060833 1.0494447962531748 9 36 269
1.2768324426921516 7.290025031094095 1.04014576831305 9 36 277
1.1647892970462461 7.217775113312769 1.0366975217116392 9 38 259
1.2524486242687485 7.26398289606537 1.0309494490030295 9 38 273
1.2904071100534082 7.284263176680103 1.0220371225132674 9 39 279
1.1176584138698833 7.262291008743157 1.0167499112521796 9 40 253
1.3075221323921618 7.2471668168192345 1.0214971372936763 9 40 281
1.3282246289207076 7.240581877515168 1.0227641130078617 9 40 284
1.1514664820161207 7.259343327722944 1.011262525993662 9 41 258
1.1924777613915802 7.254547187987894 1.0125300218732824 9 41 264
0.7915573386740068 7.265144815221391 0.9992946830336036 9 42 205
0.83803235536607 7.146593677643056 1.012041686241546 9 43 208
1.1195236664861377 7.243571077984569 1.0005415894498302 9 43 253
1.2973256188860955 7.276152672969421 0.9977666578978301 9 43 280
1.325004816053234 7.267748861378282 0.993040047722729 9 44 284
1.0940140815038844 7.271883068605278 0.9764729591393029 9 46 250
1.4253906212644014 6.687899307237046 0.580728386078414 9 130 293
1.4269376964881797 6.594721889851312 0.5906830867668034 9 133 292
2.38036222122607 6.476251951037675 0.4457306388534612 9 166 452
2.441599918135752 6.485170835389053 0.4374614293092809 9 167 462
2.346148352943075 6.504446087278044 0.4219704513256626 9 168 445
2.3229784295573874 6.437717939886149 0.43420310196874845 9 170 443
2.364258415769581 6.437426759594967 0.4290001142624351 9 171 450
2.4045842069846075 6.379699846318298 0.4457988318822186 9 172 459
2.497285840844151 6.456456228347326 0.41833912019718733 9 172 472
2.3909231948685514 6.392506175148949 0.4344779418012541 9 173 456
2.393122542822571 6.346680330704095 0.4461487152622359 9 174 458
2.2961595796085446 6.305967149219709 0.4478773653180046 9 176 442
2.5266325610790585 6.398717127182255 0.416557732735515 9 176 479
2.557304857306566 6.427961193059852 0.40577591654912304 9 176 483
2.366145063535046 6.3161796571122775 0.4393793807269246 9 177 454
2.431217766220601 6.330718337254707 0.4350709673505142 9 177 465
2.4814004316782636 6.328789586032954 0.4369166261056039 9 177 474
2.376577208924099 6.309238099339671 0.43632691926973854 9 178 456
2.2859798163476075 6.301448464958173 0.43142684109244955 9 179 440
2.2965553442596836 6.298090602054774 0.4329913548387265 9 179 442
2.357389335513226 6.2946836949195815 0.43567127071665723 9 179 453
2.6035996729788193 6.354248843092832 0.4112756349785265 9 180 494
2.3040854966013984 6.272561755253352 0.4313625467816875 9 181 444
2.398938260263378 6.299342038795714 0.4226999224473773 9 181 460
2.434887074984059 6.28570600618724 0.42895991824266444 9 181 467
2.4969010428156437 6.28888737126271 0.4290446802110781 9 181 478
2.3303068127695568 6.261570929261223 0.43038876485894795 9 182 449
2.57428210112218 6.303997597570022 0.41865503184179076 9 182 491
2.359549332910685 6.265618914248916 0.4234252987547129 9 183 454
2.442317325122448 6.263958685972173 0.4259266386537819 9 183 469
2.4593025015826466 6.243136782342637 0.43473871567511435 9 183 473
2.520627086035937 6.288234630294884 0.4178204175821898 9 183 482
2.411095313145405 6.2695343954311955 0.4169878586904108 9 184 463
2.444611318597848 6.267205322394659 0.4126860151884941 9 185 469
2.538777962768074 6.287366629427855 0.40653049324163293 9 185 485
2.3172425216865724 6.266483914895438 0.4041374083411773 9 186 446
2.4564582454935904 6.244570389084854 0.41625383156852136 9 186 472
2.5540296378807943 6.299236810496153 0.3959529099045942 9 186 487
2.2926817051790964 6.280623079750957 0.3917237264805 9 187 441
2.331440340221213 6.278312657856693 0.393545905169435 9 187 448
2.5261025903174907 6.254717068090448 0.4076524414496254 9 187 484
2.57124457994862 6.27771629375191 0.39915992414150936 9 187 491
2.3545182799014013 6.278374958998816 0.3879832160563008 9 188 452
2.469035193778394 6.26674946809495 0.3953816395346492 9 188 473
2.6499239960534458 6.241753210343087 0.40982196494431333 9 188 507
2.3603345241223845 6.249991961223568 0.39389167423328386 9 189 454
2.525475376924484 6.2227973063939155 0.40300762314765715 9 190 485
2.5674109297191117 6.254888374530917 0.3905022628842689 9 190 491
2.3022900690636394 6.230636987403001 0.38868385009416206 9 191 444
2.410718692985392 6.245674185029756 0.38480825630073223 9 191 463
2.444125802772449 6.289590696233551 0.36095439991461986 9 192 467
2.4915773128610272 6.233974439898893 0.3855739352253904 9 192 478
2.6017809454934273 6.252765311431716 0.3801274869876945 9 192 497
2.4485999034904307 6.258461659680691 0.368172391733117 9 193 469
2.3409351302145223 6.247320590671718 0.3643980236589526 9 194 450
2.443277661545286 6.279647829589409 0.3529273332926395 9 194 467
2.5464891839958925 6.227076397438333 0.37775487609643554 9 194 488
2.4071493519451774 6.2415675051365245 0.36232294455779224 9 195 462
2.5131224170921933 6.243563804350371 0.3638999421626805 9 195 481
2.3533443964047294 6.243596362226111 0.34806896455990866 9 197 452
2.4021045593777917 6.261936898937153 0.3412469593859413 9 197 460
2.565099166915074 6.244826527401581 0.3524308714625115 9 197 490
2.438012398165122 6.244962873931588 0.343347848317606 9 198 467
2.3812265825989187 6.233985477353476 0.33464335450703464 9 200 457
2.4106244554293763 6.261790866240224 0.31695232469923695 9 201 461
2.336469193481991 6.271376303036881 0.286152764561425 9 205 447
2.3767229129772676 6.248150746577253 0.29755574530438245 9 205 455
2.3941414394102707 6.250610671446676 0.2968621463725616 9 205 458
2.367111383392454 6.252465908106437 0.2891929808158338 9 206 453
2.360738610139241 6.2925665293726105 0.25201978375795653 9 209 450
2.3859617729797984 6.277082553414024 0.2597199427509127 9 209 455
2.4004147207021234 6.262184833269854 0.2606373401376296 9 210 458
2.3810542400690085 6.297033923163671 0.23143778488242606 9 212 453
2.395990532115983 6.286672323970408 0.2366123309556032 9 212 456
2.386990846100697 6.28462229095615 0.2119297145344432 9 216 454
1.9947694622805823 5.746766974534554 0.43016168430847546 9 221 396
1.98402926183296 5.663603135846347 0.4234422148563868 9 230 395
1.9837624963358347 5.651682480533317 0.4137840814744249 9 233 395
1.9240960794602415 6.26625531453444 0.07945898154370279 9 236 373
1.9861443294389554 5.579080195502254 0.4304653420239537 9 237 397
1.9082436202016817 6.193616818950387 0.103592959505173 9 238 371
1.9811797948070462 6.234359365280422 0.07774873982239194 9 239 383
2.0037028188217496 6.226308706942671 0.08254815217587352 9 239 387
1.9863008463263285 5.535823001514473 0.44283448471234 9 239 398
1.8758231937396697 6.222498540207855 0.0746122292683129 9 240 365
1.9459048571849231 6.216942408826238 0.06626336165912883 9 242 377
1.9641289778652142 6.22644567770962 0.06171991170822011 9 242 380
1.955964909512204 6.188919239657279 0.06831908965111122 9 244 379
1.9985570250622529 6.212529218918659 0.05686211133575947 9 244 386
2.010124518994914 6.212065903078994 0.057418659536020655 9 244 388
1.8578124727192717 6.1835450621676 0.06202829934749654 9 245 362
2.010812787438146 6.14936366152492 0.07151977242255492 9 247 389
1.9689085851034775 6.12231250374778 0.07857849686913343 9 248 382
2.0258280088317115 6.126134500736462 0.07804602813050576 9 248 392
1.9872914159897421 5.44495181723147 0.4464932274359634 9 248 400
1.9135852236350637 6.131692369608812 0.059060218445100565 9 250 372
1.9495552616270664 6.084717491679482 0.0857306442773198 9 250 379
1.932452782348735 6.076218331786334 0.08355506343247376 9 251 376
2.0335489281215966 6.082513607271324 0.08285907769748246 9 251 394
2.0142564710729776 6.054666714605934 0.09130979045531884 9 252 391
1.9054158606271399 6.080517825366354 0.06768016098367746 9 253 371
1.9422092958361854 6.0459961620989295 0.0814801146549129 9 254 378
2.014833007652509 6.048658296809268 0.07566527642817378 9 255 391
2.8612324692194573 6.149196387496769 0.03643316323681378 9 256 538
1.9292687507136828 6.008972863783845 0.08291087543859166 9 257 376
1.9616327823847157 6.003169038374241 0.08707671860633948 9 257 382
1.9793277629140924 6.016892327115375 0.0798461640652357 9 257 385
2.0077926460228674 6.02664527018028 0.07514929605995446 9 257 390
2.800913140015224 6.091149454192827 0.060902419407534714 9 257 531
2.870827502765528 6.125053081706396 0.037292742008765645 9 258 541
1.9897404025987335 6.003424027652127 0.07516182374811553 9 259 387
2.014792881653028 6.033058626373389 0.0590510569878715 9 259 391
2.799155960183772 6.08063938525309 0.05399674362951279 9 259 531
3.043571348113103 5.624650540456946 0.31951144984400126 9 259 622
2.8509866733261826 6.0833899473667845 0.04748060071064919 9 260 540
3.030589206994272 5.582869571722083 0.33760394057762033 9 260 624
3.038442372937181 5.52662420579165 0.36986033262550144 9 260 633
3.0408646201079037 5.582842081973176 0.3326525705606582 9 261 626
1.9297769243543657 5.994431857762702 0.05971552750240372 9 262 376
2.8506013827904804 6.05993523652282 0.0417023464134465 9 263 541
3.043085791698508 5.582112801519024 0.32259583810951775 9 263 626
3.0401382398413563 5.553386342658188 0.3390720971001797 9 263 629
2.801179641234796 5.984567314370187 0.07127870338527598 9 265 537
2.8248591770899214 6.003603987020037 0.06089116103989589 9 265 540
3.0588166899617284 5.629470562836554 0.28494972525938334 9 265 623
2.0023348748996015 5.940973497420497 0.06764845857749258 9 266 390
1.9829793654158172 5.95935222034964 0.05009865078832032 9 267 386
2.8234934504387716 5.98117711709607 0.06138495194514104 9 267 541
2.8647871717535045 6.016370697614251 0.04195460749357394 9 267 546
3.0471100688147055 5.636761632599953 0.26951222738425384 9 267 619
3.065595309556196 5.61237499188507 0.28432480125685067 9 267 626
3.036730104998691 5.492957977555516 0.35344061816642514 9 267 635
1.9428528888270002 5.9260826993915785 0.05599725028362368 9 269 379
2.004175485003674 5.8972589356197895 0.0747795521063197 9 269 391
3.031244662617585 5.479138009272954 0.3511989400577209 9 269 635
2.852830390711519 5.978951674961885 0.04471488309541494 9 270 546
3.0446291613804615 5.5146133568002265 0.32545650320410213 9 270 633
2.8772949801337164 5.9833275244137365 0.03652524172237781 9 271 550
2.8119994714824603 5.951759827449941 0.047169822827861196 9 272 540
1.8908056597235763 5.853993938754444 0.07269385098919923 9 273 370
1.9837056829002926 5.8900091707646 0.05380340538159234 9 273 387
1.9975000255538091 5.869889359383377 0.06627099521028867 9 273 390
3.0574086898479242 5.632515892492514 0.23950976183018136 9 273 620
2.0251794424885463 5.833230229196724 0.08300272238606965 9 274 396
2.8348170238212393 5.924377461025056 0.05179334567242044 9 274 546
1.906988320697952 5.851378324010755 0.062499338727386444 9 275 373
1.9861814191435863 5.855106423711089 0.06256755720873186 9 275 388
3.053383372901096 5.628807932747146 0.2306221790337375 9 275 619
3.052991868928069 5.61164294576537 0.24098495067278747 9 275 621
2.829100700281934 5.892621675847131 0.05844969290449131 9 276 547
2.84767491988133 5.887297825286584 0.06222594539344861 9 276 551
1.999241500136436 5.823268299362702 0.07006018476822962 9 277 391
2.8086634445247487 5.878284031380379 0.060415410906392575 9 277 544
3.0531279583761384 5.567030509729127 0.25720776064659767 9 277 626
1.9404441871253637 5.8015998810977685 0.07548743290726834 9 278 380
2.840087323942137 5.840193908105585 0.07849107889646745 9 278 553
3.0639426292894614 5.599470474642336 0.23230428622882715 9 278 624
1.9042071270227154 5.797013128827352 0.07117946060728708 9 279 373
1.9649821321586254 5.784692895117789 0.08054437009036008 9 279 385
3.0565539658195053 5.544901645904747 0.2601078099028318 9 279 629
3.0462611726483084 5.48216468766798 0.2983126003881382 9 279 635
2.8925822957963923 5.849196362974901 0.062367481373955425 9 280 562
1.9745698672162129 5.770852422106996 0.07734428014425188 9 281 387
2.8400765375509742 5.832067279975237 0.06529417675867921 9 281 553
2.8275278469554403 5.847929716894127 0.04899046081500624 9 282 549
3.0465748814262246 5.5756039718475545 0.2246485079209588 9 282 622
3.04669554785838 5.536422314972653 0.24898264215702626 9 282 627
3.065505410774062 5.530289219868319 0.2533537811348665 9 282 632
3.066487863699257 5.51457654640431 0.2578278303479571 9 283 634
2.8129977591927675 5.796606543718614 0.06839927613977759 9 284 550
2.9176368605798686 5.812441908875981 0.055579388744386726 9 285 569
2.8655223952412063 5.773347669131683 0.07258201590833924 9 286 562
3.0451825425823937 5.499396272943385 0.24543846445056272 9 287 630
3.046238044456617 5.56084763855913 0.20109840098395115 9 288 622
3.0546217661903694 5.483226610846582 0.2506707027427493 9 288 634
2.8361772372396 5.755840604916092 0.06483838083571891 9 289 557
2.8488165038316033 5.748011569028935 0.06424965386655046 9 290 560
3.038388290707437 5.519019014069529 0.21665180096427772 9 290 625
3.04158566524283 5.491659769050465 0.22892399843943068 9 291 629
2.8986805779808327 5.732434934204063 0.06386273144219512 9 292 571
2.9123332908658957 5.7170907767363435 0.06825944052582855 9 293 575
2.886007009796851 5.7213770836517135 0.0587258816822116 9 294 569
2.9203574450486993 5.700726240917318 0.07321078606918374 9 294 578
2.827273747775395 5.687455541929514 0.07307415315808585 9 295 560
3.0513668217750736 5.5020058332460104 0.19016803221810052 9 297 628
3.048494044763574 5.459915791805365 0.2177422606738395 9 297 633
2.821522599869207 5.664567034889886 0.06441910714503063 9 299 560
2.8628073592678467 5.649301470411988 0.0758242482479421 9 299 570
2.848556944242068 5.662811208707799 0.04877606328758821 9 302 565
2.9089875259197955 5.647452595730339 0.06097424012310415 9 302 579
2.9431427044595324 5.6294701942794845 0.0740969517567518 9 302 588
2.824709672989022 5.627303685109463 0.06014104766964112 9 304 563
2.9940824251147165 5.6484557151499075 0.05126855128233099 9 304 596
2.9607103322546777 5.609955933743469 0.07038655060698917 9 305 593
2.8461488456375177 5.616862348994704 0.056222831153267316 9 306 568
3.040838698760485 5.434125406336102 0.18663694793696584 9 306 632
2.8703735924978675 5.622333104843934 0.04156850809175627 9 308 572
2.875611816955329 5.6133841448739314 0.04786322502996487 9 308 574
2.8743303929501787 5.581766893067841 0.06946530516465144 9 308 577
2.8973844849779393 5.5900798342772235 0.06451751680451911 9 308 581
2.9105592467080683 5.588064921535826 0.06632128699425288 9 308 584
3.0285226774780587 5.387961903979463 0.2071010410846177 9 308 635
2.981448954878405 5.603327314451061 0.05234174716980311 9 309 597
2.942980672471796 5.564016207205038 0.07237585900907018 9 310 593
2.842140432955687 5.554252194109237 0.06437506454379083 9 312 572
2.8971847567824955 5.561212762417732 0.06133372999192899 9 312 583
2.938294273942062 5.550289201837437 0.07026085973811713 9 312 593
2.9051246126002725 5.546868969482889 0.06583018657705608 9 313 586
3.0052195600201843 5.5934884435587335 0.036600518241117985 9 313 602
2.8539396948388993 5.535362373525764 0.06646702558526263 9 314 576
2.996779175744252 5.57073995739147 0.034782722322759696 9 316 602
2.85147343547324 5.513817516151691 0.064419795143138 9 317 577
2.872851797069189 5.501416081822873 0.07389784994098725 9 317 583
3.0345314065210554 5.541292407496206 0.045279689270150136 9 318 613
2.982102192095773 5.511694349672653 0.05885656648352522 9 319 605
2.8095054591192037 5.465779189582438 0.07460941538653776 9 321 572
2.9253952407065835 5.487205653211358 0.06310725328364652 9 321 595
2.9650432438329832 5.484541245563966 0.0663439672318682 9 321 604
2.8791814198227677 5.475160082658109 0.0645606634951923 9 322 586
3.024533378644368 5.488084493366314 0.054447354425552597 9 323 616
2.9208939706956576 5.463340044974484 0.06321426502607119 9 324 596
3.0366935845679444 5.465378457393058 0.059998596318508124 9 325 621
3.0131767836716326 5.4615510677882195 0.0563471950777199 9 326 616
3.0523770646191632 5.451544783839628 0.06498483083830386 9 326 626
2.9498512266057597 5.443235699660978 0.061968245916391496 9 327 604
2.9099425821316873 5.442088761657043 0.05582885486147626 9 328 595
3.0147986990851603 5.444260064889901 0.05780417433711005 9 328 618
2.9197419631235637 5.416697117529701 0.06927482943872465 9 329 600
3.0314761809939714 5.424815896446002 0.06709841625904156 9 329 624
2.97206308771864 5.412405317668526 0.06866804620472244 9 330 612
3.0080793453417085 5.433520343786283 0.04863160793329113 9 331 617
2.854344175014717 5.395786557124406 0.06585314696235223 9 332 587
2.9565171834374926 5.396244474120153 0.06903154821867519 9 332 610
2.818208323798795 5.3813475543834794 0.06431209850971498 9 334 580
2.908506585316019 5.390607711637423 0.054914609192935115 9 335 599
2.954824772678455 5.3712541849802715 0.07111752263962945 9 335 612
2.936466543983702 5.396281090903132 0.04041482065012292 9 337 604
2.9096711158137314 5.377867064636545 0.0478948596031028 9 338 600
3.0003581617922643 5.352926493403511 0.07007673585692342 9 338 624
2.5378430731624997 4.853891890845319 0.4299346508681694 9 339 576
2.9453333102528894 5.360942009484502 0.05651167105919175 9 339 610
2.9182536097312806 5.31718984771091 0.07815307320755749 9 341 609
2.989227143362838 5.335039827268471 0.06691463220068261 9 341 623
2.8630779523023167 5.316354317541677 0.07139611522151101 9 342 596
3.0309737775918473 5.316816997893657 0.07698455834345541 9 342 635
2.9171355892529465 5.3085983685863605 0.06841946075125294 9 344 609
2.9439391110778685 5.310371471238151 0.06799429211094754 9 344 615
2.9853033823156396 5.3078626224028485 0.07141934929780547 9 344 625
3.012366891386031 5.287580371794732 0.08277175130803238 9 345 634
2.852323246583697 5.295756406235794 0.06523203602551364 9 346 595
2.8584421998206233 5.289143299716624 0.06519852746753174 9 347 597
2.903107311069067 5.285167737289042 0.06992768911356673 9 347 608
2.9553914153142524 5.29425561639542 0.06466005831464905 9 347 619
2.8529647676924395 5.267327814337822 0.07136952755841053 9 349 598
2.9327874779183043 5.280589802069785 0.06375267996957001 9 349 615
2.9346284948908394 5.260302860273002 0.07449769240805426 9 350 618
2.9878418070814607 5.264621991946659 0.0729930730404138 9 350 630
2.870703280353598 5.249608956036553 0.07530923445587967 9 351 604
2.8507162789725564 5.249267530767497 0.06947483749446759 9 352 599
2.946259482905641 5.254320974909705 0.06891051858050568 9 352 621
2.8610950147840075 5.2285743246486875 0.08106881176653347 9 353 604
3.003833322931648 5.256784323270372 0.06363839187649112 9 353 634
2.9047241798307493 5.229757381199553 0.07636753883532554 9 354 614
2.948561371735151 5.240075226242158 0.06966292070887481 9 354 623
2.977178617979292 5.250214710828377 0.057140873609438536 9 355 628
2.96607631285781 5.232726019165854 0.05472793767899242 9 358 627
2.9697874429854125 5.216653702556663 0.06262935203973408 9 359 630
2.984699061673428 5.214036059379133 0.06532663046675014 9 359 634
2.8541184891670417 5.180947664532782 0.0664017682999214 9 363 606
2.9747388890138913 5.183747251728481 0.068600697963487 9 363 635
2.850231130245392 5.181989844746109 0.04937811350749843 9 366 604
2.938043512325831 5.169114086922772 0.05818218230551464 9 367 627
2.8903850605631023 5.1427528756231435 0.0733026996577979 9 368 619
2.786405348464439 5.128462431210198 0.07617930580899723 9 369 595
2.8407502226368817 5.150371025152889 0.054386290328572784 9 370 605
2.8944572641659514 5.1301034219140655 0.06841387973037083 9 371 621
2.930386010875768 5.142322475256597 0.05936979029406464 9 371 628
2.8569559485706213 5.139288548078801 0.05385036083577188 9 372 610
2.856181364865252 5.122543492191629 0.06289266046057174 9 373 612
2.905051910445831 5.117311596398092 0.06926720827705002 9 373 625
2.9240757523938994 5.1199784177522565 0.06245755129775765 9 374 629
2.8752519163516017 5.103870810142537 0.06922377361136078 9 375 619
2.802020194843284 5.099316044011527 0.06509552293893295 9 376 601
2.932438987630827 5.110249070404969 0.06068016660243036 9 376 632
2.856180026878656 5.112186268337706 0.04548637907460851 9 378 612
2.8802018513380236 5.092930251372717 0.0632329861263492 9 378 621
2.8883249895746452 5.093224680969912 0.06329315475243691 9 378 623
2.7960143517459803 5.078792858281455 0.056646147684267234 9 381 601
2.8640916771485925 5.09283537038136 0.046945944538415496 9 381 616
2.9205124129003246 5.081761970816721 0.05892898300000349 9 381 632
2.9316061685464865 5.080620838208634 0.06037166287285789 9 381 635
2.800409907211632 5.048992268843756 0.0727840554470518 9 383 606
2.8010684794442344 5.046061434620151 0.0650776631726373 9 385 606
2.8695329973542725 5.053589288669537 0.055879251186837786 9 386 622
1.9848838940989817 4.974412870334886 0.08647783902071304 9 387 403
2.900632975943863 5.025699164299762 0.07185721617293006 9 388 634
1.9791587194253462 4.957553417103261 0.09133331989486138 9 389 402
2.84589731141112 5.034880561984286 0.05620148966816085 9 389 618
2.859410883037308 5.029691691141736 0.056268681898298034 9 390 622
2.867856849309976 5.03076233133515 0.055637067073718294 9 390 624
2.8919658235226557 5.008704541984928 0.07663757410145688 9 390 634
2.8401696312061837 5.015688160659935 0.06306424935842259 9 391 619
1.939466359318161 4.941537293397561 0.08917005665051136 9 392 392
2.8004244903439446 5.009804529366939 0.05652319341057277 9 393 609
2.833427301513569 5.001095352726414 0.06585003956011892 9 393 619
2.844190152206195 4.9999616664767155 0.0673269493043529 9 393 622
2.883387081504459 4.989953024582386 0.07809703086159159 9 393 634
1.9503647275267748 4.932246360887769 0.0880658040784752 9 394 395
1.974655900805711 4.916381807646379 0.10364943070094235 9 394 402
1.9406217518304771 4.914134436643165 0.09934831104074027 9 395 393
2.86552471400659 4.980061971606337 0.071204804409011 9 396 630
2.87597811843587 4.970926735580473 0.059739538931839586 9 400 633
2.8017146362314413 4.939713391729378 0.07587250063987194 9 402 618
2.7963043496263174 4.921645152522885 0.08270085050826159 9 404 619
2.8614513509491126 4.950824573735489 0.05260420791954035 9 405 631
1.9814051719104104 4.85828488288414 0.0940257178073729 9 407 405
2.8080204223833407 4.915002760089627 0.06945315631994742 9 408 622
2.838580089911937 4.909100740806162 0.07140757727026337 9 409 631
2.7961000633078346 4.913754667228362 0.05500702837214 9 411 618
2.800184688167046 4.899173128369799 0.05928999865247153 9 413 621
2.8375268351542413 4.894560693067119 0.06540023588417121 9 413 632
2.8002775428628524 4.886243007662415 0.06693187211513152 9 414 623
2.8237019660102494 4.873934223736696 0.07005091594687896 9 416 631
2.8051671563320797 4.858664200535644 0.05945994098971985 9 421 627
2.833467201913634 4.848852843366926 0.06058487375388344 9 423 636
2.7957065269378116 4.8425678065248015 0.05530107751268076 9 425 626
2.5497909156366925 4.7714177441896926 0.08772829984649344 9 431 567
2.7667765803032456 4.79222666741329 0.07103245378040768 9 432 625
2.8127320531148308 4.8077692324923085 0.05696594972482938 9 432 635
2.5411059116174033 4.750081404604225 0.09499898546668994 9 434 567
2.7985150741987495 4.790295634004671 0.054771435671284285 9 436 633
2.7494534033073856 4.757781684703408 0.081867743378637 9 437 625
2.519113729552564 4.747056297878183 0.07781410979155057 9 438 560
2.7374140655033288 4.7535178736356425 0.08096581691443738 9 438 622
2.789309373536964 4.766794691174053 0.06439864288714436 9 439 634
2.538756299356165 4.7350575967461355 0.08174886398232317 9 440 567
2.568699520805378 4.733247433485654 0.08505255006720636 9 440 576
2.736159079264843 4.74129622464852 0.07934525212824939 9 441 623
2.7618049143689625 4.743671811547539 0.07799130031962243 9 441 630
2.3679588204971225 4.720531952512501 0.07971122144049714 9 442 519
2.423295949985023 4.721093277508497 0.08166807620519867 9 442 535
2.5018294259589213 4.726828784348079 0.07915565654727796 9 442 557
2.2835197629560824 4.705737240251573 0.08685374689613856 9 443 496
2.4454555756990195 4.722428369363643 0.07642728431955836 9 443 541
2.4827696279460687 4.728109570411404 0.07205322530216085 9 443 551
2.545622213670007 4.729666315706056 0.07329379144299453 9 443 569
2.5712793091319073 4.720496037143282 0.08433475433712068 9 443 578
2.64535781729537 4.735445673668204 0.07170731635936178 9 443 597
2.6966747311486783 4.735141334175632 0.07441264750318055 9 443 612
2.7433917397963623 4.731592581067421 0.0755496410661256 9 444 626
2.5893195947849783 4.718614836774438 0.07754886993977506 9 445 583
2.6028675044396836 4.724144670772514 0.07220236201670227 9 445 586
2.2814971369029955 4.695044056728026 0.08389136585937917 9 446 496
2.2927554914070747 4.697609195841534 0.08163577746392958 9 446 499
2.3590430885189555 4.708640041184325 0.07277094794471539 9 446 517
2.4552970909345233 4.709252806277416 0.07660248549481175 9 446 545
2.6680777652747785 4.722717286168601 0.07194141064184922 9 446 605
2.403858680466876 4.700017699261154 0.0794048193437682 9 447 531
2.728590055620993 4.719688167246214 0.07321708471303756 9 447 623
2.7819970005877828 4.737424415899743 0.056426776640299714 9 447 635
2.4455039792673583 4.713539171250697 0.06178791620655222 9 448 541
2.4918091258550894 4.697282591780379 0.08169866877426246 9 448 557
2.571795873570946 4.700899207040546 0.08150838793029358 9 448 580
2.6332692075153603 4.7181926604227336 0.06552685649397372 9 448 595
2.6978584892049517 4.7076206573279835 0.08009399138993034 9 448 616
2.504806337160102 4.688257526795729 0.0873768723718904 9 449 562
2.523021230182516 4.6968002398344115 0.0788851230225307 9 449 566
2.3045926419477234 4.685837924348798 0.07579398859824837 9 450 503
2.315993954144484 4.680524935195658 0.0821645988221078 9 450 507
2.388200417933428 4.690299892955375 0.07484176039649082 9 450 527
2.4214493987000227 4.695799729080052 0.07037339443573432 9 450 536
2.465494184945544 4.688806766522587 0.08012892385447712 9 450 550
2.5932040934725835 4.7048882764566855 0.06850246609445532 9 450 585
2.2540156679813745 4.6673783278076915 0.088910938927377 9 451 490
2.5371679258888578 4.688365920945256 0.07919882458908267 9 451 571
2.740826635474166 4.71076213247163 0.06417398805754493 9 451 627
2.353047827665729 4.6765143749909575 0.07874664980826718 9 452 518
2.4442300928761385 4.683390136487482 0.07547791986037078 9 452 544
2.5240742983622777 4.69342572887644 0.06818108508781262 9 452 566
2.647168723433766 4.685032530713485 0.08329171552137793 9 452 604
2.0800530470619623 4.645755968169758 0.09503920833241164 9 453 440
2.2661710694532835 4.660348820288393 0.08772387521782132 9 453 494
2.4957408827106473 4.670809734991407 0.08705333021489281 9 453 561
2.5899426593546293 4.694197900359875 0.06562118361361069 9 453 585
2.721517353887764 4.698966929666515 0.06659576614161322 9 453 623
2.198272585027964 4.647034614647691 0.09451501592131506 9 454 475
2.3148855844029224 4.6626618934411965 0.0827087276477323 9 454 508
2.4708056927995816 4.672588600202111 0.0791123110800025 9 454 553
2.621915153493645 4.689466315576128 0.06756144599385827 9 454 595
2.687504547395122 4.691843655252507 0.06804727100409647 9 454 614
2.6394460533097126 4.68350915830175 0.07020662253749022 9 455 601
2.490592219817619 4.662290738272155 0.0819749004236181 9 456 560
2.523291480798424 4.667030535445356 0.07824241335869164 9 456 569
2.629667676022286 4.682260935789953 0.0663112944756441 9 456 598
2.649206596966335 4.665907073509352 0.08553460223666076 9 456 607
2.3541388917065995 4.655046275306842 0.07876323865642809 9 457 520
2.455093932606636 4.662966063526589 0.07473227425197582 9 457 549
2.563072208847682 4.670430358052091 0.07154974146609039 9 457 580
2.151648032481399 4.629805244456134 0.09262146622623257 9 458 462
2.1821600634319545 4.631620423678226 0.09204953245461156 9 458 471
2.195373716305875 4.6313901165955045 0.09294534527935516 9 458 475
2.228801274684713 4.641113273996101 0.08361701852001935 9 458 484
2.260374916754826 4.645094840544452 0.08065894266274087 9 458 493
2.528622730189965 4.66120142076255 0.07546385555787083 9 458 571
2.635583817748818 4.682810739310604 0.056306236090640116 9 458 599
2.654747758262017 4.6558427116206555 0.08757006604689144 9 458 610
2.0890541167352352 4.618173980844555 0.09799196130901677 9 459 444
2.1016296862563095 4.615795877774211 0.10128316716662278 9 459 448
2.383905694346828 4.650824244027652 0.07539066523301297 9 459 529
2.3988911371807036 4.654201317881154 0.07230360563005345 9 459 533
2.6011591299223227 4.653030853743866 0.08339608676740884 9 459 594
2.159445833514254 4.62978034498704 0.08355371450395266 9 460 464
2.3527498468923502 4.64669433138834 0.07377073853494931 9 460 520
2.572710147547542 4.664574411732017 0.06418530295465219 9 460 583
2.5825272265676 4.664222613154836 0.06505901387277957 9 460 586
2.407344008185663 4.640727600090228 0.0784102248055385 9 461 537
2.4415205651600416 4.636311404079127 0.08508403946313225 9 461 548
2.4868561440726324 4.640782146508915 0.08220946196721801 9 461 561
2.5258674168865136 4.657040380760035 0.06564418313735731 9 461 570
2.659323508958726 4.647740179523711 0.08268441569791674 9 461 612
2.7038604754110143 4.65500940970968 0.07659363735229263 9 461 624
2.1007144636736017 4.61885841617453 0.08361801521141388 9 462 447
2.1485884943170324 4.6128270732377885 0.09281776741228387 9 462 462
2.222596620989476 4.626100409800804 0.08130430929028787 9 462 483
2.2548378354901213 4.62373873381773 0.08556366919626934 9 462 493
2.46570206289749 4.649033097270443 0.06702281916537633 9 462 553
2.5337096553502327 4.645849614583833 0.07395945043645602 9 462 574
2.7260282950245536 4.661293022178926 0.06573467358701857 9 462 629
2.2851098170821484 4.623270910531096 0.08283486871837553 9 463 502
2.313752893045712 4.620782867505135 0.08707521937463314 9 463 511
2.47969006564121 4.630323626185609 0.08427613758252095 9 463 560
2.575402505286189 4.652834446711626 0.06323288199169985 9 463 585
2.1609346286371305 4.606638475743219 0.09106956342215788 9 464 466
2.3848923910437447 4.630253594283593 0.07497079243226334 9 464 531
2.6417370368874713 4.640971989163262 0.07525894432495495 9 464 607
2.6682641445448176 4.646160139301062 0.07061239562609156 9 464 614
2.7479152706622054 4.6560915250658015 0.06313071305064444 9 464 636
2.398777481605038 4.616520847737274 0.08666644055415418 9 465 537
2.4735291401279866 4.62767378428808 0.07751581205691949 9 465 558
2.51298273997291 4.627696574777645 0.07942541793404456 9 465 570
2.5477082126864263 4.625437093745262 0.08372610611250453 9 465 581
2.6124042172579216 4.639743688503503 0.07045752042790054 9 465 598
2.699275766976786 4.646410550192463 0.06705750949547351 9 465 623
2.3420533319947348 4.619936857429574 0.07520783391274088 9 466 519
2.435194577472682 4.621907219395728 0.07751816468218786 9 466 547
2.671389984599338 4.623440143474592 0.0873699131798078 9 466 619
2.732920361435749 4.6502689420313645 0.059467855944860926 9 466 632
2.244112412770601 4.595868506097105 0.09344816023814029 9 467 492
2.451258193184045 4.619522836495269 0.07631219165283465 9 467 552
2.571468924969663 4.6287939989599955 0.07152035717532401 9 467 587
2.6156702590180827 4.629530582310435 0.06807845328603701 9 468 600
2.734102620822891 4.639432845779627 0.06244942789779162 9 468 634
2.1043842484081634 4.584217269124117 0.09066676916526029 9 469 450
2.1875658870508294 4.58933334608173 0.08883855247230255 9 469 475
2.21346438722495 4.588871301694269 0.09065998252075813 9 469 483
2.2743159676447453 4.594578847544748 0.08703667033374174 9 469 501
2.2914589850903306 4.59660096592409 0.08553405167375017 9 469 506
2.3619313206324835 4.594252603615584 0.09175968698747594 9 469 528
2.683632923373263 4.622021837556241 0.0754019308374474 9 469 622
2.4325250287285836 4.609963331873382 0.07223534236041163 9 470 547
2.49225104106754 4.60583191163741 0.08002483064056376 9 470 566
2.516745849290503 4.60881849108001 0.07775723407434221 9 470 573
2.661400449940028 4.6259544762672675 0.06495088906869073 9 470 614
2.192314996655282 4.580833911641761 0.08960223243339449 9 471 477
2.2276808963712105 4.580019461329856 0.09231780672900092 9 471 488
2.2589501917059724 4.5853453893484115 0.08764228453939316 9 471 497
2.3017729169012475 4.586897533035092 0.08795947531779369 9 471 510
2.393556871576835 4.5958144621026005 0.0820963797630534 9 471 537
2.52764618308692 4.609059897444801 0.07327512134528824 9 471 576
2.5337761331010236 4.602993136042284 0.08068137645435525 9 471 579
2.6744329844421113 4.6101876707724365 0.07926961440258351 9 471 621
2.7344064621133346 4.621445435129758 0.06908156782401442 9 471 637
2.4260043535994953 4.6003330401905504 0.07368922246998277 9 472 546
2.5011449606448077 4.595379103009299 0.08325907177240355 9 472 570
2.567876993156323 4.604079430955068 0.07637885146835366 9 472 589
2.134117273217544 4.567987303060582 0.09241145733660638 9 473 460
2.148851725145974 4.563641358752193 0.0982670357392752 9 473 465
2.3292474472602263 4.586911418626212 0.07990113318846293 9 473 518
2.3467116097885636 4.5826644148465885 0.08577693073940029 9 473 524
2.219207160541084 4.569546091757187 0.09016359238868055 9 474 486
2.357664795290473 4.583616983965487 0.08049727234431092 9 474 527
2.4582924338253105 4.578908213626262 0.09111212058070617 9 474 559
2.4914213623068893 4.586376072217866 0.0839553893006264 9 474 568
2.6584248613172 4.600785262693816 0.0753230007737109 9 474 617
2.6930402212515845 4.604128948663282 0.07311202589737231 9 474 627
2.299612455245266 4.560502193945149 0.10024072328096789 9 475 512
2.308626092848584 4.566393124836969 0.09371563095405344 9 475 514
2.5502146443134377 4.596710949457454 0.0699617828635608 9 475 584
2.1118783534866794 4.563994565457219 0.08196134133719157 9 476 453
2.2457992030649034 4.568153883977585 0.0837788494976639 9 476 494
2.3475500769132833 4.572536674255237 0.08370697749322287 9 476 525
2.3910977867606427 4.582451669974933 0.07412346025392424 9 476 537
2.431133498945636 4.572787391249051 0.08762807867492861 9 476 551
2.7300326411541995 4.607241535962714 0.061774807055347214 9 476 637
