4.017407457393132 2.3242256643578085 1.4272258739101167 9 10 566
4.014077817678447 2.3635040472321123 1.4241251865649116 9 12 553
4.020490124287642 2.3148316587914763 1.4191305499517521 9 13 568
3.961885993813242 2.576923204823447 1.432850397509013 9 14 487
4.01327320081595 2.3680209177693876 1.4145219627412269 9 16 551
3.957399272891828 2.5779924236425114 1.4240446434102827 9 18 487
3.9504976037237074 2.5653111714128687 1.424271944372339 9 18 493
5.470108391895155 1.2188854541866698 1.1969759591212987 9 20 592
4.027130230302043 2.0950758341943043 1.3918854995297898 9 20 637
3.9540242729786472 2.557200003848834 1.4165493234452922 9 21 495
4.016785337425548 2.3365195563823273 1.397916921863271 9 22 560
4.0179763429144195 2.3209057816571113 1.3971323691190736 9 22 565
4.007712452510333 2.31473000570533 1.3930258207990462 9 24 569
3.953929303690159 2.5532946631084332 1.4069890603279784 9 25 496
4.005005170283523 2.371978071545269 1.393267619970963 9 25 550
4.005789858554881 2.3597648160080826 1.3926559104264276 9 25 554
3.9563669156580907 2.594251605223971 1.3990123687885847 9 29 480
4.024293011148363 2.091046263985877 1.3685950085625516 9 29 637
4.009027995019496 2.3489919541621793 1.3767198190207472 9 31 556
4.009134281588738 2.328137427080036 1.3757813246353918 9 31 563
4.01070294279771 2.309199528052004 1.374742436894472 9 31 569
4.014264919039768 2.296790851991119 1.3686294610201122 9 33 572
3.9530926730604845 2.570008520085504 1.3864746465724838 9 34 489
4.009663427512422 2.3461925582474334 1.363819608403422 9 36 556
4.014178349817738 2.335386681057603 1.3524492212927308 9 40 558
4.010755946683099 2.096610543170667 1.3390300504811088 9 41 636
4.0059859994444995 2.3126770026299277 1.3473843580620635 9 42 567
5.45164778278417 1.2300713979451947 1.0828159095426637 9 43 588
4.020182552341966 2.087590145354899 1.3319238572598273 9 43 636
4.003859923382961 2.3634292129420293 1.3424221928675788 9 45 550
4.0043520509586585 2.297118958838053 1.33912022367434 9 45 572
4.0014650646641545 2.3525517334183617 1.3396763826275484 9 46 554
4.009262982134311 2.100618697079134 1.3261607129561164 9 46 634
4.007499110393047 2.359253827833738 1.331340554929576 9 49 550
4.001079149635138 2.3273706001774825 1.330740302936348 9 49 562
4.00694792437236 2.2932456084495323 1.328128524580009 9 49 572
4.007191795224207 2.1019177447987296 1.3131789542153847 9 51 633
4.004443989967036 2.284188174445532 1.3202105760584164 9 52 575
4.0070540209247145 2.3455991547131956 1.3203103783440333 9 53 554
4.0063984807340445 2.2909355304125203 1.3149855317544343 9 54 572
4.002509296738357 2.1035493008041457 1.305960516754577 9 54 633
3.9990911387468824 2.3135375810049386 1.3147212952663487 9 55 566
5.415167820802809 1.2482361547322238 1.0272297475693632 9 55 587
4.00196928403781 2.0929726987458177 1.3001177608526053 9 56 636
4.001890699367276 2.367494742242892 1.3092259751922364 9 58 547
4.0001436227760685 2.353582077990041 1.3087861108327328 9 58 552
4.0020730551231605 2.350895449571082 1.3004313035457473 9 61 552
4.0114358208771606 2.090591923977466 1.282074238127855 9 62 633
4.027659741618232 2.0995553715539286 1.2769545560038171 9 63 626
4.00559569559654 2.319785711642858 1.2901761063223047 9 64 561
4.004730009942907 2.305063423934053 1.2895246587940261 9 64 566
4.016514609292455 2.0940321558175867 1.2731165341038786 9 65 630
4.005612421194308 2.343145706608383 1.2861319440401668 9 66 553
4.001624570965872 2.0891848955891357 1.2727912005564432 9 66 635
4.002290673859361 2.3407389207465394 1.2786044858424814 9 69 554
4.026822994505895 2.0991826385804595 1.2604195104130251 9 69 625
4.002533809390947 2.354808388792919 1.274008066768635 9 71 549
4.010250166166926 2.093993975183912 1.254901108448374 9 72 630
3.9973955364088916 2.3266271389152955 1.268013326318686 9 73 559
3.9972610555811414 2.3052587776502054 1.2668071785402995 9 73 566
3.992006710462152 2.2959655542304587 1.2645958073295236 9 74 570
3.9970059379071596 2.08956705340215 1.2488862909249125 9 75 634
3.997059172407596 2.293982567312409 1.2553795856651382 9 77 569
4.000870650677158 2.3554821560405683 1.2555457231816658 9 78 548
3.9951920466164355 2.0953183811418308 1.2412590459286543 9 78 632
3.9874530876654326 2.09443108694775 1.239992894608682 9 79 634
3.9913246642416054 2.332595334872381 1.2480039029675583 9 81 557
5.449826157047054 1.224422422411453 0.8808324673465314 9 81 582
4.002149061967096 2.346560955620364 1.2438939363045143 9 82 550
3.99810759860883 2.2905208225157745 1.2413354424964793 9 82 569
3.9897664758596956 2.3172297118830305 1.2419696215910727 9 83 562
5.445006683793913 1.2317287675410054 0.8713194389918418 9 83 581
4.014175915921804 2.097683597500452 1.217806707765094 9 85 625
3.9967279689310615 2.080835682889448 1.2148326231734778 9 87 634
4.003423933853363 2.3458173235848054 1.227141927652788 9 88 549
4.007215725144709 2.1003451299836056 1.2081000585416384 9 89 625
3.9917746995900183 2.3214447595545287 1.2226563154274768 9 90 559
3.9999147964342834 2.0759361962062615 1.2053186879819384 9 90 634
3.9900931312925874 2.2940963662848963 1.2185370871650123 9 91 568
3.996868848758226 2.3102491790994466 1.2125131163251506 9 93 561
3.993898850414826 2.0763348455899 1.1895695747985433 9 96 634
3.992236521714746 2.2830061316864283 1.2006603472808368 9 97 570
3.992336190475542 2.350963913579952 1.2023244535835695 9 98 548
3.9901303576690204 2.3400091628900315 1.202118213142425 9 98 552
3.9889985212916623 2.286669294034431 1.1932669261323858 9 100 569
3.9853262181222706 2.273497246672999 1.1932613708918514 9 100 574
3.98850526273192 2.33278266354204 1.1908785739211911 9 102 554
3.9925807810173897 2.3176223665887417 1.1888747425229897 9 102 558
3.9843730337468504 2.304729923951921 1.1759415339610917 9 107 563
4.000744891038674 2.088859767088407 1.1569406546478758 9 107 626
3.9837350761017665 2.29461752425754 1.169748221413448 9 109 566
3.985815700316866 2.2647200982704607 1.167135453440335 9 109 575
3.9975278502338583 2.319470549595792 1.165143255110028 9 110 555
4.004049276352773 2.090571908556588 1.1474296864403497 9 110 624
3.992093268970813 2.3240586772281713 1.1554515846665512 9 114 554
4.002632989030885 2.106531356435635 1.128255174792178 9 117 618
3.984682496895548 2.2888458807491547 1.1434025012789517 9 118 566
3.979227914052255 2.2767337455932926 1.1439846462438976 9 118 571
3.9834598844731506 2.257812978662991 1.141467977081793 9 118 576
3.92382382191077 2.837251296440947 1.1945792534207986 9 120 388
3.9262208273350114 2.7444892946064865 1.1870971799964307 9 120 422
3.9921694533861114 2.31442463055437 1.1374851539275312 9 120 556
3.9290460668364666 2.8193620486469015 1.1892371574085336 9 121 394
3.9281762321606055 2.7104613659250916 1.1814190029697422 9 121 434
3.9273185206453443 2.7819669715886324 1.184325691890623 9 122 408
3.9232849385533406 2.7370552993397808 1.1820991686010711 9 122 425
3.9816175300159795 2.2721137252637487 1.1285601839969315 9 123 571
3.9277901668105613 2.6821389248516487 1.1714535181339938 9 124 444
5.319060320857918 1.310155749564472 0.6800819277333046 9 124 575
3.9239003730296727 2.663996247197338 1.1685110734963329 9 125 451
3.984442400429283 2.2945532296189906 1.1236470901421012 9 125 563
3.9938469047778247 2.147670749178302 1.1099304017443026 9 125 606
3.923930244515328 2.8686758189686588 1.1813364552127132 9 126 376
3.9291335095703106 2.805241595219777 1.17506008043603 9 126 399
3.928186246129169 2.7509400672986875 1.1712143692635841 9 126 419
3.9230420466152336 2.725392608303715 1.1707333980975225 9 126 429
3.974796745534529 2.0915397525194823 1.1051154183119536 9 127 627
3.9256014979261646 2.5535360131244857 1.1488234966119841 9 129 489
3.9747572892944385 2.387011680062572 1.121871860427438 9 129 535
3.9985056900889044 2.104201857875985 1.0933048183368046 9 129 617
3.9219164711038497 2.6551954102908377 1.1550063236338661 9 130 454
3.917362548165362 2.6375231235430547 1.1549621105599268 9 130 461
3.903088210771137 2.443045726450975 1.1440886874873994 9 130 531
3.9755459079442694 2.2689953646783323 1.1096558727204964 9 130 572
3.9271638266451703 2.786210180652974 1.1609423846934825 9 131 406
3.927980993602834 2.755692738380458 1.1583377317158723 9 131 417
3.9760502784811163 2.3127790989954704 1.1099767584967086 9 131 558
3.918782833845907 2.58780724335854 1.1452857545115793 9 132 478
3.989030570677361 2.0927319227558456 1.086109612867706 9 132 622
3.9713673057762144 2.093847728769613 1.091378576106663 9 132 626
3.9202843388580306 2.700109438312532 1.1509109794805985 9 133 438
3.9262254555427383 2.621126580806183 1.1429760689437682 9 133 465
3.9828165499703676 2.3548001810218286 1.1054292137678308 9 133 543
3.9876268441944207 2.255407404979894 1.0962307827169906 9 133 573
3.9886790005208015 2.122556765194914 1.0855231830263377 9 133 613
3.9286700328864637 2.890783140065142 1.160724724550477 9 134 367
3.9250853529106973 2.572420234584232 1.1367589823271151 9 134 482
3.9035133281602468 2.4997782360918497 1.137453741039666 9 134 511
3.8978860190861546 2.4767589782311115 1.1373150049787093 9 134 520
3.901446592439153 2.4599507451916525 1.1349361696052085 9 134 525
3.9229390048175974 2.8683420150367187 1.158026667958413 9 135 376
3.9273069192981955 2.821109730715432 1.1529911964286406 9 135 393
3.920472381286057 2.7330132622978454 1.1480749120839033 9 135 426
3.9198497806775414 2.5428412990433253 1.1332405702804962 9 135 493
3.918986876665681 2.5287091116829434 1.1323821630326512 9 135 498
3.9807797485608654 2.3137343581643033 1.0969420399799106 9 135 556
3.9276814295012867 2.622445485806365 1.1344507981545708 9 136 464
3.912760047826871 2.4253646645425295 1.1232980755762978 9 136 534
3.9305194900210907 2.844304643552928 1.1485345410533714 9 137 384
3.923876787938033 2.6638643600314253 1.136160565626101 9 137 450
3.976234739129634 2.2996781210364263 1.0913018998208666 9 137 561
3.9163074611206214 2.7257846944115354 1.1406961816628631 9 138 429
3.9823677355654477 2.1305951793397093 1.0729468325674836 9 138 611
3.969408683759916 2.090791922644784 1.073701301361089 9 138 626
3.91371365804492 2.7926330424188084 1.1441737332817488 9 139 405
3.916781998196286 2.7833367147526866 1.1424872101108106 9 139 408
3.8705906633834513 2.7894697916106312 1.1571131316513408 9 139 412
3.983862818407217 2.3510000592621223 1.0871887800949804 9 139 543
3.97788617775472 2.326225614507014 1.0870246775859504 9 139 552
3.9340138302515752 2.8210693411419694 1.137555271849426 9 140 392
3.922808769815928 2.637947935068196 1.126207959378095 9 140 459
3.9201766544552 2.6248761521666815 1.1259618624701448 9 140 464
3.923086724018856 2.5363684308065677 1.11791498417966 9 140 494
3.9663268484147087 2.2951454245551353 1.0851167430613775 9 140 564
3.9215775925697676 2.6037776592195723 1.121070070248921 9 141 471
3.9082679641012064 2.4348045134467284 1.1114760950524156 9 141 531
3.9976093252352154 2.1093881070678813 1.057406153843958 9 141 613
3.9731614541512768 2.105544533729355 1.064662741618197 9 141 620
3.9863974870149574 2.3445889440682945 1.076993846409057 9 142 544
3.965808782421628 2.2814972391661232 1.0782612758962964 9 142 568
3.973670152392616 2.0806980311260643 1.0594424646199372 9 142 627
3.924406057212784 2.581446894301026 1.1128298386018938 9 143 478
3.9034820481550163 2.48731448997415 1.1116745630121474 9 143 514
3.9039678957922366 2.4603831835064294 1.109316866588712 9 143 523
3.9814676530602657 2.292622976514836 1.0713044237931126 9 143 561
3.916377355627631 2.69936384650408 1.1222761053718222 9 144 438
3.915906495629995 2.5650875891648566 1.1113787345199795 9 144 485
3.9765487621416726 2.384288540942643 1.0744465779159058 9 145 533
3.9832721466959815 2.3737361278465317 1.0714443023669036 9 145 535
3.9925721161840615 2.1172050092334715 1.0473008118181633 9 145 611
3.976300978026015 2.0998712092045904 1.0510241631293522 9 145 620
3.914779997712973 2.625734075339534 1.1112102413931404 9 146 464
3.975833465987812 2.294740049433832 1.064282271981984 9 146 561
3.975500196144705 2.085383673687203 1.0439394637730008 9 147 624
3.981399482359736 2.3797602790474026 1.0636087582912204 9 148 533
3.979753590106477 2.352105210226153 1.0618236421184393 9 148 542
3.9806775692640786 2.3226010849004104 1.0590553085686076 9 148 551
3.9586445042955205 2.2764935892117837 1.062296833122118 9 148 570
3.99166999618165 2.119064207644761 1.038469025325568 9 148 610
3.9142867249835676 2.6906794945271253 1.10852944489524 9 149 441
3.914743508475046 2.67348254090407 1.106935039548116 9 149 447
3.91411904444582 2.5584567682037096 1.0974634090152946 9 149 487
3.918528501677237 2.5414249591252984 1.0946015050409001 9 149 492
3.9105291431899065 2.516296974655382 1.0950814058775702 9 149 502
3.911996675619859 2.6028518632115496 1.0991050075507047 9 150 472
3.920455544067835 2.426061134130599 1.0814130400326938 9 150 530
3.996817908935145 2.1099993274704363 1.0298182928700885 9 150 611
3.990235457284084 2.1016202061729468 1.0312564986553276 9 150 615
3.8983695535365364 2.492866985653623 1.0914563360936564 9 151 512
3.9819206528145346 2.3491156918953338 1.0518663876119798 9 151 542
3.9664689480802178 2.2820946192875646 1.0512460559963372 9 151 566
3.9135870728470215 2.6475657667984582 1.0968165953179017 9 152 456
3.9002078668662854 2.46462313459885 1.0856381363606369 9 152 521
3.981208200039926 2.3329417056350676 1.0477101536284836 9 152 547
3.7010537672338 2.772029129625179 1.1751558129256505 9 153 445
3.997559429263236 2.1105407163674657 1.0202311934526962 9 153 610
3.912490251436077 2.6158553095399535 1.088890745865836 9 154 467
3.915505976765946 2.58237254416318 1.0850070494090198 9 154 478
3.9319735993076703 2.41701064244822 1.0653018492713948 9 154 530
3.9090213587291673 2.51775824112941 1.0787848998854928 9 155 501
3.9678385956848614 2.3111440950104476 1.0412275963187598 9 155 556
3.9762064784320845 2.105763926873299 1.0206906802795581 9 155 616
3.965936841088205 2.27944851487636 1.0360992728849299 9 156 566
3.914173006961518 2.643066555779066 1.0822769222941147 9 157 457
3.8959181053370235 2.479901201557289 1.074255985361975 9 157 516
3.9729309702414106 2.3741556922434026 1.038941257214748 9 157 535
3.992618343658606 2.104561042636756 1.0087902976358465 9 157 612
3.914628430972651 2.5550187459808402 1.071614412032648 9 158 487
3.901244090559693 2.4402514062682354 1.0661389866429931 9 158 528
3.9194662727223535 2.575759556053493 1.0689327954854633 9 159 479
3.9177299964375214 2.538182599200405 1.0662272717360608 9 159 492
3.96863256740368 2.3277153432613535 1.0302958789003505 9 159 550
3.9198161223982413 2.424758521479541 1.052640788159591 9 160 529
3.964170216201338 2.307520803159149 1.027015352065364 9 160 557
3.921888418416036 2.561996477194956 1.0611667190605285 9 161 483
3.903811125066282 2.49149030092598 1.0611836786342697 9 161 510
3.9050304606539 2.523189847993356 1.0607156289157205 9 162 499
3.8908093985482624 2.4718179144960297 1.0610989224942735 9 162 519
3.972453490944333 2.3814970732795717 1.0246239502875398 9 162 532
3.9729949522218684 2.0857507969684512 0.9981237859099974 9 162 621
3.9687916185100276 2.312374835478928 1.0166916314012133 9 163 554
4.001029948328687 2.106963506855731 0.9870488092778644 9 163 608
3.95633055639873 2.281341660714196 1.0152312316433005 9 164 566
3.9711243279174844 2.1097388648888997 0.9946254469746056 9 164 614
3.971948929530479 2.351307445292741 1.0129498571712061 9 165 541
3.967086247906468 2.3415620268003954 1.0137930621404379 9 165 545
3.9118293615816313 2.5920457932150294 1.0530628477670332 9 166 474
3.917506360086594 2.5386867273826996 1.0462143897285436 9 166 491
3.8920592250319426 2.460281659393606 1.0481758777079246 9 166 522
3.978966662206245 2.3785845439261393 1.0098555880428357 9 166 531
3.9757864711755735 2.3579934278413037 1.0091241527578703 9 166 538
3.9764872851163484 2.1072213298672438 0.986183754083484 9 166 613
3.9714950591460676 2.0872260558526965 0.9861510866302408 9 166 620
3.898115571632615 2.4440286072605666 1.0416548058262016 9 167 526
3.962321880736014 2.2883716975573303 1.004540172705711 9 167 562
3.90483235937124 2.526927232873553 1.043903273958008 9 168 497
3.9719495664712845 2.333448584621156 1.0021094330325107 9 168 546
3.930518977845683 2.41685970934804 1.0216445415642563 9 169 528
3.9711351667145025 2.2644780815726615 0.9929966751752041 9 169 567
3.9100231462219117 2.5798541837016944 1.041109614752301 9 170 478
3.8928636470989813 2.4850731741643126 1.0386253784157178 9 170 513
3.9348170036362116 2.413209006227893 1.0137678942028037 9 171 528
3.969825727787483 2.3004568863594392 0.9905589538641473 9 171 556
3.986887164611031 2.100931032743432 0.9626686643658865 9 172 611
3.9696481266698025 2.3419597667076895 0.9882621250534732 9 173 543
3.960377239592426 2.0908605333831587 0.9682909780609964 9 173 620
3.892775658362692 2.4864066090649706 1.0271968066822315 9 174 512
3.9058475594989677 2.562504825255025 1.0265610272300685 9 175 484
3.9370885568603464 2.412973801884797 1.0008608582264724 9 175 527
3.9932100315383074 2.110887867901379 0.9515490752962629 9 175 606
3.893892136409768 2.466736119999886 1.0191014766747828 9 176 518
3.958105591895938 2.2957082878949935 0.9788929215552885 9 176 559
3.910577909533315 2.532290766483573 1.0160940749161393 9 177 493
3.9800337530525924 2.102564251466287 0.9492179822356529 9 177 611
3.9730828483137497 2.101312360540468 0.9517189897544355 9 177 613
3.8915445251668497 2.5154650939819168 1.0187641087074712 9 178 502
3.968324129554703 2.3269566155316124 0.9717529782682437 9 178 547
3.9548054638531838 2.0983711900064916 0.9551352047753479 9 178 618
3.9438047228139816 2.1007200583912153 0.9595256291040317 9 178 620
3.910667713715325 2.588379962760587 1.0155315377823326 9 179 474
3.9161463314351144 2.525444246743281 1.0074359718060222 9 179 494
3.9615663660183786 2.314526712446516 0.970002861838886 9 179 552
3.969063648321586 2.3776079038958176 0.97004888946808 9 180 531
3.9735065540968506 2.3617497204389695 0.9668282834251413 9 180 535
3.9704323653554674 2.3533847347042087 0.9640620352535733 9 181 538
3.953197868481868 2.0972874437425024 0.9460361166876552 9 181 618
3.9648845685159593 2.3138065217118466 0.9592348616908575 9 182 551
3.898674223418639 2.5214603923202525 1.00195390849544 9 183 498
4.003076384201969 1.9997545887296426 0.9107623208668485 9 183 633
3.9161006882672673 2.571951189485111 0.997118943278813 9 184 478
3.966948542327641 2.3898584134296206 0.9595221883772641 9 184 527
3.953052470484174 2.287778320166893 0.9550005987280447 9 184 561
3.9836583199973745 2.1185368724136695 0.9265593480456948 9 184 604
3.881281591201719 2.4763307870194806 0.9984559749482511 9 185 516
3.877234245610107 2.4515109059077624 0.997615795656173 9 185 525
3.9681607961974152 2.3461123872171346 0.95162540230959 9 185 540
3.9526584741451525 2.094482289117125 0.9330895274911482 9 185 618
3.9069502504178 2.5489396247646665 0.992521136316329 9 186 487
3.959591701397352 2.1501354182659442 0.9325874444894519 9 186 600
3.9721630445105887 2.108816932292477 0.9235712703004573 9 186 609
3.982113401520918 2.026185921528958 0.9115304964729227 9 186 630
3.900399935074895 2.5905949178964613 0.993306015519775 9 188 474
3.9029330565520857 2.523141910363847 0.9856179522635079 9 188 496
3.885776759462429 2.4661864512227014 0.9868109280546974 9 188 518
3.878575372015112 2.4492535852158004 0.9880022781991975 9 188 525
3.97003203795868 2.3432183956846395 0.9410788298712554 9 188 540
3.954389018615135 2.2843621470143507 0.9414809062860734 9 188 561
3.975299835276786 2.115156000292801 0.9163980625853451 9 188 606
3.892892174054871 2.47978440978913 0.9823418554976441 9 189 512
3.961384954116875 2.0908517170140697 0.9162629958489796 9 189 616
3.9841157803283114 2.2108769058930062 0.915824837763233 9 190 576
3.980805679680272 2.1615396184894644 0.9122316796854786 9 190 591
3.9690518496799845 2.1360654314354734 0.9144163938897458 9 190 601
3.9571697272862383 2.323672013106025 0.9347399963133575 9 191 548
3.9614767250789846 2.3074963785695233 0.9313782920885549 9 191 552
3.958319401697715 2.2730333295915024 0.9292008619069017 9 191 563
3.984038524900086 2.241109372673653 0.915606917281802 9 191 567
3.9066580968357147 2.5770572540354277 0.9775610521418847 9 192 477
3.9087911926313046 2.554809759195646 0.9744564509706198 9 192 484
3.9676968862030266 2.026322343095403 0.8973626425514469 9 192 632
3.8012388542113227 2.9365859362841618 1.0539085337853733 9 193 362
3.9009234325352478 2.522264873430153 0.9713762413695517 9 193 496
3.8953303008173066 2.513237782175307 0.9727471391911936 9 193 500
3.964200795372939 2.3771387303438867 0.9308927555385299 9 193 530
3.962963591012019 2.0897428308177175 0.902369093851184 9 193 615
3.818520723335668 2.9625838102422892 1.0468138119829449 9 194 350
3.868375651990692 3.0054007650846204 1.0279558643375104 9 195 329
3.9088086434747 2.5323669654832206 0.9631368140907725 9 195 491
3.959534918748071 2.372499627046726 0.925957768869125 9 195 532
3.9625910476869644 2.34088315539563 0.9214796660865853 9 195 541
3.9641480651316003 2.1707983353466456 0.9035226251326955 9 195 591
3.9640022072283516 2.1466769571047974 0.9011270657379334 9 195 598
3.9583494724736896 2.1373213614835938 0.9025040625520118 9 195 602
3.8533807019779633 2.9930158818597734 1.0301403508323577 9 196 335
3.89804251236142 2.5135168225017432 0.9626395654054754 9 196 499
3.9662175001537934 2.2302710944907074 0.9054605357342612 9 196 573
3.9548034825265512 2.094105399239204 0.8962700243972425 9 196 615
3.958196664238847 2.0595278841318057 0.8913309792713008 9 196 624
3.951132008363536 2.033793496703352 0.8916261251049225 9 196 633
3.8863123108328432 2.4524597738047187 0.9582352558493854 9 197 521
3.9737432822491083 2.3821666039543694 0.9146451316869629 9 197 526
3.9513348295558615 2.294236669181416 0.914946503264276 9 197 557
3.9628377479022103 2.262609176190221 0.9069152782289532 9 197 564
3.862230434052567 3.10950250377505 1.032957448873567 9 198 289
3.9108616394692897 2.5575909889431787 0.9557748699354858 9 198 482
3.961124923351984 2.3731601939940936 0.915763499731968 9 198 531
3.96023576131077 2.340741427867318 0.9127958313103773 9 198 541
3.9557811911199434 2.0385854400451566 0.8835336002020208 9 198 630
3.9539008788424357 2.1064096525345963 0.8879999399439695 9 199 611
3.951882024801389 2.087057295739501 0.8868467524118395 9 199 617
3.956383207197514 2.3122558041508006 0.9050099872553781 9 200 550
3.9571318507009687 2.227450738739617 0.8958900419271582 9 200 575
3.9509974474917886 2.187667598328202 0.8943491418032092 9 200 588
3.9483724244121223 2.0255397396234383 0.8786259233904964 9 200 635
3.8512882052405404 3.0169357595359227 1.019779265382573 9 201 326
3.911770062812661 2.5864645219180304 0.9492673647343635 9 201 472
3.949128042351602 2.143565003754748 0.8872665222872302 9 201 601
3.904674135364182 2.5624405107410437 0.9467328092912626 9 202 481
3.9549891911945423 2.3518726417670055 0.9032639872965795 9 202 538
3.95070839889385 2.274801633542306 0.8970245867972018 9 202 562
3.8400274763574265 2.9961009851649827 1.0169093706590369 9 203 335
3.953653998385869 2.2313852464567145 0.8879489599327458 9 203 574
3.9455933654573228 2.103063097349639 0.8779222626375489 9 203 613
3.903888077971864 2.543801481061914 0.939009672684066 9 204 487
3.8874870250525992 2.4577069958504145 0.9369867306083134 9 204 518
3.969085167504341 2.3847319250529737 0.894195831961506 9 204 525
3.956255997138996 2.293162160633283 0.8900592765824498 9 204 555
3.892584387678336 2.5220826107546777 0.9385336543217627 9 205 496
3.9588649386166015 2.3409834349290897 0.8907235113080706 9 205 540
3.955052975237875 2.2663870063726423 0.8844754218994261 9 205 563
3.948077322379263 2.1482459766212942 0.8749856656524984 9 205 599
3.9055649108489554 2.542126254155634 0.9319742516119119 9 206 487
3.8783071635071487 2.4531041920311214 0.9343500455060031 9 206 521
3.9534777064257076 2.0477884320264548 0.8586494686937984 9 206 626
3.811632734344203 3.017632426134116 1.0205858258677774 9 207 329
3.88589176939836 2.5158593536967144 0.9346770708686627 9 207 499
3.961617689920356 2.3779312741400975 0.8869351559274347 9 207 528
3.9652197621040406 2.335622092717105 0.8808513898096052 9 207 540
3.9482628364742296 2.2189945014628645 0.8758086624573201 9 207 578
3.955533057634407 2.023567775655009 0.8517938006538635 9 207 632
3.8824348626465524 2.4774804939702677 0.9290298403966082 9 208 512
3.968398110413508 2.363085435737079 0.8791110732471467 9 208 531
3.955620940614665 2.1747128318635234 0.864541965540568 9 208 589
3.949949888680023 2.123415939485825 0.8615349787987436 9 208 605
3.9648233620913023 2.3246454111029387 0.8732646154694754 9 209 543
3.957658520776735 2.289062909064763 0.8725947188077345 9 209 555
3.957161272292282 2.2588586136010145 0.8695674015465583 9 209 564
3.9540148628872096 2.2201200782111252 0.8667891683164896 9 209 576
3.9018154360472423 2.5914946159739074 0.9266188926453854 9 210 471
3.951050443784113 2.2078968679089725 0.8634575641651209 9 210 580
3.9478573451718715 2.0811961814302458 0.851200579995952 9 210 617
3.9028287191705275 2.575409343481942 0.921356058072814 9 211 476
3.87446203018264 2.4437615359049434 0.9197032804212562 9 211 524
3.948529194226677 2.0548365700331055 0.8446729398608439 9 211 624
3.9093902400590013 2.5408234541253525 0.9115825918636482 9 212 486
3.8805591462843747 2.501031116148175 0.9170512625510243 9 213 504
3.957596256717678 2.317045199634597 0.8624285136111146 9 213 546
3.9548749624692707 2.2851056454046224 0.8601635180975575 9 213 556
3.9561958340928824 2.2225713005473455 0.8527473245938643 9 213 574
3.9537814898007575 2.210581026524009 0.8525215887944825 9 213 578
3.952724422530407 2.1592685877140902 0.8473962939983688 9 213 593
3.952495039968977 2.0567908964747414 0.8363165842974731 9 213 622
3.952976431157329 2.0131188503600734 0.8313351319314237 9 213 634
3.8822744172510264 2.465498770443399 0.9093058757591229 9 214 515
3.9550661199919066 2.348370566670792 0.8636847085611192 9 214 537
3.9590550303361867 2.274061714288032 0.8504068404684032 9 215 558
3.9430964217203592 2.1304325864450915 0.8418368125399338 9 215 603
3.8892426597312646 2.5225287242626218 0.9062180464759635 9 216 495
3.940031148184331 2.3934478122569733 0.8688836675042035 9 216 526
3.9576848248073153 2.205475333510972 0.8401128612862508 9 216 578
3.944227515365542 2.111078015117638 0.835812470175115 9 216 608
3.8829509036162317 2.4978919428807917 0.9032560100214498 9 217 504
3.883837241984452 2.4380330404486754 0.8962200952192256 9 217 523
3.9586616328011646 2.3139078790687293 0.8482999321188966 9 217 546
3.9542570053619848 2.0625314785403805 0.8224639447789619 9 217 619
3.9586062454602873 2.0152805666355387 0.8152433578464356 9 217 631
3.9036483034080875 2.5385010134610453 0.8951682834215089 9 218 487
3.949360020474236 2.3665382545017377 0.8550773057488653 9 218 532
3.947919130061945 2.249318956788862 0.8427039637224224 9 218 567
3.948523991799141 2.1376737712098413 0.8300119903638531 9 218 599
3.8977365100237336 2.5316384196557813 0.8908499376057635 9 220 490
3.8851780845577717 2.4921591409182158 0.8922400480403382 9 220 505
3.882033801306277 2.462810171778983 0.8904074752494783 9 220 515
3.9568413883796687 2.262094128446753 0.8332943772103709 9 220 561
3.9394713482758075 2.1117403820429757 0.824490315234763 9 220 608
3.898480512687379 2.5648647751114035 0.8910983521360115 9 221 479
3.9561555356106073 2.064603784920368 0.8080280283272265 9 221 617
3.9551101666554294 2.03654332559032 0.8053586985689991 9 221 625
3.950138812145736 2.0118542607238026 0.804893888024821 9 221 633
3.9005810997811086 2.5910784139959686 0.8899408508235122 9 222 470
3.9450560807099064 2.3504116882951176 0.8420056601756177 9 222 537
3.9504435419029074 2.2309359833756104 0.8260044624360321 9 222 571
3.896113580791413 2.534435012884699 0.8824855232412024 9 223 489
3.916945388179026 2.4141740717841618 0.8590886502172487 9 223 523
3.935962634731789 2.362517496948833 0.8443151193007976 9 223 535
3.9551214915631983 2.2613423628853586 0.8238652697380153 9 223 561
3.9467259149962475 2.2769998337687793 0.8262094009931213 9 224 558
3.883051711264848 2.5284829353424256 0.8816744950373228 9 225 493
3.932526829497808 2.3503389377849624 0.837925915382697 9 225 539
3.9344541876405117 2.318893194194289 0.8334247582248373 9 225 548
3.9508057651067148 2.1266473704561526 0.8037442945745343 9 225 600
3.942129218919054 2.1017877704683046 0.8050137099288031 9 225 609
3.9528597198367788 2.0639277668628546 0.7956139085941761 9 225 617
3.948673221151422 2.0385787609976047 0.7947023015535597 9 225 625
3.9299184718394136 2.307965203780276 0.8309923716886104 9 226 552
3.955664060794612 2.2172582787613404 0.8083620929332562 9 226 573
3.9455472411963157 2.00764425394871 0.7891597397984249 9 226 634
3.910737599762859 2.4062739323214872 0.8481165531007042 9 227 526
3.9601931179575125 2.2515357743514266 0.8067101912126984 9 227 562
3.903606875602313 2.5595487497777736 0.8659625399663976 9 228 479
3.8558953193346257 2.987797338872082 0.9353599684887006 9 229 337
3.877010902158368 2.5022965395408736 0.8689554784269204 9 229 502
3.8758373151907843 2.487385210926682 0.8677937207010483 9 229 507
3.882168732201914 2.455251063493852 0.8610218605118053 9 229 516
3.9527150470310097 2.2243188311574666 0.8002910007617688 9 229 571
3.9506306249417893 2.073187274806184 0.7837903999237193 9 229 614
3.8950883951197275 2.5941871074494625 0.8677298484468899 9 230 469
3.9201714059254265 2.392076209717984 0.8320986837881452 9 230 528
3.9137205795910455 2.360039695423613 0.831495545932449 9 230 539
3.948750296452294 2.048524316669137 0.7783336650378512 9 230 621
3.913767721564003 2.312823054223024 0.8226582044488698 9 231 553
3.950726485556954 2.1110517325747638 0.7811565341628823 9 231 603
3.8933499336782003 2.5354553015213783 0.8553625550369325 9 232 488
3.8817089660816704 2.5138754422585903 0.8585170348437795 9 232 497
3.8908446257514218 2.432430975906604 0.844520913968055 9 232 521
3.9236261100677243 2.321473605260165 0.8121732941516292 9 233 548
3.947789973890231 2.197126056450209 0.7857139279088972 9 233 579
3.9444954050901764 2.049538288787559 0.7699829056062141 9 233 621
3.9336452408648652 2.2968982627664003 0.8009810380116482 9 234 553
3.9463121799177037 2.260344023246107 0.7904330514499937 9 234 561
3.9511254215941793 2.1440983269563354 0.774351287272792 9 234 593
3.934674368762286 2.1076076662859995 0.7781459988530284 9 234 607
3.8770943569839966 2.452275228307241 0.8439382380282103 9 235 517
3.9460581635657315 2.0133428081863665 0.7578753799835449 9 235 630
3.948158373440573 1.9966719274175373 0.7548633202845353 9 235 634
3.9497494982120642 2.373059731172211 0.7952296112705014 9 236 527
3.946152846783601 2.1250428545116486 0.7675469640973509 9 236 599
3.829202344955277 2.9673335386955446 0.92280193114094 9 237 347
3.892624747827587 2.5744278364235007 0.844318832820527 9 237 475
3.882864055836784 2.5079182272690606 0.8412555443256279 9 237 498
3.9421053523407057 2.11679191917152 0.7650698308169129 9 237 602
3.872175116371034 2.488582048295975 0.8410777386283004 9 238 506
3.946670455860123 2.2504088804197773 0.7752615183900805 9 238 563
3.9486065130223253 2.2420052168903917 0.7732860780414611 9 238 565
3.946767976176878 2.2328745553477014 0.7731141789523984 9 238 568
3.936049291191182 2.085043537330839 0.7607904439835943 9 238 612
3.890600148229109 2.53727333539826 0.8344496248122293 9 239 487
3.9536575714572098 2.368863202367968 0.7825032677729211 9 239 527
3.9522014050584433 2.3391282419969994 0.7796642206941626 9 239 536
3.941211708497435 2.1765351001160957 0.76566282027769 9 239 585
3.933080057051959 2.068641406969897 0.7567938327103282 9 239 617
3.9503591742568327 2.319187851942583 0.7747399816451487 9 240 542
3.9307223527696635 2.055292009956535 0.7528484976252169 9 240 621
3.809226239139748 2.96426899183015 0.9209171306791228 9 241 350
3.9452753906324887 2.2904082692251566 0.7669053907255228 9 242 551
3.9404521982057616 2.0375432010749837 0.7386616147890863 9 242 623
3.7579264709233846 3.223754728118487 0.9730094802668229 9 243 249
3.89331145426282 2.5687287045174387 0.8239284715961751 9 243 476
3.953461963413921 2.34277682872302 0.7656217213607339 9 243 534
3.9407584789153924 2.261750568692891 0.7622483372030363 9 243 560
3.786733804565917 2.9646540049488985 0.9238547626838568 9 244 352
3.8939607175369524 2.5428581840876907 0.8171827888383048 9 244 484
3.8790799385818304 2.4465546009752392 0.8130520958340891 9 244 517
3.9394522124066538 2.2445810726887885 0.7573347520861672 9 244 565
3.9418542935505188 2.0011307680991326 0.7263304322419835 9 244 632
3.719887937792487 3.1847007556363827 0.9824992985249322 9 245 267
3.8919898208003327 2.530898119408943 0.813464811328749 9 245 488
3.9494063288491157 2.3236529221792646 0.7584063578245855 9 245 540
3.9438342598452403 2.1840736704935284 0.7441520401592142 9 245 581
3.9494899211783148 2.100254305183268 0.7309474902055655 9 245 603
3.951444468191633 1.9801488037871495 0.7151995203720304 9 245 635
3.789314773010341 2.984829461071744 0.9192966893952724 9 246 344
3.883925937379108 2.6005002329740394 0.8229411335900149 9 246 467
3.8701979629566807 2.514434834113149 0.819454454297528 9 246 497
3.944856847519791 2.3977386231404214 0.7663983891891175 9 246 519
3.9437649361301297 2.2223717146642623 0.7453661640199261 9 246 570
3.941635893652191 2.131298390963843 0.7352528224422379 9 246 596
3.777967746731135 2.974609906816468 0.9210803283774628 9 247 349
3.873314848533169 2.496411755270483 0.812365325964176 9 247 502
3.956524891652659 2.355603963361046 0.7516660366876634 9 247 529
3.9422546787840322 2.2579251881882976 0.7470182674991288 9 247 560
3.9530657769543605 2.0882084634038525 0.7204164991886348 9 247 605
3.945123125601496 2.039826424115553 0.7185693230847143 9 247 620
3.9478032714743847 2.0039874076920414 0.7127451822325167 9 247 629
3.8935866310982377 2.594906609165829 0.810729907404706 9 248 467
3.951736584276076 2.316755150109262 0.7458454963354636 9 248 541
3.946172428557394 2.0748452351219098 0.7187470711274402 9 248 610
3.935783216828688 2.0544986932665252 0.7216517301943557 9 248 618
3.7133659455993975 3.1650685677551746 0.972994027907309 9 249 276
3.892837516377595 2.566722237273449 0.8043473979856518 9 249 476
3.89357646393377 2.5347117401472063 0.7999751178355691 9 249 486
3.880784947619125 2.5291661097541986 0.805996357761129 9 249 490
3.940071938584445 2.264456959332223 0.7384183955006238 9 250 558
3.9473315210035462 2.1846552643671826 0.724624846644433 9 250 579
3.703147257028987 3.2053092553233404 0.9781857807201484 9 251 259
3.946742327043575 2.34938347480012 0.7420085000035388 9 251 532
3.945530068650406 2.3121993537581096 0.7379884902809636 9 251 543
3.946589255562861 2.0236339463470276 0.7012537151254039 9 251 623
3.9465605827559362 2.001232049718496 0.6984605963914845 9 251 629
3.7262465526031043 3.2408716773839386 0.967791144143123 9 252 243
3.7133761580345026 3.128027460883579 0.9604327521155894 9 252 292
3.8804437466981323 2.5344203702854946 0.7969981648504046 9 252 488
3.944261914800597 2.277586439170361 0.7307834076395953 9 252 553
3.944335237593436 2.2423683042658675 0.7263139440123348 9 252 563
3.9518990392808986 2.1687356831006994 0.7130324117897061 9 252 582
3.946953752867253 2.121936892113681 0.709772305737285 9 252 596
3.8862844856427294 2.5968662022262103 0.7984767311647792 9 253 467
3.8781600958041826 2.5698492286790033 0.7994000820033904 9 253 477
3.8837180345011997 2.557457663917103 0.7948707136716161 9 253 480
3.870788204880353 2.4888007143097344 0.7931007711785754 9 253 504
3.943872314237665 2.2207393223257452 0.720271130768194 9 253 569
3.7162127793023965 3.18414588522696 0.9607018469837104 9 254 268
3.9448348032911555 2.3660679243363583 0.7345928324826765 9 254 527
3.9476192945514 2.308860836694757 0.7258537168324937 9 254 543
3.9460608308411453 2.0880147928628165 0.6987096929138341 9 254 605
3.939183652002251 2.0050243804160184 0.6918796224077625 9 254 629
3.9450254049990283 2.33432924485174 0.7269369132094504 9 255 536
3.946154926272813 2.326631691766271 0.725350736923101 9 255 538
3.940062433884644 2.047978156353186 0.693201358520279 9 255 617
3.713790241066831 3.151989108750839 0.9526046114257781 9 256 282
3.8669417127766668 2.5963975512034523 0.7990052068145447 9 256 470
3.8727186425119955 2.527591972908689 0.7871068678228961 9 256 491
3.943330070483791 2.2755709649616773 0.7168168310572007 9 256 553
3.939759275723523 1.9875104142393438 0.6819946099815409 9 256 633
3.9447568165324025 2.170437727668748 0.6990149013754863 9 257 582
3.9513866663651136 2.08824799272097 0.6848969393347569 9 257 603
3.713124323194731 3.164058258025822 0.9491772489015459 9 258 277
3.950768471125812 2.300620559948277 0.7088413690245297 9 258 544
3.945631786854588 2.226452128080951 0.7021097681909713 9 258 566
3.7203784533854134 3.2585891211089475 0.9547273387383872 9 259 236
3.7093551889934915 3.119876283158997 0.942871285554666 9 259 296
3.931812730746076 2.200572151763651 0.7027204507203476 9 259 576
3.9409218733150886 2.1574225753274967 0.692176945997189 9 259 586
3.724153589064687 3.2518536784938767 0.9491340427032892 9 260 239
3.702696136865147 3.2115203380813604 0.955696095530352 9 260 257
3.855364194052069 2.600954820450851 0.7928923635380424 9 260 470
3.855412463400058 2.5482100716824707 0.7860422007889933 9 260 487
3.933992652465396 2.059807190032788 0.6797166933086696 9 260 614
3.852239027983128 2.5744393762549906 0.787921055642405 9 261 479
3.9309991636265043 2.3435931620654085 0.7145374073383328 9 261 535
3.9417246666757144 2.273343059470867 0.6995052361957721 9 261 553
3.9346919333555874 2.1281342489210022 0.684530687290448 9 261 595
3.7097051268306904 3.1248944518826773 0.9352551772044835 9 262 294
3.8692859474254737 2.498291357617953 0.7653035098202388 9 262 500
3.713410568429472 3.192841016282123 0.9393777368053663 9 263 265
3.7087579766227394 3.103687767945417 0.9303087988365342 9 263 303
3.9402539321830834 2.241116725280323 0.688905794364849 9 263 562
3.9344447421232314 2.199057193186345 0.6866358481394861 9 263 575
3.9390302717462724 2.089735662173622 0.6697967228674391 9 263 604
3.7128322602479162 3.160248420995818 0.9327419623505933 9 264 279
3.859691271436226 2.4774810184932234 0.7612383285943851 9 264 508
3.9338440759404922 2.3398479766041804 0.7018101269155672 9 264 535
3.9347030694893252 2.0405766460235983 0.6620736469168679 9 264 618
3.698809878174358 3.2103851377577732 0.9444953492137806 9 265 258
3.862945815231443 2.5356130593409643 0.7637254802490123 9 265 489
3.872989341596259 2.510776562936468 0.7548298139977743 9 265 495
3.9394690778415056 2.00148162511647 0.6505493012448635 9 265 627
3.9391336874287988 1.9866313330091137 0.6487824580447894 9 265 631
3.716356200526544 3.2326683388008646 0.9349173124837412 9 266 248
3.94160873682379 2.2700143103139707 0.6810707751739518 9 266 553
3.942145843841225 2.23755392573269 0.6764812007921428 9 266 562
3.7117218323221173 3.153700567064086 0.9243816611893108 9 267 282
3.867680738110096 2.4937162716980126 0.7488352273772345 9 267 501
3.940536234378343 2.3992981315542297 0.6951781523221156 9 267 516
3.937466862067107 2.384054814678749 0.6948911728658146 9 267 521
3.92842163430252 2.33474670624055 0.6934640052027138 9 267 537
3.9357370018777664 2.305273270024134 0.6854265055901778 9 267 544
3.931105871765477 2.089249960652398 0.6594104845925415 9 267 605
3.937338304988571 1.971047505100416 0.6402245652463431 9 267 635
3.8473772495136256 2.561898061761495 0.7660439732370748 9 268 483
3.9321260131470597 2.211402869956004 0.6713789983248373 9 268 571
3.9353718773492457 2.117951769728247 0.6571102211738192 9 268 596
3.7116753058426295 3.2564654288603863 0.9326830791227234 9 269 238
3.7126555128360703 3.186894336806234 0.9228408018900364 9 269 268
3.8578691266742053 2.6119451859142924 0.7634503865003577 9 269 465
3.8511797594187405 2.5874814584923596 0.7639936302962814 9 269 474
3.8588819170418365 2.542535911537272 0.7536111557403893 9 269 487
3.9349540348795 2.1759375353113257 0.661384206252481 9 269 580
3.928497784889937 2.0562985982641635 0.6490935750271689 9 269 614
3.9272370102433714 2.023764923981752 0.64546964132836 9 269 623
3.7112049400925553 3.272689382720427 0.9324444155595779 9 270 231
3.7138565968642157 3.163366177664381 0.9162896932126852 9 270 278
3.9353752259772454 2.3386116615888515 0.6792453293465135 9 270 534
3.9359932779630755 2.147955749770841 0.6496582397899294 9 271 587
3.938688507247349 2.1088932856941636 0.6428630443011584 9 271 597
3.9250692522722943 2.049997648155074 0.6427641949433816 9 271 616
3.737892106329575 3.638768035901942 0.9610691792376093 9 272 64
3.7119505390648344 3.247940127008789 0.9233201244695308 9 272 242
3.70647083518857 3.22509273882594 0.9233964685552436 9 272 252
3.7067367623605576 3.121615529371922 0.9092919297590637 9 272 296
3.8545691644785958 2.6156784458541646 0.7559154862229592 9 272 464
3.8653054269983897 2.5249001051324735 0.737491321864894 9 272 491
3.9294724643318357 2.210415026742124 0.6581254173075325 9 272 571
3.923885592014034 2.0909706067822493 0.6452397774928861 9 272 605
3.93347590045107 2.0076010186094857 0.6284746618318665 9 272 625
3.7120041292722314 3.2711162091283366 0.923724969824191 9 273 232
3.688403203252312 3.219345615277905 0.9303711147695164 9 273 255
3.7071200516451563 3.1072599127818887 0.9043824053944197 9 273 302
3.861183357784043 2.4850947756238457 0.7311078443183832 9 273 504
3.86708149285805 2.462036291696653 0.7245770977903073 9 273 510
3.936716636907245 2.3323474297999462 0.6667575932679703 9 273 535
3.6916175207925224 3.210182502640867 0.9245969932714893 9 274 259
3.920822333728126 2.0472044247848444 0.6336386764571718 9 274 617
3.9322077853389823 1.968635076143883 0.6163621911040177 9 274 635
3.721816923567787 3.243648764584196 0.9088702952401408 9 275 244
3.9329082475045993 2.30202186527455 0.6575584199658314 9 275 544
3.928830012644399 2.2730595749104445 0.6559909218043867 9 275 553
3.9246017408764393 2.247706249194208 0.655002456330351 9 275 561
3.9222414086078214 2.231630125482623 0.654188709731334 9 275 566
3.857196993067249 2.498945609527431 0.7251217661523175 9 276 500
3.8667903195773956 2.450881310740192 0.7129383662986727 9 276 513
3.9277979232517906 2.40583379973713 0.6710773932693423 9 276 515
3.936306796417191 2.2740776548377424 0.6480904654836299 9 276 551
3.932422651797454 2.1503795721227594 0.6334577710553277 9 276 586
3.9295469445027917 1.9881868088118957 0.6129738120362198 9 276 630
3.7030568407871205 3.14414643073392 0.9007637691918952 9 277 287
3.705569296038311 3.1175071719828833 0.8956344447529663 9 277 298
3.8504945800167727 2.5942089279528178 0.7387224025949275 9 277 471
3.84843962174323 2.5796574969696273 0.7379342900205713 9 277 476
3.8503968423196975 2.550260795579238 0.7327530523795561 9 277 485
3.936760880653015 2.2837631382077337 0.6454644346928686 9 277 548
3.9250803179398552 2.07798073572202 0.6241075648739743 9 277 607
3.935470458784707 2.012231633343383 0.6089864617598093 9 277 622
3.710215473228655 3.2677412113434254 0.9107951224979303 9 278 234
3.7091591817642824 3.1886778946178387 0.9005392127697192 9 278 268
3.7161198088091014 3.6582564552172236 0.9584978963192345 9 279 53
3.9287302580320795 2.358519229181786 0.6531522312163692 9 279 528
3.935022648303301 2.2943297325578276 0.6405639082708995 9 279 545
3.936028836851989 2.104109507854773 0.613705650761552 9 279 597
3.934204838506868 2.0907132096108403 0.6129362146628128 9 279 601
3.713164025127492 3.2543061555959087 0.9017425764956567 9 280 240
3.853708340623913 2.470027466472422 0.7095467877991446 9 280 509
3.9224418985415452 2.2349424176437944 0.6361201818857647 9 280 564
3.925474840597033 2.063638989165122 0.6105866203526342 9 280 610
3.729602288572951 3.657535459682798 0.9452396348342579 9 281 56
3.7404524135099004 3.6464696979307907 0.9372262402279352 9 281 63
3.7221555288730337 3.230850202565148 0.8903761653473753 9 281 250
3.9304651397882475 2.2172679824492283 0.6251739933149473 9 281 567
3.9335694806801333 2.1893847228546255 0.6194456708844788 9 281 574
3.9269032685710483 2.0350377712461367 0.601970380751758 9 281 617
3.715229387114759 3.2755646416232116 0.8979847473497415 9 282 231
3.8529971315804374 2.4889273597178123 0.705738026404277 9 282 503
3.863858235217982 2.6102553126129933 0.7127488866397581 9 283 463
3.861657469610906 2.5733941274665293 0.708914440486316 9 283 475
3.865260218926703 2.5394236521802616 0.7019940026279793 9 283 485
3.933617701521334 2.2997697611403995 0.6273452948053708 9 283 543
3.9288961224240744 2.099123086032531 0.602108029450938 9 283 599
3.9336576663608014 2.0536195873931993 0.5928767926140206 9 283 610
3.9287568678759253 1.9817403436314898 0.5857660959728603 9 283 630
3.8569166388212874 2.466024572617657 0.693280386988578 9 284 509
3.8939311043407363 2.4296383635572534 0.6658231892002768 9 284 513
3.922215122821864 2.328305257389185 0.6345185436465359 9 284 537
3.926791870781325 2.264677874053246 0.6228217774996176 9 284 554
3.9260404166323593 2.2436742991472585 0.6203265384816378 9 284 560
3.870584755889119 2.5063285242955553 0.6872062759876444 9 285 494
3.927871913368075 2.3378849732954547 0.6287546516092726 9 285 533
3.9244311418503024 2.204325398691259 0.6120252485311598 9 285 571
3.9198176402355447 2.1641586365464227 0.6091631530973769 9 285 583
3.9359834423161173 2.076204808519962 0.5869745459698033 9 285 603
3.9286760269607632 2.04854169081295 0.5875066906217041 9 285 612
3.7184949982753945 3.624084858957198 0.934247209614075 9 286 72
3.8607114699709255 2.6107929122418945 0.7044921973122825 9 286 463
3.9290632111632533 2.3080979790530485 0.6201191588020706 9 286 541
3.9282051796989346 2.2478104175457507 0.6121199434263149 9 286 558
3.6881858858294354 2.858755697027031 0.8416148469246826 9 287 403
3.6853924565236467 2.8362715914073173 0.8401324599834548 9 287 412
3.8565971645314825 2.5713552075178336 0.6979912669129057 9 287 476
3.867165467548781 2.546338422411944 0.6879883662046978 9 287 482
3.9199862793721554 1.981975606981464 0.5756896145255619 9 287 631
3.865228683520642 2.5178372557565667 0.6816473324258239 9 288 491
3.9299447136637125 2.4047732958009345 0.6258789611104733 9 288 513
3.934970883859166 2.171639415631855 0.5896246947471266 9 288 577
3.7290387538398306 3.6576921707731573 0.9247135178518618 9 289 58
3.718421126357045 3.6049622169668276 0.9237207933944667 9 289 82
3.700906885973325 3.109716590332603 0.8637979210424972 9 289 302
3.708641421422162 3.049285196858298 0.8504099007574236 9 289 326
3.9342325526379724 2.3345860112559946 0.6095249984651043 9 289 532
3.92777574697501 2.1134289639582198 0.5819260539531199 9 289 594
3.9308533553173954 2.0427621967550746 0.5699431499316068 9 289 612
3.936114734011597 2.385735970860943 0.6119436562868342 9 290 517
3.9247357853282576 2.2691168424091916 0.6022699472552486 9 290 552
3.9317320576784676 2.209405631047667 0.5893942883399115 9 290 567
3.927734834358613 2.0178159131622624 0.564421036694662 9 290 619
3.6993516199866967 3.0660623655829093 0.8528301677536513 9 291 320
3.68297821950827 2.8989597439333306 0.8389703515735777 9 291 388
3.8567116973794677 2.4921030440987058 0.6727455583220673 9 291 500
3.9203012262080374 1.992919255309364 0.561566035649343 9 291 627
3.7408103754985254 3.6547390323766225 0.9090455375702308 9 292 62
3.6852641707647567 2.984630518897923 0.8470046828139477 9 292 354
3.6872146680934055 2.9257516238824293 0.8373005248877523 9 292 377
3.6826204162153915 2.8600819896475205 0.8306919128435089 9 292 403
3.85602515484713 2.5856408181876547 0.6831596378424258 9 292 471
3.866719715159298 2.544475037851371 0.6705655649607081 9 292 482
3.93721828017446 2.3803492749744954 0.6030083062984877 9 292 518
3.9253418536452154 2.2528022092690385 0.5920113618711151 9 292 556
3.926212271655527 2.145705992886049 0.5760271591868382 9 292 585
3.9237288070140934 1.957673464262522 0.5504607863338957 9 292 635
3.7207229653437346 3.6716067420944882 0.9213625735472649 9 293 51
3.69905525537345 3.058808254440398 0.8462515370924157 9 293 323
3.688286282080071 3.013889122270838 0.8464833772942929 9 293 342
3.6645183594122646 2.801663398716213 0.8306351152370702 9 293 428
3.8607266971553593 2.478858511993273 0.6613123372661858 9 293 503
3.857947294227179 2.4607742926220455 0.6604331486393965 9 293 509
3.9318645780561394 2.2798634969946137 0.588065446028784 9 293 547
3.9247351588052797 2.0175493089890657 0.5545725035672526 9 293 619
3.723861271562299 3.611133259939857 0.9079898779323685 9 294 81
3.7045748483118826 3.0277494032395604 0.8354126661824405 9 294 335
3.9302266234945695 2.330579229739189 0.5926601301362382 9 294 533
3.926648794112152 2.2358208795573002 0.5811507652498038 9 294 560
3.9253820486358784 2.2038669252947325 0.5773074281056472 9 294 569
3.926287593914222 2.080047262283672 0.5587673021789414 9 294 602
3.9273493696804436 2.0639342671274723 0.5557624561118575 9 294 606
3.740084821909824 3.64571139415066 0.9001412216349179 9 295 67
3.844588678103982 2.622096915828947 0.6852677083856588 9 295 461
3.850598752434431 2.493838146015684 0.6628051832918216 9 295 500
3.926263080003203 2.0064303476717487 0.5441783432900842 9 295 621
3.6754948923950703 3.6974163836677363 0.945828392570089 9 296 31
3.6946708207569614 3.0199438560673926 0.8347239080447114 9 296 339
3.6870494124183777 2.999170061426043 0.8365062613098876 9 296 348
3.6863519404261917 2.9487465902190997 0.8295799327672813 9 296 368
3.679322753256457 2.8711469229317217 0.822685300299186 9 296 399
3.6718637824200155 2.8426417658450247 0.8232353721460344 9 296 411
3.6619121804098107 2.8231029711731184 0.8266710981278758 9 296 420
3.8617009105650517 2.5260413997003965 0.6569806312031936 9 296 488
3.9311886026164657 2.2051580911225876 0.5661738064927635 9 296 567
3.680335358663948 3.688055148467487 0.9388640103835809 9 297 37
3.7036835016685217 3.680322233665434 0.9229161387385049 9 297 45
3.720400189981423 3.673776045429943 0.9113498630108383 9 297 51
3.8681647415017864 2.548062047156913 0.6525776719496649 9 297 480
3.855877106709734 2.5126287381737935 0.6551800407617588 9 297 493
3.9344413997391405 2.271575773264998 0.569995803787031 9 297 548
3.729168826245818 3.658633427917869 0.9008935557063295 9 298 60
3.6810366923494673 2.9679344276594657 0.8299673307560087 9 298 361
3.6767056077499864 2.933642128661428 0.8276823894161952 9 298 375
3.669935841349907 2.9000216734199338 0.8270494313766419 9 298 389
3.9258395754629767 2.3131267999241434 0.5777518941996165 9 298 538
3.920691253547122 2.065988494626253 0.5446841637011033 9 298 606
3.919187748410133 2.0329557207937943 0.540783600123895 9 298 615
3.6808709451147217 3.7050141983455225 0.9359355455355064 9 299 29
3.7034197355051517 3.0507552570587055 0.8249823351524839 9 299 326
3.8527823498587086 2.6133673404117284 0.6649582686862213 9 299 462
3.852375207642433 2.5006658035750844 0.6485890811623612 9 299 497
3.8600330031470875 2.466329276042718 0.6386270620831087 9 299 506
3.9338668976721602 2.2923814775011118 0.565759209619844 9 299 542
3.9235626428929518 1.9815368120569774 0.5264805036371984 9 299 627
3.692196382642821 3.090074848845766 0.8350896005951186 9 300 311
3.6201808318879767 2.796219570269724 0.8378000503496799 9 300 437
3.9334719546168646 2.374535676349884 0.5743380665744107 9 300 519
3.9242180293946993 2.2477740445220693 0.5615108209038038 9 300 556
3.9295399917205835 1.9552416329958153 0.5147900731612758 9 300 632
3.676052334919522 3.686869699994675 0.9312503273667331 9 301 38
3.6776833690603925 2.9939212399681363 0.8272815958548827 9 301 351
3.6658264735855415 2.939285728568541 0.8268040695411782 9 301 374
3.659899363323615 2.918347572484927 0.827511956609728 9 301 383
3.8646937029184625 2.6097918841009085 0.6497760643200314 9 301 461
3.8485943164486276 2.602067612796627 0.6589984941527135 9 301 466
3.8563230403355107 2.585216350979185 0.6515176185703342 9 301 470
3.903691108574717 2.421073745112601 0.5966289187779616 9 301 511
3.919749711215209 2.169420098977145 0.5489093982294153 9 301 578
3.917998248139734 2.152224423558745 0.5474835817023025 9 301 583
3.9192562706903993 2.128730785337212 0.543183961144712 9 301 589
3.919266165403799 2.094789637379045 0.5381365764884654 9 301 598
3.74156496099551 3.6437089154297757 0.8799125807526873 9 302 70
3.682639937192156 3.032717806894967 0.8269659600948249 9 302 335
3.643647591473594 2.860295031388134 0.8264827419933356 9 302 408
3.6320352066277395 2.8111146750618423 0.8266620619204221 9 302 429
3.8504682447637406 2.5036443175713803 0.6396261901705391 9 302 496
3.856134760514825 2.463870668794444 0.63003610872367 9 302 507
3.9299376967261126 2.2785822099167268 0.5547119099460269 9 302 546
3.919799180341081 2.2239872417143154 0.5531315307175546 9 302 563
3.7148183352038737 3.677401612162915 0.8995704306285697 9 303 50
3.6603625704117175 2.9659321229219495 0.8285475922679415 9 303 364
3.925400223050019 2.0685590915027974 0.5224033209570127 9 303 603
3.919565680213896 2.035342354048156 0.5212238191890206 9 303 613
3.927607196582863 1.9735027958920195 0.506760722137821 9 303 627
3.6876057966822042 3.6788157110734296 0.9148477202135802 9 304 45
3.7150965113451906 3.565383030913637 0.8799285810508635 9 304 104
3.6685300154494813 3.003667677269065 0.8260124262102203 9 304 348
3.6643781397649304 2.987284644247843 0.8262596034566718 9 304 355
3.92284913999268 2.245830593775283 0.5466980264272323 9 304 556
3.9155122649853253 2.018746865093065 0.5174183482974395 9 304 618
3.6734648392550877 3.694104693610285 0.9237951724387578 9 305 35
3.7407348405998766 3.6557227154143033 0.8740398712078237 9 305 65
3.712732481819305 3.5886083686462875 0.8822485353479692 9 305 93
3.6818968781889327 3.0799383345803 0.8258681158400665 9 305 316
3.6360803491974596 2.9031919830465176 0.8292269068494688 9 305 392
3.63324280885154 2.8891000051911524 0.8289616031641768 9 305 398
3.6250455204978853 2.8441573723656743 0.8275582718572527 9 305 417
3.8549343659041795 2.55525189758552 0.633789121455351 9 305 479
3.846191070504508 2.4949004831065222 0.6304241820931183 9 305 499
3.926540819255268 2.390268083650766 0.5621487972734303 9 305 515
3.929396605109288 2.324032430569714 0.5503151784186864 9 305 533
3.918946421822629 2.2001812560639435 0.5385112874709468 9 305 569
3.737885119518153 3.6469490441319676 0.8718417302703466 9 306 69
3.6657682736324366 3.0266326997959117 0.8255223356470343 9 306 339
3.8587120794670824 2.5429365200967267 0.6258908345336215 9 306 482
3.852524130997006 2.5333478301742183 0.6285039340191176 9 306 486
3.846768392527661 2.4709355206412975 0.6228591159506993 9 306 506
3.678086425336576 3.689079422258364 0.9148625029295676 9 307 39
3.675774864823773 3.1030807526479447 0.8276347277419418 9 307 307
3.65487106253902 3.011940221975311 0.8275996564310697 9 307 346
3.657997650458342 3.062608111534221 0.8303702346205564 9 308 325
3.641035763327597 2.948828633489367 0.8242956031619055 9 308 373
3.6307272189707174 2.92717591682288 0.8278205101792557 9 308 383
3.918195653383103 2.0083116062894804 0.49816297490026806 9 308 619
3.7143080409854763 3.6724836087607033 0.8831234927049934 9 309 54
3.7193864363487252 3.583864995426045 0.8662451910650253 9 309 97
3.62286248374836 2.9147686600085243 0.8282984477988402 9 309 389
3.608024082376623 2.8452936978318935 0.8275538297813032 9 309 419
3.8491550117652027 2.550251877758755 0.6225799451355681 9 309 481
3.855036787225747 2.4909203996869667 0.6096329641233142 9 309 498
3.9202814472401792 1.9463897345614234 0.4833350894093391 9 309 634
3.715197859986068 3.5726419352879635 0.8645703687758008 9 310 102
3.597909972824771 2.8216707635166283 0.827837504832454 9 310 430
3.8542191521050713 2.611870616238013 0.6250545914692218 9 310 461
3.855888633116358 2.594888237801935 0.6213456472342506 9 310 466
3.839299609795524 2.5714739970150875 0.628813004627454 9 310 476
3.6732859705506287 3.6896788750084006 0.9077935748596986 9 311 39
3.6448883615939063 3.060502951244935 0.8302456573450299 9 311 327
3.6086530231948677 2.884757000005839 0.8275033916107533 9 311 403
3.8276493891156207 2.57103615034054 0.6329851266560508 9 311 478
3.8596439645788925 2.5237301453317507 0.604340793721331 9 311 487
3.926678400689038 1.9855539010665315 0.4769635761274642 9 311 622
3.621764088397615 2.9764114419616305 0.8299819124672673 9 312 364
3.9161582504674772 2.075752501323376 0.4938445859453444 9 312 601
3.915744538052961 2.0568817544795293 0.4912175928884399 9 312 606
3.914543908022551 2.0425105355428648 0.4898111035882107 9 312 610
3.676970171598284 3.68028268026418 0.8986711322766101 9 313 45
3.7029645461433036 3.6791767275263783 0.8809966326511005 9 313 50
3.730157125563789 3.6294214807614336 0.8550031436886174 9 313 78
3.7156480010671804 3.569964988947996 0.8555921451012487 9 313 104
3.6546692592350123 3.094927246536231 0.8233004066637819 9 313 312
3.6316258384200757 3.039288128854828 0.8302255700014884 9 313 337
3.627672441590967 3.0112545661161283 0.8285588623561916 9 313 349
3.577362300765307 2.8076010163738645 0.8309889214921774 9 313 439
3.5609090373240866 2.7804901447018486 0.8378816742348509 9 313 453
3.9190419911904932 1.9550566648142829 0.46926822569470006 9 313 631
3.717900097262968 3.6578640844062056 0.8649196777035988 9 314 63
3.778669388869828 2.587580060691276 0.6580500595898982 9 314 481
3.917513701161317 2.408553039259333 0.536480797271514 9 314 510
3.6171608484677464 2.999395742648593 0.8281853389243817 9 315 355
3.605541243724656 2.924922312589649 0.8244931123458787 9 315 387
3.798191051372809 2.6324851925465316 0.6483693246917672 9 315 463
3.858923432493825 2.502332725944169 0.5869469995204644 9 315 493
3.7131310765420382 3.669934172291316 0.8645745588592608 9 316 57
3.643618750418585 3.127889367144582 0.8273880109130332 9 316 299
3.8606934724767017 2.5308043848336563 0.5865151300950209 9 316 484
3.8479474572695374 2.4716918289186345 0.5859762810606568 9 316 504
3.7123477403817637 3.562555548121053 0.8455878689387466 9 317 108
3.598803493816146 2.961010454295792 0.8290822631861244 9 317 373
3.919963878183719 2.0247930734166486 0.46320938406457923 9 317 612
3.9153876211173504 1.9936987214408264 0.4614727686348674 9 317 621
3.7123355555686137 3.588788635565736 0.8469283933996622 9 318 96
3.573639299085901 2.874907783792027 0.8300255343355011 9 318 412
3.5687605780750626 2.8548586709871424 0.8302252556826776 9 318 421
3.5668425766560334 2.8286142273972863 0.8274225215513422 9 318 432
3.5621452435822736 2.7885673840098466 0.8243600042995907 9 318 449
3.7533534334488294 2.597095971418078 0.6631931620867275 9 318 482
3.8620443351240406 2.5224655116773347 0.5769469577279533 9 318 486
3.85677516649939 2.508836653298299 0.5784218366451532 9 318 491
3.6296290486625242 3.1207857123255884 0.82740572335234 9 319 303
3.5952746767550403 2.983578072051401 0.8294520706014361 9 319 364
3.5798943377404147 2.9113710765507568 0.8286713731732906 9 319 396
3.7765762178970324 2.614571907272248 0.6465844665682581 9 319 472
3.6707393242980935 3.705829080949637 0.8885855773051607 9 320 33
3.613849636238606 3.081229421538413 0.8292483354679118 9 320 321
3.780992727875688 2.6055990878119584 0.6386845510243526 9 320 474
3.846383662197303 2.48398779794759 0.5743113351968425 9 320 500
3.9199479294214354 2.4071392308789683 0.511361096718121 9 320 509
3.620569090059476 3.1616784122607138 0.8345383025226132 9 321 286
3.77542294946484 2.651293400800691 0.6463301703054771 9 321 460
3.9147119566130555 2.0761113757943366 0.458647345847186 9 321 599
3.910023704738207 1.9944826587001523 0.4489659258574412 9 321 621
3.673070982827057 3.690077866363306 0.8792069030555512 9 322 42
3.6790321781849467 3.682211304663369 0.8738091343721567 9 322 47
3.727931636842711 3.6294531183631844 0.831402130057102 9 322 80
3.61263449860687 3.1026552134799137 0.8279005675535078 9 322 312
3.600425122852891 3.0628375161506627 0.8300673958595419 9 322 330
3.5987529453279494 3.0420425595383485 0.8279260086166589 9 322 339
3.5938677430557426 3.0219450081623047 0.8281309601998509 9 322 348
3.7679240530254337 2.6456421032639095 0.6472252748061017 9 322 463
3.916245057903196 2.0582621427113823 0.45067996405081256 9 322 603
3.9149843101305377 1.97289539150912 0.43799028334745405 9 322 625
3.9159462827290303 1.9360377051920634 0.43146339141520373 9 322 634
3.7122971594201455 3.6653843048242982 0.8452312052428295 9 323 61
3.563081682290986 2.895224990594877 0.8266379655452876 9 323 405
3.5618486234394435 2.864144709587477 0.8225438385575599 9 323 418
3.841659274546825 2.4652161646762543 0.5635574289154415 9 323 506
3.918038349990083 2.3994789719860092 0.49974324504442746 9 323 511
3.913697808450382 2.02437340238892 0.44297090087865176 9 323 612
3.7083080712930627 3.5844138628948667 0.8323119751046795 9 324 99
3.5813672476431453 3.003855990115422 0.8284183978038485 9 324 357
3.572448973990589 2.947099869264128 0.8255908420000964 9 324 382
3.6420380988417427 2.7940572182044057 0.7523459699364048 9 324 432
3.5687355582987923 2.803997515733139 0.8053057615505647 9 324 441
3.706220671051778 3.6583127412356164 0.8428357774279471 9 325 64
3.6064752079117266 3.1546478733931926 0.8321777102843002 9 325 290
3.56837732401176 2.936384375217077 0.8239532122714885 9 325 387
3.848552830047909 2.5469125538375534 0.5644121921994296 9 325 480
3.9131462037603155 1.979327270115293 0.4279161684242796 9 325 623
3.6791370657677174 3.6825688435854067 0.8630930749552951 9 326 48
3.7004153356795713 3.5684401475885448 0.8297044215505353 9 326 106
3.5702998371096664 2.9761659043691036 0.8262165781173298 9 326 370
3.566816294114237 2.963013113764184 0.8265584179320674 9 326 376
3.5601945400642165 2.934274640442265 0.8266067624480926 9 326 389
3.6838767438393307 2.8517813960439145 0.7260287488954115 9 326 404
3.676730358296335 2.8328791923835794 0.7280305918799947 9 326 412
3.6842510402270454 2.8080207437515448 0.7187210867108099 9 326 420
3.5561001277521376 2.7866779452623582 0.8029070916408927 9 327 450
3.7613977938180616 2.6503011798600626 0.6354589989969992 9 327 462
3.852873835526845 2.5701291462969085 0.5577145673009638 9 327 472
3.8489607760268125 2.525836772926239 0.5533348503123463 9 327 486
3.8474427373861846 2.510011594371737 0.5518549921174043 9 327 491
3.71068487449336 3.646755141670528 0.8294828895497395 9 328 71
3.6913329899155416 3.5672051865212633 0.8303552972977435 9 328 106
3.59449988399059 3.1359752231228137 0.8293467555201731 9 328 299
3.565431726824076 2.9916150459447706 0.8266289477427398 9 328 364
3.688192547293658 2.876937484453593 0.7207815772915179 9 328 394
3.8608323799338593 2.5753679168332413 0.5492026113125923 9 328 469
3.6709837150962477 3.7113229862303685 0.8655022041300086 9 329 33
3.5796315282177353 3.0881076858763814 0.8294135209436175 9 329 321
3.573603266807403 3.0292246830604137 0.8241466889632715 9 329 347
3.6861398506746537 2.901696799174046 0.7231350164672562 9 329 385
3.6799890132480177 2.8173947199676275 0.7138253612760331 9 329 417
3.8437750351168782 2.4978026217868097 0.5450414301584134 9 329 495
3.7011157383134297 3.659529284508422 0.8328167048865924 9 330 64
3.5754066610371487 3.0682724466864784 0.8264499822943108 9 330 330
3.6797086412809286 2.871606605853639 0.7197127048134981 9 330 397
3.672250109379 3.703071999359243 0.8579009280149188 9 331 38
3.578563077932335 3.1181175310171936 0.8295720463217416 9 331 308
3.6192014587025314 2.799948758135202 0.7483459248827212 9 331 433
3.667305149618624 3.6918951278737637 0.8569470213267858 9 332 43
3.690820609644216 2.934637282861686 0.7157772570850485 9 332 372
3.7697294709093767 2.6503739255786205 0.6122474068677406 9 332 460
3.8464680685853443 2.544983059728202 0.5396228819184139 9 332 480
3.846453311793496 2.4913128232960773 0.530830036031845 9 332 496
3.5869629049539005 3.182695435709279 0.8286176611318421 9 333 279
3.5804766782474458 3.158720560050768 0.829366646007569 9 333 290
3.569351061547244 3.099348828441307 0.8276486690036975 9 333 317
3.6805910205637797 2.9639606089328128 0.7248693218687903 9 333 362
3.6843624665526176 2.949740333794205 0.7198001325062834 9 333 367
3.678869700090628 2.86068021536643 0.7091207055187069 9 333 401
3.653475155977048 2.800464235996531 0.7175899138458185 9 333 427
3.685446473012253 2.993989127558569 0.723199011249778 9 334 350
3.5559020034798303 2.7950256834169926 0.7844387115146301 9 334 446
3.667534049510558 3.683748592056652 0.8473608129815854 9 335 48
3.685987112475115 2.8957121182415135 0.7034285418717696 9 335 387
3.678640537596505 2.814009764263676 0.6952545552959009 9 335 418
3.5933977445635747 2.7976258119303385 0.7546681851881116 9 335 438
3.5552610063425805 2.7849870725905603 0.7803702034629989 9 335 450
3.6746014291422124 3.613120683562323 0.8277548824501146 9 336 84
3.667979063444376 3.5925516215688185 0.8291819449824818 9 336 93
3.661837792815491 3.5825858557198518 0.8320183378497525 9 336 97
3.5694626730440784 3.140252656368372 0.8261098432407853 9 336 299
3.695041287985456 3.04114977964804 0.7178012156148045 9 336 331
3.683037917543162 3.0308167765288516 0.7248641269659358 9 336 336
3.6889673816327013 2.9904522267629723 0.7138228122926799 9 336 351
3.6785026198098203 2.844029899843428 0.6971560336129964 9 336 407
3.7685344371283853 2.634097749326405 0.5964375135781641 9 336 465
3.844909946631443 2.520608138041923 0.5217262124045912 9 336 487
3.653381302871577 3.562227062049688 0.8320841678012609 9 337 106
3.5753348689043865 3.1910376663378606 0.8275212091865017 9 337 276
3.6857416648325136 3.0173025194825227 0.7175372687095929 9 337 341
3.843086086421872 2.5679590351528447 0.5271803635925141 9 337 473
3.670825112147984 3.674562178019907 0.8352683415937232 9 338 54
3.5706863539989655 3.16495107247409 0.8238505171160042 9 338 288
3.570249534446668 3.0972061622101426 0.8128493340121142 9 338 318
3.684787846345274 2.965196523712172 0.7064199958912408 9 338 361
3.6796367082456287 2.910925486596187 0.7011432572207477 9 338 382
3.666751617652235 3.663618638968484 0.8337094049867926 9 339 59
3.7760308353037875 2.6258892989244025 0.5789458717350477 9 339 466
3.8479743947762164 2.540984628737962 0.5115326809486394 9 339 480
3.6664545763353393 3.7123246998508774 0.8393857671171872 9 340 35
3.6664989377889103 3.704364439111556 0.8380140566761681 9 340 39
3.663472718821048 3.6852449036390307 0.8370431418878751 9 340 48
3.6836207097635674 3.0204122278753327 0.7102825989876298 9 340 340
3.687124998893559 3.0091827254129577 0.7057946156998062 9 340 344
3.6766163546130306 2.813832303531289 0.6807342764858832 9 340 418
3.8119696876384133 2.590248814130689 0.5427311175433445 9 340 471
3.8396533821683256 2.5150355985314268 0.5095466775203616 9 340 489
3.69343290879556 3.02602161121494 0.7008029122972663 9 341 337
3.686372182932228 2.9460074747401563 0.6925594407012494 9 341 368
3.681807220368924 2.923336660051951 0.6921326268964675 9 341 377
3.6780130438621765 2.9004073065110028 0.6910884507384911 9 341 386
3.6806106320222667 2.8724448984946505 0.6844373568794218 9 341 396
3.842822129177125 2.488923898944689 0.49898926212969386 9 341 496
3.640173694372363 2.8042262102035176 0.6998992487272866 9 342 427
3.647332517415716 3.722508621877067 0.8472876447074654 9 343 27
3.552704206698275 2.7917281527743443 0.760208502448856 9 343 447
3.8531226498329483 2.5463935774517363 0.4933708152145968 9 343 477
3.8488423329090353 2.5251363884949454 0.4929706151414015 9 343 484
3.6625725126952187 3.697321888326712 0.828859434280722 9 344 43
3.6837280968473918 2.930531297696885 0.6823698346744256 9 344 374
3.6801769375432167 2.904747227245175 0.6806502793291402 9 344 384
3.5913221451992667 2.801619864433554 0.7299257477362658 9 344 436
3.5667082914206127 2.7975296772102327 0.7477438801190254 9 344 442
3.751778408838179 2.649225495386661 0.583278709931796 9 344 462
3.8418266942621475 2.5016126490130373 0.49040710162923196 9 344 492
3.6337247711241876 3.5917760474075657 0.8298711959451031 9 345 91
3.680265786846949 2.858315025694204 0.6694524972749438 9 345 401
3.6763985264720604 2.8350389691911095 0.6683956517190348 9 345 410
3.7545653964321115 2.6412226701729224 0.5762857759681852 9 345 464
3.7563052607000746 2.6091630791808456 0.5694961274287551 9 345 474
3.6253848279229524 3.5717482429758665 0.8300369202339303 9 346 100
3.6883500742735 2.9289489491078546 0.6722014363710105 9 346 374
3.8531099329101126 2.531467009023223 0.4792952359671143 9 346 481
3.6484950812003545 3.7038163485299114 0.8324567391681007 9 347 38
3.6856942700469912 2.999001218392825 0.6830397605389428 9 347 348
3.689413786132263 2.976854353984218 0.6764060253172965 9 347 356
3.6871532126911073 2.9534419596386075 0.6741001996031947 9 347 365
3.667403821203518 2.810680185964666 0.6645739904790595 9 347 420
3.630642450011626 3.644601130786683 0.8331542180046279 9 348 65
3.637377643094546 3.6831239946155394 0.831961669207061 9 349 47
3.615068014226873 3.5885433547937557 0.83268000785219 9 349 91
3.745882103375653 2.628852094088149 0.5665865484529968 9 349 469
3.6922509960785814 3.0211803305339977 0.6722834876214188 9 350 339
3.689831240061355 2.9281685143286054 0.6580066196342773 9 350 374
3.676757175127278 2.8834877865468385 0.6602968593750518 9 350 392
3.7367531346339926 2.667130181476099 0.576685336008504 9 350 458
3.6739017028506655 2.8349278435752674 0.6508073738482066 9 351 410
3.6664372030923693 2.8019029977841248 0.6508134794679923 9 351 423
3.6239689827243806 3.672171198884025 0.8322956174142009 9 352 51
3.6069075732147113 3.6036058583687645 0.8335221604633937 9 352 83
3.6867496557674793 3.0745992839206857 0.6794401559332205 9 352 319
3.5528072765768783 2.7893151027753333 0.7332287318467434 9 352 447
3.7248362139822984 3.0355184396354304 0.6398647541538167 9 353 331
3.7095075371682347 3.0280299358981773 0.6504489095888105 9 353 335
3.6824450015342536 2.986493299447241 0.6641774336092112 9 353 353
3.677871407016168 2.9072540254487214 0.6538531050725769 9 353 383
3.6079955411587106 2.8024837203392843 0.6897341966587164 9 353 432
3.561982120127196 2.80007026934603 0.7250187066678053 9 353 441
3.734425898571306 2.667278057384528 0.567950147018248 9 353 458
3.6757787864710627 2.858571311942264 0.6436828625221009 9 354 401
3.733056126438206 2.630776089787622 0.5590759892111921 9 354 470
3.848866689566912 2.54040035619491 0.4530239437805359 9 354 478
3.5946349957887778 3.5778556674930515 0.8305182663750714 9 355 95
3.5912604008553064 3.5610965341324676 0.8302027492852422 9 355 103
3.680933660582999 2.9467053862257204 0.6519036136830655 9 355 368
3.678863690444343 2.9203079717075138 0.6488708217477919 9 355 378
3.5532936386809575 2.78828055166016 0.7237286600490043 9 355 447
3.6128284723359387 3.7013834595291555 0.8354037124266782 9 356 35
3.6082508576005994 3.6746247647464303 0.8342644855123149 9 356 48
3.6769415962504652 2.9772239699206393 0.657176222705854 9 356 357
3.6716006112511232 2.809812533155956 0.6317820163259279 9 356 419
3.6013882404730246 3.6495367174932234 0.8325497355011187 9 357 60
3.5958793957089723 3.6302212598515307 0.8334602188305483 9 357 69
3.5921107552804656 3.6115051920642594 0.8331078593669514 9 357 78
3.679831568708461 3.0056394667363238 0.6567096734565602 9 357 346
3.673079130483507 2.8313605676134235 0.6311324348667298 9 357 411
3.604616172977908 2.802818176606646 0.6768000948709595 9 358 432
3.724975397184115 2.673438521031669 0.5587832744038712 9 358 457
3.702456969345098 3.0377258547263466 0.6380463463815105 9 359 332
3.6751381830250414 2.9020535170937554 0.6354921008713676 9 359 385
3.6704991438386165 2.8790148182504853 0.6350583610677585 9 359 394
3.680709121244912 3.016007943938443 0.6481624536415389 9 360 342
3.6817487670567575 2.9650441182401477 0.6382200547369759 9 360 361
3.6534062525060738 2.8082510526399336 0.6327015737281643 9 360 422
3.848305273119214 2.541372402690314 0.4300519802763616 9 360 477
3.5952542444600555 3.6669831307354794 0.829868957646348 9 361 51
3.66276436532682 2.8568190563989226 0.6306680727213172 9 361 403
3.697906478079558 3.0334448891055636 0.6310423145281261 9 362 334
3.674031428127592 2.9428816755137137 0.6338502781352342 9 362 370
3.556700437941177 2.800290804163882 0.702084022524103 9 362 441
3.585275802255186 3.6472921119969337 0.8289952097243725 9 363 60
3.683384108946915 2.999404211505883 0.633263617074589 9 363 348
3.6714370782291508 2.9001031263473602 0.6249316570668328 9 363 386
3.7078722301731424 2.66537225907375 0.5533028419029322 9 363 462
3.7029060200624695 2.640708742657029 0.5528385123485735 9 363 471
3.5960837603649747 3.6939084343569526 0.8260700208498231 9 364 38
3.590105443274486 3.680189670682527 0.8284028387479989 9 364 44
3.675698987771609 2.9313760420183343 0.6238573485177124 9 364 374
3.671151785636373 2.8808432136362683 0.6183714559081793 9 364 393
3.6697877292741956 2.856275100252195 0.6116929711402523 9 365 402
3.6806475524712896 3.0000493273643123 0.6257382943247326 9 366 348
3.6795669356920593 2.9707747310729684 0.6212820856620893 9 366 359
3.8399321999189127 2.5398998568689946 0.4127074559821635 9 366 478
3.703044211011946 3.0297805097794943 0.6096484478523059 9 367 335
3.6060258295180923 2.802723133762456 0.6471266097400805 9 367 431
3.6565677141723127 2.80513283279368 0.6030882573862741 9 368 422
3.696743036177087 2.6905037498967923 0.5492701883470446 9 368 455
3.6696865391242683 2.908231591102872 0.6079420965724387 9 369 383
3.5760143091409726 3.6952620859887766 0.8267370534025383 9 370 35
3.7515836043143844 3.590943839261782 0.663152301180393 9 370 112
3.7017863190509086 3.030128809367703 0.6006914744104557 9 370 335
3.613222768048858 3.718402946176405 0.7976779790479749 9 371 31
3.8428890218398983 2.5358483526175837 0.3895157092527435 9 371 478
3.7341509299102493 3.6150932486865157 0.6756802873310164 9 372 100
3.668688097390292 2.957319170403521 0.6078511229953196 9 372 365
3.67456453321663 2.9310586298872754 0.5981158444596208 9 372 374
3.552181328393009 2.8024717137671966 0.6755629238807359 9 372 440
3.6975398740053844 2.6887297840490096 0.5341476679942023 9 372 455
3.6913539236788084 2.67385033125152 0.536507847195729 9 372 461
3.8513045505959527 2.5375282613540775 0.3788258705931591 9 372 476
3.675752667247081 2.998501566409452 0.6063217054079668 9 373 349
3.7119826974180214 3.639031806122934 0.6923366996949667 9 374 87
3.717472711167578 3.622822660971863 0.6847370860031774 9 374 95
3.681105960488569 2.666157186831174 0.5329761303331004 9 375 465
3.712527516400758 3.582005281832649 0.6750150168520322 9 376 113
3.592899328033619 2.8064719539132814 0.629768819029493 9 376 431
3.664331126387318 3.0646716289014897 0.6150421420691257 9 377 325
3.6817269480314234 2.6861408783869964 0.529121978756383 9 377 458
3.5499724601249656 2.801456994237201 0.6523691448768918 9 380 440
3.698342700027652 3.6146306571381848 0.677654092465682 9 381 98
3.687778056752917 3.6478141441379943 0.68688769212749 9 383 82
3.7110795989124243 3.599078761503052 0.6575380593951973 9 383 107
3.6673299322368518 2.7004832393127334 0.522830207130617 9 383 455
3.66759151421108 2.670457066881658 0.516849257462106 9 383 465
3.7079674399338165 2.638827304325097 0.47242440159195365 9 384 468
3.709276273126318 3.613285726944003 0.6555217387531633 9 385 101
3.598862180922853 2.807043524672169 0.5954611856383147 9 385 429
3.5576747545350633 2.801779574378384 0.6300434612108953 9 385 438
3.6537803690857946 2.679797430192208 0.5199243384775825 9 386 464
3.6775144470343366 3.5722473887183366 0.6688780670211854 9 387 116
3.6549574995453966 2.714021975194028 0.5184705178010471 9 388 452
3.7121246834973327 2.6317677999348303 0.4525664225825805 9 388 469
3.6798457735839336 3.647266305218802 0.6721952100500161 9 390 83
3.6702206192708196 3.60724002274871 0.6728171252509263 9 390 100
3.646122074530023 2.7087053758309296 0.5145799487064271 9 391 455
3.7140755529605025 3.6072516942206603 0.627872827575988 9 392 106
3.538715369369223 2.798432027327443 0.6236979505475454 9 392 442
3.6379810217095008 2.6979113634205323 0.516116868766171 9 392 460
3.6879952304878434 3.580386392725309 0.6424898249070627 9 393 115
3.667623900355072 3.662960630765839 0.67381475809283 9 394 75
3.5851666065106844 2.808295245569053 0.577932009131412 9 394 430
3.674724281145144 3.6606775984694515 0.6577655306285033 9 397 78
3.713965013620979 3.600878471822922 0.6105418522061776 9 397 110
3.5413622898440167 2.8034713075579836 0.6031304871015761 9 398 439
3.6419441406211517 2.7055073200445796 0.4927880187619733 9 398 456
3.6581676364173177 3.608805446481365 0.6561017488001403 9 399 100
3.6666378243828452 3.6046625385486175 0.6476054098126742 9 399 103
3.667009931005333 3.6620940466703025 0.6557182237161396 9 400 77
3.666962952877094 2.688674359898215 0.4595181018813943 9 400 457
3.609551332974434 3.7280917168546357 0.7182860273959901 9 401 35
3.704252546989344 3.6028120071504315 0.6067153039660889 9 401 109
3.5436876702245166 2.8015615451682754 0.5909258741562933 9 401 439
3.700697367312753 3.5794296936574033 0.6019686450071149 9 402 119
3.6901395066057434 3.2857970449775795 0.5452479917291391 9 404 240
3.6941269397284193 2.6697638834671817 0.4159228308151721 9 404 458
3.6986817870703277 2.6579111980318446 0.4093168320246865 9 404 461
3.547035196244969 2.8069227136156862 0.5758718957789422 9 405 436
3.703530783775256 2.6390313773640126 0.39715910780823305 9 405 466
3.6517709250669164 3.6136339316976134 0.6380467706604007 9 407 99
3.6980624587988795 3.5953505547169504 0.5913051221649397 9 407 113
3.5360310228874017 2.798295672779201 0.5777269046079054 9 407 441
3.670882503636555 3.591950313670139 0.6062155454128844 9 410 112
3.6978842937416485 2.671797412758317 0.3898916342599712 9 410 456
3.708246809580019 3.581690286757821 0.565718505322657 9 411 121
3.687574926431898 3.277527726892531 0.5218348745611627 9 411 244
3.5853748894628996 2.806467590933389 0.5164288815044986 9 412 429
3.532625584707871 2.8009675351034176 0.5617476787169053 9 413 440
3.708451468571222 3.5928115782683783 0.5577948861346957 9 414 117
3.661061930680283 3.5942899270085635 0.599883231812826 9 415 111
3.6762393965582927 3.5939523575713963 0.58535506763123 9 415 113
3.6458610130597693 3.613213579745298 0.6120062830849266 9 417 101
3.666498817568389 3.5929742615999745 0.5846779064095491 9 418 113
3.6575974805813103 3.592208512806722 0.5833432815757367 9 421 113
3.6536386186567023 3.0309242583947182 0.46689241168600604 9 421 339
3.625100344884008 2.877911725104172 0.46180578236598957 9 421 397
3.5896015267726917 2.8106922589555565 0.481864117102798 9 421 426
3.5482759683272738 2.804805938879384 0.5207243880903507 9 421 435
3.672358561753925 3.5922897996237335 0.5657261114973098 9 422 115
3.646430704936301 3.0051456032422865 0.4647778019193354 9 422 349
3.6356824415484525 2.955523814914985 0.46458037959868514 9 422 368
3.52946976166582 2.8000072180679365 0.5345996213686894 9 422 440
3.634744608194028 2.9833908982958532 0.4679106222097893 9 423 358
3.626891622077821 2.9331313645072825 0.46474926710803155 9 423 377
3.6132046222020344 2.865158093419406 0.4634695631866905 9 423 403
3.5973046061008676 2.823725839184698 0.4700732776873222 9 423 420
3.6105505822530004 2.9107003867488253 0.47232872169866824 9 424 387
3.625397610520561 2.983123836709131 0.4698738842041288 9 425 359
3.616027545892483 2.925354464105136 0.4665619316682188 9 425 381
3.5898959287940606 2.829283363996323 0.4714263010867845 9 425 419
3.6526196001841655 3.6070863736349006 0.5751269916081596 9 426 107
3.6410755677251503 3.044726055971443 0.46423720263590007 9 426 335
3.599584455554948 2.919620136821346 0.4744245625522896 9 427 385
3.5819892361935644 2.8322376113332157 0.4727794488372341 9 427 419
3.5300155298332223 2.798336048277707 0.5168121628173092 9 427 440
3.622871105816624 3.0027829705205353 0.4623850691479423 9 429 352
3.5870379559724688 2.8770290787993096 0.47048382561669944 9 429 402
3.566242460400027 2.8133975573466348 0.4737139747801111 9 430 428
3.646377595187557 3.5969616080552758 0.5627328501566697 9 431 112
3.716826432189809 3.5784851966788342 0.48806981210704503 9 431 128
3.5988537944542225 2.9739985722782443 0.47293610928556173 9 431 365
3.577276145165305 2.844514202459639 0.4659943785394711 9 431 415
3.5356792522617795 2.8053624229653162 0.49903698172994027 9 431 436
3.579279890397034 2.9014660868982363 0.47302833252043053 9 432 394
3.5769269827201295 2.874914774898723 0.46951972444174483 9 432 404
3.703328413743294 3.581589591495352 0.491815427642337 9 434 126
3.5907114464092196 2.95184293026218 0.46560937781701006 9 434 374
3.570443867728369 2.89062193342267 0.46896475288375106 9 435 399
3.586472533898621 2.9799822913506326 0.46911608747599454 9 436 364
3.5781086474673693 2.942145521026218 0.4691621221143789 9 436 379
3.5722570431546785 2.927886050942046 0.4719269701316131 9 436 385
3.550500155756507 2.8383372348184555 0.47403274904218984 9 436 421
3.563926937266296 2.903638298315732 0.47146992488470874 9 437 395
3.538321411094161 2.8134371525553625 0.4773704538109047 9 437 432
3.557507015372005 2.8814683261481147 0.46953841570892596 9 438 404
3.5485712545882744 2.8601760954698188 0.4668828514866439 9 440 413
3.5287971551774815 2.806181999129488 0.4750401264711481 9 440 436
3.555668235364359 2.908786402544961 0.46706069017467966 9 441 394
3.5334136651971626 2.822640390605988 0.4670102421315119 9 442 429
3.541312161628064 2.8788577411543153 0.46811712287809604 9 443 407
3.5351967399609556 2.8970526669411742 0.47167316705903395 9 445 401
3.531637044417171 2.903595983777553 0.4734260895182505 9 446 399
3.5285939445718393 2.859205407978985 0.46640082869735333 9 446 416
