1.120620137576404 7.366309498888616 0.7463527443294493 9 5 340
1.1496881829905075 7.353274814643809 0.7573394578580093 9 5 349
1.1785649314615811 7.338117145923477 0.7692171465317075 9 5 358
1.185096458327619 7.345428967701547 0.7672197067363911 9 5 361
1.1970351308647167 7.353500922131987 0.7658770359461535 9 5 366
1.2092076572472312 7.348261685710255 0.7703822478708133 9 5 370
1.2290771265286118 7.344540639146496 0.7756292917412011 9 5 377
1.2522800574590118 7.3501622708925405 0.7774098720690359 9 5 386
1.2616781151672232 7.342974572828167 0.7822587706917857 9 5 389
1.285157929381842 7.345598265461477 0.7853973052423805 9 5 398
1.3093893599198536 7.34229145697055 0.7912593244489197 9 5 407
1.3332944016656536 7.3388764718690656 0.7971089872059238 9 5 416
1.3460390781166949 7.340005980901567 0.7989410468767459 9 5 421
1.3690341919383169 7.340409432532052 0.8029594542955227 9 5 430
0.6501100140194846 7.027374154759293 0.805834308333526 9 6 119
0.6754298134124421 7.028556494443905 0.8099494476583298 9 6 128
0.6821073782997982 7.055452608988079 0.7993951369836875 9 6 137
0.677462895826235 7.078600461686225 0.7884103380870149 9 6 141
0.6796401460882561 7.096806708878963 0.7808373428398496 9 6 146
0.685367031835645 7.105902520610737 0.7779027179292788 9 6 150
0.6861658101176381 7.145252165131496 0.7608201368622225 9 6 159
0.619465169488693 6.906437855805572 0.8508505620123921 9 7 74
0.6138712037140704 6.932320799857613 0.8384466581877292 9 7 80
0.6180434516309008 6.95424633786269 0.8295748023082439 9 7 88
0.6210572026810826 6.9819516781851805 0.817949728318895 9 7 97
0.6358129982884756 6.996081588785792 0.8144470743405579 9 7 106
0.9294031672833749 6.885779716922115 0.9168180764934679 9 7 189
0.960432104275906 6.868317362853208 0.9301890179719743 9 7 198
1.2564366242524356 7.349426666158658 0.7675646107084728 9 9 387
1.2966258862274949 7.349412790473053 0.7749933101218373 9 9 402
1.3138115318040202 7.340758914337977 0.7820012237525078 9 9 408
0.6704587618069363 7.015383112736606 0.8023131147492562 9 11 124
0.653724116029744 6.97631338377946 0.8141880535301773 9 12 108
0.6841237149324088 7.085365764020838 0.770971679122261 9 12 146
1.1828417941187461 7.350479579455966 0.7451042982368548 9 12 360
1.2920201481004796 7.351927040011036 0.7648086612610279 9 12 400
0.6164413709094111 6.9172754125201745 0.8313172628553571 9 13 78
0.6371432579403682 6.963875904937251 0.8142178697560365 9 13 99
0.6837205125691387 7.115862525163901 0.754532415557408 9 13 153
0.9879581757000895 6.852744757160496 0.9298310061509023 9 13 207
1.1518459701892336 7.3513527434254335 0.7360997857222542 9 13 349
1.2008167537766001 7.346162665054323 0.7475929968118331 9 13 366
1.2421154744876326 7.3323178333264565 0.7615462431033171 9 13 380
1.3231427560942364 7.341816903278339 0.7724238146250151 9 13 411
0.6229118036171334 6.942051544460989 0.8189469909956513 9 14 88
1.163245399088959 7.351976875502824 0.7351138648814017 9 14 353
1.3475165085039256 7.338681227669333 0.7756866362519085 9 14 420
1.370952318477534 7.3372794877697 0.7807160694079402 9 14 429
0.6583218292950148 6.982442871850085 0.804854164160815 9 15 112
0.6601756087405171 6.991188222334648 0.8012367121810295 9 15 115
0.6747514178263857 7.041754815807069 0.7810459696822334 9 15 133
0.6748744298942156 7.1363270147863815 0.7381778618022835 9 15 155
0.6284201591522122 6.9473298855596655 0.8127026966098851 9 16 92
0.6810673640537415 7.069316981187576 0.7670997305810798 9 16 142
0.9281713219594679 6.875008977304393 0.9022086631494839 9 16 187
0.9592415714806628 6.857886611325826 0.9158689693394039 9 16 196
1.2972741959127834 7.345391433134841 0.7577142980585577 9 16 401
0.6169287990807928 6.90012551217801 0.8296462925560812 9 17 74
0.6719972142718708 7.000472658682627 0.7942074589741245 9 17 122
1.2118060465433476 7.340294859922263 0.7382746596376036 9 18 369
1.265277252416724 7.332686036300313 0.751921495766388 9 18 388
1.2883162017909868 7.339300794589388 0.7532620574771054 9 18 397
1.3203513629603425 7.338769454925642 0.7595901732646426 9 18 409
0.6235186743978539 6.919980181358418 0.8169785741276197 9 19 83
0.659211707408746 6.941907607448157 0.8136783586807916 9 19 102
0.6578283887227627 6.986948990932355 0.7926676757175518 9 19 114
0.6699542487219636 7.091061723920891 0.7470210256655501 9 19 144
1.1483834632033478 7.347526057785976 0.7200356737626235 9 19 347
1.2232294649479658 7.339949496329865 0.7377849547012363 9 19 373
1.331248667007634 7.339310762511451 0.7586585203578189 9 19 413
0.6639654536998064 6.993157123818856 0.7884406028239457 9 20 118
1.182904853515089 7.3467118361968495 0.7241264036484985 9 20 359
1.373323285974365 7.341088450095711 0.7631169596017073 9 20 429
1.2204240940440132 7.3428832450442325 0.7302272428164726 9 21 372
1.2657479859931589 7.335703178842463 0.7422487912925368 9 21 388
1.3509698604766622 7.335681194368062 0.7585959813293419 9 21 420
0.6625881825078586 6.945617226027993 0.8052354676908402 9 22 105
0.6664128892953429 7.084851385593447 0.7410885604018782 9 22 142
0.9844499831954104 6.84673115486782 0.9132078401419903 9 22 205
1.124477818740895 7.363387835405721 0.6993750566884381 9 22 340
1.14616119337614 7.347403812886965 0.7109931017743701 9 22 346
0.6190511270314598 6.8921599511429354 0.8193723630102956 9 23 74
0.6751306453654419 7.018337746602528 0.771164240765146 9 23 129
0.6721656834086555 7.037526086155051 0.7589770998197708 9 24 133
1.1149249183997214 7.356858445495936 0.6946870558891145 9 24 336
1.3095881684126294 7.3379399561472844 0.7412359620496551 9 24 404
0.6381082681383031 6.8878825326216315 0.8202641805985367 9 25 80
0.6538949143488708 6.902136094715954 0.8166088967070884 9 25 90
0.666199904702721 7.108822805725625 0.7215632426736216 9 25 148
0.9154291713515526 6.8673520218739466 0.8837665429156907 9 25 181
0.9418333914133277 6.859041817401914 0.8928087336611633 9 25 190
1.216393923046409 7.341120989715593 0.7188408503738339 9 25 370
1.291021414341424 7.338745179146743 0.73444497888389 9 25 397
0.6654024375162331 6.949236523769864 0.7941417256761456 9 26 108
0.6653636797540076 7.001311690528519 0.7694910214028675 9 26 122
1.1300286861870505 7.356483009118265 0.691879907965281 9 26 341
1.3454276182448563 7.334635457472563 0.74415396297142 9 26 417
0.9707009710278482 6.844391495458351 0.9010651518106136 9 27 199
1.1550340090060633 7.350571474388396 0.6966065837523929 9 27 349
1.2016130763373045 7.346985211901794 0.7074065837910992 9 27 365
0.6563075273801433 6.9065699998417935 0.8076920193276691 9 28 93
0.6600511139847207 7.075642118156284 0.727800599027161 9 28 139
0.6169367494883843 6.860811047219254 0.8194155681022695 9 29 65
0.6622157454239591 7.014475917716544 0.7547541941009026 9 29 125
0.6700055210054618 7.10883964217069 0.7111134202941598 9 29 150
0.6701038586761378 7.14079742559411 0.6958347095715967 9 29 157
1.262448888084219 7.338893675253416 0.7174017833677975 9 29 386
1.3464726973097996 7.336780673134236 0.7349238004888601 9 29 417
1.3741283485461895 7.324985400084866 0.7460044274449298 9 29 427
0.6621493294789205 6.907898043829901 0.8033092195806035 9 30 96
0.6675691425231683 6.9465561459139264 0.7858011547333825 9 30 109
1.183548280169191 7.342543329230391 0.6972201058129541 9 30 358
1.2118200031813147 7.342936122030267 0.7026038669551858 9 30 368
0.6330940479823591 6.859663612074275 0.8183744739716565 9 31 71
0.6625581912793936 6.920161678612465 0.7950176291879252 9 31 100
0.666045544768675 6.962110166776323 0.7754725253701686 9 31 113
0.66643099044415 7.072679901243884 0.7222134456935695 9 31 141
1.236939599393719 7.345129580631255 0.7035901153746094 9 31 377
1.2937362245348094 7.336073307711372 0.719188068708287 9 31 397
1.3238588303018182 7.3331109752990145 0.7265726690224558 9 31 408
0.6641508314957588 6.952652207018146 0.777115343967169 9 32 110
0.6580542896850136 7.05794599737738 0.7249217628369321 9 32 135
1.1021778387610368 7.344085314962672 0.6744503784130923 9 32 330
1.1621840958165568 7.33811646918852 0.689241280439856 9 32 350
1.2466049377705963 7.3402304016647975 0.7049604193423766 9 32 380
1.1279363740695725 7.347436960763207 0.6749383264841224 9 33 339
1.2304738281042094 7.338714507399279 0.6995764269609492 9 33 374
1.2673002260229942 7.33502968400674 0.7086935953385751 9 33 387
1.3026948790724 7.335832185900758 0.7153448253572612 9 33 400
1.3131506411916563 7.338301322174782 0.716224710154441 9 33 404
1.3235931983058915 7.34076620510746 0.717104035373285 9 33 408
0.6472703388314918 6.866038212412335 0.8108967798573339 9 34 79
0.6545725308721956 6.870437530069493 0.8102074448171626 9 34 83
0.661359763646611 6.972769979293242 0.7616323646098885 9 34 115
0.9397078273043387 6.841956952531725 0.8810023926222798 9 34 186
0.6675569665239428 7.071882278689401 0.7117256224644395 9 35 142
1.100051803930513 7.342721954833214 0.6656462634693379 9 35 329
1.1573646554482955 7.33695586235156 0.6799424144633874 9 35 348
0.6610258441827447 6.893752874114644 0.7951966782545035 9 36 93
0.6521109439977859 7.049910942063695 0.7166336020586959 9 36 132
0.952526204741823 6.8390530143490835 0.8806174451701989 9 36 191
1.1727665479920755 7.33395167097678 0.6815273395047784 9 36 353
1.2007548049188799 7.349147014933039 0.6796763056827368 9 36 364
1.2745758473491948 7.331091036211153 0.7033752978258803 9 36 389
1.285439780000324 7.3317228406759 0.7052459708726413 9 36 393
1.2300804431187817 7.3329959910828055 0.6905646217636847 9 37 373
1.3514327715445642 7.325798851856082 0.7185570110082413 9 37 417
1.559252176864094 7.321567585458041 0.7625003334659557 9 37 499
1.5736579517153686 7.32041521304891 0.7659703828966076 9 37 505
0.64933910876337 7.003572024551746 0.7334839796226462 9 38 120
0.6658205815050094 7.111527741053626 0.6833344633017289 9 38 151
0.9696266434626641 6.832660449492636 0.8828553593463258 9 38 197
1.1055556196208385 7.345807279159549 0.6561131706257546 9 38 331
1.1423124437475007 7.341221154986769 0.6658107357682355 9 38 343
1.3294786867302253 7.333208622250025 0.7075916975378151 9 38 409
0.6596469392098657 6.90955715834365 0.7796240755907418 9 39 98
0.6546950471221132 6.958113413525002 0.7544755423265539 9 39 110
1.2020708622202927 7.346998971326312 0.6720210208194208 9 39 364
0.6470185814442005 6.8180385134726995 0.8202158033806879 9 40 65
0.6527252533161793 6.8297565927989705 0.8155267795670561 9 40 71
0.657503617528799 7.051504629429386 0.7058138896519388 9 40 135
1.0717904921651424 7.348868057910489 0.6415980258318446 9 40 320
1.1337117410701305 7.341846858977206 0.6576892245518222 9 40 340
1.365451373633519 7.331089559325785 0.7101639230565919 9 40 422
0.6503253459066853 6.961709682160462 0.7465417945747228 9 41 110
0.6837748474838529 7.229947308718687 0.6189659207088962 9 41 181
1.1702899911426112 7.337027528970509 0.6645124613295801 9 41 352
1.2565406750286885 7.3331907125071485 0.6840207941884638 9 41 382
1.5667216838403464 7.317112402220782 0.7553204772192177 9 41 501
0.6472311693531293 6.843114517279176 0.8029130117610191 9 42 74
0.6500857390287482 7.010693142243429 0.7192168312764335 9 42 123
1.3024062668178311 7.325649439785142 0.6942295894018886 9 42 398
0.6526155825751627 6.8548942583776515 0.7956462034318228 9 43 80
0.6564233237012038 6.8894359360056034 0.7789897549805114 9 43 92
0.6868637935710785 7.2450490898948345 0.6057111366475869 9 43 185
1.2329711647017418 7.327957189960889 0.6758906236093172 9 43 373
1.546255205407529 7.3191043060698044 0.7446299647653665 9 43 492
0.6601223325282949 7.056981550755806 0.6923362380968896 9 44 138
1.0796952048822042 7.344466550950495 0.6329979871678075 9 44 322
1.1462510799866377 7.342062577292037 0.6479120616185678 9 44 344
1.1992629839755613 7.340062422424486 0.6598344225395267 9 44 362
0.6845658406669052 7.258265514003517 0.5921614798432266 9 45 187
1.1085886954740585 7.339095725430453 0.6385715263253928 9 45 331
1.1745125253104416 7.335539994386338 0.653987657403174 9 45 353
1.2759361197883776 7.326165740458563 0.6796909530104982 9 45 388
1.319083947219092 7.331664746916692 0.6858001893490693 9 45 404
1.5254471343323763 7.317984978121849 0.735354347091989 9 45 483
0.6931273032052243 7.277310907982418 0.5809939593888225 9 46 193
1.2436502492612975 7.335763613217564 0.6651345935302104 9 46 377
1.3470309229818016 7.329046114620487 0.6899689449083263 9 46 414
1.5604688063039807 7.3178212100431 0.739891622362651 9 46 497
1.5884019502645228 7.170122080431149 0.8210842324481716 9 46 511
1.5953105444856202 7.180207725862494 0.8173653190970829 9 46 514
0.6453633368514297 6.810387384276247 0.8071067946962958 9 47 64
0.643235253884196 6.97614814260551 0.7217157548514403 9 47 113
0.6448409426086327 7.001016725052287 0.709304578122314 9 47 120
0.6647358254346692 7.073799891971034 0.6761364910501781 9 47 144
0.6617541757210346 7.118566337736829 0.6525753448859901 9 47 153
1.1428700428529608 7.345987643641144 0.6359460901762379 9 47 343
1.206171695724267 7.338713208357257 0.6528207737437142 9 47 364
0.6573146699379134 6.873871827569809 0.7745432872877227 9 48 89
0.64571309707266 6.928359354338024 0.744097716417183 9 48 101
0.6991423339011312 7.306710622044138 0.5606018910696664 9 48 200
1.0496145706737954 7.343994359038792 0.6144335447892058 9 48 312
0.6453023371172554 6.964202359214696 0.7228740838479 9 49 111
0.6566131171777383 7.032019309802152 0.6902211340349397 9 49 132
1.0182316569608822 7.344924356048914 0.6042203267197672 9 49 302
1.1129775239057764 7.3364882151756605 0.6283743409044433 9 49 332
1.2764708690846254 7.331395651954688 0.6651674270163124 9 49 388
1.3034784485078568 7.336453501519099 0.6681993776817965 9 49 398
1.3298144035220147 7.325756377057257 0.6792258736638024 9 49 407
1.3621588124502186 7.32675633854713 0.6854682501952724 9 49 419
0.6420976772801229 6.937940138291426 0.7331057449693177 9 50 103
1.0695179569118611 7.349918224806322 0.6091758432066499 9 50 319
1.1406677912307062 7.34535886915919 0.6264519492052145 9 50 342
1.52124753681159 7.316240945944527 0.7213130924874107 9 50 480
1.550979857945065 7.320267341076491 0.7254582510971811 9 50 492
0.6431257297169437 6.826982096412678 0.7883778931479609 9 51 70
0.6499353833063112 6.837949521990296 0.7841041443375911 9 51 76
0.6562653824996303 7.014304469054893 0.6936921594515502 9 51 128
0.7074530211358522 7.30812941245143 0.5516013612480464 9 51 203
0.9877675117577638 7.350588304715985 0.5884480902316951 9 51 293
1.0582440015183878 7.34681314258377 0.6052292839631819 9 51 315
1.177737766073958 7.328286178149924 0.6399902249348395 9 51 353
1.1970541188740338 7.332744833463362 0.641731912739857 9 51 360
1.2360161028622285 7.3253132460037556 0.6537894911414225 9 51 373
1.5717980577966477 7.16056609133934 0.8100900433404216 9 51 502
1.0195792465031799 7.341399475740339 0.5967004480594514 9 52 302
1.1872007051853504 7.326318253475229 0.639924890642971 9 52 356
0.6559304315150167 7.016942957260726 0.6866040874727621 9 53 129
0.6569957590954281 7.053016280775079 0.6679227744345311 9 53 138
0.6651595222245086 7.054753499086221 0.6687391959333957 9 53 141
0.682353307311138 7.216843921897934 0.5874218350369924 9 53 180
0.6964666019437054 7.307438712664107 0.542924967534415 9 53 200
0.7034286810061119 7.370565061659754 0.5113120587327565 9 53 212
1.1002755891434934 7.340719410941171 0.6109020324772249 9 53 328
1.1686301083215052 7.331489878633289 0.6301988237157459 9 53 350
1.2730313677569884 7.327435898796194 0.6544081932619694 9 53 386
1.5156297161168348 7.319896903698579 0.7096777567218552 9 53 477
0.6408196114287714 6.914483042611262 0.7344652074322695 9 54 97
0.6925302593991618 7.266137273833669 0.5604404494203858 9 54 192
0.9441056926276425 7.346531246651059 0.571527426098873 9 54 279
0.9865703131639676 7.35384101243843 0.5766922542411783 9 54 293
1.25412595330372 7.32480016235402 0.6487410405953362 9 54 379
1.3039319944658323 7.328755862224121 0.6572280967840127 9 54 397
1.3449878598477825 7.3307788633878985 0.6648752506548423 9 54 412
0.6453638068810065 6.848640856569098 0.7675488598358251 9 55 79
1.018225229741217 7.345620810629857 0.5844811800613254 9 55 302
1.504414091759574 7.314030922682473 0.7046396372242112 9 55 472
1.5589151459906343 7.155893607518793 0.7997422066125501 9 55 495
1.5784323359322827 7.1527276076810935 0.8055679117948951 9 55 504
0.6459811493847988 6.960500069072823 0.7058685771879714 9 56 112
0.6500655565039224 6.98204137114359 0.6953234425128643 9 56 119
0.6596483295117795 7.099619438576913 0.6350517120448385 9 56 150
0.9992467101790092 7.354332298976132 0.5725510602401751 9 56 297
1.131916888081395 7.337686195538973 0.6096969410974649 9 56 338
1.2059500693774114 7.338160768500856 0.6252504929497716 9 56 363
1.3271258488525688 7.327323360692249 0.6568638102942048 9 56 405
1.5326808531446838 7.306926142748866 0.7115577403790572 9 56 483
0.6404914938671554 6.797366895992024 0.7887241924814495 9 57 61
0.6362645968035999 6.886212010570092 0.74055479677861 9 57 88
0.7574963108989607 7.367008701046533 0.510738878944292 9 57 227
0.9520387152579757 7.350769651342059 0.5610371708342206 9 57 282
1.30076861209844 7.32125248109309 0.6514169732981828 9 57 395
0.6537071689717274 7.023395241187426 0.6684301601837936 9 58 131
0.6569857753580898 7.0657049226073285 0.6465424899536546 9 58 142
1.033802570313405 7.346722297054007 0.57742768730738 9 58 307
1.1070107640258384 7.351784320782969 0.5904495661690703 9 58 331
1.2554183687287495 7.325178304171436 0.6365336088906683 9 58 379
1.2850039475595294 7.3177161816921945 0.6468729859920992 9 58 389
0.6407568059249128 6.8926131316022925 0.732844324003123 9 59 92
1.1440607089372343 7.328254706468721 0.607800186494932 9 59 341
1.1564300824954388 7.326605488551357 0.6113491115869941 9 59 345
1.3555646136770243 7.330302294270238 0.6522720290530652 9 59 415
1.541476249467737 7.152509701590525 0.7876155240261931 9 59 486
0.6410026089072381 6.805745728826507 0.7769824927415099 9 60 65
0.6812166330546592 7.196685885339097 0.5753697100009738 9 60 177
0.6902004352439697 7.288569744753988 0.5278829391869984 9 60 196
1.0574168788270515 7.332702527295556 0.5835022001101347 9 60 313
1.0650217837520444 7.3380881559986575 0.5822485559933743 9 60 316
1.0778995236775666 7.336615411262942 0.5858238536692653 9 60 320
1.2243601241450515 7.325829332375506 0.6232781652536534 9 60 368
1.5808447683545768 7.130272919046649 0.8055172893563401 9 60 504
0.6398069696162653 6.941079391950435 0.7011727512697408 9 61 106
0.7504251858379161 7.36434357881486 0.49661449362727483 9 61 225
0.9711828169365063 7.3515065849381225 0.5514002305061569 9 61 288
1.0297388884964962 7.349889287588331 0.5649669114137836 9 61 306
1.18360542938882 7.338774253903807 0.6043226399416872 9 61 355
1.196661987624707 7.333550006602756 0.6099737449084701 9 61 359
1.2962338704012617 7.324508556789532 0.6364401888732246 9 61 393
0.6561944015512653 7.024647282602867 0.6566896409435268 9 62 133
0.6843462086465439 7.238933371488767 0.5466799853406619 9 62 186
1.4962638847507777 7.308479473520752 0.6855309941610244 9 62 467
0.6325021607980337 6.868147681355303 0.733728532353536 9 63 83
0.9636998440265848 7.353828634862252 0.5417763913437947 9 63 286
1.0813588163868582 7.336613372668621 0.5768023319835662 9 63 321
0.6330814602330603 6.828470659418464 0.752886717370741 9 64 71
0.6366173752177754 6.879074687196362 0.7260321831076393 9 64 88
0.638100293205411 6.908085034420456 0.7105179339870236 9 64 97
0.6942931540759664 7.278426554044443 0.5206172784752294 9 64 196
0.9825835013156583 7.355805278561252 0.5414400868217695 9 64 292
1.1576049133206436 7.326288352413239 0.5958445719755032 9 64 345
1.2393293110713566 7.329577837941905 0.6119273824557264 9 64 373
1.2512370605077836 7.327816095992063 0.6154942792463387 9 64 377
1.5510060294748511 7.138061444314615 0.7846740148255766 9 64 489
1.5682374316619772 7.127605021335857 0.7941525622602106 9 64 497
0.6480223791140731 6.956935338282879 0.6832107003752447 9 65 114
0.6511661015538421 6.976012863196151 0.6734463344460131 9 65 120
0.6530351980443854 7.025995222433554 0.646466850446749 9 65 133
0.6847010953202596 7.20830195491911 0.5535139993243029 9 65 181
0.7758196258936099 7.36092741795869 0.48987221425397354 9 65 232
1.0012635035920208 7.3491761056928775 0.5457826407843448 9 65 297
1.0229707982183118 7.351615993475264 0.5492090138169684 9 65 304
1.1043814291513252 7.343443609709729 0.5715519223113634 9 65 329
1.2875078162094018 7.318632070920661 0.6253331202666592 9 65 389
1.3041245575592355 7.320336032239435 0.6280457117336169 9 65 395
1.3286443296962513 7.3246562471878125 0.6310588551837165 9 65 404
0.7643263796612818 7.3688633579204925 0.4794297201602751 9 66 230
0.950763825049784 7.352852550814026 0.5292722712747358 9 66 282
0.9899588054257531 7.353504929104373 0.5375405941798914 9 66 294
1.086959610354718 7.329688373773688 0.5719906555160801 9 66 322
1.2268235646646546 7.322905927953851 0.6065062903880684 9 66 368
1.4909513245954982 7.312708149900987 0.6702518868581291 9 66 464
0.6591151171997283 7.037136617742517 0.6357467598585437 9 67 138
0.6594182754137425 7.0627955184346884 0.621648872170242 9 67 144
0.7802663041577177 7.365015515503598 0.4814913275600099 9 67 234
1.1844290284552716 7.329373118144344 0.5903988244725358 9 67 354
0.6321616750970043 6.838023696823794 0.7371151822863193 9 68 75
0.6287407284332893 6.85768708012316 0.7254625026459218 9 68 80
0.6511451610693246 7.0050043558882695 0.6487984811394933 9 68 128
0.9835128929734162 7.3532458136090115 0.529449313759133 9 68 292
1.1334616711456091 7.340499790766243 0.5697185703570551 9 68 338
1.3455094282060256 7.312391890466008 0.632251682270652 9 68 409
0.6326777729394651 6.791072538018368 0.7607333661773916 9 69 60
0.6391295055836962 6.9055357788511085 0.6985108261710968 9 69 98
0.6813426608108303 7.178147004172922 0.5562822498658064 9 69 175
0.6905835038665028 7.2925896325056465 0.49469072236433553 9 69 198
1.0635130093518819 7.335817410222354 0.553490157069676 9 69 315
1.2814075669477036 7.313560513313361 0.6142689910761203 9 69 386
1.314979336729328 7.315235471985799 0.620794856754374 9 69 398
1.5580660403993067 7.114421041520183 0.7864696630786921 9 69 491
0.6413942051498358 6.923228300152025 0.6863918368904782 9 70 104
0.7667796666488784 7.361566197188893 0.46966096690979553 9 70 230
1.0276989948812623 7.33860609231279 0.5406120466754838 9 70 304
1.1853904261621535 7.328600550977976 0.5813320608859416 9 70 354
1.2264509113847017 7.316744253465426 0.5970985948522671 9 70 367
0.7391194531967833 7.351790193077814 0.46534984637142185 9 71 221
0.6353984107152896 6.876016301805423 0.7060049340986916 9 72 89
0.6452851972257627 6.949781766571898 0.6667438934707334 9 72 113
0.9662307438147916 7.346461916210165 0.5156427550798701 9 72 286
0.9743192469674625 7.342560431315445 0.5196497279596974 9 72 288
1.0758650209620328 7.337642233156784 0.5451789073973349 9 72 319
1.096841013963532 7.330488068043438 0.5539038379190022 9 72 325
1.1223304605691338 7.33892657012195 0.5548730006684585 9 72 334
0.6877408196252691 7.294107814570134 0.47910965225745095 9 73 198
1.019899105053458 7.333680196353496 0.5314647163669891 9 73 301
1.1435378785177877 7.329561191752937 0.5615902498171088 9 73 340
1.1628088874433264 7.325617007280034 0.568149372883054 9 73 346
1.1877068465895722 7.334798178456388 0.5685664078779005 9 73 355
1.2214834685671079 7.31688502543952 0.5862706488986971 9 73 365
1.254188676808044 7.3136340687807 0.5954593106991217 9 73 376
1.280031337874214 7.3137425708434325 0.6012089624594508 9 73 385
1.3476395027175816 7.313599493677023 0.6164918307895809 9 73 409
1.485033891250227 7.3102803481282805 0.649258997597173 9 73 460
1.5319707372936386 7.140924000968638 0.7553899282528773 9 73 478
1.5517604062023704 7.110871897410906 0.7767997765924262 9 73 487
0.6365113834491244 6.882940809232018 0.6968993543617121 9 74 92
0.6460276216638181 6.954507589657291 0.6585083786224493 9 74 115
0.6553594733064262 6.997897141092502 0.6360361331943594 9 74 129
0.6583131548025867 7.006372573007404 0.6319016078844986 9 74 132
0.6786971042083073 7.18837931429475 0.5334056877117963 9 74 177
0.6848451125521994 7.227903062965366 0.5124050421942485 9 74 186
0.7942793154345804 7.340046364565062 0.47356620200550825 9 74 235
1.0296200258726498 7.333608939633978 0.5302918306660946 9 74 304
1.0564078868198674 7.339665640887544 0.5329029549719824 9 74 313
1.5652386572859391 7.104180614442312 0.781050716467494 9 74 493
0.6206947519862605 6.830891528134701 0.7201688790617634 9 75 71
0.6277084763155878 6.85193081407833 0.709794670579398 9 75 80
0.6493192294082628 6.964838299362009 0.6504952800510642 9 75 119
0.7152111322065204 7.3460254442615796 0.4486954702230741 9 75 214
1.096315373314995 7.333684915399783 0.5419284868166707 9 75 325
1.2145938069538196 7.324176975089758 0.5740919720624702 9 75 363
0.6595960595805499 7.0110920568914565 0.6235231724122866 9 76 134
0.6597490071146211 7.049458189063227 0.6016665992749253 9 76 143
0.7788063685337475 7.320635169392125 0.47395263715011504 9 76 228
1.0230586149464331 7.334211228493903 0.5216321182825712 9 76 302
1.055758727992118 7.342233292140596 0.524475143661143 9 76 313
1.2267606165691054 7.324082977581757 0.5736353306957535 9 76 367
0.6339798965710033 6.872695774277579 0.6939390348509846 9 77 89
0.653585031162538 6.977170113427782 0.6385711532217944 9 77 124
1.0597608331072268 6.947398312604973 0.7480715031609623 9 77 262
0.9715116604341907 7.340913621671661 0.5026269618046764 9 77 287
1.0348564292291513 7.33762173414377 0.5189302140415194 9 77 306
1.0861881216873503 7.336885161939135 0.5310357653472504 9 77 322
1.1132365863951272 7.341173779718661 0.5347363313727975 9 77 331
1.2553990072064396 7.314516601614093 0.5823602718513284 9 77 376
1.2697014950500058 7.3155188889936476 0.5850417071695619 9 77 381
1.3263802201141894 7.3184188357989886 0.5962817517625154 9 77 401
0.6377392399776304 6.88789548029947 0.6833143496743964 9 78 95
0.6868065242335838 7.249851369935577 0.4864734393429937 9 78 191
0.7123788014992731 7.329136916556266 0.44674038502119506 9 78 211
1.4935450603220102 7.305402051667065 0.6387278883708236 9 78 462
1.5802711667527924 7.093699404403303 0.7802094596214806 9 78 499
0.6427927763523287 6.912782898620202 0.6673308056971962 9 79 104
0.6471152594852289 6.959808128086744 0.6411928628399355 9 79 118
0.7350657188385472 7.313667309148212 0.4572002940103834 9 79 215
0.9326978988245693 7.353971859582771 0.4792077542732207 9 79 277
1.0087408260434167 7.338204761371723 0.5057174567419712 9 79 298
1.5311131072579887 7.121263574128945 0.7504905020720516 9 79 476
0.6255931897560413 6.796433039716854 0.7279041805899701 9 80 63
0.633679340168263 6.843709245723443 0.7023893092556532 9 80 81
0.790110246222195 7.309898381131663 0.4684045544029045 9 80 230
0.9687143407971508 7.339293929215673 0.49241038573606577 9 80 286
1.1547680474348858 7.327485714199754 0.5419838005331005 9 80 343
0.6381309173224541 6.867453520134468 0.6869077787085253 9 81 90
0.6624598574749685 7.032307306270915 0.5967165453030656 9 81 141
0.7907557956235742 7.3429171612765725 0.445780422045428 9 81 235
1.0463857860031767 7.3329093296784205 0.5104932575494192 9 81 309
1.0675066632230124 7.337118137325828 0.512913777668486 9 81 316
1.4850030540036663 7.3046173560327485 0.6279913798739758 9 81 458
0.653750528446721 7.008780318813495 0.6053282657237107 9 82 133
0.6799376699472901 7.174022253258773 0.5150075700106376 9 82 176
0.6973468982566249 7.282623186436625 0.45569251288222734 9 82 200
0.9825788729215164 7.328875528411783 0.4946350061625071 9 82 289
1.0840612473306486 7.335604759366833 0.5141632132942321 9 82 321
1.1158559711087532 7.335013141974524 0.5218560995975781 9 82 331
1.1841899145392258 7.321503555474349 0.545527327953391 9 82 352
1.2243891291293667 7.3301795377455985 0.5497574524231694 9 82 366
1.5483417562609068 7.1001938651492535 0.758756274800308 9 82 483
0.6226077605790503 6.808583107877844 0.7122321639089928 9 83 67
0.6297280334135353 6.858121491727379 0.6848854913758116 9 83 85
0.6363830426716223 6.874201598039379 0.6770157071445394 9 83 92
0.6377213445645926 6.882970688902313 0.6721929637035269 9 83 95
0.6469863457802933 6.933219103659257 0.6449278382861751 9 83 112
0.6812182236168117 7.220237817686963 0.4848571545588254 9 83 185
0.7662381807186425 7.279838551559587 0.46967817163308734 9 83 219
1.1343059115069751 7.33693206294968 0.5215791513055295 9 83 337
1.1486904820795583 7.329667619679848 0.5291658189862902 9 83 341
1.47570650594662 7.304711784015855 0.6195781689664543 9 83 454
0.6256624374335795 6.819788642548566 0.7036934438570313 9 84 72
1.0727467938975646 7.34192971193564 0.5008982690668092 9 84 318
1.3351174451727816 7.318860209567791 0.5754557103867135 9 84 403
1.5647044237873735 7.093715565974982 0.7611058595664669 9 84 490
0.6230720848456223 6.794037932609413 0.7155769579491531 9 85 63
0.6485032485342922 6.98786635685314 0.6072228542699664 9 85 127
0.7775896139837821 7.270434355327392 0.47072066511055843 9 85 221
0.9795104411097215 7.3280576626009735 0.48383697636121625 9 85 288
1.011079942144404 7.332052009299259 0.48884450028968907 9 85 298
1.0408888116517365 7.330851317927225 0.49650450813444424 9 85 307
1.2118832712723586 7.322890084363859 0.5410781204972921 9 85 361
1.5279042724999783 7.1231084144299714 0.7325762105115143 9 85 473
0.6234030240662665 6.826429164684869 0.6938363914078098 9 86 74
0.6465827064687408 6.934501854156814 0.6353051194323636 9 86 113
0.6519362443021042 6.99890831805998 0.5984439344630883 9 86 131
1.072479260361212 7.343535994622931 0.49288323310512405 9 86 318
1.182318978411371 7.320949571146205 0.5319440577156269 9 86 351
0.6989710446957227 7.28187933634324 0.4383409240803968 9 87 201
0.7155224772825043 7.284599679787408 0.44060895329261185 9 87 206
0.7711992978492441 7.248766866370194 0.47495490506383176 9 87 216
0.8064908557089454 7.2604504422814715 0.4762967648451415 9 87 228
1.0070557807412515 7.334207191563665 0.479552626337334 9 87 297
1.0402204724494226 7.333229924062715 0.48791492790973834 9 87 307
1.13047581821229 7.330918502178401 0.5104655682389493 9 87 335
0.6389046110152287 6.897662894662092 0.6495618249587084 9 88 101
0.6475900368684447 6.962071376715577 0.6132136847670451 9 88 121
0.6805409343109551 7.167681605650057 0.4984097018981384 9 88 176
0.8235831070512007 7.260038774458496 0.47702398155756165 9 88 233
0.9398799072149429 7.326091931056788 0.46502270106311583 9 88 276
0.9747242685371809 7.3229330744576355 0.4751065216177497 9 88 286
1.4895957398426136 7.299602413670501 0.6101925380057792 9 88 458
0.627742758297511 6.831491140756211 0.6836271622849893 9 89 78
0.6627844675716801 7.032923572506652 0.5713946884569086 9 89 143
0.793343525783266 7.244885343926397 0.47541236682355614 9 89 222
0.9544889648364434 7.314741035133854 0.471664251954639 9 89 279
0.9856174187828128 7.320461080556257 0.47559093079215464 9 89 289
1.064192070781957 7.3400545031174085 0.48241884512980326 9 89 315
1.2105547113693524 7.320646634015444 0.528581916434683 9 89 360
0.6569736707826674 6.9968097249754635 0.5885307313089958 9 90 133
1.0809543505493 7.338630034761123 0.4836939394560128 9 90 320
1.1812763128591812 7.316899503406139 0.5204967486614049 9 90 350
1.488201068799382 7.3003820079198825 0.6030917476167681 9 90 457
0.706149168667171 7.254220271167252 0.44199213231482815 9 91 199
0.9743303368525561 7.306429046239657 0.4742285499613559 9 91 284
1.0137531679717173 7.324966489076385 0.47242158867326545 9 91 298
1.1059151739837776 7.330789467851283 0.4908025012908256 9 91 327
1.1138939532021879 7.32520148862371 0.4960648211452894 9 91 329
1.1339053585002499 7.332740854367857 0.49627468084799153 9 91 336
1.5427020847175257 7.093183258162241 0.7377241116471065 9 91 478
0.6179005212786038 6.7952561531536855 0.6948946897661155 9 92 64
0.621051243467457 6.807255671034635 0.6883883444223076 9 92 69
0.6295903112045113 6.832908346989019 0.6749086640820193 9 92 80
0.63308911432642 6.858718437406826 0.6601330070674984 9 92 89
0.6429106955708851 6.864709067951042 0.6588499087708724 9 92 94
0.6863652247300918 7.165786689045236 0.48711928736137866 9 92 178
0.6853942449719659 7.205638611858655 0.4627866665027738 9 92 185
0.6859929812130433 7.233227721018803 0.44624420718402336 9 92 190
1.1564139629541828 7.319574357493589 0.5060958711424066 9 92 342
0.9816550479581646 7.295855657459388 0.4752624012061699 9 93 285
1.1841415843230778 7.320952961263874 0.5084158746798448 9 93 351
1.5634504056171212 7.079116464590761 0.7458415904545466 9 93 487
0.6346012516923328 6.8417487980728895 0.6651457577583317 9 94 85
0.76276863795485 7.197338015300498 0.47925620466558627 9 94 206
1.004054268292152 7.30634877779742 0.4706849865423486 9 94 293
1.1109476625560482 7.337185046551187 0.4775220116753225 9 94 329
1.5265283699547276 7.110629090848059 0.715140418404724 9 94 470
0.6457297913118519 6.915356640228412 0.6200027781725442 9 95 110
0.9481063694981955 7.27998020223087 0.4697832098366408 9 95 273
0.6533806617726048 6.974893775490992 0.5823372022657864 9 96 128
0.6856793871018918 7.201608894146729 0.4510204664520774 9 96 185
0.8363921728191583 7.217012703578041 0.47791350175709546 9 96 231
0.9780674723684173 7.279345783479622 0.4738327634692392 9 96 282
1.0345954021368429 7.303505717551187 0.47264065134266886 9 96 302
1.0574001475698596 7.322854980501541 0.4662678850276871 9 96 311
1.543498789689219 7.092581883064845 0.7247790780607444 9 96 477
0.6193998097527595 6.803864639260533 0.6763195736256773 9 97 69
0.6491922428909217 6.94333057469578 0.5976447218884428 9 97 119
0.6747878789563545 7.136692261923034 0.48476649520785375 9 97 170
0.6946561634976237 7.214868623505401 0.4414324075813343 9 97 190
0.947822677528657 7.26424167420239 0.472265946908194 9 97 271
0.6241229671731247 6.771002230356243 0.6950050674815946 9 98 60
0.6539017671598509 7.0098183270306755 0.5546396324159123 9 98 137
0.7521548260343038 7.177186508500578 0.4750427709835292 9 98 200
0.7964825490419863 7.189146654528232 0.47840605469738984 9 98 215
0.8108082047457221 7.193889286932242 0.478950746470594 9 98 220
0.9801970018070425 7.265351378405679 0.4758835407150239 9 98 281
1.0360738926858737 7.29018467331634 0.4740931600546039 9 98 301
1.5534910106033026 7.083202419372734 0.7275452148991365 9 98 481
0.6376978672938413 6.8333369611501755 0.6569451070322083 9 99 85
0.6890968397583266 7.1991531692015425 0.44256048616876953 9 99 186
0.6403983312989989 6.8946011646779874 0.6166304201466913 9 100 104
0.6862801339324064 7.18588958748793 0.4465107876825616 9 100 183
0.7851692819459648 7.171709002245711 0.47947639538283204 9 100 209
0.8348582931775399 7.198084028210349 0.47518759953821554 9 100 228
0.6259347281060563 6.8085500622828015 0.663864256412982 9 101 74
0.6348352324827845 6.864652155220391 0.6309955940852586 9 101 94
0.6803269369870125 7.1454899899823205 0.4666899603598422 9 101 174
0.7067982862608753 7.174975192905561 0.45475132716229627 9 101 187
0.994612246296626 7.253140579492329 0.4763884557323723 9 101 284
1.0584659283184865 7.2913978118178235 0.4681224757848965 9 101 308
0.6484167475869516 6.897793531421595 0.6106244571976955 9 102 108
1.5336525284778653 7.096400784710654 0.7035046667469149 9 102 471
0.8273692610763494 7.1724279138532685 0.4788989378110968 9 103 222
0.9963869044045499 7.240059978589987 0.4779777412310233 9 103 283
1.0638002650052427 7.27585154998464 0.47206294933357373 9 103 308
0.6231102411454913 6.786781813725069 0.6684618965723208 9 104 67
0.6447802630701572 6.933873912627727 0.5809299179674876 9 104 117
0.7471141906721275 7.1300932366906675 0.48230536469819063 9 104 191
0.6467571860276881 6.970093658046317 0.5553614198033894 9 105 127
0.7984890043942288 7.144809567254567 0.48223864793008986 9 105 209
0.6315001059749614 6.852948099248557 0.6228823507393882 9 106 91
0.6739830888424759 7.103981749099986 0.47377830460549797 9 106 165
1.4797915391521812 7.296531091430507 0.5516232542866966 9 106 450
0.6343862436330191 6.828748878057075 0.6361005878243682 9 107 85
0.6552663251786338 6.999058502446981 0.532596155638966 9 107 137
0.7755741586214442 7.1308541781764845 0.47846704300807175 9 107 200
0.9662539180123872 7.210052218009513 0.47545823294157197 9 107 270
1.02627183148183 7.245993522007859 0.4674813827366697 9 107 293
1.547919061111981 7.08296626827439 0.7016116157091259 9 107 476
0.6249829165681607 6.802334134637742 0.647770833002905 9 108 74
0.649569338278805 6.901410464560398 0.5904513730692631 9 108 111
0.6732315807243306 7.128562120041808 0.45085546249495123 9 108 170
0.6380705044111188 6.852864645214871 0.6157134066530693 9 109 94
0.640256100429942 6.864270605423853 0.6089288045150957 9 109 98
0.6912298041031066 7.1321804808399785 0.449477068998426 9 109 176
0.8309656866500637 7.13749233916833 0.48111613662222474 9 109 218
1.5194164206690726 7.105473399441442 0.6744053959012455 9 109 463
0.6486342264955678 6.9041923110632215 0.5822851026524936 9 110 112
0.6504446372232109 6.9483453551340535 0.5542529775828384 9 110 124
0.653357762290478 6.960864835866001 0.5469083810520463 9 110 128
0.7818321330414246 7.118059151617361 0.4778131670926251 9 110 200
0.6378370114594178 6.879072293158378 0.5927364406360416 9 111 102
0.644253648127323 6.927346984089176 0.5630974019809469 9 111 117
1.5368348895271016 7.075517555553618 0.6924309238630795 9 111 470
0.625777814137806 6.765804729921944 0.6574360745387163 9 113 64
0.6705809036827242 7.107135860453929 0.44621146269593437 9 113 166
0.7538690881007031 7.079850240264674 0.48515482138369015 9 113 185
1.4708100005504912 7.291540015107461 0.5291485801737719 9 113 445
0.6229033424411603 6.773623825039561 0.6487741541174334 9 114 66
0.8151093033921362 7.109366169351115 0.47798890252364945 9 114 209
1.5226938934585865 7.08034204242354 0.677203850695444 9 114 463
0.6224050785510717 6.782197344148453 0.6401741635320001 9 115 69
0.6354723909285808 6.835922872169837 0.608224094794597 9 115 90
0.6794374527576023 7.097475397229245 0.4476610923371518 9 115 167
0.6181570859361278 6.752504105076172 0.6557880665407428 9 116 58
0.6289846083474665 6.818624746354247 0.6149776335609303 9 116 83
0.648576323740821 6.940494324376473 0.5396647950024325 9 116 123
0.7141041572344502 7.066121167731818 0.47364626552963474 9 116 171
1.5443420626997955 7.066172000855751 0.6863588246723905 9 116 472
1.5642385114639574 7.057785492125826 0.6969853939932893 9 116 481
0.6269126911508873 6.7878782677162155 0.6318247902877732 9 117 73
0.6440483798072821 6.9061204191405094 0.558008794277029 9 117 113
0.6562574771523781 6.991950859677988 0.5043677409857218 9 117 138
0.8464270587728866 7.104157173300484 0.47901885505354147 9 117 218
1.4675911527244487 7.296607234605094 0.5113634836592874 9 117 443
0.6309877238515006 6.844428715493758 0.5924342423237813 9 118 92
0.7390254502741032 7.0523038375973135 0.48228160268834075 9 118 176
0.7708821856024637 7.064606575117721 0.482326885548793 9 118 188
0.6469299778537635 6.908240375560219 0.5510043543411879 9 119 115
0.6508141071448806 6.95073402865859 0.5236971589306927 9 119 127
0.798011333616055 7.067852204594923 0.4837305728464867 9 119 197
1.5234723060448199 7.070420277411943 0.6696176411385278 9 119 462
0.638815241725897 6.8579769866687705 0.5793212308573905 9 120 99
0.6352357409025128 6.869047745867263 0.5709905487634839 9 120 101
0.6415785970105374 6.879901764530803 0.5653784248722226 9 120 106
1.47539683903803 7.2890079539953145 0.5081117856830293 9 120 445
1.5473339436638687 7.056246034650283 0.6795640267833271 9 121 472
0.6848462414823994 7.053391076071479 0.45356692071071825 9 122 161
0.8333643492576399 7.072013751882619 0.4797833060507708 9 122 209
1.4681863109837558 7.292649793289424 0.49686822573869993 9 122 442
0.6532313742996788 6.951774326492207 0.5104308703161018 9 123 129
0.7695108962401538 7.026867864396833 0.4901190506277663 9 123 181
0.6322994788732897 6.803505809597278 0.6021663937653071 9 124 82
0.6418009677952284 6.890175504919365 0.5458813235033336 9 124 110
0.7346055005064526 7.009643692390384 0.4892231889711647 9 124 167
0.8689235229284547 7.064089755288935 0.4841285218720983 9 125 219
0.6276504621497323 6.780785581056424 0.6104589203560443 9 126 74
0.6349740245572182 6.863006949945851 0.5562333987171854 9 126 101
0.655478583695934 6.958265562559126 0.4965847070912749 9 126 132
0.7579480252241291 7.0121381687578435 0.4868548175515349 9 126 175
1.5231889518896473 7.056444850842156 0.6587275769014483 9 126 460
0.6382446074959689 6.817043390150197 0.5854508930562389 9 127 89
0.6337581209814844 6.828548290654701 0.5763760365621102 9 127 91
0.6464264322813125 6.915879506775408 0.5198703513313153 9 127 119
0.8373813271841929 7.044913786346885 0.482015860672074 9 127 206
0.628171712228757 6.7875540876806495 0.600008964073492 9 128 77
0.7817274250799111 7.013918042529578 0.4851025533410356 9 128 183
0.8039916651099265 7.0247475513670485 0.4835698357093918 9 128 192
0.8182781307457676 7.027747788355624 0.48530269844408414 9 128 197
1.4724782932409743 7.283236643364399 0.4834106060490011 9 128 442
0.6451711025299597 6.866385123241626 0.5471241984156772 9 129 106
1.5370219777876006 7.047559151092496 0.6568832055150259 9 130 465
0.8481848142053028 7.034546497286813 0.4782773568498684 9 131 208
1.4638532631359686 7.270212505055415 0.479547273197217 9 131 438
0.6447410963910822 6.912590629926491 0.5051861442228931 9 132 119
0.6488899019775763 6.923416322450992 0.49874900878468875 9 132 123
0.7283342734517921 6.969480898150552 0.4879802497640835 9 132 158
0.6300324115307615 6.806093519856188 0.5724553202430559 9 133 85
0.6428611299498084 6.857528076385624 0.5399032740660543 9 133 104
0.6448385557858041 6.9036542313893445 0.5081401414906683 9 133 117
0.7571965157715956 6.969163765241069 0.49258836502645154 9 133 167
1.4863512669491568 7.153073851717142 0.5605608526421486 9 133 444
0.6444904211460566 6.887738913755026 0.5159114111727516 9 134 113
0.6469131438752663 6.923661999617988 0.4913253194233391 9 134 123
0.6545014552766586 6.955298953612801 0.471148967767558 9 134 133
0.8785553695689312 7.029473942607599 0.47966797216030943 9 134 217
0.6412782179619267 6.829010417027111 0.5531631020353177 9 135 96
1.516546892333863 7.122767666958699 0.5804626415512746 9 136 455
0.6209202031268632 6.788459415617355 0.5700799533233829 9 137 78
0.7366961478561799 6.944444107248401 0.49092854845286005 9 137 156
0.7859866568987062 6.96587767352424 0.48916989414310097 9 137 176
0.8077013772455537 6.976476796237252 0.4875737260115949 9 137 185
0.8304206229770554 6.985703439186292 0.4872265837831402 9 137 194
0.9990540843550879 7.060287731001477 0.48031829795328995 9 137 261
1.0076962691070375 7.0614436628900314 0.4818577960193322 9 137 264
1.5327678960792617 7.043280520869663 0.6351937677864834 9 138 461
1.4251959799319769 7.283715817564676 0.4306979801980064 9 139 423
0.8582960091034859 6.984269235064581 0.48567264835987 9 140 203
0.641205439900953 6.884002866461822 0.4944541273306756 9 141 113
0.6458301703047378 6.913491738522367 0.4744934996413852 9 141 122
0.7934934366029255 6.95136324489262 0.48804052729398695 9 141 176
0.8172187609294035 6.963453748526204 0.4858916363191862 9 141 186
1.4795320166624601 7.125955412231272 0.5519573533340553 9 141 439
0.628858204685822 6.7813951259858705 0.5618384010317279 9 142 80
0.6356357181154365 6.797172721795873 0.5523139917244706 9 142 87
0.6336571219936687 6.8159725494459735 0.5381770130999941 9 142 92
0.6401996034172376 6.840130961469006 0.5225298701464793 9 142 101
0.7748741796335321 6.927009274396436 0.4970814966322872 9 142 165
1.5183902318095148 7.086032839728598 0.5883236778480827 9 142 454
0.6496000342144388 6.94340415661919 0.44698139947190807 9 143 131
0.8831354028917315 6.987781854069096 0.47975086918296517 9 143 212
1.0199184979211682 7.04526313358876 0.47263521270806774 9 144 266
0.747614604407562 6.90497128126761 0.4954299589402109 9 145 152
0.884251432151686 6.973777417451541 0.4834070682729502 9 145 210
0.8507371289004737 6.951317097836956 0.4870414876960478 9 146 195
1.4417062457465388 7.27471697893183 0.41586166882643205 9 146 427
0.6386560650184506 6.847113241076831 0.5005796373773819 9 147 104
0.8617607970974966 6.952861557039922 0.4856051264812955 9 147 199
1.4127783972778651 7.278774785124427 0.40099753179555586 9 147 417
1.5266726242591335 7.043757757076037 0.605950843421471 9 147 456
0.6351369498483106 6.797814995754742 0.5326520402756512 9 148 89
0.6723558631006542 6.902295013929286 0.4660338253664129 9 148 129
0.7879344455160187 6.9024626827442415 0.4951984939954883 9 149 165
0.8328594395418616 6.928209480077674 0.48885093210865094 9 149 185
0.6428163633220599 6.872392829208483 0.4729555725003505 9 150 113
0.6453962605273262 6.892454610060357 0.4587740407172647 9 150 119
0.8063963233296034 6.906504552668064 0.49407573621915235 9 150 172
1.494965023378456 7.055960239082127 0.5786167668452487 9 150 442
0.6414614021901006 6.828987012134117 0.5015307618438861 9 151 101
0.8927372466801471 6.94469114332677 0.48682539902534483 9 151 208
1.5101680708623346 7.047376645241628 0.586189966653861 9 151 448
1.4025125550470103 7.292837540247276 0.3685045350044296 9 152 413
0.7611676922140644 6.87534792914685 0.49437473994000336 9 153 151
0.8630146319588942 6.921531527388336 0.48888110207787105 9 153 194
1.4252104886326384 7.278855144373337 0.3816294556466717 9 153 420
0.6406812773463283 6.830086854266847 0.49048548406411885 9 154 102
0.8057823379770527 6.890553167692358 0.49238386758428876 9 154 169
1.3956150736948127 7.288379251359245 0.3581833144878457 9 155 410
0.6507126748287102 6.879761073184486 0.44894993154935814 9 156 119
0.8303236830757205 6.893734787069894 0.49031677309947574 9 156 178
0.8420377154663419 6.899266910731784 0.48950626582773094 9 156 183
0.8934208599937554 6.914623654011949 0.4927158614128081 9 156 203
1.0538834181672956 6.861055824576051 0.5798235970685763 9 156 249
1.4210365048403895 7.279518402365692 0.36834660090838 9 156 418
1.50410150182622 7.027472630922141 0.583754709329567 9 156 444
0.8404647998638087 6.465664586686611 0.8160433087290778 9 157 40
0.7021059625230238 6.834367695953739 0.49495334752854336 9 157 123
0.6375495844877277 6.797773322591142 0.5007924531260418 9 158 93
0.7960382686824123 6.861783600067092 0.4979939264253931 9 158 160
0.6341983213964513 6.806998256247211 0.4894197702539116 9 159 95
0.7822580319362004 6.854368674046931 0.4963123182345338 9 159 154
0.8234718080339709 6.87871220553814 0.4896697132121387 9 159 173
0.850190034426318 6.889203537618675 0.4894225925929787 9 159 184
0.9042293088675718 6.904624610717932 0.49337182417763403 9 159 205
1.3832340696050582 7.282951426719344 0.3429713210811054 9 159 405
0.810589273632939 6.864613148461782 0.4900102148558888 9 161 166
1.0655908796219866 6.851413137927407 0.5751374999555654 9 161 252
0.8774340848202624 6.887163197728254 0.48885148047606664 9 162 193
1.0607229413408379 6.802061114477922 0.6088617050175591 9 162 241
0.6377844253686927 6.819684631420847 0.46712465785961665 9 163 101
0.6491743267697454 6.839808403767022 0.45483280476920696 9 163 110
1.0740623323347083 6.84964678609352 0.5727873926819717 9 163 255
0.8470348291297233 6.444455516803556 0.818749485983909 9 164 35
0.8668467513100162 6.873862846218492 0.4893136655409084 9 164 187
0.9108870571259378 6.890075466764146 0.4897132501106567 9 164 205
1.0737008613499033 6.80584312336869 0.6007597521400577 9 165 247
1.0847978673065526 6.842930513991878 0.5749984676249746 9 165 258
1.498819141082078 6.984070671038449 0.5875473619664218 9 165 439
0.8477550402984397 6.459923098996764 0.802347266484749 9 166 44
0.714745599238331 6.795851159030811 0.49850382427814655 9 166 119
1.0745371582391399 6.819769383091102 0.5870403349713504 9 166 250
0.7999578889946843 6.835877968030822 0.4890910496680799 9 167 157
0.8163090205102472 6.842915690313567 0.4884308045858886 9 167 164
1.0752996515173616 6.828746352871246 0.5771191172591479 9 167 252
1.4283661133700798 7.27216857580504 0.3328681929577464 9 167 418
0.784095164490715 6.8115817714535405 0.5001972760855938 9 168 146
0.8474322070272928 6.8455250566242025 0.4923307880484916 9 168 175
0.8838252576339305 6.863249821277485 0.4892193778839129 9 168 191
1.3991789978746487 7.266600935286132 0.3245121842279719 9 168 408
1.0570018668179415 6.801172756578916 0.5873113151561355 9 169 240
0.6527812202165619 6.797217825851119 0.45844166007883014 9 172 102
0.7010320411555606 6.769691259027892 0.495209070340521 9 172 109
0.8042651549307989 6.8095064880708644 0.494605828828129 9 172 153
1.0578830209122874 6.803245830712985 0.5767021224000604 9 172 241
0.8510658026293592 6.467549663784087 0.7810899962852105 9 173 52
0.7231005470434756 6.768587494094305 0.49949096775979673 9 173 116
0.8682660583833455 6.82870907755937 0.495289160312136 9 173 179
0.8820013291356953 6.834864676546579 0.4945152454951822 9 173 185
0.9152609983806731 6.852309348543139 0.49059513569428803 9 173 200
0.9234306430758555 6.858230817451864 0.48831344508221497 9 173 204
0.858294206517872 6.437502557952952 0.8029782273259933 9 175 41
0.785426461208244 6.791702581528718 0.49319243634765997 9 175 143
0.6947914498279437 6.765322413975556 0.4834429329770663 9 176 107
0.8321494146178197 6.8051945595346295 0.4932271124673805 9 176 162
0.9076198497813157 6.834180645158469 0.4928384607070433 9 176 194
1.0805584780569801 6.803412699897196 0.5710942999800073 9 176 250
0.799349283734974 6.791560943295533 0.4908909294133087 9 177 148
0.8560122643289355 6.808722041800476 0.4943510076364258 9 177 171
0.8579712415866434 6.474042234619074 0.766062775424335 9 178 60
0.823750722288563 6.794474467929654 0.49269415600338295 9 178 157
0.6202006480073536 6.708398830325684 0.49697782397110213 9 179 67
0.9121182877861884 6.8249446645104666 0.49169735479148935 9 179 194
1.752961223953716 6.985481379028214 0.6206364712078816 9 179 551
0.8568840484794806 6.449613969535179 0.7787304853547372 9 181 49
0.8765927457863065 6.797332109461364 0.4967287084624319 9 181 176
0.6207019966116673 6.69561218943651 0.4977925028877612 9 182 64
0.8961938408257387 6.8066193709477725 0.4917986818113028 9 182 185
1.8162047319490462 6.994753934440506 0.6236149019559907 9 182 580
0.8561766411752811 6.4671863789240875 0.7591179904637739 9 183 58
0.812210209848186 6.769736203999535 0.4928147810166549 9 183 148
1.3655452898083675 7.28109882681881 0.2399832755590734 9 183 395
1.663194674802225 6.962103111069287 0.5997430042638955 9 183 508
1.105633039804682 6.882293544323483 0.4877075499262973 9 184 273
1.6747181194825387 6.963329922664642 0.5992566884448891 9 184 513
1.7754890220351318 6.98405989116881 0.6136660415846843 9 184 560
1.8361717633550128 6.995465537287767 0.6232455959055805 9 184 589
0.6215410331640421 6.7184744232573195 0.468880541816173 9 185 73
1.691898194653979 6.960127194295538 0.6042862846140488 9 185 521
1.752262375737752 6.975382649034399 0.6105552693075056 9 185 549
0.8600242057748406 6.469731851068747 0.7508864275344982 9 186 62
0.8590861658437472 6.776256206384114 0.49209307969601246 9 186 166
1.178621851751871 6.906430718942177 0.48367457223122035 9 186 303
1.1992043728896609 6.9179653109765 0.48047624788534926 9 186 312
1.7881953641936363 6.9784205693323935 0.6163262307677325 9 186 566
1.8902737401075662 7.006707230545081 0.6248518153995861 9 186 614
1.915359175723919 7.007144426922277 0.6324404230594403 9 186 627
0.8622782467758612 6.4776963823831055 0.7424079960797085 9 187 67
0.82112477289354 6.758601984042473 0.4915937394450779 9 187 149
0.8396865714600914 6.76553247777714 0.4916348019110057 9 187 157
0.8843735814388014 6.777184794944331 0.4959926031744042 9 187 175
1.3682998404204423 7.276691154391889 0.22725703671725328 9 187 395
1.857111231692141 6.99632890431591 0.620049340588673 9 187 598
0.9230170941370244 6.788042304432925 0.49575560518823336 9 188 191
1.1314782733308397 6.879009127080325 0.48503795711074305 9 188 282
1.7056445745677686 6.952265554631796 0.6060805021989119 9 188 527
1.7548356940172631 6.974823176017168 0.602624125458898 9 188 549
1.8466535857679338 6.990323015528968 0.6187663325698096 9 188 593
0.866814584487695 6.401967097868163 0.8034170553509962 9 189 32
1.6741786050588847 6.961208824707775 0.5853111967040763 9 189 511
1.8647448168548695 6.995336505091818 0.6172372108766323 9 189 601
0.865571386963177 6.419000333939861 0.7861792032091035 9 190 41
0.8681952115770154 6.432371124049205 0.7755874615610704 9 190 49
0.6378631648793895 6.814008002875328 0.37525419450598596 9 190 108
1.1072447724906485 6.857663103094537 0.4886562143362331 9 190 270
1.206501178511104 7.290590765515531 0.15030270949216407 9 190 347
1.2246403102818375 7.287219316093136 0.15901098663698177 9 190 352
1.6463129154638514 6.954081071412467 0.5793155991718295 9 190 498
1.8403338353823235 6.988620840516305 0.612084950178255 9 190 589
0.6437853868295642 6.836440339360139 0.3541721873895436 9 191 116
0.9070544194657222 6.7707101140640225 0.4953849773441509 9 191 182
0.9292528961570855 6.785079516300881 0.4902043519152436 9 191 193
1.811213664558212 6.979555335161921 0.6074135961684001 9 191 575
1.880489978306652 6.995469454619412 0.6160722868837104 9 191 608
0.8706326439576874 6.446806300522315 0.7591965142489647 9 192 58
0.6223247516459413 6.718908588579782 0.4446386932455839 9 192 76
0.6373625053403764 6.850035692067752 0.3365755787476534 9 192 118
0.8239050005887392 6.746708707294425 0.48583246603092234 9 192 148
1.1955400522848483 6.889209094471498 0.483198185485734 9 192 307
1.13176485551266 7.17412334227798 0.21723304067094684 9 192 316
1.910393682671777 7.001276135075459 0.6176722417364312 9 192 622
0.6207538740619646 6.735043456237821 0.4266921236134944 9 193 81
0.8794453210059126 6.754610485177541 0.49362859999381015 9 193 169
0.8997576923442511 6.762889757174377 0.4930573965793128 9 193 178
0.9222784259584189 6.768013366478332 0.49592900680838004 9 193 187
1.1606447791618846 6.866360413104859 0.4881979652824965 9 193 291
1.7763749611756505 6.968370070020548 0.599611155266538 9 193 558
1.7965789834021368 6.9773908612029505 0.5983640307503646 9 193 567
0.6239131248775881 6.693703003479572 0.4600131456349288 9 194 69
1.6877981864342082 6.953566278841112 0.5805458258660712 9 194 516
1.6981405456851761 6.952334117329152 0.5849768174673841 9 194 521
1.1256808242129723 7.173142629266545 0.20298600362180963 9 195 314
1.8191619949561142 6.979757893876382 0.5974331258183478 9 195 577
0.8675448564127677 6.458782396941302 0.7379691140777742 9 196 64
0.6262555984771436 6.719936813292232 0.4309776240188983 9 196 79
0.8406549391444036 6.748382862100696 0.4762722368151624 9 196 155
1.1029874170915905 6.834456942273326 0.48692202721901956 9 196 265
1.7595187464824873 6.962101844503242 0.5902221736051685 9 196 549
1.7975393193502147 6.969275648912684 0.5963950324018753 9 196 567
1.9024988428409406 6.9931969371672515 0.6098402879699168 9 196 617
0.6248182056281711 6.732885507572064 0.41561668540437835 9 197 83
0.8706522193299924 6.743248877187311 0.48720241822889243 9 197 164
1.1372268398642245 6.8430803941159075 0.48719056215352574 9 197 279
1.662371790123103 6.952859931678624 0.5633076873405215 9 197 503
1.688036241845526 6.952864568694083 0.5717251007877944 9 197 515
1.8831147976126945 6.989655745862183 0.6034966436140679 9 197 607
0.8713617435516153 6.390926086260236 0.793887699340923 9 198 32
0.8706083814968788 6.40069495665513 0.7850490692351486 9 198 37
1.8637131050440146 6.979927583318073 0.6025595741806204 9 198 598
1.923634851607651 6.998223944286497 0.6061932896758409 9 198 626
0.8757921392902512 6.408779466095753 0.77728989094318 9 199 44
0.6361319628712525 6.797937165200154 0.3547427789516808 9 199 106
1.2092511558716672 7.276158001383218 0.12195596366119421 9 199 346
1.2276099412631414 7.2722350223755186 0.13147938272941118 9 199 351
1.644587228441616 6.933317486160518 0.5682360735825981 9 199 495
1.8404318734479257 6.97738268741981 0.5940120856481977 9 199 586
1.9350143248954024 6.994847753438756 0.6098280603255467 9 199 632
0.8788286374937143 6.426877529674184 0.759904564346559 9 200 55
0.6420914425318961 6.8277040851154025 0.3265465523836717 9 200 116
1.8235913403164679 6.977713753852732 0.5850081623933462 9 200 577
0.8788346325084173 6.4638396579420005 0.724634801386303 9 201 73
0.9040855680156046 6.742044513583043 0.48579737916956667 9 201 176
1.089746275982661 6.808108675929702 0.4887691874752804 9 201 256
1.175453389595008 6.847981837465089 0.4818093190028121 9 201 294
0.6208710677801688 6.727491465370344 0.4010079239249875 9 202 82
0.6318686883150314 6.806128102213502 0.33454819100964084 9 202 108
0.9162760562371397 6.7403437339735905 0.48798921127011374 9 202 180
0.9366604818550671 6.744031072152145 0.4914940247571611 9 202 188
1.0631077664979798 6.7897188506561745 0.49288968630188346 9 202 243
1.126468895790441 7.173429587920738 0.17182839972638497 9 202 314
1.2281898713143458 7.274448357872581 0.11564242502388744 9 202 351
1.7758048233843384 6.955259213249878 0.5827712327224035 9 202 555
1.8407858866787914 6.967588632094371 0.5934310510284115 9 202 586
1.9032381883368488 6.981376595326158 0.6019475063139459 9 202 616
0.8818962521415422 6.413851494564012 0.7652847702366136 9 203 51
0.6459460525822283 6.831521814377692 0.3126497595032134 9 203 119
1.0363872838234236 6.777440121282679 0.4915618500977387 9 203 231
0.9482411582392276 6.737968042298629 0.49406641790380723 9 204 191
1.1087464043965727 7.1647669302477475 0.16461947098499707 9 204 308
1.1401948776577309 7.174415699009355 0.16649995420167518 9 204 318
1.257744928407733 7.269762284504218 0.12029460434739159 9 204 359
1.4541397766448347 6.836818389347542 0.574933271829572 9 204 407
1.8104923270705275 6.95784225239024 0.5857434047160113 9 204 571
0.8839895076773394 6.426302448880291 0.7499459124137579 9 205 59
0.8845974542069442 6.440205907301697 0.7376213940868427 9 205 66
0.7810790737415417 6.832225481149694 0.3495369824240777 9 205 159
1.1111365628008851 6.801427055837714 0.4883066869384137 9 205 263
1.9443124756500203 6.99123793490807 0.5975014142985297 9 205 634
0.881654853003869 6.413512775018209 0.7582625734994025 9 206 52
0.6279220234848133 6.700338322924707 0.4132792965298686 9 206 77
0.6337230276056283 6.7957251974487205 0.32897873351199336 9 206 107
1.0879140780046441 6.787272224256121 0.4898652070660907 9 206 252
1.13396638830036 6.804037999474209 0.4902419041204754 9 206 272
1.153360467127757 6.815017944862067 0.4868562981789821 9 206 281
1.1640379933756324 6.821592350425813 0.4845136616890766 9 206 286
1.1186905993066303 7.166767207468619 0.1570739694808363 9 206 311
1.7713349455417178 6.955013130217046 0.5687619213908041 9 206 551
1.8875188003424725 6.972959738038133 0.5917329402625788 9 206 607
0.8745426790863271 6.3809740267697235 0.7829510328485737 9 207 32
0.6284132147741127 6.727310654966576 0.38536460267192174 9 207 86
0.6680348593595922 6.927788575348725 0.21684925307424452 9 207 149
0.7975604737632869 6.830338196035412 0.3491183621578626 9 207 164
1.8634263350363334 6.96701675338184 0.5858238894164158 9 207 595
1.901610930941785 6.977382440855664 0.5893408059432221 9 207 613
1.9324944088285747 6.989123756062835 0.5891383836654853 9 207 627
0.8794647923133232 6.392653190256539 0.7716418491368755 9 208 41
0.6347323767064406 6.774283192140028 0.34103271288492953 9 208 102
0.6353864595509495 6.784343374357558 0.33209366204619517 9 208 105
1.8365989096746045 6.966212355273561 0.5742829075326443 9 208 581
0.8135164895851795 6.8290542756420605 0.3480080454430863 9 209 169
1.8055165367053987 6.95035901174837 0.5749821643951943 9 209 567
0.8835726481080153 6.456244382126499 0.7099524496962295 9 210 75
0.8023139459305887 6.825463818136973 0.34361535883415817 9 210 165
1.096500367218097 6.773462576036427 0.49179719272536304 9 210 253
1.1571309830583287 7.281706714538715 0.046443171097779956 9 210 331
1.446167754968738 6.8303707908239915 0.5590604494079552 9 210 402
1.770679834750172 6.953648180548532 0.5568691677232581 9 210 549
1.8222293614049958 6.95713280648633 0.5712833938265415 9 210 574
0.8250101914370622 6.829321929056795 0.3439698883271207 9 211 173
0.9252791888732425 6.7284520634336475 0.4711513571532102 9 211 182
1.0625148175856498 6.755055810906961 0.4936964317454845 9 211 237
1.2248725123428117 7.27200686487072 0.07362290350117728 9 211 349
1.4639303884582002 6.808864779171337 0.5817329429096237 9 211 409
1.4793931921831092 6.804192622351451 0.5913309723438505 9 211 416
1.7933462231135424 6.950307151745006 0.5644554274285306 9 211 560
1.803729824935654 6.951485289363828 0.5669294181027725 9 211 565
1.843759796865803 6.9594652835610225 0.5733030924074642 9 211 584
1.8852551975652727 6.967177392457789 0.5804254366349383 9 211 604
0.6312150053420802 6.718659753487869 0.3756710064917912 9 212 86
0.6373811555665582 6.788365675932894 0.31342137944522985 9 212 108
1.090601189595544 7.168467829929858 0.11820770420667226 9 212 303
1.1722712303354768 7.281965771441769 0.041472124145931044 9 212 335
1.8290934825408138 6.960350912814395 0.5642361919630193 9 212 576
0.6408127849908727 6.817332933381756 0.2838047896422755 9 213 117
0.8443958920569269 6.82769397666605 0.34439980802180603 9 213 179
1.1195720986378581 7.166453723847616 0.12536338482521048 9 213 311
1.5394125744078968 6.806372473554319 0.603802360913493 9 213 444
1.5518933389927585 6.8127558121357 0.6021905345321945 9 213 450
1.910829522567183 6.973611949215583 0.5768927237658726 9 213 615
0.8914426163077585 6.4163654171645845 0.739295199707429 9 214 61
0.8882623674282323 6.437786822606066 0.7182752075097723 9 214 70
0.668023084689704 6.933473925631423 0.1811541636899443 9 214 152
0.7842262722455879 6.806383442454512 0.33952915432844444 9 214 156
1.1218517638630023 6.769077922233354 0.4909970371022211 9 214 262
1.8651382792795608 6.961211079268579 0.569416204977038 9 214 593
0.8868547007261436 6.397764472480037 0.752560108213215 9 215 50
0.6275978714118908 6.721729188935397 0.3602969828184055 9 215 87
0.6346758595127725 6.745010793162013 0.3410271302545371 9 215 96
0.640515447433796 6.803776758620213 0.28821482126782194 9 215 114
1.1423189747042586 6.776223216666334 0.4880299305910125 9 215 271
1.1633274834290446 6.782430431320474 0.4895265717238608 9 215 280
1.4428910146525165 6.816654061397542 0.5545861348951285 9 215 399
1.773290897495043 6.943983021149686 0.5504009117590548 9 215 549
0.8817826540192 6.367862845678438 0.7763414013641455 9 216 32
0.7853569613824615 6.824122435140259 0.3155260295927027 9 216 161
0.83116420353158 6.82510461864835 0.3305488433815371 9 216 175
1.1165590867105895 7.165917524983055 0.1107286014158464 9 216 310
1.5204251075373425 6.789791556059958 0.603504587442941 9 216 434
1.7941924440113988 6.950591439228457 0.5482073783147979 9 216 558
1.896824679266655 6.962175075913633 0.5730797923711733 9 216 608
0.8866878879325005 6.379361785719903 0.7648776407431394 9 217 41
0.8566234220533584 6.834358888557084 0.32681673786610266 9 217 185
1.099884652835796 6.747242297551391 0.4936085302667049 9 217 250
1.1314237402924263 7.1637698618596 0.11320487518165345 9 217 314
1.1588172801994365 7.165387612702852 0.12124831640100742 9 217 322
0.6372737525947055 6.725367798163221 0.34883570006553777 9 218 92
0.8771196223906597 6.836752911370229 0.32779612706101346 9 218 192
1.1668106503180802 7.187026689349876 0.09894126963624283 9 218 326
1.8543548327836474 6.957226113619367 0.5564274721180361 9 218 586
1.8736096937226865 6.9621130829686 0.5585623103776381 9 218 595
0.8889622001225266 6.45245602762156 0.6916755192522066 9 219 79
0.6664763927837104 6.934134604631353 0.15770358684007113 9 219 153
1.0403969804875366 6.726802361059388 0.48526123585034964 9 219 224
1.1225220106012652 6.748793605655823 0.493301680821817 9 219 259
1.1624297596974689 7.256461002258717 0.026916107367670694 9 219 330
0.6379353491188461 6.739176142259408 0.3282719512138732 9 220 97
0.8518705426366757 6.833715927785453 0.31388646000785436 9 220 184
1.0797047947360545 7.139619066756271 0.10368573036303541 9 220 297
1.1028649016302143 7.144322040739505 0.10738133867938915 9 220 304
1.147261209206766 7.170877166250401 0.09780950012864698 9 220 319
1.16180365020071 7.169021866886371 0.1046960647181212 9 220 323
1.4679930496022358 6.779791888489994 0.5822146757061871 9 220 408
1.8104428618963246 6.94281541296999 0.5480846679802982 9 220 565
1.829399207730249 6.946126695442881 0.5516204403971038 9 220 574
0.6368926547046542 6.767029714087577 0.2974523640657969 9 221 105
0.8250055546793109 6.819689502061524 0.3137688506208931 9 221 173
1.062198256445004 6.73029342340107 0.48280543836389866 9 221 233
0.8517557827175147 6.502959918728487 0.6221506461753648 9 222 87
0.7827512417038414 6.821254221327957 0.2933044366837645 9 222 161
0.8137294257874128 6.8204338915449725 0.30507392242993103 9 222 170
1.542234442729606 6.778067766357866 0.6039192463028834 9 222 443
0.8940940744728204 6.39083472208772 0.7419005309114259 9 223 53
0.8978270154328263 6.405337493045698 0.7293111788780114 9 223 62
0.8998774558319969 6.417809171753966 0.7180724232455054 9 223 69
1.1348066123310279 7.144190631896073 0.10458671754613103 9 223 313
0.8907358602983095 6.368506099237056 0.7597093015329612 9 224 40
0.8979065139298901 6.4378295034905335 0.695510516837516 9 224 78
0.6603629380597886 6.940398788118163 0.12678137999829198 9 224 154
1.139251953709037 6.739177433308535 0.4914352437935584 9 224 264
1.159607901963727 6.7459164462936 0.49220922006238677 9 224 273
1.1746518216231578 6.753104008868885 0.4906557742780988 9 224 280
1.163098824754182 7.1671620148725514 0.08780129309297702 9 224 323
1.4430324975442588 6.786039884616589 0.5547044512566539 9 224 396
1.4899624051408864 6.7625838755686365 0.594038116271254 9 224 417
1.7906330073478005 6.937165807193752 0.5332055420325503 9 224 554
0.660254788310364 6.9297850564400845 0.13237985443633926 9 225 152
0.7775655844683078 6.829092280465936 0.2716760133452407 9 225 162
0.8150146265111036 6.820193559296188 0.29368003960665634 9 225 171
0.9746269941753102 6.82162897633744 0.34942519257175464 9 225 221
1.0490339787997653 6.7272948478833134 0.4672194489446193 9 225 228
1.0881475559434493 6.724822035696713 0.4836095442552726 9 225 242
1.0892307276049515 7.123206808998573 0.09901416019622755 9 225 298
1.5092802843835245 6.757758655970284 0.6025228282001275 9 225 426
1.560174019777734 6.777544893004607 0.6016193057679786 9 225 451
1.8354303439621824 6.94210747402055 0.5411189523942832 9 225 575
0.6464074637355197 6.784174352564785 0.2640125979868293 9 226 114
1.1113682002567518 6.725527167364456 0.487836633833826 9 226 251
1.132946255766197 7.11824047462202 0.11475227497168539 9 226 310
0.6323618685411448 6.778756479821701 0.2600877023040964 9 227 109
1.8562060479540294 6.944661633016823 0.5394546347806991 9 227 584
0.8992889735254719 6.446408706150761 0.6769392388980539 9 228 84
1.0911679718664182 7.1080768507699705 0.10011262545707167 9 228 297
0.843790982475704 6.818040219499525 0.2899066677999105 9 229 180
0.8662877092884029 6.828403974538628 0.28790440023340436 9 229 189
1.0876678647732771 6.723819602253018 0.4706349341164098 9 229 242
1.079164417127049 7.092790554964472 0.10596859109392431 9 229 292
1.1075356180647362 7.101454147259803 0.10776167056742825 9 229 301
1.4683872296894396 6.742698202543286 0.5901271793820859 9 229 405
1.5418814548210908 6.752449269210584 0.6072095338545437 9 229 441
1.8125743180657945 6.931730564325487 0.5296308652393756 9 229 563
1.8313962740034775 6.934316777581888 0.5339185029621254 9 229 572
0.6306518862900458 6.795500838986683 0.23050094006802935 9 230 114
0.658206676713886 6.926140515491201 0.11204636256798395 9 230 152
0.776222423922307 6.825502018511816 0.2539253784843998 9 230 162
0.9850118598059217 6.8378669839247195 0.31767937144840674 9 230 228
0.6635834197137709 6.93268093077142 0.10287713956150468 9 231 155
0.9684024028877551 6.828049398485054 0.3173118673451343 9 231 221
1.0801256316966903 7.080749072917938 0.10868027194738139 9 231 291
1.8531367247638322 6.94009819641328 0.5294262070137203 9 231 581
0.897849872074776 6.372653759910392 0.7384912199515733 9 232 49
0.9032629906601527 6.385320244093483 0.7279277918981608 9 232 58
0.9060690370800804 6.40074844258444 0.7136754886764057 9 232 67
1.0035881181411581 6.8310373092243 0.3232285628704974 9 232 233
1.1388028005728077 7.101989570295371 0.1043691490720906 9 232 310
0.8939715769398472 6.3461510812240665 0.7608946334076225 9 233 33
0.9312304024462204 6.4930790593915795 0.6285522741593897 9 233 118
0.78160583052551 6.815484742739975 0.2532280305988128 9 233 162
1.1735809592440987 6.723100450060105 0.48890609150832554 9 233 275
1.4439388762678962 6.748926354137701 0.562469469334704 9 233 393
1.4897682017987934 6.727917548936893 0.600168776287835 9 233 414
0.8083419162729322 6.819933787364359 0.2544352009575368 9 234 171
0.8691828607915518 6.829241584950081 0.2675532721668288 9 234 191
1.0727982313247286 7.072163216488909 0.1002577029056686 9 234 288
1.5085955860152764 6.726012540036902 0.605924027548126 9 234 423
1.5265479901999333 6.7319558389390135 0.6066066159804354 9 234 432
0.9432736391096029 6.491813571824707 0.6284512481421992 9 235 123
0.6606534471621526 6.912274469280295 0.10327390865952957 9 235 151
1.0138282574131046 6.827335030843985 0.31872311933841435 9 235 236
1.1207225038069706 6.71349030216609 0.47213855178973785 9 235 253
1.1156771851442189 7.078774496876566 0.10470184626092927 9 235 301
0.9623014317237255 6.494413374613482 0.6299845377336691 9 236 132
0.8638614719339106 6.830253483817635 0.2562259810741767 9 236 190
1.0458476081356494 6.817823037043737 0.3361369060749986 9 236 245
1.1360968850062787 6.713454826135942 0.4709192685199728 9 237 259
1.1871588393984984 6.7203038483397215 0.48299498829192955 9 237 280
0.9745549830732976 6.498264017520519 0.6248410109205454 9 238 139
0.6608834991418685 6.876178702349295 0.12567748439645166 9 238 144
0.8376003995583093 6.817827219986724 0.2505806960542474 9 238 180
0.8495442342537949 6.815329250026767 0.2575602811646154 9 238 183
0.9584214134062747 6.829150000577816 0.2841767437584892 9 238 219
0.9708371558477968 6.82967583183492 0.28827408868971105 9 238 223
1.0743517278786725 6.807309952699454 0.34948928310319327 9 238 253
1.0712581649905855 7.048598803918608 0.10430298836062879 9 238 285
1.4684513653548303 6.711238951986674 0.5935911905848468 9 238 402
1.862181560763212 6.931916460187967 0.5172046685098519 9 238 583
0.6605296364954546 6.8843500384089324 0.11261536686744322 9 239 146
0.6620500592469276 6.896302267869337 0.10105341198445661 9 239 149
0.6649846770456844 6.925896212611351 0.07211536449180111 9 239 156
0.7692395807356207 6.82016117095206 0.21842223034142338 9 239 161
0.8982862054468053 6.352798924614776 0.7385197969963209 9 240 42
1.0835801228924384 6.8055321481601325 0.3469371344478276 9 240 256
0.8960459639752545 6.337903717185335 0.7503843904422044 9 241 33
0.9025608975473747 6.365011088505275 0.725130822147074 9 241 51
0.9087603638483397 6.3770436429854165 0.7151660791535073 9 241 60
0.9111530062364852 6.392806084148886 0.69995627587797 9 241 69
0.9992388316491233 6.498244981588735 0.625344493217978 9 241 150
1.0029059320730873 6.820964357079388 0.2968819821254618 9 241 232
0.9493634529694099 6.4666787756655655 0.635960763676997 9 242 118
0.800555339931373 6.817293810217693 0.22015987925004787 9 242 170
0.8295592760562931 6.815511329542274 0.23293935900437424 9 242 178
0.850763783901545 6.823954389764134 0.2322859479740722 9 242 186
1.0984170230416277 6.804193506862898 0.34606244704499556 9 242 261
1.444389077661754 6.717367888161569 0.5657480440919747 9 242 390
1.4892764079527636 6.700209374330566 0.6002954314736046 9 242 411
1.5078612616062987 6.697646845359922 0.6068896975944921 9 243 420
0.9149795963914051 6.405492289823941 0.680314066518137 9 244 78
1.0226969911694062 6.4936073881807825 0.6302298850151185 9 244 159
0.9993504781471969 6.825413706232849 0.2786376829379287 9 244 232
1.0719768164935928 6.803382587008078 0.3289894309866779 9 244 252
1.1129221431877412 6.80346985283447 0.34445733410788515 9 244 266
1.4745474482923377 6.691397719265908 0.5976232736253192 9 244 403
0.9690436059296954 6.466541874657221 0.6349161770355378 9 245 127
1.026099407450961 6.821492569905864 0.28874727662943234 9 245 240
1.0335635858548473 6.496282016784017 0.6257586257330432 9 246 165
1.1868634735578472 6.700975207094061 0.4714602653790243 9 246 277
0.9013198420923587 6.341026176416772 0.7341575756760242 9 247 40
0.9866638165229167 6.4693634183950515 0.6329313542678251 9 247 136
1.0166954273189568 6.478600798192861 0.6348089662261704 9 247 152
0.9482427290336414 6.823146085257832 0.24890021181171607 9 247 216
1.109095139524092 6.804506831799825 0.3300587965798214 9 247 265
0.8504942748900106 6.808981725816377 0.22187054439128318 9 248 184
0.9989298643710055 6.822879379277271 0.26022663778039634 9 249 232
1.123942176805464 6.803180865041064 0.32919287036198974 9 249 270
0.9005368551349313 6.3270106091848595 0.7409997677739019 9 250 33
0.9039387992063626 6.333042347372612 0.7359542441463905 9 250 38
0.9082891592340046 6.349198973610909 0.720595123935964 9 250 49
0.9106752256681894 6.3640045721257446 0.7059005280045832 9 250 58
0.9134056079100454 6.373317849379326 0.6971331954455715 9 250 64
0.915103292352813 6.385793233817615 0.6846301906097847 9 250 71
1.0352411747711276 6.47952607449339 0.6322747955951553 9 250 161
1.132135198978986 6.81083767247129 0.32029295191703033 9 250 274
1.023314068168304 6.46498158764298 0.6401221197882125 9 251 151
1.2230579777713417 7.123533172918193 0.020556860352676676 9 251 335
1.4412411487948564 6.681677184389949 0.5730822723077502 9 251 385
1.4606981032073953 6.6727308728714565 0.5901119906771547 9 251 394
0.9625915174184498 6.439902648019334 0.6402118512624738 9 252 116
0.914925155512221 6.377354421749848 0.6853788133668288 9 253 68
0.9974275341472469 6.452743445796578 0.6372613650258165 9 253 136
1.4684105517317283 6.663013079685912 0.5972294640093487 9 253 397
1.486300999932942 6.663361839646238 0.603852243195592 9 253 406
0.9711021075717279 6.4418483478480955 0.6356960078194928 9 254 121
0.9637105473397245 6.819094475737453 0.22919046334572468 9 254 221
0.9929190694125873 6.439870477017831 0.6406282946914871 9 256 130
1.0135384065197766 6.450852965878571 0.636934128384844 9 256 143
0.905674347366483 6.315667103322742 0.7324109123928777 9 259 33
0.9078069057512999 6.329458249029137 0.7182434933749466 9 259 42
0.9078311164579018 6.341862724838927 0.7047458223341256 9 259 49
0.9134672690259847 6.354058992153072 0.6937113093730637 9 259 58
1.0426555130862316 6.452611911184071 0.637879702621999 9 259 157
1.4411768327196826 6.654103786758731 0.5772902052580572 9 259 382
1.020592790887812 6.442460870238351 0.6372452357095022 9 260 144
0.9203133531011454 6.363189575841041 0.6783103838177639 9 262 67
1.4620965196033027 6.639088945475736 0.5926702951330952 9 262 391
0.9741219334095739 6.419250842328994 0.6353653439341117 9 263 116
0.9585781405937351 6.815212975096139 0.19179012364326709 9 263 220
1.1427476032340202 6.48861635376449 0.623858859513521 9 264 214
0.961913928558388 6.406157822139045 0.6391353653651407 9 265 106
0.9912391575123866 6.42199184228588 0.6334371799124868 9 265 125
1.007396320571109 6.4273408110635675 0.6340515094746658 9 265 134
1.0419599699639768 6.438102823970974 0.636122663917482 9 265 153
1.0567882952180274 6.441550310058605 0.6353981537093338 9 266 161
1.1643826959820522 6.498758892892978 0.6123814581961953 9 267 227
0.9068922860185666 6.3071339545448835 0.7191521972675914 9 268 33
0.9129385091467346 6.314548435233252 0.7132974472299092 9 268 40
0.9174164705591339 6.326856515120067 0.7012984736464548 9 268 49
0.9155053042561636 6.333666412673869 0.6928594607156159 9 268 52
0.9793657522342794 6.407582961598092 0.6359623957983119 9 268 115
1.1454109737486782 6.482175074460598 0.6202190679267134 9 268 214
1.435107963871935 6.629503499739885 0.5734300147518477 9 268 376
0.922357086955762 6.344042382063893 0.6812687785004451 9 269 61
1.030630839738027 6.421753319995962 0.6381563577864973 9 269 143
0.9257766159280345 6.347152752163326 0.6736437869513751 9 271 65
0.9237368055706783 6.354548293898156 0.6643966860766128 9 271 68
0.9681326326550147 6.397493972435013 0.6339911724449704 9 271 107
0.9850985463073727 6.4009926426373 0.6341263138607087 9 272 116
1.1699902786181724 6.475627209633755 0.6258500049446678 9 272 224
1.0010403609765905 6.405494795769639 0.6326918154578355 9 273 125
1.0118565968142277 6.4056231822394265 0.6341308479959016 9 274 130
1.0499442397662508 6.416895359897796 0.6371143674175954 9 274 151
1.0649719728571616 6.423207487543282 0.636150407097387 9 274 160
0.9162302796445156 6.307837410855717 0.6984046198821955 9 277 42
0.9197142750325703 6.315635929297822 0.6908247410945029 9 277 48
1.15137683013868 6.447484306400845 0.6356204920937741 9 277 208
0.9233280502004837 6.3281012423906935 0.6751127210295567 9 278 57
1.030627801166351 6.404740222141399 0.6313024406960124 9 278 139
1.13526773709432 6.438718979843186 0.6360535284095913 9 278 198
0.9262795882659972 6.338914006459556 0.6581120270511884 9 280 65
0.981314135254064 6.383435139105917 0.6263953327715814 9 281 110
0.9974237390217029 6.385356241509483 0.6280711539957258 9 282 118
1.0127619729848816 6.390312369124176 0.625832960866726 9 283 127
1.0511675439019914 6.401057497088596 0.6296282588848062 9 283 148
1.1294881773773495 6.4223910009008565 0.638054625540395 9 283 191
1.0310039893499243 6.392293689570907 0.6283777104042018 9 284 136
0.9221706017231954 6.3103754527532105 0.6760655099113833 9 285 50
0.9220056455771635 6.2959317240568815 0.6905153755642681 9 286 42
0.9309568198361383 6.3163506719473475 0.6614618109627409 9 289 59
1.040491862879632 6.385681170385519 0.6255688785278744 9 289 139
1.0593014467851276 6.392556590716909 0.6254986708237359 9 289 150
0.9747806087924256 6.36638249799553 0.6170931568440057 9 290 103
0.9910969745223143 6.370349479805769 0.6164489074564878 9 291 112
0.9991467476428341 6.371723033621526 0.618330582752537 9 291 116
1.016429117930593 6.375507383561763 0.621351150841723 9 291 125
1.13326143738351 6.405669834249546 0.6332135558687144 9 292 189
0.9345081134784292 6.3075273777291 0.6595679727332836 9 294 58
1.0340788560325038 6.376424926799095 0.6190374044814049 9 294 134
1.0625979140654456 6.38187840586738 0.6220344836656285 9 295 149
0.982337861294879 6.3540673481396 0.6083905896603794 9 299 104
1.0530873441662765 6.374314713567593 0.615067155992414 9 299 143
1.00062694519498 6.356156942954513 0.6110188338495114 9 300 113
1.0158788658359892 6.361839867856026 0.6108002367733022 9 300 122
0.9335418696830298 6.293321739577035 0.6567903157460743 9 301 53
1.071948212867138 6.374549521747261 0.6172722348727798 9 301 152
1.0339871358635082 6.362295641734277 0.6093202886054188 9 303 131
1.0599782551532169 6.361624016196855 0.6129875634200365 9 306 143
0.9691695651301258 6.338700450358026 0.5941164339747979 9 308 95
0.9830515717459292 6.341427665777148 0.5970680068837476 9 308 102
1.0534200025878613 6.3597407894266516 0.6062071207093692 9 308 140
1.3000689234439473 6.424578569035791 0.6373997521488267 9 308 278
1.3767728848391907 6.469903899375119 0.6144619710816001 9 308 326
1.0018419571451578 6.34311002823636 0.6005671053070416 9 309 111
1.0175688553340487 6.348316554102102 0.6011650752875203 9 309 120
1.0399460257272521 6.353860196974559 0.6044432045383838 9 309 132
0.9404214569379138 6.289102906340434 0.6391127323414598 9 310 58
1.070546833653717 6.356989272074006 0.6116479569998401 9 310 147
1.3169257129045797 6.4253894260897235 0.6351932117732236 9 311 287
1.3328439264460428 6.428659462935871 0.6353927215048234 9 312 296
1.3600130906367147 6.4379661699954545 0.6299159807929366 9 314 312
1.3208794944013147 6.4148898688177365 0.6357906239005173 9 316 287
0.9858395810813467 6.327031544697036 0.5890987487938273 9 317 100
1.3032718467824942 6.4064676090344905 0.6355493438123319 9 317 276
1.3366732836224777 6.418136177735411 0.6360007965151446 9 317 296
1.0013097840051297 6.329508946750627 0.5900701623830281 9 318 108
1.017511969745645 6.334263357549723 0.5915060262293957 9 318 117
1.0346349956151812 6.33810376684503 0.5946164494949571 9 318 126
1.0525898425766052 6.341000704113256 0.5993980474873678 9 318 135
1.2655337859018132 6.391236359881111 0.6317012412671927 9 319 253
1.236644119196244 6.377565579647597 0.6269829626419825 9 322 235
1.3087674010392687 6.3970601614488745 0.632647151280851 9 323 277
0.9733716624860351 6.312926909136322 0.5798302881759403 9 324 91
1.254776164231422 6.3758615317901 0.6290210212770458 9 325 244
1.3259562496477761 6.396426162294953 0.6358677994728505 9 325 286
1.1509089263447132 6.352088320895264 0.6072871382945229 9 326 186
0.9905164624872099 6.314326976628002 0.5767131395246939 9 327 100
1.0060120361678364 6.317664874348109 0.5797936548737949 9 327 108
1.0177315360913635 6.3221420887650845 0.5794087751465398 9 327 115
1.215057513354827 6.364172104991602 0.6192987593812593 9 327 221
1.2762226268210337 6.379045278311575 0.6290983100027219 9 327 256
1.2867167789980336 6.381324713371026 0.6311582797714146 9 327 262
1.2666683407290904 6.374524127313807 0.6275378979596826 9 328 250
1.1699350855980062 6.349080864739366 0.6052352791228844 9 331 195
1.187929640983166 6.35030233925512 0.6126009044236638 9 331 204
1.2331817379311691 6.362323584910485 0.6184973689226269 9 331 230
1.305061120835622 6.377667455271164 0.6300637274197576 9 332 271
1.3197419340005598 6.38311832104765 0.6297855222548343 9 332 280
1.1392253843176237 6.337118980220918 0.5970573991023167 9 334 177
1.2515728989935475 6.360201982381005 0.6214586484241538 9 334 239
1.1510196893590485 6.337876106043223 0.5988024150062375 9 335 183
0.9818327717782727 6.303306609451053 0.5583470776360051 9 336 95
1.0012183624765463 6.30562761395185 0.5649718201957388 9 336 104
1.1695241300681665 6.340862740525206 0.6008096692061515 9 336 193
1.20694772749953 6.346814395778102 0.6114846042496421 9 336 213
1.2162692212085628 6.348144581414422 0.6143623392637166 9 336 218
1.286969980092667 6.366283353239947 0.6246204681064986 9 336 259
1.2684089558779934 6.360541592639901 0.620199025253907 9 337 248
1.1896347068928026 6.336783163333477 0.6043224455022254 9 340 202
1.2329185295990543 6.345313842690751 0.6144265259988184 9 340 226
1.2409346301791597 6.348547481249568 0.6138855418329499 9 340 231
1.305465028724041 6.362191526207132 0.6244614910626307 9 341 268
1.226547496034136 6.3416508471842095 0.6101007310371787 9 342 222
1.1443641949558176 6.3214964042029935 0.5901243668050202 9 344 176
1.2687279810762173 6.35002896960639 0.6135654662271359 9 344 246
1.2924668649478492 6.3527173617022346 0.6221232111144681 9 344 259
0.9740345343581855 6.295251756120771 0.5355853982771366 9 345 92
0.9936198508590922 6.297723511943677 0.5422923336013914 9 345 101
1.1611524448263066 6.323955247800826 0.5921017898824691 9 345 185
1.2076286005534729 6.33475625774982 0.6006829668316918 9 345 211
1.245205523507885 6.338191471170333 0.6091009931961224 9 347 231
1.1785002534794329 6.323628231301883 0.5887677966406846 9 349 194
1.1919951155478747 6.325256870214987 0.5935633538334877 9 349 201
1.2220952764777313 6.328756199867742 0.6012215345716334 9 350 217
1.275136264836604 6.33951852716547 0.6135303436724588 9 350 247
0.99139815968068 6.292184225479399 0.5216897853696996 9 353 101
1.1488158856003432 6.3099912610270135 0.5802100432254245 9 353 176
1.0148056229743547 6.290618181086815 0.5333664768837445 9 354 110
1.0340219251711849 6.2930524018932985 0.5401339802690077 9 354 119
1.1655770010573985 6.312478667031661 0.5822196914217594 9 354 185
1.0534973210658687 6.294149795551229 0.5456573597194615 9 355 128
1.2412024060687257 6.324157235489308 0.599103308885528 9 356 226
1.256656090737377 6.328156550952807 0.6014204292327512 9 356 235
1.2099155070096659 6.315793006801724 0.5915290423729641 9 357 208
1.0750047776762646 6.291445215076828 0.5513846710330298 9 358 137
1.155947612541978 6.3032380800449195 0.5778753621855944 9 358 178
1.1829553538371922 6.30940072513613 0.5832379926830715 9 358 193
1.2267125181511105 6.316977161838932 0.5923808093705532 9 359 217
1.2746861523452808 6.326206978480926 0.6046248307139503 9 359 244
0.9672148166735683 6.290297619202997 0.47867016169810617 9 362 95
0.991239868686238 6.289058343491117 0.4904779860684504 9 363 104
1.0129243897715507 6.290198346236153 0.5009062709802035 9 363 113
1.1471304876668529 6.297297539462358 0.5653777397548694 9 363 173
1.2451720416611565 6.314383491207166 0.5935514219383801 9 363 226
1.0366075103182602 6.2883505951209 0.513621568831422 9 364 122
1.1856994849769182 6.299373901448628 0.5804881380762934 9 364 192
1.2551497341316933 6.313358412169525 0.5941865320642217 9 365 231
1.2042611635751272 6.30116510206351 0.5814271316168687 9 366 202
1.0563187586175742 6.287797625577215 0.5149164267732408 9 367 131
1.1667412423672354 6.2944553180432194 0.5673942919446822 9 367 182
0.9620869890921608 6.2822679435955715 0.46610880064366644 9 368 92
1.2213733041704757 6.301950312723792 0.5832041461401904 9 368 211
1.233413659142102 6.3045863148208365 0.5824719128153502 9 369 218
1.186017306195105 6.292401540288586 0.5715474927445573 9 370 191
0.9823985152196277 6.280144493314962 0.4699379543729818 9 371 100
0.998130436240295 6.283312623943434 0.4700947555646364 9 372 108
1.1493428333220952 6.288273704737747 0.5500771641082012 9 372 173
1.016142378506932 6.286702686148793 0.4712255677078607 9 373 117
1.0349944113019665 6.289307776325408 0.47416532991940885 9 374 126
1.2049373455152774 6.289190042807827 0.5706999158697137 9 375 200
1.05856117687468 6.286680902467008 0.48486634477014023 9 376 135
1.1551779175363284 6.286243894540337 0.5427362359411365 9 376 176
1.2285371503342908 6.292989926927888 0.574844769920353 9 376 213
0.9649718204961328 6.2616447923010865 0.4675527232200678 9 377 87
0.9839637855789805 6.265281362899668 0.47272306751417426 9 377 96
0.9993284003046438 6.272582690301746 0.46576066118945847 9 378 106
1.1757971018721842 6.283088554710498 0.5496485386887217 9 379 185
1.0033095277378763 6.263727038919609 0.4678001797635305 9 382 105
1.0197189140548186 6.269159508391589 0.46842409938822405 9 382 114
1.0352242621697965 6.275339658247676 0.46722242722148044 9 382 123
1.2131117704804895 6.2850255746363 0.5581693991300205 9 382 204
0.9720000739795919 6.250831812574473 0.4670935793582329 9 383 87
0.966770445660126 6.242409712167241 0.47456682448160836 9 384 81
1.0548215310708002 6.276246784349758 0.4698332368069369 9 384 132
1.1932808544291331 6.281985342496561 0.5442388103918339 9 384 194
1.1429418249284136 6.280563647639408 0.5123381341058527 9 385 171
0.9928081458248381 6.250162863390679 0.46936471868993745 9 386 96
1.0005324521323766 6.251245069036748 0.4683582575199603 9 387 100
1.1607932519681081 6.278601952555177 0.5155771864346036 9 388 179
1.0177911418882795 6.254008722044543 0.46641415814684706 9 389 109
1.1315302474032722 6.278908303281157 0.48934955641638456 9 390 167
1.035049831644182 6.256772375052338 0.4644700587737338 9 391 118
1.0526648452643397 6.261069855763448 0.4678585109213105 9 391 127
0.9734910975276909 6.228287471673536 0.47262562986394485 9 392 80
1.000633128366081 6.238803168135491 0.47093538298458704 9 392 96
1.2024551506952463 6.278586612220426 0.5267018154318188 9 392 199
0.9813876988774274 6.227409411044615 0.47527554495654845 9 393 83
1.1790430326213874 6.2770757150691 0.5109572052377901 9 393 188
1.2117666175493893 6.2763518302138825 0.5291536232174463 9 394 203
1.0245451672391355 6.240368540699498 0.46760349870413576 9 396 108
1.1418473496371584 6.27975544384968 0.46712317675595116 9 397 174
0.9998086887171455 6.226247059832094 0.4695758217610839 9 398 92
1.0148847450064682 6.232242040023441 0.4683200426554961 9 398 101
1.0416309551547394 6.2431045067450865 0.4656788758013741 9 398 117
1.1250582900832962 6.275771746459508 0.45565975486457777 9 399 166
1.058716743070343 6.245840472790676 0.46375425289861205 9 400 126
1.2299296604936774 6.2731773061000755 0.5203886608520595 9 401 212
0.9815324261463918 6.206442465625865 0.4784687303490247 9 402 76
0.9892859791689113 6.210002521064513 0.4769250613807765 9 402 81
1.0206298342416897 6.224351933182347 0.47076280964911765 9 402 101
1.1363263237178596 6.271592947509223 0.4586153367774384 9 402 170
1.1635371629751938 6.2751387826997975 0.4697617300200838 9 402 183
1.1855202834370395 6.273477795770429 0.4871440732824862 9 402 192
1.0476477657543992 6.233833333297527 0.46683548022338694 9 403 117
1.205859577840842 6.27234371638659 0.4986231690058953 9 403 201
0.929686917702107 6.170702206514347 0.49947551035744375 9 405 36
1.0060064401086328 6.210787005843236 0.47065906788300316 9 406 90
1.144402840565006 6.262498959092825 0.4648333924859618 9 406 171
1.0584805095569854 6.226752540496125 0.467343528286281 9 408 120
1.1610477304037432 6.265593638692612 0.461979817617143 9 408 180
0.9916235183481565 6.198306990704931 0.4728074899359962 9 409 79
1.018790069773339 6.2116853977398225 0.4654926266993653 9 409 97
1.1228038544173204 6.248556011023642 0.4648097637199098 9 409 157
1.2232147381086924 6.27063553569062 0.48592792487393777 9 410 210
1.2431032486401903 6.269932102673464 0.5006149519955028 9 410 219
1.0388950278711766 6.212072363184795 0.47023000844851137 9 411 106
1.1329963976164075 6.248554993940598 0.4635789348045767 9 411 162
1.1770802475074253 6.266056318245724 0.4596757284654349 9 411 188
1.0207486137877964 6.202219717750674 0.47293559662179874 9 412 94
1.1935952208677998 6.270071587332097 0.4590236370837857 9 412 197
0.9907734987721581 6.188970495586818 0.4702214313511368 9 414 76
1.0476991625842116 6.21214052166974 0.46398467659126097 9 414 111
1.0648584421542886 6.216379819128503 0.4674375051034505 9 414 120
1.15263289628006 6.246883794568904 0.46390708254189517 9 415 171
1.199596503274235 6.260038505905183 0.466297479607098 9 416 197
1.2610375551943487 6.267956686509009 0.4929650142855537 9 416 228
1.1708219139986915 6.248124861778947 0.465812774999272 9 417 180
0.9960474031910856 6.180280434543673 0.4747927369338527 9 418 75
1.0098325164479856 6.188169802238329 0.46874953714777323 9 418 85
1.2146230213928184 6.262143780100849 0.4643395553088925 9 418 205
1.024499777791131 6.193029577611864 0.4652398206250292 9 419 94
1.1570154648062136 6.239268825362811 0.4655814547720918 9 419 171
1.1898658089787268 6.248249213516597 0.47058796401023506 9 419 189
1.2303680146077627 6.26686916197797 0.46179473435937135 9 419 214
1.1424545268866027 6.232075510315784 0.4656502084360441 9 420 162
0.9318410802241401 6.145407736856028 0.4834174800172526 9 422 31
1.0307008046769268 6.1851820209894655 0.4689614228835697 9 423 94
1.0443969418872467 6.191589755422018 0.46570576390113394 9 423 103
1.0604720098290163 6.196443196423381 0.4672610195416669 9 423 112
1.2359454655436006 6.256877118711763 0.4692123168153195 9 423 214
0.9869624262879247 6.165556554843683 0.4736186787081804 9 424 66
1.2507506202757266 6.262693775888687 0.4637971373835743 9 424 223
1.019036051497099 6.175707765614298 0.4717125807284339 9 425 85
1.2679887582301337 6.26511115987176 0.466981041049785 9 425 232
1.160001612547854 6.226082431350988 0.46541297428093586 9 426 169
1.1752975823816303 6.231610614386148 0.4650469598637825 9 426 178
1.2103903342590718 6.242764054121103 0.46732886020936926 9 426 198
1.0022501607870182 6.167811465187124 0.46765539010859136 9 427 75
1.1928589991785596 6.233205060995022 0.4660662209164408 9 428 187
1.1404766036191456 6.211227911930107 0.46948747346629194 9 429 155
1.1514345690478285 6.216236621021715 0.4670504367262911 9 429 162
1.0215959142698323 6.167713789964434 0.4694443350545989 9 430 84
1.0599700885860592 6.183171737358677 0.465189047661716 9 430 108
1.2723297967305958 6.255770155978751 0.4685013944816778 9 430 232
1.1679442816681704 6.216598472209622 0.46996421072470107 9 431 170
1.0379272243235902 6.170328940638655 0.46760470005989885 9 432 93
1.2317306476748922 6.236770707013512 0.47019965651335394 9 432 207
1.2423385934190168 6.239826244691442 0.47155781064644486 9 432 213
1.280700083630052 6.2580016520371995 0.46155915404229675 9 432 237
0.9968506077649602 6.1512398570392515 0.47341626083412636 9 433 66
1.2588056423237006 6.242966806829112 0.47286078284932276 9 433 222
1.137803546154374 6.201055964849174 0.46798455156792196 9 434 151
1.1916155093317662 6.21796367977746 0.4719448540933475 9 434 182
1.0268434556217025 6.159758757856891 0.4692423846475666 9 435 84
1.2154128001345692 6.2253521018657505 0.4697039427653775 9 435 196
1.011465145709269 6.153730900809953 0.4664749262208685 9 436 75
1.0440348622930817 6.161775629604927 0.46937102408778975 9 437 93
1.1786236580758276 6.208130699432595 0.4706456505985035 9 437 173
1.074635533568802 6.170969458938771 0.46835189843810365 9 438 111
1.1565326887944694 6.19987518488821 0.4676182261139892 9 438 160
1.196086117065386 6.210280271604825 0.47489343735283285 9 438 182
1.0607019386641698 6.164076521401865 0.4685262082215036 9 439 102
1.26445924129359 6.231532141304277 0.47627349244832984 9 439 222
1.2473740702990965 6.225383383811258 0.4724757752756943 9 440 212
1.0080120341641865 6.140312148619455 0.47180700999082115 9 441 68
1.2291149554820842 6.2179522137444625 0.4705595209512352 9 441 201
1.2799052291449207 6.235210997738983 0.4715251996572216 9 441 231
1.0705538963289207 6.163187161427078 0.4652418927906192 9 442 107
1.140854742173016 6.182869639544338 0.4715342302739143 9 443 147
1.296374471768575 6.2374463952805534 0.47067286201513836 9 443 240
1.0240261050780672 6.141935243704101 0.467816382335025 9 444 77
1.2150297682130238 6.206929330837112 0.4712028668704935 9 444 191
1.1719104090425767 6.188641733153468 0.4741682174962474 9 445 164
1.3125957523564515 6.2400439268151615 0.4688456212530636 9 445 249
1.0405907266698387 6.144233114376597 0.4669949059357781 9 446 86
1.0557538305488616 6.149252991252688 0.46757143926241596 9 446 95
1.186143308169334 6.193732025851494 0.46961505142207205 9 446 173
1.1582385519378984 6.182680874487699 0.46831280228273076 9 447 156
1.2010962090090465 6.195996946025218 0.4718875013530688 9 447 181
1.276151078297593 6.222152949185621 0.47182362213648554 9 447 226
1.0070271931140213 6.12820182191857 0.46816701243363834 9 448 64
1.0643189093106626 6.1484731493271925 0.46742418814960396 9 448 99
1.217647141900924 6.198799020509812 0.4742277004962663 9 448 190
1.2621991214746595 6.214852695930575 0.4730006005179561 9 448 217
1.1835128914790558 6.18526275921552 0.4736731300693098 9 449 169
1.0230126994871813 6.1307615986683786 0.46636633037964104 9 450 73
1.0740789143066976 6.148531778005943 0.4663557108524967 9 450 104
1.233960836157316 6.201029939767073 0.47341089275840864 9 450 199
1.2493465064433145 6.205691365877096 0.47497202112054104 9 450 208
1.3165847338604377 6.230975993551434 0.47069586553736276 9 450 249
1.3319769950048808 6.235639601622232 0.4722572444978934 9 450 258
1.2952733351237653 6.218592923204245 0.4733312706346702 9 452 235
1.0307788259856379 6.121822407775796 0.47144240518962466 9 455 73
1.0418052639146234 6.128875983537933 0.4640055774779299 9 455 82
1.055652317437341 6.133034754280374 0.46551412521126 9 455 90
1.203266449758954 6.181052909545009 0.47309071697858407 9 455 178
1.1603790493856583 6.165496542345857 0.4702629093272872 9 456 152
1.2473310084248062 6.1938586686736885 0.47455224458065426 9 456 204
1.2829628237866664 6.207351130652431 0.4719742084917513 9 456 226
1.0139426922830261 6.113123120210972 0.46940424690683846 9 457 62
1.0641586661621987 6.132283829224489 0.4654072687027786 9 457 94
1.221038256460844 6.18168390051371 0.4772784589085477 9 457 187
1.2699492554280183 6.199144448324685 0.47618501074125996 9 457 217
1.081720711657728 6.136318388629137 0.46586348295461333 9 458 104
1.1769819872419902 6.167434072986837 0.4704711243588917 9 458 161
1.3379358514617512 6.221562015938488 0.47461971932992797 9 458 258
1.316141244991468 6.2108884878346835 0.47752761962354096 9 459 244
1.153300814707314 6.156464696355356 0.46816903349187045 9 460 146
1.0451710792227185 6.115557290845586 0.47176613966745595 9 461 78
1.23755679090667 6.1796655780115035 0.47809195243972846 9 461 195
1.3023349666158006 6.203197633750324 0.4756093995294597 9 461 235
1.267402605103353 6.188618960737277 0.47705229834169116 9 462 213
1.0568535340589738 6.114985562771809 0.46965419771001193 9 464 84
1.1980045088055704 6.162128116516066 0.47402840497103327 9 464 170
1.2908986666499305 6.1945347605556815 0.4735897713552606 9 464 227
1.0336239589040421 6.105130612561852 0.469576946665484 9 465 69
1.254438563369978 6.179469097430574 0.4749912187900609 9 465 204
1.3120791327562737 6.198551507186224 0.47718283532732864 9 465 239
1.01435986135722 6.097415094614968 0.46766510876659617 9 466 57
1.0720759733340164 6.117754380785961 0.46687447838326435 9 466 93
1.2156430218455734 6.16281976094508 0.47830344007860637 9 466 179
1.2644792774442508 6.1793980651404805 0.47916521868146056 9 466 209
1.3273413520447555 6.2022621954181245 0.47658020876259344 9 466 248
1.3450754094056112 6.2089544617955506 0.475264395943388 9 466 259
1.0873381926224983 6.121465069017861 0.4662718518185289 9 467 102
1.1738989164985707 6.15094031275966 0.4675706063776217 9 467 155
1.1576441078108741 6.140023502047045 0.47157209550713297 9 469 143
1.183737567640943 6.150694913773834 0.46757130330307883 9 469 160
1.2805414185113118 6.180709721243394 0.47624491157027316 9 469 218
1.2327388163741686 6.162333223683921 0.47624967613381686 9 470 188
1.247150769992683 6.167509666753198 0.4757978927801356 9 470 197
1.31092878467115 6.188623930932999 0.4782228679872105 9 470 236
1.047093521964483 6.100754203175257 0.4650147122507098 9 471 75
1.0119606565967163 6.086177637502217 0.46651043631827394 9 472 52
1.075388400317585 6.10878618279288 0.46491353554543347 9 472 92
1.266830581263691 6.170151979310205 0.4772032552482801 9 472 208
1.2973262038996956 6.181052928000577 0.47635851431198173 9 472 227
1.3457624838585476 6.198295865024846 0.4751937308843417 9 472 257
1.3617989186977715 6.204409974355203 0.4737992210018258 9 472 267
1.2036813917652038 6.147917324930942 0.4736311019516646 9 473 169
1.0346711459440092 6.091836053975527 0.46302040883101103 9 474 66
1.0577590944359534 6.100679146183945 0.4608847234252995 9 474 81
1.027870716796039 6.086259469270973 0.4666156466227518 9 475 60
1.2214691406700589 6.14835925884171 0.4790051129204409 9 475 178
1.2380676670284663 6.1554484659354545 0.47561345673434263 9 475 189
1.328672690516139 6.186241092456001 0.47704709795295885 9 475 245
1.0927823717449532 6.108409082203869 0.46288064142852625 9 476 101
1.275058516878502 6.1651785022649594 0.47887303503948375 9 476 211
