1.5570304380856794 6.458369656468232 0.36602213329975486 9 3 540
1.6967708134301998 6.431965504397576 0.43089649957387 9 3 581
1.7171803684821008 6.434770157080785 0.4374670290856233 9 3 588
1.7263363230497273 6.434026901279273 0.4412873860022595 9 3 591
1.7441866449929555 6.445759138644979 0.44298774007918174 9 3 598
1.7539416512759807 6.441820156934509 0.44843036036871764 9 3 601
1.7657933671071215 6.440933594100227 0.4533425997506282 9 3 605
1.7854916745426337 6.46912119520122 0.44857317672347197 9 3 614
1.8096943187040242 6.476446039593867 0.4546210686226546 9 3 623
1.828224626966713 6.482576567946669 0.45902373209602587 9 3 630
1.8411271484012672 6.487103131698751 0.45522309142896966 9 5 634
1.7818498322731862 6.442709071821762 0.44511093840847393 9 7 609
1.8077437664105833 6.455269636637605 0.4495807118197256 9 7 619
1.7391062678932347 6.430648611456273 0.4304384548457405 9 8 593
1.551713535464747 6.456556070941079 0.3386489604371099 9 10 536
1.6996947436981356 6.428993181445355 0.40881765649978385 9 10 579
1.783037323547135 6.441071184083614 0.4360094756167763 9 10 608
1.8164701523402238 6.437287400064019 0.447372360198125 9 11 619
1.5959012482141952 6.442251425239514 0.35490829228939136 9 12 547
1.6555863240353066 6.416932437785878 0.3897872837447247 9 12 563
1.7268243666981298 6.4272657638403725 0.413182342867108 9 12 587
1.7558194589568195 6.4181488266866555 0.42869529770435566 9 12 596
1.7668035091666607 6.433762015558842 0.4259982883270812 9 12 601
1.8550703114187592 6.4677358322276 0.442051603544912 9 13 634
1.6727771303520387 6.419959892665723 0.3880155269434735 9 14 568
1.8425293939814984 6.4377372740648005 0.447238490456235 9 14 627
1.5342805987191572 6.432852988084229 0.3234836578330229 9 15 527
1.5595475141460504 6.449852211461096 0.3258080571507693 9 15 536
1.8214828360630089 6.423534328454836 0.4419165382505563 9 15 618
1.731128603339751 6.417343287045658 0.40526840490257765 9 16 586
1.7821769901421955 6.426298656685344 0.4215529364638688 9 16 604
1.5894998871495596 6.438101815467581 0.3355343738607379 9 17 543
1.6501206211063992 6.422652627498069 0.3668677416991577 9 17 560
1.7211551790202848 6.413789608459833 0.3993574837570095 9 17 582
1.753773996799469 6.427464144526105 0.4061606764422323 9 17 594
1.8359338917868988 6.419739967474277 0.4425831324018821 9 17 622
1.7879975763820797 6.411298426267126 0.4237862934208405 9 18 604
1.84709948262501 6.440646602026397 0.43405606884868764 9 18 627
1.6066166062842167 6.43356069962328 0.3369570528836643 9 19 547
1.815668442997283 6.407724159958617 0.43310511323611345 9 19 613
1.7183053682256186 6.40346446580959 0.3922567832159074 9 20 579
1.58655573674528 6.440313816393272 0.31813518288975207 9 21 541
1.753622769461148 6.411311903577804 0.3993653593558295 9 21 591
1.7738468228129387 6.413142835880091 0.4067219172308243 9 21 598
1.8418564777802127 6.429806402328494 0.4265893815483741 9 21 623
1.7403041242914379 6.409626720763194 0.3911701608024152 9 22 586
1.8775294930535924 6.4224609692787045 0.4410627428858329 9 22 635
1.4760559353079126 6.346988051372457 0.308891456474945 9 23 499
1.4863188242188814 6.44119033627091 0.26910987243399886 9 23 512
1.8211769206137527 6.405288064275295 0.42264517028840776 9 23 613
1.471657790020079 6.4534971946906445 0.25334388105414796 9 24 509
1.5653356683349418 6.44216728744979 0.29704288134383483 9 24 534
1.5769902936764042 6.448652622753299 0.29878168892966395 9 24 538
1.5886686967539725 6.444359407487017 0.30557875718764316 9 24 541
1.7208467801132246 6.4003504299692136 0.3803627915448642 9 24 578
1.8389988036061549 6.4209976065737635 0.4191144920254919 9 24 620
1.4677662792699007 6.157545326729456 0.38678908090542197 9 25 473
1.4723774301645411 6.352029901549256 0.29728208990713134 9 25 498
1.6582351623776588 6.415812983398874 0.34373194630272286 9 25 559
1.7549723560922819 6.401279659885683 0.39034147888813675 9 25 589
1.790336209858384 6.400730970129313 0.4051412888369359 9 25 601
1.7993786399672087 6.398970965495977 0.4096867789009426 9 25 604
1.8221776217096546 6.412709116625431 0.41260532260380933 9 25 613
1.4885479217726874 6.434099707192118 0.26135774119703914 9 26 511
1.7613948044383847 6.409587401884954 0.38189294896298276 9 27 591
1.8530695187635988 6.411276864974499 0.41904457422078867 9 27 623
1.461404751822562 6.368410767512389 0.27322865931064766 9 28 496
1.49305546378034 6.4375408573872415 0.2535537849780747 9 28 512
1.7224102937441683 6.401059120369451 0.3661402841586259 9 28 577
1.8928205543520185 6.4101741270907 0.43259499210157615 9 28 637
1.6511543410822092 6.422868247140432 0.3223936776508034 9 29 556
1.6682453434855429 6.419795305988506 0.3309803962015403 9 29 561
1.4921404145987993 6.445758285410566 0.24115310205632645 9 30 512
1.525606701229408 6.443803485070399 0.25608160951252534 9 30 521
1.5844262827724145 6.4364405314092625 0.2841968488114821 9 30 537
1.6796315894705678 6.417759052118637 0.33293726846861427 9 30 564
1.743006017740006 6.389368488082435 0.37300841405701 9 30 582
1.7913670245467244 6.397924498664754 0.389141022873436 9 30 599
1.7350436552767627 6.389736900811024 0.3658559189645696 9 31 579
1.7667904869623505 6.407710748141875 0.3705548501425078 9 31 591
1.8093275794630332 6.387534353001683 0.39807867701570765 9 31 604
1.8850121337842227 6.399602736891611 0.4240444017279086 9 31 632
1.6671772823144393 6.424768021819705 0.31676989639178554 9 32 560
1.8567818847012563 6.411032300903138 0.40319683353339775 9 32 622
1.485133329774465 6.443549362632547 0.22698798809904663 9 33 509
1.595622283085146 6.423170022293585 0.28349642836644984 9 33 538
1.607478199415731 6.428695097793793 0.28583611833957034 9 33 542
1.7850504898895816 6.403636262857454 0.37293845963746497 9 33 596
1.83440343591948 6.402551235555416 0.3943078078620632 9 33 613
1.4635758089532602 6.036962800225894 0.41072695117613534 9 34 453
1.6931365613185774 6.409323016514359 0.3275984905891691 9 34 566
1.851048336347962 6.395887503605545 0.40102948275239303 9 34 618
1.887767190257326 6.406389985447865 0.41150193261857004 9 34 632
1.7304948508703915 6.402708176566511 0.34291589249968824 9 35 577
1.7459975542412964 6.401963904012648 0.34986960404260947 9 35 582
1.8097261895491366 6.395754085689615 0.379986487489572 9 35 603
1.873695056204803 6.400371372321482 0.40494187475427235 9 35 626
1.6679432951129938 6.427558207377205 0.3003764704006371 9 36 559
1.4783369498759966 6.44337133086455 0.2076008743528137 9 37 506
1.4863271001632605 6.442051417306027 0.21166717096350873 9 37 508
1.5066342644285686 6.437274150943355 0.22269809165569354 9 37 513
1.6038511579563612 6.42259019522438 0.27149983175418524 9 37 539
1.8162970135466732 6.404103065165248 0.37148796304297504 9 37 605
1.8230454270866805 6.399355955283348 0.3767001626668811 9 37 607
1.5736278760143967 6.444413519567205 0.24383310017066817 9 38 532
1.7857005002066746 6.402426266237854 0.35553689557361823 9 38 594
1.8103537798439824 6.410840116213558 0.3619932107706556 9 38 603
1.8805719445127584 6.38351619659637 0.4055703187633224 9 38 626
1.8968251284905313 6.399929408695932 0.40449032511256044 9 38 633
1.461824500003119 6.357958858584027 0.23419517197799378 9 39 492
1.5498718140607222 6.434148440761244 0.23459373258548832 9 39 524
1.706298579182741 6.406508899983246 0.3156224711490532 9 39 568
1.8840821084281036 6.394052541332998 0.39483102800108183 9 40 627
1.9064808905168515 6.39001794421243 0.40651044228742816 9 40 635
1.4610166121076624 6.364852851201843 0.22223147202404614 9 41 492
1.5100601334627295 6.440024073559 0.2062147443101945 9 41 513
1.6186577173808283 6.42293872354688 0.26180228121199334 9 41 542
1.6647407343843863 6.4370968490388885 0.27476998544285847 9 41 557
1.5279862295483229 6.434151100429833 0.2127575688165011 9 42 517
1.5407498919148375 6.428854935084102 0.22094948872052966 9 42 520
1.569277218443287 6.42902902596491 0.23327983698224086 9 42 528
1.6569555966769824 6.445371443003864 0.26330844670030995 9 42 555
1.7828483289760566 6.397903377168088 0.34173399713698394 9 42 591
1.8560141442497482 6.394684665407267 0.3751828757383322 9 42 616
1.4896190163405798 6.430898145560837 0.19346614734856882 9 43 506
1.8728629976378346 6.386106195412004 0.38320899566877675 9 43 621
1.7283424612881733 6.418307403608573 0.30015629263683063 9 44 574
1.7591645139389056 6.406580383860151 0.3195388956384333 9 44 583
1.77498160942954 6.4039772722026385 0.3277741923374997 9 44 588
1.8016757511791595 6.404968313095697 0.33897441165119324 9 44 597
1.8213618304083714 6.409203756839644 0.34547790773049103 9 44 604
1.5145435191727148 6.440014939207259 0.19137895831926444 9 45 513
1.48300978361743 6.447111537940678 0.16965933975511427 9 46 505
1.6203484702924051 6.425600383952823 0.24109447950004803 9 46 541
1.7601326217385942 6.41316523020876 0.30902918528890333 9 46 583
1.8484417517656353 6.387505840979243 0.3609296373013198 9 46 611
1.8935794080814667 6.401045791289617 0.37400910198582427 9 46 628
1.9175993754262906 6.387032461790391 0.3916748627166018 9 46 636
1.5836370243592197 6.435265288061618 0.2158917105704743 9 47 531
1.5956936136351407 6.4306424237897755 0.22356806916624028 9 47 534
1.6338458695484976 6.430070643974207 0.24074322017347338 9 47 545
1.7783969794901113 6.405755345092471 0.3170289914189359 9 47 588
1.5730796884481835 6.438512348550466 0.20540870601988725 9 48 528
1.7311307550160149 6.427269506108811 0.28130437792603935 9 48 574
1.4775507867592244 6.45015020954148 0.15273494264212273 9 49 503
1.6706310338831498 6.439434227028243 0.24422281170259685 9 49 556
1.7404962412603375 6.43292947383912 0.27866626743216116 9 49 577
1.7638031024632572 6.413844408208016 0.29877744439637866 9 49 583
1.8709668523730438 6.378426362964355 0.36457507300519 9 49 617
1.9197886156079789 6.3814199915662195 0.3848017473580885 9 49 635
1.721867155385856 6.42358275907071 0.27118372800427304 9 50 570
1.819622562040139 6.3986678485151485 0.3276246710930726 9 50 600
1.8374966496278224 6.396844485983447 0.3365474284934755 9 50 606
1.452460155834384 5.954365374210467 0.3871451387270439 9 51 434
1.7943934114427762 6.411370670984471 0.30602120097058694 9 51 592
1.9197284500655272 6.3817218966962175 0.37745006467877995 9 51 634
1.4541101048022265 6.005399445135684 0.35805105857077413 9 52 442
1.5757362782556905 6.423188443464726 0.19769504353187628 9 52 526
1.5837519915219485 6.431273614921773 0.19713980271720266 9 52 529
1.644444529740667 6.437830296931405 0.2210772401518677 9 52 547
1.7059578753771736 6.432457470744136 0.25152573507876896 9 52 565
1.7528555909726193 6.429221946202771 0.2703496881516616 9 53 579
1.8650880941850536 6.39325988421937 0.33960210600434126 9 53 614
1.899824884726503 6.386606951020955 0.3587232729966878 9 53 626
1.5636348926761965 6.423388477420637 0.18369123065792747 9 54 522
1.766834511540001 6.428554266244108 0.2730692778364534 9 54 583
1.8308572759050517 6.398048048969912 0.31788505624333374 9 54 602
1.5041573294871866 6.437824279646775 0.14490129105554672 9 55 507
1.5476035536327455 6.420526438050239 0.17364514134051356 9 55 517
1.6380809896629003 6.437063939833619 0.2061704613425437 9 55 544
1.7106817938834626 6.428983600380166 0.24337267654449457 9 55 565
1.7978068549389188 6.4197483650944065 0.2877773632356553 9 55 592
1.8058049705302972 6.410658776291628 0.2961398890484306 9 55 594
1.840441924640716 6.400604814332898 0.31711237513207036 9 55 605
1.8798344240291842 6.388947918179191 0.34108005886137627 9 55 618
1.9170743976176445 6.381146278908447 0.3620643988375045 9 55 631
1.5383151514375224 6.418884646782766 0.1659854035231061 9 56 514
1.660508466379092 6.4230022423431805 0.21956385883394747 9 56 549
1.6736489792471374 6.42409714331664 0.2249853495204246 9 56 553
1.7531257053978213 6.431213500596334 0.25751787219251177 9 56 578
1.5480980688412023 6.425733550483601 0.16257075608388138 9 57 517
1.5708150481394814 6.433991388397976 0.168642040732097 9 57 524
1.6281501494987802 6.420906191180791 0.20172813745752682 9 57 539
1.4432405521066598 5.966886344368253 0.35115727226385474 9 58 432
1.49566660082247 6.439061928445626 0.1271815066394284 9 58 504
1.7045014666866127 6.429699336067703 0.22797639186010965 9 58 562
1.7652403882084817 6.431041137401602 0.2551568720256858 9 58 581
1.7867183602567216 6.432554059802553 0.2642226786893298 9 58 588
1.8446549956919207 6.406374198540737 0.3007324434028378 9 59 605
1.891078596204649 6.3874559235948585 0.33208830207087403 9 59 620
1.4659228489828804 6.307754405187707 0.1739972157645684 9 60 482
1.5402286048003953 6.426510258098071 0.1455330608048815 9 60 514
1.6014423673653417 6.417080961322318 0.17881087887281177 9 60 530
1.6891044870985477 6.422596709363688 0.21640834544104592 9 60 556
1.7480123645909527 6.421382896261385 0.24427557586857906 9 60 574
1.4764475388102982 6.499915287198486 0.07263409145600308 9 61 504
1.6277157829021527 6.4269232393458235 0.18151110704243223 9 61 538
1.6634221497835453 6.422706897217611 0.2003057841359679 9 61 548
1.7373120800511632 6.431142798441047 0.23009260455148817 9 61 571
1.7747810408990465 6.434115095379331 0.24588999497511477 9 61 583
1.8183698702086193 6.4174633129179695 0.2749386280805819 9 61 596
1.677701700323772 6.424517546828245 0.20179717032401046 9 62 552
1.876939098301764 6.394492210364643 0.3104791713781576 9 62 614
1.4566807339929477 6.291612249834577 0.16544225300859505 9 63 477
1.841479333361475 6.4202247624190445 0.2763594392185076 9 63 603
1.9025095237424672 6.384967348127793 0.3236837095060474 9 63 622
1.9304395911023366 6.40123241420792 0.32803237446156874 9 63 633
1.4316970742353963 6.102690600484243 0.25070535169564856 9 64 447
1.4381396766789631 6.127429011928037 0.24046255144469297 9 64 452
1.467863130284281 6.50034712451069 0.054492866282136454 9 64 501
1.590494720332769 6.421591826690394 0.15414247101762135 9 64 526
1.6356205851283652 6.424568094912444 0.1736821424983228 9 64 539
1.660851133820794 6.4328734537472725 0.18104721844771854 9 64 547
1.7016239661313923 6.419682838449044 0.20721386015487786 9 64 558
1.7337759204926313 6.435104918074894 0.21400593213063268 9 64 569
1.7529890779630026 6.422421630863765 0.22980301668613046 9 64 574
1.788878276859484 6.430932051029184 0.2420502272421423 9 64 586
1.8039820339798822 6.432729075119671 0.24816093696624408 9 64 591
1.910343536633417 6.37934923587644 0.3265886301360563 9 64 624
1.5345485277535964 6.437954299377004 0.11471182945899816 9 65 512
1.8183358334793778 6.429171015943 0.2527920497714051 9 65 595
1.6307193963026938 6.437406128575454 0.15587874817909597 9 66 538
1.6534974571045598 6.431272985953594 0.169927808163286 9 66 544
1.8790371502793517 6.397217076328074 0.29464319079417667 9 66 613
1.4569945076996969 6.282095577051411 0.15345563789241767 9 67 475
1.4857878795810995 6.483136716778494 0.05822394823557797 9 67 503
1.5897490636077425 6.423895027004473 0.1394789872604676 9 67 525
1.68922195581983 6.4179823558119615 0.18973617633689877 9 67 553
1.7132672134322444 6.415231253577986 0.20260039070136537 9 67 560
1.9096234819845752 6.392190574833634 0.30796226642255586 9 67 623
1.9342513380911435 6.394430824220141 0.3183995445002785 9 67 632
1.9409832545857766 6.385672475816206 0.3263262401579028 9 67 634
1.472020788963749 6.4491601290301 0.06548821945327021 9 68 496
1.8210746050493727 6.420804520843771 0.2465630524682203 9 68 594
1.6307244151729186 6.4381299594030255 0.14244182076939182 9 69 537
1.7395989213827718 6.424995714116468 0.2014479559834541 9 69 568
1.7810912492336333 6.4116999733655256 0.22845426323624318 9 69 580
1.8497870616525944 6.419707622680735 0.2568027930370107 9 69 603
1.8848302474997785 6.40418572501838 0.28195143023960134 9 69 614
1.4301119580534816 6.202603339776944 0.17102758541264573 9 70 458
1.5277779506914855 6.452339093581208 0.08110564920449237 9 70 510
1.5372467878693703 6.447136175841816 0.08847537643392567 9 70 512
1.5469499512811726 6.441019736646537 0.09645668793800066 9 70 514
1.5600558904042177 6.435615226072739 0.10567444978143725 9 70 517
1.9162349789013398 6.394401897420176 0.29839452865869975 9 70 624
1.931658954380422 6.384304837837603 0.31128628875172626 9 70 629
1.4329542564784319 6.118799840607636 0.2140998565936525 9 71 448
1.457304572857954 6.424082465410409 0.05824605810159822 9 71 489
1.6373840043909955 6.436132232042968 0.13796059780887804 9 71 538
1.673334786708517 6.408169968992201 0.17053935612832838 9 71 546
1.6976811417579853 6.418091683746688 0.17676593738488022 9 71 554
1.8018480374565926 6.414607464903941 0.22861374914449728 9 71 586
1.5085236124491952 6.458725330979984 0.05914952537609919 9 72 505
1.5834123303108512 6.5090628204837735 0.06745335398995467 9 72 529
1.6220410995413979 6.455695796599198 0.11541706267614726 9 72 535
1.8503381881991396 6.422910012189478 0.24327502713765248 9 72 602
1.8787652967512107 6.413013772517893 0.2623967637235096 9 72 611
1.9379085531624347 6.3985402985844875 0.29881254908979926 9 72 631
1.4326395505776472 6.194543968347254 0.16382294804728326 9 73 457
1.4885017517759023 6.441738437231461 0.054217269866968065 9 73 498
1.5195421234018915 6.453045333102803 0.06295017002151027 9 73 507
1.5290153440422922 6.459021065853264 0.06422043199314298 9 73 510
1.5691557721801392 6.430432775323377 0.09938509480152469 9 73 518
1.6682953992966045 6.410683041873205 0.15813865455275833 9 73 544
1.7773550104931093 6.4239577256322375 0.20343491572707406 9 73 578
1.925803733137963 6.41465970622356 0.2802099332831547 9 73 627
1.4292745405748661 6.115752445646591 0.20156724677195847 9 74 446
1.835050902750322 6.4225167876957405 0.22799563509971965 9 74 596
1.871736485960481 6.418770364321674 0.247834943810326 9 74 608
1.9448320136659347 6.408820680927082 0.28874195089233035 9 74 633
1.5673964589907066 6.454168960732554 0.07627430609523111 9 75 519
1.5840653256135662 6.5073482761267245 0.05479511506217749 9 75 528
1.595126876669066 6.508061894571201 0.05977188756466245 9 75 531
1.7261578586595752 6.405524176712211 0.18045499919653452 9 75 560
1.8112725315560714 6.416856334844057 0.21136794879085752 9 76 587
1.8648073563424725 6.4233843469797245 0.23381865504605948 9 76 605
1.4237837749570614 6.063571699859497 0.21553515524628764 9 77 437
1.4205676285430144 6.245099952856911 0.11232188803752985 9 77 459
1.6018969351568315 6.518996793014497 0.04763934077410381 9 77 533
1.6695621133275278 6.424140424242784 0.13384156472052666 9 77 544
1.4236571046134157 6.029000757300063 0.23076851012204225 9 78 432
1.4243966373765833 6.3095092588889194 0.07354281258111195 9 78 467
1.42881761114135 6.3177421631551205 0.0710868082648215 9 78 469
1.524977395116947 6.432905224463958 0.053570712827384126 9 78 505
1.7402592545662952 6.404334402484097 0.17525254243945354 9 78 563
1.7675218491988756 6.4124996573162925 0.18404208286420154 9 78 572
1.826530319598191 6.416181742817564 0.21092677846468222 9 78 591
1.894921787572927 6.419168528718039 0.24280598090078698 9 78 614
1.9105862970375427 6.411788314279894 0.2546381521027281 9 78 619
1.9374230902128042 6.403057453517789 0.27271093792699563 9 78 628
1.3930528721152395 6.256366106278199 0.08346531045353967 9 79 453
1.4977914037843751 6.404200594551671 0.051695880301354524 9 79 495
1.5819955024059336 6.482564554378593 0.048976782577895506 9 79 524
1.7850197555731468 6.411840085209037 0.18879094503567706 9 79 577
1.4405798832805514 6.102419545738325 0.18944004979304663 9 80 446
1.468679828954975 6.360654685215689 0.05726797263378147 9 80 483
1.5709262112696238 6.462309474978708 0.05027742533440449 9 80 519
1.7056109929269014 6.419614708010677 0.14094994877476608 9 80 553
1.9048641453965296 6.429498063317611 0.23377806009299684 9 80 617
1.3813736706083504 6.250352648857124 0.07193682783052147 9 81 449
1.418745596982395 6.292559177036563 0.06650635027394758 9 81 463
1.4788396639037904 6.357716968161428 0.059312178976301366 9 81 485
1.5352428299416592 6.41419881446709 0.05521226505155963 9 81 505
1.63954319895653 6.523091297032325 0.04510738432838002 9 81 542
1.740192916540159 6.407352534823199 0.16066602080118342 9 81 562
1.7704961017562328 6.417128570798453 0.1701359393233095 9 81 572
1.8074095283525329 6.408504045784284 0.1933236101388518 9 81 583
1.8835391961659993 6.407500732741582 0.2316211194274116 9 81 608
1.9264853493442977 6.410674781541236 0.251103074065004 9 81 623
1.424532520280974 6.076819524503799 0.18759594111533473 9 82 438
1.4912243263023734 6.358918876482913 0.06013485564194099 9 82 488
1.5137821712194341 6.391573830251342 0.052758103937132095 9 82 497
1.5228895161390055 6.39836014494113 0.05342251892149674 9 82 500
1.6036706769150795 6.485775226867901 0.04381656822932367 9 82 529
1.798889843321701 6.4106117529802855 0.1836813833183466 9 82 580
1.852071431987348 6.423793575093033 0.20261920293000202 9 82 598
1.9410756430308633 6.3979204927381925 0.2616061047494527 9 82 627
1.4479084931759139 6.076995223627426 0.19493820461492528 9 83 444
1.5108582603366512 6.381710843962167 0.05226073495984429 9 83 495
1.6480405350824174 6.5157168199992554 0.044141693883475996 9 83 543
1.6864356967607503 6.507416154929295 0.06803842624257328 9 83 553
1.8375912604825613 6.4109194503209315 0.19857497565873938 9 83 592
1.9222873873098516 6.419735936088063 0.23579147448544635 9 83 621
1.9612981429391232 6.403225681693346 0.2646853963999676 9 83 634
1.4275815623821313 6.0295897962987475 0.20774230444469444 9 84 432
1.5642692879112097 6.440243796025955 0.040768562825457044 9 84 514
1.8844629316966415 6.409667634027725 0.21856524950135348 9 84 607
1.4132181959630286 6.259715658622386 0.06402384528425298 9 85 457
1.704368036516805 6.48987235105051 0.07786978841718595 9 85 556
1.78326227685828 6.399127698533055 0.16968153644126938 9 85 573
1.85729141125028 6.418532584931571 0.1956990081950516 9 85 598
1.869969773999765 6.415344729536951 0.20389961747674956 9 85 602
1.9444545420586823 6.404647985028102 0.24745844921892246 9 85 627
1.4613295652329588 6.288648893026324 0.06693601577248809 9 86 472
1.6186195846465736 6.454113512850395 0.05070672270966314 9 86 529
1.6337313292969076 6.465015609574079 0.05202995037835678 9 86 534
1.6423818884447448 6.485549079192136 0.0445395788954519 9 86 538
1.7435594330755986 6.4208757945655055 0.1328415397942857 9 86 562
1.4165484245522866 5.997332856475042 0.20834562139674406 9 87 424
1.6619852931266708 6.485433558321266 0.04981455265980217 9 87 543
1.7766075948642328 6.4120242035958 0.15026675970870906 9 87 571
1.9057020640089601 6.414097016121753 0.2143308787459488 9 87 613
1.917177760281716 6.415343183603552 0.21941093119219524 9 87 617
1.3890746172502746 6.238743906563408 0.05001331517724572 9 88 448
1.4393279955803808 6.2616393109199375 0.062202611310386624 9 88 463
1.4912183840391682 6.316294641997436 0.05677135460785987 9 88 482
1.5534590218473379 6.375571612534311 0.05390518755357698 9 88 504
1.7033095649018863 6.496571454092811 0.0596201358079933 9 88 555
1.7909057693730608 6.411984905923706 0.1531926444393632 9 88 575
1.8034583071846952 6.413093679400363 0.158915612616771 9 88 579
1.8499077582981964 6.415358669593978 0.1811606398376786 9 88 594
1.9718262848833468 6.3994847410099585 0.2522241510149168 9 88 635
1.424301100900329 6.080206147200761 0.15567235351666087 9 89 437
1.7502063514410662 6.437951218481205 0.11300404708405032 9 89 564
1.96090752385421 6.409311355492886 0.23692926924525737 9 89 631
1.4319849283514041 6.220312854055248 0.07332743479549864 9 90 456
1.5249703346484582 6.324536551994599 0.059851523611960555 9 90 491
1.71395224045946 6.493467810309816 0.05754851607432654 9 90 557
1.4765588509521328 6.264647639930978 0.06554419296566638 9 91 472
1.6314340730300094 6.421308319889642 0.05295775191535257 9 91 528
1.8085981039944883 6.408563789146356 0.1512007939709945 9 91 579
1.9217936939755162 6.40408194105053 0.21182295050458233 9 91 616
1.5486926781933807 6.3489447706426 0.04835964400988857 9 92 499
1.6242181283608355 6.413222261901326 0.04933541716078049 9 92 525
1.646173035864799 6.412844878458092 0.06084294190797257 9 92 531
1.7252148717704952 6.487700384623919 0.057397973286702486 9 92 559
1.7607667889384988 6.4829423560771255 0.07847395826551096 9 92 569
1.835482292249058 6.391514019477851 0.17071165644165842 9 92 586
1.8434134882877853 6.398377085305855 0.17074755830130273 9 92 589
1.9673876494304077 6.415235287431631 0.22454714782916962 9 92 632
1.9772411471246651 6.4033097710085745 0.23663371282049894 9 92 635
1.4118247852442538 6.192121883535172 0.0657298261914232 9 93 447
1.5812835134769403 6.355952613414853 0.05633936543431184 9 93 508
1.6023545011784497 6.38170810555971 0.051990849821943685 9 93 516
1.6545607498601287 6.450524979124086 0.038260528759903156 9 93 536
1.7344482203960294 6.484191552654219 0.05957203863134386 9 93 561
1.8690202346229363 6.416882001550653 0.1687397293201267 9 93 598
1.440488919222092 6.201183096068455 0.0705628623072121 9 94 455
1.8002345510303628 6.422365396934879 0.12560704064725114 9 94 576
1.952089551172864 6.403578354000868 0.21532052876313257 9 94 625
1.4177481620945211 6.00515543554771 0.17073000259325677 9 95 424
1.5366777898056934 6.308341232869368 0.05215743803956996 9 95 491
1.6487000218319303 6.405276921867836 0.052664525045313715 9 95 530
1.719846142567552 6.4700541709221095 0.05107584935751763 9 95 555
1.846913221840673 6.4022263991322985 0.15738570748152947 9 95 589
1.9115112436977721 6.394937021735291 0.1952585498870707 9 95 610
1.418425189309291 5.956137697394761 0.196057543490181 9 96 417
1.5070591974636294 6.269119796910344 0.05545810521275141 9 96 479
1.5979699029636623 6.339233705490166 0.06097380818788456 9 96 510
1.691189667004087 6.449835794804333 0.04353137826104403 9 96 545
1.935299777865729 6.401264140329177 0.19967326824724618 9 96 618
1.4599304379526785 6.216913842838781 0.05742031516364943 9 97 461
1.5736939362196871 6.316423562537677 0.05729626328344661 9 97 501
1.7354086248874308 6.489447019110911 0.03821726864623365 9 97 560
1.80336499271785 6.458594461675421 0.09220645853464915 9 97 578
1.8496866485858066 6.4026167161168095 0.14993214616116068 9 97 589
1.9569418485291248 6.400433458823734 0.2072947146380788 9 97 625
1.4183479248209596 5.918067395323029 0.2104914449804387 9 98 411
1.4255694350710546 6.172584960401233 0.06137547996407866 9 98 447
1.4830013809047848 6.220151124877972 0.06291576065224436 9 98 467
1.8370984485180382 6.410417560454647 0.1342920111854513 9 98 585
1.8816927529362146 6.403188361567104 0.16201914704293396 9 98 599
1.982306579201425 6.412468274671634 0.20920360855041964 9 98 634
1.4244503626644616 6.151738786517478 0.06870819596670952 9 99 444
1.5536029108327079 6.275198547422262 0.06223991625837111 9 99 491
1.860372440688084 6.3938614046953495 0.15211118647038435 9 99 591
1.9012878633967165 6.402673848845069 0.16832576531694787 9 99 605
1.5126945926369768 6.246503798518312 0.053356665350760224 9 100 477
1.7623365496285013 6.4667731326961775 0.0519176547831397 9 100 565
1.9509544142695607 6.393185473778095 0.19598966621116864 9 100 621
1.3909188788156508 6.117053914525708 0.06274151404638495 9 101 431
1.5068339520358265 6.198276548339684 0.07484551431863484 9 101 470
1.5824094866836824 6.2944164395507505 0.05653219613098637 9 101 500
1.6284899309488914 6.342771576836868 0.051594537208758506 9 101 517
1.6461579702702378 6.379262076115623 0.038808583715284506 9 101 525
1.8028426587996569 6.489403152628608 0.054956898231880214 9 101 578
1.8500260163362245 6.414683086343268 0.1252890142743177 9 101 588
1.9867498295248835 6.413204377743867 0.19859957467992806 9 101 634
1.4090283217838335 5.911881237781492 0.19264800670421423 9 102 407
1.424249259453896 6.140938721319752 0.061270601714701556 9 102 442
1.47161039053528 6.19250417753781 0.05504154557481056 9 102 460
1.6802790801335015 6.377303773893215 0.05340861809550734 9 102 534
1.868824456018892 6.404998638272718 0.13673827589812504 9 102 593
1.9328513645108427 6.3990231502011925 0.1744001719649806 9 102 614
1.4501487016582257 6.155227854711733 0.0617042247899553 9 103 450
1.839520718420978 6.468919357426006 0.07766564139119247 9 103 587
1.9083239094139586 6.395343676889558 0.15929751397708758 9 103 605
1.5885288290471193 6.286902052998078 0.050372753964229355 9 104 500
1.6349335718545448 6.322838768806417 0.053168603739014664 9 104 516
1.7413646312001823 6.420209322666335 0.050418181046730126 9 104 554
1.5231085967944944 6.177945993148577 0.07758536113745196 9 105 471
1.6236095746367836 6.283862692743519 0.06638515874073203 9 105 509
1.6969898446324905 6.369469887158418 0.053119487144038136 9 105 537
1.784294104806223 6.461861392223471 0.04315463142610354 9 105 569
1.8853116977955158 6.406091026053528 0.13167343332636783 9 105 597
1.959351474758581 6.385933994117609 0.1838094678858655 9 105 621
1.537561569087766 6.21920053961024 0.05531702777150471 9 106 479
1.7730119840371754 6.442910918289648 0.0440600217779763 9 106 564
1.4364989320128179 6.11631817891088 0.05974438580239916 9 107 441
1.4895914625183222 6.153866845104836 0.0651817875036782 9 107 459
1.5123900173564953 6.163103137610572 0.07178120980766378 9 107 466
1.641866696756656 6.301372422696694 0.05612667752509637 9 107 515
1.7160513504499513 6.3603202282245315 0.059710674421123544 9 107 541
1.7670478318753824 6.430678600219448 0.04370088865108879 9 107 561
1.9276465264186213 6.4049260392121194 0.14641867260537111 9 107 610
1.9937209439034271 6.407544177422335 0.180498102517767 9 107 633
1.4156444773168564 5.893307313455155 0.18233087770719414 9 108 405
1.6775049264725028 6.328329054754186 0.054031260013889915 9 108 527
1.7410659634437644 6.40218263425205 0.04260684423218808 9 108 551
1.3777671867882855 6.037891810200418 0.06736280151935414 9 109 416
1.4638340489052888 6.104003306415092 0.07296620044575874 9 109 446
1.4932333320119178 6.132579948223951 0.07114406609129498 9 109 457
1.5386552634690192 6.195932521012018 0.05635979759840892 9 109 476
1.5691912902404779 6.194125878534564 0.07409495921204257 9 109 484
1.5980620302413382 6.23479193354599 0.06444957219593994 9 109 496
1.7757648869793716 6.419929427302693 0.04570197839553036 9 109 562
1.804964169662456 6.455651872647583 0.03931682209548715 9 109 573
1.90267499776387 6.449240168563825 0.09645989593110538 9 109 603
1.9590185860457199 6.39030326393534 0.1638435535681675 9 109 619
1.3900011729226 6.046730944215051 0.06388324521094968 9 110 420
1.4172393779846737 6.064038363393867 0.06792330674674418 9 110 429
1.5061609220722174 6.157684337545924 0.057881174356714915 9 110 463
1.6094902703214102 6.2262230420442926 0.07140468561798663 9 110 498
1.6313955838662189 6.256659338805241 0.06432321459270884 9 110 507
1.6588919563825555 6.292977635956958 0.05661415476588649 9 110 518
1.839285955966694 6.474126879177557 0.041763840094807936 9 110 584
1.9763075932491216 6.401690521041424 0.16184451667052113 9 110 625
1.5013906628530507 6.1184421512207 0.07523294579056605 9 111 457
1.5362050938137983 6.151693515431709 0.07342914660873068 9 111 470
1.9229618085021525 6.416555008211081 0.11898741265001833 9 111 607
1.939854648711329 6.403040867737072 0.1367176596925157 9 111 612
2.000434156586202 6.40232364282345 0.1703379700740928 9 111 633
1.547867956322317 6.1621387318983025 0.06864875383940428 9 112 474
1.6491029019464094 6.2643013849433276 0.05993844480850896 9 112 512
1.7213587756946414 6.326826231835601 0.06026552287152964 9 112 538
1.5885915741022525 6.1831801281529355 0.07317496412032165 9 113 487
1.6749969452666496 6.2755998575925425 0.06241486755067904 9 113 520
1.8178150974462524 6.42202659302143 0.04863027793374308 9 113 573
1.8328564591781404 6.428812456592022 0.05263412827089198 9 113 578
1.4068075171903471 5.8365512445141 0.18775010462154818 9 114 393
1.4351465814819724 6.050749434992844 0.0676452285320377 9 114 431
1.7129205654371544 6.329463981616767 0.044593232311790354 9 114 535
1.7827584978532527 6.390932925811291 0.04425240131182573 9 114 560
1.8941098197597954 6.472777421912253 0.05395457187763908 9 114 599
1.4066103363792215 6.007767119668323 0.07451760085161063 9 115 418
1.4491695055866605 6.079773107161218 0.05233602620389455 9 115 438
1.6168076070564334 6.201037375553555 0.06823041010608177 9 115 496
1.7264955047176451 6.335270405514171 0.04372031360144257 9 115 539
1.9737850309139569 6.3909527866605025 0.14552403967207916 9 115 621
2.0123066675125107 6.401524002453318 0.1601758589559994 9 115 635
1.4036952569421777 5.8000608407084675 0.2008367629077057 9 116 386
1.3724899509109951 5.982726013622466 0.06689366258467766 9 116 406
1.4166109063254113 6.0054121839299945 0.0769802907241155 9 116 420
1.4867754060861236 6.068193102496517 0.07597959513761476 9 116 446
1.5570765663668218 6.131092276889798 0.07497951816737114 9 116 472
1.593953204673408 6.177462367758588 0.06591877084473152 9 116 487
1.6554780431237777 6.226570041242573 0.06883372937377708 9 116 509
1.7396606110493475 6.329367972776412 0.0501002127014909 9 116 542
1.78694951367011 6.3702882639954925 0.05031427367493446 9 116 559
1.9150441364839579 6.480098783342873 0.051553346918183696 9 116 605
1.4249008281974218 6.021192299629314 0.06690643870655388 9 117 424
1.6861789822755127 6.278213850362301 0.04828383336898212 9 117 522
1.7475558711408576 6.343697298203926 0.04063947346178276 9 117 545
1.8311114770637527 6.40156571411648 0.05026015455431643 9 117 574
1.9703963392454247 6.3963065171251525 0.13143244191673253 9 117 619
1.4881118645132971 6.077248997478985 0.06168447823850687 9 118 447
1.5001128498920733 6.084546086981851 0.0637225174178131 9 118 451
1.5022568821311872 6.096693519665941 0.057119892779045944 9 118 453
1.5376987666263315 6.110894800232726 0.06786008573575697 9 118 464
1.585660580240365 6.176069341123699 0.05286881809576616 9 118 484
1.7091632262073482 6.299406808841055 0.042848113624273765 9 118 530
1.9479977061930969 6.489608879826395 0.054508996522367514 9 118 615
1.9885460585440233 6.40221965559196 0.13337939784260322 9 118 625
1.636973974155444 6.197129357009132 0.06346271900399891 9 119 500
1.6830872906939087 6.2503885947776485 0.055061691787838374 9 119 518
1.763930324803435 6.357330542053813 0.03158522230764804 9 119 550
1.8441073320002008 6.399997325134555 0.0491676900931437 9 119 577
1.930403409315935 6.471589296173013 0.05154520482655878 9 119 608
1.9677607397919097 6.442271606966212 0.09145162083073144 9 119 619
1.494944165651053 6.066337446992855 0.06327129063665504 9 120 447
1.7346237203944823 6.291173157600312 0.05307940609625894 9 120 536
1.8606788741342632 6.405379929437917 0.050333216002810044 9 120 582
1.884048599426663 6.435858180032023 0.043805562209191296 9 120 591
1.9460152114776186 6.482300408626186 0.04872945690782804 9 120 613
2.007072186812296 6.391552665506401 0.14187416910566242 9 120 630
2.020742153441821 6.395176945239273 0.14724281681732743 9 120 635
1.3830828100327381 5.9698556353375904 0.057909735430260234 9 121 406
1.5492216420627631 6.0992870995866575 0.0679633528984609 9 121 465
1.5625252439779116 6.111822739263031 0.06735922175044973 9 121 470
1.5667275675351426 6.128768118846067 0.05874103354419713 9 121 473
1.5812923820310956 6.129086115838849 0.06677982219482792 9 121 477
1.6049544104148499 6.152632798275157 0.0648937175897859 9 121 486
1.5037756099113726 6.051089413348056 0.06889791469570383 9 122 447
1.5224581635074794 6.0682780248919865 0.06831691813636032 9 122 454
1.712054393282815 6.227565228364973 0.06765892625259351 9 123 523
1.718499449835659 6.252524957760414 0.05502435028184194 9 123 527
1.7897461865907314 6.3284584287651375 0.04601574259452512 9 123 554
1.81476570508056 6.349088391925574 0.046795460554892365 9 123 563
1.8203198782120529 6.3691967216664835 0.036822862789049005 9 123 566
1.889169917833219 6.432854909141852 0.034468512850485133 9 123 591
1.8975189599561744 6.440079547823185 0.03450630615895944 9 123 594
1.9400131734968675 6.448286917226328 0.053361057547061996 9 123 608
1.3658638261626717 5.925263090157242 0.0632423637292363 9 124 395
1.4183159716228384 5.975742747039525 0.060142045468762895 9 124 415
1.4673458970883284 6.018169589645443 0.060363987467654034 9 124 433
1.55316744229539 6.079194968957771 0.06943084949042366 9 124 463
1.6145672617944884 6.135380780991958 0.06770607127961226 9 124 486
1.7448281609072613 6.272538491989404 0.052274161253140106 9 124 536
1.8559338338298355 6.376827767283919 0.047436474080198465 9 124 577
1.6749571143289974 6.199139492344486 0.05577245543642917 9 125 509
1.8736463070169376 6.37513627847033 0.05399739952521898 9 125 582
1.9766261503258014 6.47339597232888 0.04844591107748397 9 125 620
1.4296605315796163 5.964840478961072 0.06452295963701382 9 126 416
1.4551134603298572 5.983821455370452 0.0666472243282914 9 126 425
1.6219741888533128 6.1211074935389425 0.07209027184237793 9 126 486
1.7722390514949937 6.293752533102394 0.044643960363850654 9 126 545
1.7854450449295454 6.294018510532926 0.05207014174424818 9 126 549
1.9657135100469212 6.476391360979274 0.03547451505762966 9 126 616
1.990422395329896 6.472405245997696 0.05232837594825446 9 126 624
1.3805896648697074 5.910534912343019 0.06749222317186465 9 127 396
1.5415230180883226 6.035614464100585 0.07761094197413598 9 127 454
1.8162851287584076 6.323003726976417 0.045988901184786046 9 127 560
1.8907961045548651 6.4219178505963 0.02352114331177302 9 127 589
1.4359198330358631 5.948621240325878 0.0696074828748936 9 128 415
1.476682207739414 5.9980487161455915 0.06038699540004955 9 128 432
1.7168798062341095 6.208931008864175 0.0594589081179826 9 128 521
1.8385363398278325 6.347568422462967 0.03784057437259758 9 128 568
1.9286499590265476 6.410380290652028 0.048325233811427726 9 128 600
1.9797460427247393 6.462683395326013 0.04318228577683492 9 128 619
1.4433501835274556 5.965465259010778 0.058061704742752296 9 129 419
1.4999410867936784 5.999296303492272 0.06841045103583121 9 129 438
1.6517593651908984 6.135714612481079 0.06573354208249449 9 129 495
1.6772892519084575 6.152760185322343 0.06921324659163797 9 129 504
1.8563631586047025 6.346068482352417 0.04445584997369778 9 129 573
1.4100349487539228 5.9187924151364655 0.06517105006408874 9 130 404
1.5937422601418914 6.074736726287167 0.06802434571530958 9 130 472
1.687698546478643 6.156039492595708 0.06844965425494087 9 130 507
1.692317715007437 6.163058878536061 0.06644884930200279 9 130 509
1.8181125777568985 6.304150101525845 0.045453434139872906 9 130 558
1.8343176695400774 6.3191801338402875 0.04485293791006395 9 130 564
1.4861035605219266 5.983918387938055 0.061330875780306826 9 131 432
1.5305620881797812 6.026411876523646 0.05883233688810252 9 131 449
1.5583168480340754 6.039367136411705 0.06638242979129294 9 131 458
1.700770304907671 6.161629960889455 0.0677023363460183 9 131 511
1.869468870904008 6.3599009510195454 0.03336825508765284 9 131 577
1.6120074169018732 6.079107819922495 0.06649810838320547 9 132 477
1.6312039039411537 6.1037492888945835 0.061176984818215985 9 132 485
1.7141074008504904 6.177495479832988 0.06020017560397006 9 132 516
1.736748900913025 6.204114283591704 0.055570608613525696 9 132 525
1.8415816915427803 6.2978401732944675 0.054017103785784615 9 132 564
1.8552784023618296 6.3086885631499365 0.054755066351756865 9 132 569
1.8971350786888408 6.373014360254683 0.03601630764655028 9 132 586
1.907390508255688 6.386907736558401 0.032682597392774904 9 132 590
1.422473360014413 5.914402857983422 0.06145669552023025 9 133 406
1.4939772975535504 5.971267022162823 0.06516578076809054 9 133 432
1.601038239937284 6.054891939458606 0.07174389110747681 9 133 471
1.667166131821737 6.124137689255693 0.06391853414726678 9 133 497
1.7604297517072875 6.219870874270791 0.05418463580164312 9 133 533
1.7795379005015497 6.235403495869161 0.054948311015688533 9 133 540
1.8049960703892587 6.251421416976378 0.05912581873851952 9 133 549
1.4216624246829432 5.8959911753724885 0.06879128630377074 9 134 403
1.8736348357425916 6.310098181204529 0.055240400955633984 9 134 574
1.433769612990749 5.903783804516609 0.06602633217838338 9 135 407
1.4672171160600682 5.928733438827052 0.06889441388301609 9 135 419
1.5123916409334446 5.9758107882210645 0.06366555158611109 9 135 437
1.5425020213864047 6.007856198223417 0.05972675605273192 9 135 449
1.6400613424750907 6.08828342068972 0.06288505041644288 9 135 485
1.716411810626623 6.159343041758993 0.059834858694285176 9 135 514
1.7872233492590832 6.241583528292787 0.045892565856633816 9 135 542
1.7300332206246725 6.174401598212704 0.052981608810211966 9 136 519
1.8261268738533927 6.261540198789858 0.050695532118220976 9 136 555
1.7522453594373135 6.171006089175981 0.0638658319050105 9 137 525
1.8651690009374464 6.278668948971678 0.057564117347771226 9 137 568
1.4812384466320925 5.92089970802194 0.0686866337538341 9 138 421
1.5222730048172417 5.960379508817451 0.06614304102469903 9 138 437
1.6798101053522494 6.113579650065438 0.055256331391229985 9 138 498
1.458183803135951 5.907200265716754 0.05962031623753128 9 139 413
1.5456180542497304 5.967992965338121 0.07026717219733158 9 139 444
1.571720938529684 6.008420115879235 0.05808404660536981 9 139 456
1.601938697938866 6.031595035599209 0.060271046345725665 9 139 467
1.6426009456596542 6.0737186805542915 0.0556713320989648 9 139 483
1.7156825605906663 6.122091678727513 0.06625321849714516 9 139 509
1.8246987045222511 6.243185613627102 0.048294771084025134 9 139 552
1.8450933532476292 6.25191379218251 0.05453773309571508 9 139 559
1.4560394605835407 5.876934204446008 0.07458354164057956 9 140 408
1.5371921878639743 5.956061213624286 0.06879075057437212 9 140 440
1.6023236124000726 6.015388922736477 0.06703219791760762 9 140 465
1.6182331943061707 6.038059377399691 0.06094407305350358 9 140 472
1.726929304735798 6.133106086585264 0.06075169797597613 9 140 513
1.7712652182940576 6.175428108554042 0.05821460517979693 9 140 530
1.775486826605877 6.196888150585522 0.04591343059041231 9 140 533
1.493398726874387 5.916490995434958 0.06509979528898335 9 141 423
1.6840058764977595 6.0804405963787636 0.06664823456093627 9 141 495
1.851092191175796 6.251686078032581 0.048895651860454414 9 141 560
1.5111948914776419 5.920351978114519 0.06854923566663529 9 142 428
1.5983933048993662 5.994821418288989 0.0696304703570978 9 142 461
1.7741705687556 6.161710399344031 0.06012774864601367 9 142 529
1.7992888856861864 6.1903455900875874 0.05543534236008196 9 142 539
1.8076628323366972 6.195620410950151 0.056846445635046816 9 142 542
1.5693098810059078 5.988645796348693 0.051569268323445216 9 143 452
1.6909661557606652 6.0663710439612215 0.07137338141137262 9 143 495
1.8417314284265274 6.234217310475303 0.0459262149893096 9 143 555
1.5244054129868554 5.9195958959120425 0.06782182467079978 9 144 431
1.7173702295612567 6.081663235233329 0.07213869631843695 9 144 504
1.5045167725239081 5.88601360747839 0.07458831428168855 9 145 421
1.5320770518967437 5.928486015370264 0.061608021571898375 9 145 434
1.5630531438128186 5.957250655972201 0.06036887362271992 9 145 446
1.6431848416273973 6.013848160804017 0.06969814168790345 9 145 475
1.7430696557901109 6.110082932957609 0.06325296179774331 9 145 514
1.8224302829682602 6.190518077090454 0.05533534505433657 9 145 545
1.667489082970561 6.035172236707517 0.06494021500781222 9 146 484
1.7606749243817004 6.121678492929072 0.06121735726050659 9 146 520
1.8729455050554344 6.2403534111332615 0.04652816602590093 9 146 564
1.4958804869906734 5.87621123095727 0.06689732446371677 9 147 417
1.579910366901593 5.9479478200146705 0.06796957604825504 9 147 449
1.7231163608819489 6.078001732972178 0.05958831027178846 9 148 504
1.7497377856938665 6.088366250038385 0.0687165213201173 9 148 513
1.81070679714166 6.162568721980081 0.05374866129886202 9 148 538
1.822960658413096 6.178045897817382 0.0503397175183391 9 148 543
1.8559877867136054 6.214423194420533 0.044945928321771245 9 148 556
1.5498330483484628 5.913721563254871 0.0643263734421391 9 149 436
2.0306707346279094 5.81512382185067 0.4336052640603407 9 149 596
1.650105209125281 5.999791482487431 0.06059576011501733 9 150 474
1.5410848351462954 5.8892355734147825 0.06704850106813098 9 151 430
1.5793884161988436 5.916564932894625 0.07139823297741188 9 151 444
1.6018070941015492 5.9388721799252 0.06941158405476933 9 151 453
1.6268970602718216 5.963491076242883 0.06743694417900303 9 151 463
1.7958602170216451 6.122300062767122 0.05915291280646251 9 151 529
1.8366372992067959 6.163401329805063 0.05516106951156452 9 151 545
2.0505678817577144 5.827039391798264 0.43061316133844074 9 151 605
1.7054360102279351 6.032696894417088 0.06221794813456549 9 152 493
1.7329290399229405 6.061324712208474 0.05885679361353202 9 152 504
1.8712780542028016 6.18200916206321 0.05878589862976957 9 152 557
1.7678435508568704 6.080200300038376 0.06250080615883613 9 153 516
2.0290879540996887 5.766455065415096 0.4539644928853741 9 153 590
1.6509388695421403 5.962912800762265 0.06897055111154282 9 154 469
1.7934702870128234 6.096851128096323 0.061924237448963915 9 154 525
1.8841607017187214 6.177255526380092 0.06093631451731518 9 154 560
1.6865612468505844 5.998822637924366 0.06075194590753075 9 155 483
1.733558524986898 6.038528500504031 0.06166500804342179 9 155 501
1.8642409604511783 6.146801175168994 0.06575800280116972 9 155 551
2.0539274594576247 5.810930327533175 0.4271310367639938 9 156 603
1.614492077531651 5.930238393200609 0.05554968416004069 9 157 454
1.7082296034036533 6.000809401441524 0.06370042416436994 9 157 489
1.8237657846817883 6.104619359339502 0.061413855411903695 9 157 534
1.634496815060471 5.926738922049202 0.06621458226179988 9 158 459
1.8425527488494575 6.109644797068363 0.06504600139766392 9 158 540
2.1065568865202686 5.846408834049479 0.4278170409500388 9 158 629
1.6697433758061548 5.953679833247509 0.06430527749485204 9 159 472
1.8082674453784038 6.0640005393573 0.07197742944746244 9 159 525
1.8844571096237461 6.149024790395346 0.058232114392905654 9 159 556
2.0724160284448776 5.806596703810283 0.43176911932371964 9 159 610
1.6257427183014703 5.910140110255805 0.06344844556550577 9 160 454
1.832761953816908 6.088577358751594 0.0601989290794438 9 161 534
1.7571694702300316 6.009162127485702 0.06557122987136688 9 162 503
1.7810984286597142 6.026071106193761 0.06851030529771318 9 162 512
1.7915383331230945 6.034155766620618 0.06926518923408032 9 162 516
2.089724272761664 5.811825935798595 0.4286997144757314 9 162 617
1.6586811448414114 5.91281691742107 0.0687369816773189 9 163 463
1.6933567923154111 5.94661262003096 0.06605905187609862 9 163 477
1.7375456214120475 5.982007795625356 0.06838529320699971 9 163 494
2.108171328155279 5.8232808127847235 0.42868174661262226 9 163 626
1.7109525888959758 5.946957025353456 0.07260206094421084 9 164 482
1.8395549883160724 6.076208041114642 0.05969826858588334 9 164 534
1.8610794059063251 6.103344955142662 0.05340756243964084 9 164 543
1.8842817012501232 6.123422491938841 0.05351259143486309 9 164 552
2.0453779991015155 5.765389203358226 0.4275905160029212 9 164 592
1.8182191152108624 6.054199442231246 0.05754022301030437 9 165 525
2.0634590054816124 5.780315495365322 0.4247349408910597 9 165 601
2.1277550270590706 5.835008671688235 0.4257367797581968 9 165 635
1.6506036348541364 5.897132883660257 0.06112707370222448 9 166 458
1.775548195216508 6.006192696880082 0.06098072303978741 9 166 507
1.828714351646276 6.067271612316977 0.049831059113660814 9 166 529
1.7149067820332662 5.935142591863999 0.07006050144094322 9 167 481
1.8921471949302966 6.104497357032404 0.058742603178943975 9 167 552
1.6907672240954597 5.912628304555625 0.06648709471329495 9 168 471
1.7395985983976712 5.9623907836069225 0.06099604224000865 9 168 491
1.796702536832699 6.007112134262002 0.06482458175432648 9 168 513
1.8696908061586026 6.088100832381137 0.051588822320937755 9 168 543
1.9119783619881077 6.133139251657954 0.04535410429912101 9 168 560
2.1264618980721046 5.817616152090308 0.42760664225742806 9 168 632
1.8531922976828146 6.0508404815345695 0.0595652469830652 9 170 534
2.0824668896987495 5.7706212782351 0.427257325254325 9 170 607
1.8238386957820165 6.012594995302198 0.0645606163897312 9 171 521
2.1008796572650317 5.780236721431967 0.42870634490527637 9 171 616
1.7362719435341247 5.936117673386548 0.05997655227699816 9 172 486
1.79857934139125 5.9835157162283785 0.06528620367828353 9 172 510
1.9123772863033552 6.081056765128567 0.06651959496906779 9 172 555
2.1134816262093685 5.786700878086695 0.42870097300963383 9 172 622
1.7149899675466058 5.8965415829723105 0.07151059780150493 9 173 475
2.039183129537325 5.713328364904867 0.4319028915919092 9 173 581
2.055869387861999 5.727767408996845 0.43197842467688585 9 173 590
1.7721269136756463 5.955710487604451 0.05475189142768322 9 175 498
1.7890545504402682 5.962952635989202 0.060599723085450474 9 175 504
1.825719866281752 6.000234419685702 0.05643726870134613 9 175 519
1.8912753877191602 6.044001161993702 0.06683364840406325 9 175 544
1.7146812293909455 5.878479038324045 0.0712406190808399 9 176 472
1.8587220633013442 6.020675449094419 0.05816596342274494 9 176 531
2.06418734442846 5.719887913638686 0.43332763602547053 9 176 592
2.0909634510068256 5.753220930040754 0.42550181259993347 9 176 607
2.1135148115260387 5.769039520929507 0.42849376322013266 9 176 619
2.1262325994905207 5.771951910661476 0.43140403036976505 9 177 625
2.142446234706114 5.794280717443438 0.42496587156035215 9 177 634
1.8324750245006745 5.988226340842198 0.056165488588482804 9 178 519
1.866296506948945 6.0119712614172975 0.060666012838464844 9 178 532
1.732567076962272 5.882677160800179 0.06602425268006673 9 179 477
1.776408130279121 5.925206215981087 0.06259460270366302 9 179 495
1.933967070489752 6.046850651609473 0.07491778551008843 9 179 557
2.03687866587047 5.686777713992924 0.43021248444990956 9 179 575
1.7932482400383583 5.92531795502061 0.06937907516207376 9 180 500
1.812333010020459 5.94549900626168 0.06655879505137374 9 180 508
1.892516392422671 6.026800062458017 0.057474949373298445 9 180 541
1.914813599716251 6.0479276605023475 0.05612254611298639 9 180 550
2.0626791024329356 5.701059767559829 0.43321055819698984 9 180 588
2.113617652600347 5.750638071911595 0.4290810475938758 9 180 616
1.7527680613902596 5.8959986660797385 0.05991932824278945 9 181 484
1.8359085300640496 5.965197737169929 0.06247888999777862 9 181 517
1.8853646219795062 6.010737845321724 0.06051954832111628 9 181 537
2.148254464981606 5.772577360881339 0.4321254539163515 9 181 634
1.8328190801446977 5.9510649827370266 0.062100964807636716 9 183 514
2.083293653112058 5.707654498705843 0.4318057845013996 9 183 597
2.134520364783233 5.751071040662708 0.4327675483010196 9 183 625
1.7975868375117656 5.915316266838504 0.061401960027279046 9 184 499
1.8922279483899656 6.0028482401420735 0.05251164031467259 9 185 537
2.0215860868971305 5.638315188208977 0.437373466207297 9 185 561
2.1023962501599827 5.717317995406297 0.43041963981309195 9 185 606
2.120013901717366 5.73094662598495 0.4283002898858781 9 186 615
1.7596821764322772 5.855928659434229 0.06844600057960837 9 187 480
2.0416220662098286 5.648141147593124 0.43309740268758157 9 188 570
2.0579298969346174 5.662252728649709 0.4331712227579625 9 188 579
2.157455247321846 5.751983066662556 0.43068120571968405 9 188 634
1.8738385933906743 5.961402953491454 0.053959728843308685 9 189 526
2.075480443855376 5.6749357691488145 0.4317950816316447 9 189 588
1.77889820214752 5.855149956635763 0.06849028897736287 9 190 485
1.786939246432712 5.869295955266152 0.0626288173581564 9 190 489
1.8504577919865066 5.915275348534108 0.07028866090707497 9 190 514
1.8586976592137465 5.942172100444087 0.05410688143756248 9 190 519
2.107387421077563 5.701838844153773 0.42900939364670077 9 190 605
1.8262685124188918 5.907992211400487 0.054182109373026366 9 191 505
1.8914969713051688 5.959952725414995 0.058168812591511854 9 191 531
2.0596955759917552 5.650185677684155 0.43031420478589366 9 192 577
2.0911511223394506 5.6693513494759 0.43711064267426436 9 192 594
2.1448263581239404 5.719377257286798 0.43439627681858717 9 192 624
1.8006266663159363 5.855739408601973 0.06933704981515154 9 193 491
1.8404022964426232 5.898195652037991 0.06285346348639864 9 193 508
2.0361292869736687 5.623724439114144 0.4317177213654124 9 193 563
1.7922068838965561 5.839923878877764 0.06685944781355935 9 195 486
1.870946990308417 5.916953731956972 0.0597907845451664 9 195 519
2.1310089962457233 5.691953388476224 0.4366781069949559 9 195 614
2.1637466475688076 5.71888284023335 0.4309745907432869 9 197 631
1.8123694606143583 5.8385909262464 0.06359060681650619 9 199 491
1.901709046785882 5.919427369629462 0.06100803779710473 9 199 528
2.1163075711741386 5.668464948377764 0.43161188917473514 9 199 603
1.8276258582061529 5.842269502691906 0.06694035825853017 9 200 496
2.054085612321217 5.605110688287894 0.4358770137853927 9 200 567
2.133925288474459 5.675958621081328 0.4347428649798284 9 200 612
2.154679780299505 5.692338060893735 0.4326587371994055 9 201 623
2.1689746052242413 5.702950739578551 0.4342211123112527 9 201 631
1.8418224594807806 5.842597665747768 0.06761113305073363 9 202 500
1.9075244130363487 5.90997153792717 0.05890978457961893 9 202 528
2.145088819707698 5.684208542417839 0.42893535628674684 9 202 617
2.1143253891620013 5.653372559879483 0.428864659074383 9 203 599
1.875641575683104 5.869552885794694 0.06012401800090439 9 204 513
1.8967720034511915 5.891329788751547 0.057211667572626634 9 204 522
2.1805763087245 5.6920122564130935 0.4346741182721181 9 206 634
1.8918409944567334 5.865722877662639 0.061157914657945955 9 207 517
2.135854514598984 5.6517423738098405 0.43229896867521345 9 207 608
1.8476727251953569 5.807019071549356 0.06920289274249791 9 209 496
1.8638309814164375 5.81683811520207 0.0681153562221497 9 210 502
1.898974318314649 5.850697168130241 0.06524110494450808 9 210 517
2.1610316488182875 5.656723873442777 0.43649881112940125 9 210 620
1.8914971414150423 5.83160434843527 0.06668614573329634 9 212 512
2.147628332624696 5.641143478065966 0.4328635854802454 9 212 611
1.8723983089320655 5.801650909254835 0.06887073500945906 9 214 502
1.8876159031867803 5.82165833798354 0.06283908555468098 9 214 509
2.1659501704668136 5.647878934540386 0.4339431701149825 9 214 620
2.151509874060136 5.631264113107749 0.43400221594860233 9 215 611
2.182754877526744 5.665978968967439 0.4272711074262028 9 215 629
1.9028958838495924 5.806570180160216 0.06408437096272634 9 219 511
1.896278276268422 5.789358105168487 0.059896510630853994 9 222 506
1.920941693987626 4.924772088391341 0.08785711840773591 9 433 334
1.9304461061948082 4.920580222518774 0.09453725941550983 9 436 336
1.9376070085446253 4.918914651225082 0.10511373217929054 9 437 338
2.3235712417139642 5.092237031379922 0.4530449324309421 9 439 579
2.312920390239678 5.0821030134176475 0.4499442516915567 9 440 570
2.282797182288402 5.04977056191809 0.4537225012603109 9 442 546
1.9492290307819418 4.916524930806523 0.09163307231492279 9 443 341
1.942046912831126 4.903395469311516 0.08632130282580253 9 446 335
2.3654737183372267 5.113247811099804 0.45192747248212695 9 446 607
2.298693306396787 5.053233401582522 0.4515898057845624 9 447 555
2.338801020474521 5.0875077933004125 0.4527798525042953 9 447 586
2.2682954015120713 5.024275340292658 0.4524284295700788 9 448 531
2.279955678320234 5.034365274637542 0.4524812117254229 9 448 540
2.3513625797615685 5.096585502723879 0.4517948986778627 9 448 595
2.312377602072369 5.062343315563226 0.4475447398931647 9 449 564
2.3234769340413433 5.069806810367118 0.4526480611891115 9 449 573
1.973691854113137 4.920547276327982 0.08177636413329248 9 450 350
2.2892450853389206 5.0375438244416255 0.45347677896889116 9 450 546
1.949659110367035 4.890624678708315 0.08895755787558945 9 452 334
2.392864014380404 5.12321543644603 0.4528844099904087 9 452 625
1.9735297447322504 4.905579767092221 0.08827064453554212 9 454 346
2.2493363030624147 4.990329588994202 0.45726070933358565 9 455 512
2.313890242310474 5.048276323684123 0.45246817887405766 9 455 562
2.368589717444462 5.097278431140648 0.4486479773340969 9 455 604
2.229763731293577 4.972039938988596 0.45512596412638373 9 456 496
2.261792044764016 4.999754853943948 0.45527094554018865 9 456 521
2.2900654979944597 5.024636085622836 0.4543809376715091 9 456 543
2.3366410925017083 5.06618561179099 0.4515377928634394 9 456 579
2.347775590672638 5.074574097879317 0.45464217187090017 9 456 588
1.952872812002375 4.875871372938263 0.09515308363258113 9 457 331
1.9718638750882067 4.892718525082112 0.0942199412375675 9 457 342
2.2742732373633565 5.009198485912023 0.45327924652099283 9 457 530
2.3609991259617207 5.086313015477572 0.44857652565874906 9 457 597
2.324378511080435 5.052431170522657 0.4483953772029876 9 458 568
2.304246148291207 5.031590499563976 0.45135451403264415 9 459 552
2.2657362992993386 4.991471274688422 0.4573060643868909 9 461 521
2.4060360634407894 5.116127595135107 0.44975487299242645 9 461 630
2.2207835185644322 4.950005663271143 0.4581294685529481 9 462 485
2.246169652482452 4.971972931177162 0.4582443830516423 9 462 505
2.3693843399695855 5.081830549876191 0.45060746999154533 9 462 601
2.279800714523337 4.998368685121722 0.4543044475491578 9 464 530
2.3191112899025588 5.031984159480747 0.45550882980120844 9 464 561
2.330809323289522 5.042908699959377 0.4535089098971574 9 464 570
1.993636297164433 4.892282943510893 0.08311290833368101 9 465 349
2.2347543464732986 4.956034657691779 0.45718880648529747 9 465 494
2.260205009371272 4.978856090945857 0.4552489678217797 9 465 514
2.292211852648271 5.0077498816774915 0.45231137601852556 9 465 539
2.3035678723241104 5.017177383086902 0.45339027291362877 9 465 548
2.3428538951703395 5.050773427222876 0.45459559954881046 9 465 579
2.3541337048679445 5.060134982198128 0.45567415146694823 9 465 588
2.368777008142848 5.0744028350468255 0.4516304074984714 9 465 599
1.9568442945967321 4.857241738966965 0.08360275969952546 9 466 327
2.2048236222380604 4.926238588519722 0.45604784638396034 9 467 469
2.415169764766712 5.110051296398025 0.44670747970190816 9 468 633
2.116808656795542 4.846188009679686 0.45464818053534595 9 469 398
1.9652826048080374 4.854530146752032 0.07907943780582372 9 470 329
2.2187366603778007 4.9310818564643135 0.45822528707621535 9 470 478
2.247551037194972 4.954845428119617 0.461454090528993 9 470 501
1.9833043332850748 4.865002953987471 0.08500032178796779 9 471 338
2.259998805242152 4.965824083872573 0.45533321142723215 9 471 510
2.2764730809682914 4.980467974409272 0.4543738981618758 9 471 523
2.1890699410685674 4.899999315576686 0.4612430504739995 9 472 453
2.2388392194434 4.942104797985244 0.458390539347198 9 473 492
2.309773553470425 5.005793883709518 0.45249589453018046 9 473 548
2.320893672078597 5.014647130840567 0.4546181657245596 9 473 557
2.332636894026271 5.025962740122982 0.4515634529878074 9 473 566
2.290164871827204 4.985932620540133 0.4545037977681369 9 474 532
2.3447334732036316 5.034300673566115 0.4516397744995385 9 474 575
2.3557808332049244 5.043094592348232 0.4537638274514626 9 474 584
2.3672922687757656 5.053438540696516 0.45277894412517994 9 474 593
2.2745897377478483 4.9703345947460065 0.45446013641535243 9 475 519
1.9757594986867077 4.8419673854014995 0.09048493340990582 9 476 329
2.186262350448345 4.890269086293457 0.45824573414401093 9 476 448
2.203774974317301 4.905044004228244 0.459364172620055 9 476 462
2.2162709433722387 4.9158570843475555 0.45942073767341385 9 476 472
2.3819429727129546 5.059754770371292 0.4529257890775653 9 477 603
2.425852207826673 5.099637386700324 0.4479236979329325 9 477 637
