1.0669153576133665 7.371156759022193 0.7701828332816216 9 5 400
1.1013755362531907 7.3609258678779135 0.7846108454748387 9 5 412
1.111563524369522 7.365583230978055 0.7629836419947378 9 14 415
1.0686719384325738 7.366266312382783 0.7416563674580154 9 17 398
1.1704910418312986 6.903302301972644 0.9362045678217774 9 35 356
1.1649809028422076 6.89690591372372 0.9279843231781106 9 40 351
1.1752270973746861 6.901691431635278 0.9197587631202658 9 45 357
1.1834242891432427 6.911503449233293 0.9083051230520925 9 50 363
1.1665123949470366 6.88724590747127 0.9064423080864275 9 54 348
1.1870987743988968 6.91017126785472 0.9004882209720734 9 55 364
1.1807654377190626 6.8956744598133035 0.899523457660698 9 58 357
1.1672403095778676 6.877130262159781 0.8941813890855761 9 63 345
1.1811855410116021 6.886306294179932 0.8866402788963645 9 67 354
1.5526044348570998 7.155710853831177 0.7873725833794529 9 110 577
1.5794448375562369 7.1434052107268995 0.8058083239244562 9 110 593
0.9617900631491383 7.244246522546547 0.48068845765114054 9 113 330
1.5675789558578266 7.132700772421517 0.7980074322099798 9 114 584
1.5436439726473894 7.135834104904955 0.776529870570837 9 118 568
1.55981140777331 7.124544974880898 0.7879497428278609 9 119 577
1.5863205748076878 7.1247489684559415 0.799062314819387 9 119 593
1.5778095059586124 7.112231733124042 0.793848933411099 9 123 586
1.5578456319355072 7.117043351905975 0.7774716761625651 9 125 573
1.571189586255183 7.112579949038569 0.7860534679284183 9 125 581
1.596391047836172 7.108159566407514 0.7926972620999516 9 128 595
1.5599324999041881 7.099328742066053 0.7680117283341417 9 134 570
1.5715675710231083 7.095899996673286 0.775413244282437 9 134 577
1.5864123038176816 7.098952051382169 0.7800099720947755 9 134 586
1.6000079191573362 7.093567407318871 0.7824374175300655 9 137 593
1.5720890218932038 7.088465458335497 0.7586862680490637 9 143 573
1.5852893023159247 7.087913728768699 0.7650803620330979 9 143 581
1.6022639581712323 7.084585370727392 0.767808530012587 9 146 590
1.615788104617824 7.081143309099049 0.7691314482477281 9 149 597
1.628325666862386 7.080288868794423 0.7755459011395577 9 149 605
1.5825288225043952 7.077586324336965 0.7486871883273847 9 152 575
1.6028453421278273 7.075134321754078 0.7574613803230761 9 153 587
1.5782930454642075 7.074562159525479 0.7412963459744665 9 155 571
1.6147596216692088 7.06930757917388 0.7548681173119622 9 158 592
1.6257206277350233 7.067661598076934 0.7612748289256954 9 158 599
1.5969571326852037 7.064749344752247 0.739581177610236 9 162 579
1.5887793384948652 7.0645847478728685 0.7306579738185743 9 164 573
1.6083100931780796 7.062013200510843 0.7369806486235351 9 166 584
1.1397336145071209 7.301454339742815 0.18843526869240046 9 201 382
1.7192208289515019 7.042458464324852 0.7035013317661991 9 207 633
1.1473773663109041 7.295314324020768 0.15795335212385364 9 210 382
1.1575432864548012 7.293910988532005 0.16486236078815897 9 210 385
1.1497952684753845 7.183791565964517 0.2422415480011808 9 213 370
1.179340726205642 7.291941482140581 0.16544417983033255 9 213 391
1.1896987074638878 7.289078789370357 0.17379141357794503 9 213 394
1.2167371703746088 7.292654728319947 0.1860244274071876 9 213 403
1.1513732923846174 7.292807840633298 0.139758176695441 9 215 382
1.7278002493832445 7.032688506522598 0.6924399957601344 9 216 634
1.1464666350120227 7.291669672063168 0.1287879245210113 9 217 380
1.1907264396851398 7.294915059868989 0.15134659060749867 9 217 394
1.2302719042064392 7.290359646056636 0.17359239698480655 9 218 406
1.1685874546391193 7.2878090956794965 0.1357456631418099 9 219 386
1.1488218948328885 7.290319620648216 0.11747574844390196 9 220 380
1.1885278879619499 7.287873217369662 0.1426546164127962 9 220 392
1.2234777562337773 7.28664761020583 0.16399471109211983 9 220 403
1.2510487187641657 7.2867141141493645 0.1799129060483824 9 220 412
1.116050599714328 7.184444327936888 0.18800243830320884 9 221 358
1.1683692043583809 7.1869701885079325 0.21616880596726218 9 221 375
1.182368734618421 7.28325400634205 0.12942841822436968 9 223 389
1.2211215817479997 7.283235655992008 0.14756895805176273 9 224 401
1.2548563814318134 7.283835910963258 0.166827394227955 9 224 412
1.1652915641836894 7.175740539160783 0.20718184840975384 9 225 372
1.1426085978725644 7.288620458059578 0.09191835804068993 9 225 377
1.1992034378479788 7.285169777476742 0.12835384867747135 9 225 394
1.725545837556301 7.019794053211543 0.6778210653624092 9 225 628
1.0967222921133393 7.190065235583011 0.14936542712360312 9 226 352
1.1818656219689794 7.281043560982544 0.11722285563835899 9 226 388
1.222184076375881 7.284743101266216 0.13768389322909957 9 226 401
1.1322356521463621 7.175012515655545 0.179563273538085 9 227 361
1.1720659878524957 7.285533734560014 0.09794998007913946 9 228 385
1.2756757515817174 7.286028101252786 0.15908334596561224 9 228 418
1.1706497490552836 7.175637680294982 0.1930144587377225 9 229 373
1.1422224761009618 7.287355318809179 0.073751053258716 9 229 376
1.2028034000626202 7.2825818064620265 0.11424609391454954 9 229 394
1.1030286992618357 7.179143920828134 0.1449463548830352 9 230 352
1.1545862218395444 7.282335062910729 0.08094448669299359 9 230 379
1.2456792343085659 7.280906225328951 0.13213185004725814 9 231 407
1.1400115439230354 7.178146360870903 0.1590097354522586 9 232 363
1.100188854198668 7.173394491643389 0.1348599710435896 9 233 350
1.177188686865492 7.172232482956829 0.1824422853462293 9 233 374
1.255811182514348 7.2712860538009165 0.13790193187879773 9 233 409
1.2755242621319727 7.278050186135985 0.14352328238518441 9 233 416
1.1512915032506748 7.176327740511636 0.15849373426708624 9 234 366
1.1588044191573297 7.277440325953159 0.06877242748014978 9 234 379
1.0793091958359162 7.177596794634436 0.10903388785507051 9 235 344
1.144546254799858 7.281824192779723 0.0511590865571232 9 235 375
1.2086665003772108 7.277242613228784 0.09441859296502142 9 235 394
1.2213392927768485 7.277629392807378 0.10175924687212312 9 235 398
1.2536410312758193 7.273933346080642 0.12485076094596104 9 235 408
1.1003974333575801 7.176305335090378 0.1184219198514409 9 236 350
1.2750627774176135 7.277470605557529 0.12992324379097786 9 236 415
1.1390517915330485 7.17060814843322 0.14278016586825037 9 237 361
1.173187144577593 7.280420224355747 0.06016973817896587 9 237 383
1.3759561000610656 7.2790674536800175 0.18099736522270615 9 238 449
1.3847368874535086 7.283097639303778 0.178078266851041 9 239 452
1.0829849963741038 7.166173627539258 0.09858592410017675 9 240 343
1.0863283040037224 7.174230661728769 0.09297534969485377 9 240 345
1.243237544656025 7.281178180554077 0.08800192162193277 9 240 404
1.1121061850274485 7.1696399845473415 0.10858586852686658 9 241 352
1.1344773766703355 7.171143695727881 0.12100931331626685 9 241 359
1.1776154172156645 7.1663496955032056 0.15232082369698197 9 241 372
1.1422139012401247 7.290160423610752 0.012015142817787705 9 241 374
1.0942306295179454 6.754224471192325 0.4913658933838714 9 242 273
1.0830231575627502 7.152392068917302 0.10235576343215613 9 242 341
1.207009756952532 7.278311388530632 0.058604160395980376 9 242 392
1.1270720421519451 7.167605386449241 0.11045525692072111 9 243 356
1.143826410265945 7.175027713411676 0.11375569340223723 9 243 362
1.1141203430647946 6.7596750774877155 0.49188503521850135 9 244 282
1.0702251396925602 7.137314498490717 0.09946386702905152 9 244 335
1.1020770561947042 7.1489314266174055 0.10816341968381527 9 244 346
1.1814152895568184 7.271751881789422 0.03412661315695109 9 245 383
1.2191817450785543 7.277717193733899 0.05204352955634883 9 245 395
1.0762675584783346 7.125606652590897 0.10518628487547144 9 246 335
1.1499675457410534 7.266581057465798 0.014365786200344344 9 246 373
1.222963234739548 7.272254250137261 0.044923291876178606 9 248 395
1.0864271323288481 6.7304195811384595 0.48629853517080557 9 249 264
1.0782253710110878 7.108960905267382 0.10861068441371069 9 249 333
1.2138759342843362 7.272454358913674 0.03397893531906249 9 249 392
1.2529431444815093 7.271032254556267 0.06021555344487939 9 249 404
1.1071383513160908 6.734531009224362 0.492101598440271 9 250 273
1.1779725080166168 7.171584089766205 0.10568131823526317 9 250 371
1.1576765115446155 7.251334814627956 0.013980653583500091 9 250 373
1.2397803362648572 7.275637370461785 0.042348424750267455 9 250 400
1.1230923878328065 7.1296469788156545 0.10738388624290307 9 251 349
1.1815914304333048 7.26308604542966 0.012566541172528423 9 251 381
1.362984728530619 7.276076857270086 0.11576151385346489 9 251 440
1.1381090296313068 7.142417566594105 0.09959459822425676 9 252 355
1.117163020258423 6.730993348872923 0.49205285461918336 9 253 276
1.1305470196008316 6.737999715291435 0.49367844182682064 9 253 283
1.0652393459768477 7.089346967227994 0.10088176227038637 9 253 326
1.1080702109526492 7.112663318622179 0.10519055193908344 9 253 342
1.2458765535729472 7.2737441466838835 0.03314201620326007 9 253 401
1.0852306432648686 6.7240263655080135 0.47506173931230977 9 254 262
1.1083660780748996 6.724777640641242 0.48925745369615947 9 254 271
1.1567894915515213 7.156093945415104 0.08842237228296002 9 254 362
1.1920835496555124 7.257636416749974 0.00949445014434147 9 254 383
1.2281007299291045 7.2703129151417105 0.020065870228838545 9 254 395
1.1009982146291692 7.092883122265689 0.11100574750841363 9 255 337
1.1412956053734773 6.737154045885192 0.49147305660459417 9 256 287
1.1248387096285932 7.107032224811119 0.1075151612345433 9 256 346
1.1485655912971062 7.1289261261535 0.10085168130756328 9 256 356
1.16899378622194 7.181744638303219 0.0559195798603318 9 257 368
1.1717338156224515 7.19294549349102 0.04636326146766412 9 257 370
1.0786224460282685 7.064672933948792 0.1108263621461325 9 258 326
1.0983388516818084 6.719951088693076 0.47071839532661064 9 259 266
1.0687926165023809 7.0512156086688975 0.11338115259866388 9 259 321
1.1884964143968735 7.2266074609748365 0.013067969449360728 9 259 378
1.1585356893200809 6.7338190276412835 0.49275978740733073 9 260 293
1.1182483217781094 6.717439015210541 0.47960452788999974 9 261 273
1.1112317411301444 7.075001799290067 0.10755504963215978 9 261 337
1.1517439408079932 7.102133867723651 0.10645405617430237 9 261 353
1.234478207565852 7.245529534768112 0.008681581431935426 9 262 393
1.149738516141901 6.723910144674401 0.4870512859039453 9 263 287
1.0673687481555758 7.042922032532726 0.10206649160296233 9 263 319
1.081637420372918 7.040959081666279 0.11359145844789986 9 263 323
1.1470766834392319 7.092010493215653 0.10429073126997834 9 263 350
1.1624114621179702 7.145453900154845 0.05917856331881155 9 263 361
1.1657591822534032 7.172960983223745 0.032935622048580804 9 263 365
1.192156063847787 7.213087557350921 0.008966459256662063 9 263 377
1.21964417775152 7.2312001006975155 0.008508182500514216 9 263 387
1.3458381857064226 7.252424268658133 0.07050067193050502 9 263 429
1.1066025303235385 7.05137800774685 0.11471263673983989 9 264 332
1.1321732036206686 7.082226716619491 0.09973622820781314 9 264 344
1.1624870711548936 7.1289450282674425 0.07144096864006833 9 264 359
1.1921520788141664 6.758599595616708 0.47251537274551314 9 265 312
1.1663092766855183 6.721425213175315 0.4906025257979745 9 266 293
1.1828195431179018 6.73098787472163 0.49168969007540353 9 266 302
1.1626570837902697 7.140395995370893 0.049763403014433605 9 266 360
1.1717884383095971 7.162539080372488 0.027686465497159363 9 267 365
1.0409615966920942 6.815058792474929 0.30037673824204525 9 268 269
1.0488401293333518 6.812391949315973 0.3085157453127445 9 268 271
1.1506073628089557 6.718780771622522 0.476003819414498 9 268 286
1.1980143913787322 7.1843801026338445 0.017339447720983614 9 268 375
1.0665712143157442 7.008078448265558 0.10953426947270883 9 269 313
1.1186360334992922 7.050499648228842 0.09998811311379985 9 269 335
1.1584236092860265 7.095189480576058 0.07971181233899727 9 269 353
1.1907323342037375 6.73974694147389 0.4741874232715725 9 270 307
1.1556823121248536 7.078726441677315 0.09044721612130924 9 270 350
1.1598048869029955 7.109914214542078 0.06014297402419788 9 270 355
1.094496004643164 7.012656422566719 0.11421722458814432 9 271 322
1.2012904473133545 7.170071487224881 0.01942744982953193 9 271 374
1.2363270918717406 7.193238573295323 0.01867216906964142 9 271 387
1.0130850386583128 6.818836309678809 0.2609635885025754 9 272 261
1.0282274285161046 6.81971972434518 0.2703951096066364 9 272 266
1.22696586225575 7.183625528073116 0.01741461094878316 9 272 383
1.1226549676154485 7.030303086448263 0.1051350903366739 9 273 333
1.0811879806522442 6.803803514723346 0.31573901488678446 9 274 280
1.1322965243578476 7.0311807432197835 0.10605434092564314 9 274 336
1.135939176616931 7.0375745235998295 0.1016793656697299 9 274 338
1.010496210257478 6.82198917141922 0.24314550426831105 9 275 261
1.175286790884332 6.715800827936671 0.4719968865656855 9 275 295
1.1720171000247126 7.128575280052195 0.023455875606090526 9 275 360
1.2328082480122675 7.170910077685326 0.019755654019247393 9 275 383
1.057278787986948 6.971945699993216 0.1086481683784819 9 276 304
1.1026502697984546 6.998935648431002 0.11086423915444077 9 276 322
1.1315937688104574 7.019965434965132 0.10814113844640749 9 276 334
1.1477490811638251 7.035288116427478 0.09792267908373731 9 277 341
1.1832141537962269 7.137419907711879 0.0113986919608553 9 277 364
1.2089898848438407 7.148092232906844 0.017732042890427735 9 277 373
1.0822091437893524 6.982017944770218 0.10551244666074622 9 278 313
1.1603119386638037 7.085309051492643 0.04719771176324472 9 278 351
1.1299795131721349 6.819223830786701 0.312821014775567 9 279 300
1.2239405585738266 7.145639813955709 0.020610184576119073 9 279 377
1.0969962664653734 6.802210405310363 0.30430408630302885 9 280 285
1.107299329887793 6.9851269142643115 0.1101450416390346 9 280 321
1.17549941362496 7.117684872849511 0.012171576747615598 9 280 359
1.0000071889170412 6.821971928934052 0.2099280442307827 9 281 258
1.0464505553128114 6.805959805095817 0.2604094543261619 9 281 269
1.135386645585343 6.820187049082376 0.30746946358124094 9 281 302
1.0885790128964246 6.971055064294265 0.10769758816284858 9 281 313
1.1208062527432405 6.801174439877304 0.31416162166420936 9 282 293
1.132642495498986 6.994052277705616 0.1086080270115577 9 282 330
1.1909763145018317 7.114181396654005 0.01667950428361098 9 282 363
1.0682180854035406 6.8008112281255455 0.27315101469137293 9 283 275
1.2186822629353693 7.1198145096327865 0.024944801592363675 9 283 372
1.1071729212472152 6.967961515284712 0.10997764993515435 9 284 318
1.1550678242394303 7.056512068881376 0.04518568584508853 9 284 345
1.131221868137816 6.813383529285206 0.29573745234360493 9 285 299
1.07159885079785 6.942754182917915 0.10800132745222113 9 285 303
1.1379596630147388 6.9777027090342525 0.11628188799632477 9 285 329
1.1111408940039091 6.9610627327110075 0.11097834469453849 9 286 318
1.146626553313609 7.001798753357661 0.09059764786368496 9 286 335
1.185239040383643 7.090975164343 0.01793808526301266 9 286 358
1.080798272521785 6.9329415943904165 0.11131963857225569 9 288 304
1.1668756710073864 7.064566059099853 0.02427195765442014 9 288 349
1.3244431804896286 7.182853675328747 0.004004088289199403 9 288 410
1.0979539226662451 6.79656610228679 0.27416297884179097 9 289 284
1.129493741862783 6.807227784442274 0.2848958569958937 9 289 297
1.1098724781553373 6.945908761983062 0.11284412717208059 9 289 315
1.133699527873405 6.962475129465376 0.1112653876783003 9 289 325
1.007902304396415 6.813986541842557 0.1845540183672585 9 290 259
1.04686941163473 6.79998867955526 0.22888899519490624 9 290 268
1.192553061534476 7.076864398486375 0.018603054016346432 9 290 358
1.3222387162920457 7.158187188474934 0.020049743779443352 9 290 407
1.0789261723735284 6.793583290771548 0.25526842379334425 9 291 277
1.106530748761034 6.797179632449274 0.271293193844085 9 291 287
1.1692910086746846 7.053833780157719 0.022855733131633027 9 291 348
1.2174679660545453 7.08999899064044 0.016556729739146236 9 291 367
1.2253034203638045 7.095225644682559 0.01628345277962362 9 291 370
1.1157927466250082 6.935695566378408 0.11446387366219435 9 292 315
1.1366651463532724 6.952166141771319 0.10597101699846223 9 293 324
1.206816865546474 7.0777926960830735 0.012425581012595277 9 293 362
1.1843008283822813 7.052502006142192 0.01993305929611844 9 294 352
1.1447759350644655 6.963489166900789 0.08908155288616215 9 295 328
1.1529823821117187 7.010553554214778 0.04039253867456383 9 295 337
1.1294773452276614 6.803670523661848 0.25944652536588286 9 296 296
1.219378096676973 7.0647881047670795 0.021237769742633583 9 296 364
1.0878783257550935 6.90512412994035 0.10526122206227062 9 297 301
1.0977442533037802 6.910838424520328 0.1059108714206598 9 297 305
1.12179985888028 6.920015288483969 0.11306960094258645 9 297 314
1.105707899355847 6.794344351092414 0.2440640732578605 9 298 286
1.1624497784271184 7.014318075574252 0.027669114729754973 9 298 340
1.16853542576494 7.023266316887522 0.021689208943432625 9 298 343
1.1909610070636432 7.040322717852691 0.01838038567875766 9 298 352
0.9849657914738638 6.8155527139047125 0.12414453679292214 9 299 253
0.9974632932729119 6.812644771893443 0.13694889616585604 9 299 256
1.0050239553064988 6.811612422590524 0.14383686221330438 9 299 258
1.025722820239242 6.810748985348618 0.16037627211959093 9 299 264
1.0654049863414765 6.795176190334866 0.20851875206392667 9 299 273
1.2152667510115656 7.044994871391514 0.02588499786020182 9 299 360
1.0901994737923926 6.795124136967972 0.22276446424516538 9 300 281
1.1957172090844415 7.0303706218959015 0.023326055828813308 9 300 352
1.1282689096658438 6.909216012775507 0.11134798606786789 9 301 314
1.1318069075425312 6.806013635314329 0.23240500258848806 9 302 297
1.1480083206391405 6.961876442376006 0.05856646693350909 9 302 328
1.223705876700867 7.034612712499809 0.029051323183390876 9 302 361
1.0890716434283616 6.893015334429646 0.09124611476742728 9 303 299
1.1530853630499966 6.987747809454584 0.026360034742922478 9 303 333
1.1183857463836704 6.793804911620835 0.22802270141145797 9 304 290
1.139319966097836 6.907605346991996 0.1070885005690092 9 304 317
1.1408704920040418 6.9238884977621815 0.08868276757321825 9 304 320
1.1736185211671497 6.993693669638732 0.02968286403349296 9 304 340
1.1545178652284431 6.500832187556083 0.6049955366330052 9 305 222
0.9802840208280663 6.8063724024358585 0.10274564825966981 9 305 250
1.100636978520624 6.878976548500058 0.10229657649897383 9 306 300
1.1120446406751319 6.881588306918983 0.10789013085351784 9 306 304
1.146754858402069 6.954404273605722 0.041171604139739415 9 307 326
1.171878019533343 6.985565785558745 0.022619738733054673 9 307 338
1.0123821622864184 6.804412417258422 0.11529510747647032 9 308 259
1.027323506568215 6.8024598296847545 0.12922984951344518 9 308 263
1.0650478000569736 6.7905012777534814 0.17299478062881435 9 308 272
1.1184543680636065 6.794254884862963 0.20969807385247297 9 308 290
1.1459998975806651 6.9427905953778355 0.04962607773752059 9 308 324
1.1644833313819904 6.488634962759117 0.6154595048136013 9 309 222
1.0932503181788955 6.790646249235716 0.1900603130302727 9 309 281
1.1528517869547539 6.964062145088451 0.02375596791155954 9 309 329
1.1976707913082831 6.99531233133267 0.02022227446664271 9 309 347
1.220823784155178 7.0093837827634635 0.02093629224693183 9 309 356
1.1188000081143064 6.8704858234117445 0.10714962409137052 9 310 304
1.1356003387643236 6.8066873135160595 0.19414776982861248 9 311 298
1.3102016415740656 7.07439067355737 -4.0163393298264793e-05 9 311 391
1.1351700839036338 6.88234925849889 0.0954507560579283 9 312 311
1.0282225268370881 6.795683838892197 0.11420709469348744 9 313 262
1.1225079222532512 6.858813597765348 0.1098159592619421 9 313 303
0.9688491324359056 6.790948416565184 0.06840382735472517 9 314 244
0.9999464634832954 6.791958611078248 0.09168156865320665 9 314 253
1.1119009794906662 6.79075898124613 0.1815239958014656 9 314 287
1.0115218094931984 6.789913714473528 0.09353636670583221 9 316 256
1.1451777775696372 6.922652034374522 0.032729932846482956 9 316 320
1.043878841489866 6.791955350042052 0.11180571912659976 9 317 266
1.196128132198428 6.4961545814015755 0.6036878093913634 9 318 240
0.9993795529212949 6.791660640604675 0.0716832319706251 9 318 253
1.0769074569255705 6.786677424927275 0.14002687255942425 9 318 275
1.0347711154328765 6.784337031718368 0.06938775030776023 9 326 262
1.064818779423251 6.7847252234182465 0.08858827163085037 9 327 271
1.0963724506193713 6.781500682681596 0.09902075005449085 9 331 280
1.0562073313734923 6.781773845415421 0.04432812646276796 9 335 268
1.0987965412629135 6.777813614235753 0.08583821119315305 9 335 280
1.1196302951193586 6.776519612343069 0.043362725120583256 9 347 286
1.5678358677650341 6.493174444795416 0.6118735354376408 9 426 439
1.4396327240096654 6.382924645461189 0.6216701697899218 9 441 331
1.4502761175753607 6.391867718149845 0.6165687119140706 9 441 340
1.461306846790242 6.402606638132531 0.6007412898821148 9 443 349
1.409496253473758 6.356403495584115 0.6205282205150427 9 446 304
1.4224694955169084 6.360044717074814 0.6223246148936247 9 448 313
1.4322660486352228 6.363662282730004 0.6200151676093538 9 450 320
1.4435476133524827 6.370196507089485 0.6207580335227743 9 450 329
1.453498070972233 6.380904918006376 0.6106582990026674 9 450 338
1.411923340139958 6.34428100749506 0.6166785632084847 9 455 301
1.4245001782238351 6.3486262957538155 0.6165207003612343 9 457 310
1.3992907150388687 6.331964075355893 0.6119025706992066 9 459 289
1.4373334747976996 6.352254098622776 0.6183611526230024 9 459 319
1.4480018566097899 6.360177318448308 0.6151100908955385 9 459 328
1.31013420191458 6.2847879395830955 0.5762438474768907 9 464 221
1.4141606180347734 6.332612322510088 0.6119287717073892 9 464 298
1.427487493093743 6.33823308770568 0.6138160436633218 9 465 308
1.4051358967588774 6.322831617637739 0.6064102748205259 9 468 289
1.4405410773873804 6.341648057214824 0.6127378433348193 9 468 317
1.450803540882929 6.350549633373909 0.6064202104396192 9 468 326
1.3263638968540017 6.285224001233519 0.5782355963246772 9 469 230
1.293424415312947 6.272418196373534 0.5570324380801861 9 470 208
1.3093014941023022 6.274377190565543 0.5630280738890402 9 473 217
1.4199291711218134 6.32351210750969 0.6064918726041 9 473 298
1.4318100862856433 6.3287404507992235 0.6073026098332704 9 474 307
1.2328004235442864 6.265384634770876 0.4632738015844562 9 475 181
1.4441094169661175 6.333388109085501 0.6061593745864146 9 476 316
