3.971002248952619 3.3262023600686335 1.5235270850334706 9 5 319
3.982699372758063 3.310109331146819 1.5223554389957115 9 5 324
3.9737404307830837 3.290892669092373 1.5228301763202985 9 5 332
3.977735884497986 3.2656056729531486 1.5221648039469828 9 5 341
3.956343003339854 3.2499744064419973 1.523703817922362 9 5 349
3.945391146810448 3.2316924524656914 1.5243539619272453 9 5 357
3.9533496033800932 3.218515635767608 1.523526954541265 9 5 361
4.096355967062774 3.895576213040854 1.5185377062966632 9 6 92
4.091639490553222 3.8755793380031496 1.518655249407875 9 6 100
4.098301401715824 3.8616283583134097 1.5179093858688035 9 6 106
3.971222315476118 3.758868279788234 1.5270681051757429 9 6 145
3.987385902970993 3.7383176284619637 1.5254411763101694 9 6 154
3.9967500218504752 3.7170691919211905 1.5243702577092222 9 6 163
3.9883098460773567 3.695350160001279 1.5247738835845652 9 6 172
3.9876815906131027 3.6833096410292447 1.5246606891022307 9 6 177
3.9832012608359073 3.673690825859394 1.5249011987534111 9 6 181
3.987541305710238 3.663960609321954 1.5244064740891596 9 6 185
3.9900982444666138 3.641982251295888 1.5238917656177968 9 6 194
3.9838483710877126 3.6201727968728323 1.5241119534594711 9 6 203
3.9869670142216265 3.6052640921303776 1.5236476683320894 9 6 209
3.9916584775263226 3.5876469692613444 1.5230153339430414 9 6 216
3.9864565519227853 3.565591891484806 1.5231449753222563 9 6 225
3.981254626319248 3.5435368137082675 1.523274616701471 9 6 234
3.9792885569574254 3.521135540321089 1.523130333245563 9 6 243
3.980699026465317 3.5083619422437704 1.5228374783126228 9 6 248
3.975471970895975 3.486200318662355 1.522967745975963 9 6 257
3.9723837612532713 3.463730107905507 1.5229158579937219 9 6 266
3.9831373383835063 3.4389952780942337 1.5216814521609927 9 6 275
3.988471809320108 3.414727526189536 1.5209042411177203 9 6 284
3.9852651293495116 3.3917550259931577 1.5208553056299734 9 6 293
3.978200728898877 3.3852458410728765 1.5213534964429791 9 6 296
3.972082493349413 3.37337135060322 1.5216992553751956 9 6 301
3.9772988931046047 3.348603001556687 1.520924986878966 9 6 310
3.970971589396656 3.8375360726495353 1.5259557603623852 9 7 111
3.9705321291527493 3.8169328450179374 1.525702769846705 9 7 120
3.9655707343835243 3.795897567727359 1.5258264167631996 9 7 129
3.9672997747383376 3.7844877710898386 1.5255193754307081 9 7 134
3.982139717646498 3.5060245196553277 1.5156427792614902 9 9 249
3.9702912061256947 3.764649775882583 1.5182524611083545 9 10 143
4.080212225363013 3.867986506267478 1.4981129419386314 9 15 104
3.9671388206420604 3.104459867365308 1.496144569964268 9 15 400
3.982577401954612 3.328776260279624 1.4959985192117462 9 16 317
3.978031749341663 3.356517307930105 1.4944954238202723 9 17 307
3.970601980621927 3.28315928296377 1.4939463298449902 9 17 335
3.953103177769287 3.222920652119086 1.4946271872610075 9 17 359
3.978857981958699 3.738289234609159 1.4849638779779317 9 24 156
3.9836090920840377 3.71679114874463 1.4840129468875307 9 24 165
3.9664823350356966 3.8386428634637704 1.4860611543416538 9 25 113
3.9703711863904987 3.8088960844006143 1.485023606517602 9 25 126
4.092193259057036 3.863567637884094 1.470142796150781 9 26 108
3.968039687165905 3.7580432423335233 1.4773362180826037 9 28 148
4.089936133351628 3.869425759843661 1.463165849845304 9 29 106
3.965417276051179 3.7794217884457257 1.4757978159819567 9 29 139
3.9820021767149307 3.7258878500714285 1.4679928128206516 9 31 162
3.965123403681367 3.8432234709884305 1.4703712929616966 9 32 112
3.966752284623 3.822532254583721 1.4697008028325322 9 32 121
3.9734948806112693 3.7502095741322057 1.4648938888666583 9 33 152
3.978594960499115 3.716679791802403 1.4634882895280483 9 33 166
4.089734796981816 3.871321863722254 1.4509083640800742 9 34 106
3.9590367915372577 3.808606345289761 1.465732451096037 9 34 127
3.957360256482088 3.8014981869163096 1.46577423337695 9 34 130
3.962725831596073 3.7737280021307984 1.4644514062371519 9 34 142
4.087304868492048 3.8937149461395775 1.4492746962184633 9 35 97
4.087234208747848 3.8618677945224524 1.4460438471690749 9 36 110
3.968006858494125 3.8332956350234486 1.4605821991283854 9 36 117
3.968598488407409 3.7538456946233523 1.4538944474769757 9 38 151
3.9623326508551937 3.7873319979941793 1.4508940843603888 9 40 137
3.95943962554909 3.7662014152088648 1.4484019851243985 9 41 146
4.081923113059054 3.8779890447440355 1.419754186805451 9 47 105
3.951202933375875 3.83316162527413 1.4373904364202683 9 47 118
3.9544594593000344 3.824496798881338 1.4343427812501515 9 48 122
3.9558332708313997 3.7894181854747706 1.433139085497842 9 48 137
4.081565126404259 3.8745197458878993 1.4096437883537827 9 51 107
3.959533834294025 3.84232598483092 1.4270892013605914 9 51 115
3.9561544376343596 3.8279980490149974 1.427173422027564 9 51 121
3.9781016391380533 3.721530883291106 1.4207032491183387 9 51 166
4.074526861288017 3.881594381882355 1.4084030970940127 9 52 104
4.08723162468112 3.8629623113957328 1.4059076172809264 9 52 112
3.9431528523130224 3.7689534541726393 1.4226793159746942 9 53 146
3.9712464575685353 3.734123512109478 1.4172960778429737 9 53 161
3.9672157889945745 3.8441466604990744 1.418897391973896 9 54 115
3.9579891079949823 3.7914551596369046 1.4187094580001267 9 54 137
3.9580782307078866 3.801584498052538 1.4142617693434831 9 56 133
3.9517084168101597 3.7655425850126916 1.4141356685725976 9 56 148
3.9677334497509156 3.756689666792617 1.4113152063577297 9 56 152
4.062547670832987 3.8747278950600834 1.39748535369312 9 57 107
3.9601510114452827 3.797956837503166 1.4066593235827631 9 59 135
4.048566891818218 3.893983828681744 1.3928583860848227 9 60 99
4.003701447860748 3.852386414276609 1.3988821811357273 9 60 114
3.9523168524611973 3.8236823778907696 1.4064063463862833 9 60 124
3.9678853474112485 3.7460349702200566 1.3988478353618046 9 61 157
4.046191943396879 3.8677954448964194 1.384853125400785 9 63 110
3.9534802668690454 3.789259345887546 1.3978971996882867 9 63 139
3.9563514940119617 3.7654850414662615 1.396598952596737 9 63 149
4.046580859565141 4.018261486394989 1.3874588310066645 9 64 48
3.9861235613734136 3.8472455001053962 1.3919085473510902 9 64 116
4.051674425654916 3.9013115804292653 1.3800339325798807 9 65 97
4.052079974000422 4.020817228328198 1.3791710812727502 9 67 48
3.9516895222973707 3.82365085373776 1.3898113331608852 9 67 125
3.952756694388249 3.7887314201070317 1.3835464996452576 9 69 140
3.9577849349796432 3.7697940370708527 1.3819569415543933 9 69 148
3.974296908139773 3.6564113932865077 1.3748749396583002 9 69 194
4.040533168788883 3.879753869327756 1.3686051941607356 9 70 106
3.967061530734149 3.7559688617081024 1.377334948537849 9 70 154
4.045557960849555 3.9999815569291273 1.3696207979027286 9 71 57
3.952561883998417 3.8156036892969007 1.379731720806011 9 71 129
3.9768431365344084 3.7443737843546776 1.3726598145793725 9 71 159
4.056371489076609 4.02411696590786 1.3660385483269455 9 72 48
4.032771207011802 3.8577931918095554 1.3616058751260445 9 73 115
4.0453999670951415 3.9164756955720383 1.358948304189072 9 74 92
4.047827930141988 3.904490687537147 1.3580353257756883 9 74 97
3.965742255828618 3.841636916979367 1.370992666829991 9 74 119
3.9712446862424744 3.677821508946284 1.3636947788722305 9 74 186
4.06380640283919 4.01746368977511 1.3568349495366723 9 75 52
4.041262654924294 3.881811599465117 1.355848305798586 9 75 106
3.9475966447874873 3.814164556332034 1.3709146142929942 9 75 130
3.95157441063077 3.769198018177708 1.3659760669530463 9 76 149
3.985833812708267 3.9732226688737264 1.3625490931122983 9 78 65
4.044739937081501 3.880928161567856 1.347472581727235 9 78 107
3.9498059982351332 3.793819820834923 1.3623865854358457 9 78 139
4.062859202158903 3.918543268742022 1.342876530634624 9 79 93
3.9554613961494263 3.760592665893592 1.3574987189737275 9 79 153
4.042466292103729 3.8868291574851996 1.3404445731012093 9 81 105
3.9811523520956458 3.6667579351343167 1.3436053528590155 9 81 191
4.040432989465881 3.8745318626574896 1.3377677490515265 9 82 110
4.056027614966745 3.9192871225837296 1.3339072462534896 9 83 93
4.039599673436113 3.867335946455108 1.3350547799961476 9 83 113
4.013044217710506 3.8520966682955216 1.3397762926660362 9 83 118
3.9555792304693256 3.834656182506289 1.3481795631962028 9 84 123
3.9661310069778724 3.737901980125753 1.3419616335509703 9 84 163
3.944473229237935 3.7836804031759157 1.3458255558408956 9 85 144
3.956129368343543 3.8165406617986863 1.3398732073938084 9 87 131
3.9548750219222972 3.763302633704918 1.3353285296972666 9 88 153
3.9643776356215286 3.752008512981552 1.3277820095932482 9 90 158
4.035307286372488 3.8774956358711234 1.3156283454700362 9 91 110
4.0420383262040565 3.8585074574662723 1.3107052791783536 9 92 118
3.9481163445357854 3.808617205101779 1.3237937520625114 9 94 135
3.948369179112801 3.796526921877807 1.3231823759410346 9 94 140
3.9494233218961226 3.774671769031345 1.3219459547448538 9 94 149
4.038242639091507 3.884454310029853 1.3048458025438665 9 95 108
4.030372023280338 3.85630928190498 1.3026601177765658 9 96 119
3.948044574922605 3.835798475639799 1.3200725936756643 9 96 124
3.9565274554304475 3.75348968620273 1.3143313280573081 9 96 158
3.9482703389887988 3.7804443631336326 1.3149129551099459 9 97 147
3.943761869835537 3.8144557529768948 1.3150258358134927 9 98 133
3.9939627518050345 3.848724002127138 1.3027066723376608 9 99 121
3.956699897446524 3.751920907006633 1.3065681678071264 9 99 159
3.945607577204699 3.78856941759902 1.308330291385639 9 100 144
3.9443695722047307 3.827604323073126 1.3079895122737835 9 101 128
3.9516343954465114 3.7674668507793116 1.3008256428486402 9 102 153
4.036167270647271 3.887852398608072 1.2817227012417347 9 104 108
4.050804898737606 4.024760591314325 1.2824651442412491 9 105 54
4.0305330490529725 3.8648666357230095 1.2792499445236032 9 105 117
4.060546152736981 4.054741700443453 1.2763738237137057 9 107 43
3.968356799440432 3.847011444115569 1.285458829012824 9 108 122
3.9532667727337385 3.7569963167316494 1.2844937510909311 9 108 158
3.950011194452421 3.808992668505618 1.2854035348914918 9 109 137
4.053939536969348 4.059705307921306 1.2703136106456556 9 110 41
4.056190001818031 4.0259204448522175 1.2679910543904223 9 110 55
4.037529694992656 3.890480266091301 1.265509685738172 9 110 108
4.024904062535871 3.8586134041433793 1.2669575746009971 9 110 120
3.9388481436711333 3.7840413379645153 1.284287618176351 9 110 147
3.9432069705534434 3.777250067346665 1.280287033275278 9 111 150
4.056648168700084 4.034923346526249 1.2603574459743319 9 113 52
4.029779799182116 3.8907500590930155 1.2594077467263385 9 113 108
3.948830966250502 3.8371432342284764 1.2769240351048832 9 113 126
4.055473148178574 4.01790724205053 1.257065533935155 9 114 59
4.028240712991215 3.880852655658065 1.256579783855321 9 114 112
4.033632866809589 3.8797625842369623 1.2497500041663265 9 116 113
3.9437305947967625 3.8356649343157576 1.2678669652532266 9 117 127
3.9528392965642665 3.762257900640585 1.2614632393127432 9 117 157
4.058417441579115 4.0428021376832515 1.2469304188483858 9 118 50
4.0585532598330865 4.030462084524071 1.246209651646964 9 118 55
3.9445658700395945 3.8141061349412992 1.263876230424736 9 118 136
4.036558511667204 3.873651906642243 1.2405031509463114 9 119 116
4.027209146969847 3.8598238123808035 1.2421802776722237 9 119 121
3.936988910512335 3.792102416044895 1.2594511344888932 9 120 145
4.0639109304177765 4.060405514947532 1.238377508050497 9 121 44
4.0488420294187994 4.028516270603403 1.2351740917652403 9 123 56
3.9359254010258793 3.785621937058586 1.2515690317770216 9 123 148
3.941939827901331 3.8383957877481834 1.2477929300649786 9 125 127
3.927982143270942 3.788556209532828 1.2460854030974777 9 126 147
3.9390173554616297 3.7668972488670827 1.2417847389012453 9 126 156
4.049809994630143 4.057944418425606 1.2258071733408051 9 127 45
3.9323058051605 3.816219388147796 1.243925421543735 9 127 136
4.025817420180601 3.876058397013381 1.2189131749690552 9 128 116
4.016924179829463 3.8597081567376685 1.2204084289378363 9 128 122
4.052975386157991 4.034938829618492 1.2181142898394774 9 129 55
4.050327473077358 4.019444401259022 1.217923984910388 9 129 61
3.94683629103966 3.845256666984585 1.2363927724826547 9 129 125
3.9334031264001386 3.8096409883655884 1.238008968621208 9 129 139
3.940965926472008 3.765756248066669 1.2306098057312933 9 130 157
4.050315927078236 4.012952544752613 1.2120543711325107 9 131 64
4.040407657765554 4.048632303174631 1.2143152765929208 9 132 49
4.0326206144993595 3.883638444736796 1.2064194808366964 9 132 114
3.9315539031898843 3.7957261629442676 1.2298153104164622 9 132 145
3.9404976466376658 3.838733642528422 1.227272973924265 9 133 128
4.05162667629666 4.047202603765915 1.2055467891039222 9 134 51
3.9355605382458085 3.794871577880579 1.218032850207014 9 136 146
4.050855235164774 4.038640888420519 1.1969690736229566 9 137 55
3.9478008060087877 3.8434060191826815 1.2148568024112374 9 137 127
3.940723148711888 3.8303595504299337 1.21610825754588 9 137 132
4.009535370932096 3.8602997701150192 1.1950326604009933 9 138 123
3.9362508410530346 3.808035658044239 1.2133486852687432 9 138 141
3.9362302604064325 3.783433295100519 1.2091125527758286 9 139 151
4.029175712476046 3.8865459599101038 1.1853108860472457 9 140 114
3.9335484505777982 3.7738951891614145 1.2039405937904744 9 141 155
3.933096592819683 3.8066907937191528 1.2035402566594189 9 142 142
4.025327954611016 3.8821587371632615 1.1777678865913124 9 143 116
4.024829992382178 3.864351518510136 1.1739267473831605 9 144 123
3.9354945472689398 3.833150513910015 1.1938513142116691 9 146 132
4.053926556289172 4.079631643133587 1.1709312617102503 9 147 41
4.055634012341087 4.0700464456987735 1.1697512481022878 9 147 45
3.9396471264002164 3.826442846683241 1.1894191166966137 9 147 135
3.9693102223782963 3.8522956419516596 1.1791827823170853 9 148 126
3.9283745681483913 3.794108212496961 1.1826528128322082 9 150 148
3.924366744791004 3.781311852524224 1.1830417483402003 9 150 153
4.068301673373399 3.949459709153209 1.1432063617864174 9 152 94
4.028079248166274 3.8836482931530774 1.1515127561013685 9 152 117
3.931686944223182 3.7849462226298183 1.1755348246613364 9 152 152
3.939584213590265 3.8110531256207336 1.1720953242412258 9 153 142
3.9322615049819336 3.8415053281090086 1.1684614706055827 9 156 130
3.92570058596829 3.818841288109154 1.1662759017641855 9 157 139
4.029182800648383 4.030486294447085 1.1417233511002074 9 159 61
4.042267281374737 4.018582149836632 1.11927083077302 9 165 68
4.038891491113999 4.031680294582218 1.11566636222098 9 167 63
3.942617255659368 3.9689224154073486 1.1389400889325736 9 169 81
4.03691732521229 4.033909684817149 1.1020761960298706 9 172 63
4.0382220127833435 4.0419709090368405 1.08767962030449 9 177 61
4.035123705926099 4.046717974448338 1.0597882535487826 9 187 61
3.9638952614154053 2.2093404874351 0.9160191466518919 9 191 634
4.0406486737431955 4.094933627133242 1.0439454222416877 9 193 44
3.9586119888154143 2.218162987849034 0.9041188647709614 9 195 632
3.9462899283055486 2.2521330384018383 0.9047558151217283 9 197 626
4.034281892137025 4.096840692076396 1.0287269639330845 9 199 44
3.963507975633477 2.2233742182871405 0.880259230796438 9 201 628
3.962100746062946 2.2379270190997786 0.8709401017747189 9 204 624
3.9628580222831715 2.2245258513776363 0.8542743499622806 9 208 626
3.966551936120658 2.2020656590265753 0.842937665625136 9 210 630
3.9556242086860443 2.191648979742784 0.8466536858081244 9 210 635
3.9526383348580008 2.2036425594887294 0.8376909878912812 9 213 632
3.9578402678452234 2.1848633913436792 0.8297549954081895 9 214 635
4.034034603556785 4.080350325994884 0.9785259943255564 9 215 54
3.9567052708561836 2.226713640472796 0.8305289325798814 9 215 625
3.9468337019948123 2.2451747188319233 0.8252969457225436 9 218 622
3.9502944706045087 2.2043643445484866 0.8196792217542062 9 218 631
4.036877830575664 4.106808067039772 0.967485590573511 9 219 45
4.023204524934525 4.070248871829687 0.9668721129029237 9 220 58
3.9435063361612572 2.2200257709161013 0.8127993413843864 9 221 628
3.930876583087927 2.267065390273217 0.8156982072586791 9 223 619
3.9432289577304487 2.200086834329873 0.7993418860098952 9 224 632
4.014656379824521 4.073692309173923 0.9555985072669592 9 225 57
3.947277953679021 2.2202366948137664 0.7956794791816475 9 225 626
3.947030809632585 2.2024995200315813 0.7900830458167469 9 226 630
3.958371096187599 2.197680483251668 0.7764856111757712 9 228 628
3.9465189043561297 2.2290168932119485 0.7814210113230075 9 229 623
3.938372123007241 2.1905510532462857 0.7812118086543066 9 229 634
3.9451416400916814 2.1930975923647864 0.7665452472503542 9 232 631
3.955568137190503 2.1848276207796173 0.7527770695317374 9 234 630
3.944079771840981 2.2360363253453936 0.7559532626566122 9 236 620
3.958718757055942 2.164037894803024 0.7330374012256882 9 238 633
3.9396416197628117 2.2536832740257853 0.7482479608472148 9 239 616
3.9417102087494076 2.2391059486432736 0.7456292108188644 9 239 619
3.955435944024943 2.1993019731597627 0.7305138415618301 9 240 625
3.9679727140616845 2.1468726054518585 0.7144818678059055 9 241 634
3.9647244378929214 2.1855886273281104 0.708249430523715 9 244 625
3.9563761336478325 2.153460510326357 0.7047665246217265 9 245 634
3.9667224507194927 2.1812635477286104 0.6986206360033607 9 246 625
3.942974369333666 2.2500204670687367 0.7144420624118842 9 247 614
3.957474320547929 2.1486548149803135 0.6914378938212767 9 248 634
3.9441423332938266 2.23815173483796 0.7044669555490104 9 249 616
3.9554906136040966 2.169994978144974 0.6867317754546531 9 250 629
3.9463425276596826 2.2423196105786305 0.6957559624565407 9 251 614
3.941889837032223 2.2080396168050216 0.6940805243027587 9 251 623
3.9444938886057943 2.2332318692087973 0.6875642388707435 9 253 616
3.9373732883943706 2.2248670137479825 0.6821959920323314 9 255 619
3.942574459403626 2.1548428572414955 0.6711987167281933 9 255 634
3.7430581664416174 3.6312734996542213 0.9473565260847056 9 256 223
3.7326469184725894 3.621629588203586 0.9517053876940542 9 256 227
3.718230192890716 3.5923669141784864 0.9529523992278944 9 257 239
3.7309803629487246 3.332391998842647 0.9152475687559728 9 257 336
3.940140068083743 2.1927584146935004 0.6646818410862558 9 258 625
3.716777397900215 3.3554288574837803 0.9194820259142494 9 259 329
3.9405387850128486 2.1518792355085807 0.6554550353875264 9 259 634
3.7233115923693125 3.6404584091030996 0.9473288525462041 9 260 220
3.722206967853129 3.6128584423624197 0.9445926468867275 9 260 231
3.9327516776894735 2.240617177015758 0.6661983003660035 9 260 615
3.928540120548572 2.2189419265578754 0.665842674098698 9 260 621
3.7142959311678982 3.6034371720539156 0.9448030924098889 9 261 235
3.7231577417128614 3.5875858638948244 0.9381117612528879 9 261 241
3.7202019661954004 3.5750539932192305 0.9381854245160596 9 261 246
3.8675469938098264 2.528365574474985 0.7320789024046198 9 261 558
3.717165281575862 3.529124271844691 0.9313120765266586 9 262 264
3.7195499892440527 3.346264454621713 0.9047298502320877 9 263 332
3.7389767080311627 3.6280042341948118 0.9256471334348172 9 264 225
3.7223320386279806 3.565045652522891 0.9269956536593146 9 264 250
3.7231005930948013 3.5416642488385706 0.9237085045410067 9 264 259
3.9350355835142823 2.1948502299597665 0.6429801628242819 9 264 624
3.9323941312686816 2.1494002247023625 0.6388443478771002 9 264 635
3.7235933112492328 3.651541068659568 0.9340069523113762 9 265 216
3.730138831917355 3.6412697747788205 0.929159647308177 9 265 220
3.7201010711723126 3.613920758605055 0.9312834556188451 9 265 231
3.7088577112728047 3.459786955652709 0.918447948617112 9 265 291
3.876767957388924 2.521494350905935 0.7109697607599287 9 265 557
3.930876860084832 2.245199227446036 0.6473216240344779 9 265 613
3.7237315048776614 3.3000654343275744 0.8875310303351743 9 266 348
3.711672306682419 3.519973683211513 0.9183981410524025 9 267 268
3.723246532534333 3.345114145487181 0.8902889439596943 9 267 332
3.728150285237683 3.3241548985365457 0.8849797985548297 9 267 339
3.9220129281064766 2.2255921764826168 0.6415501668926007 9 267 619
3.922444078436994 2.212238543719529 0.6396532943150386 9 267 622
3.86702288207975 2.5228328985667687 0.7049777984791861 9 268 558
3.9449709687687937 2.140414111186608 0.614092771903402 9 268 633
3.7164469002796294 3.6072765665603828 0.9207351649026498 9 269 234
3.722815959539589 3.581239728006499 0.9139312592886895 9 269 244
3.704876875939777 3.4976041857887643 0.9134289741222161 9 269 277
3.7059373192141383 3.4869459958509292 0.9115039400829853 9 269 281
3.708461757309329 3.3764137480651946 0.8962520097526322 9 269 322
3.928071750013831 2.2389323033040522 0.6316158348224556 9 269 614
3.706766148879241 3.398617235410776 0.893903883565013 9 271 314
3.8578771589377743 2.4925532503203054 0.6947270279938398 9 271 567
3.9322395282175835 2.206532963494979 0.6169071888826427 9 271 620
3.9419970976517207 2.1306686059371325 0.6018529675147495 9 271 635
3.7433703221967143 3.6346028701388198 0.9001965380056574 9 272 223
3.7165828533232004 3.5172510759384013 0.900384770680762 9 272 269
3.7084827500658633 3.4602380956530263 0.8977105976453157 9 272 291
3.7280073106938447 3.323874202671994 0.869422478251679 9 272 339
3.94350195261149 2.1367660908641386 0.5975405821578685 9 272 633
3.718741891592577 3.569313884722661 0.9027877289201047 9 273 249
3.716835890426988 3.546133334536362 0.9009116673424854 9 273 258
3.7043756896561533 3.3800570605916 0.8867953068004578 9 273 321
3.86253121870507 2.51043386040471 0.6866478237296856 9 273 561
3.9281304996284283 2.260072185921926 0.6176874787201829 9 273 608
3.72051716718111 3.653624951968776 0.9095735876403757 9 274 216
3.733059447895846 3.6200570281910274 0.8981645075635001 9 274 229
3.7116164947218664 3.4084550494892087 0.8832602606955435 9 274 310
3.720152392377509 3.608153785990927 0.9009834952447353 9 275 234
3.719579433586744 3.300510084899492 0.8617924554695144 9 275 348
3.7086934384803953 3.508205356804752 0.8916581946022305 9 276 273
3.7106363402801588 3.3507977142676513 0.8702444036075783 9 276 331
3.720268287677184 3.3201064226442485 0.8607783829637891 9 276 341
3.8571721128165297 2.492567469147787 0.6757609889709641 9 276 566
3.931774630160571 2.2140503451477205 0.597180712077436 9 276 617
3.7089160657437175 3.3789009324953847 0.8717651022251794 9 277 321
3.565990901584621 2.776689061847182 0.8758141561766856 9 277 552
3.7018276381249517 3.485650419962464 0.886639307027329 9 278 282
3.7037109135601423 3.437267919001573 0.8792619408997442 9 278 300
3.7124301925980068 3.4028371242689075 0.8697593925301217 9 278 312
3.7247108206481374 3.315865429262859 0.8513716177143128 9 278 342
3.633050365205316 2.8069943206590535 0.838017719554411 9 278 526
3.6176340799256765 2.805515223639731 0.8467097319396855 9 278 530
3.9375049792589296 2.166300323050182 0.5792404399933384 9 278 626
3.9439971180193325 2.137457991741214 0.5717481544123229 9 278 631
3.717777835575129 3.6522954402154997 0.8961459820608345 9 279 217
3.92224277176254 2.2327575975501053 0.5924846334317311 9 279 614
3.720539452530564 3.609063059007707 0.885894948761545 9 280 234
3.717033118286534 3.567939787414957 0.8825395806399756 9 280 250
3.7207456873915072 3.645046415518502 0.8874986009552248 9 281 220
3.7236240538853407 3.593541856003391 0.879039505858636 9 281 240
3.7182251015862606 3.5444186773043467 0.8757204451804887 9 281 259
3.712532368150062 3.524029957131403 0.876355657956964 9 281 267
3.699735624593848 3.4622794306465456 0.8756878379390561 9 281 291
3.7121162049239023 3.383606313480875 0.8581111711146144 9 281 319
3.848614179960774 2.542007235515889 0.667720166919072 9 281 554
3.8541555542355073 2.490550091584568 0.6577145096757493 9 281 566
3.940641802849106 2.1189658937539178 0.5583641611770433 9 281 635
3.7196484241889274 3.570613276119426 0.8753015715111664 9 282 249
3.7131341830807774 3.408205513128065 0.8576462460636983 9 282 310
3.7024572045531707 3.355449190558446 0.8569224780872976 9 282 330
3.6301056977416812 2.835278781645282 0.8305143432940401 9 282 517
3.565133272183421 2.795689345977618 0.8633144701327079 9 282 545
3.563800101473076 2.7750602058775926 0.8613679210315686 9 282 552
3.708650757532232 3.51419281850255 0.8712328210795166 9 283 271
3.707002040361661 3.4286476148838347 0.860847502076473 9 283 303
3.719101327735938 3.653379361320636 0.880562536524481 9 284 217
3.7407108824138326 3.6216689100126 0.8635881834948782 9 284 229
3.7203463301552855 3.557751342897921 0.8670840544827372 9 284 254
3.7173472116942685 3.2946373483911544 0.833789112064394 9 284 350
3.858511612549054 2.4841877447017007 0.6425044014427823 9 284 566
3.688478667078596 3.666800492142256 0.8974857968388333 9 285 212
3.7067421043094244 3.382048675465413 0.8485680221309333 9 285 320
3.705326246823935 3.357376425276192 0.8461052372774077 9 285 329
3.710424570865336 3.3080486080542943 0.8364854739019396 9 285 346
3.912942878780077 2.1466630411383094 0.5611469128649191 9 285 634
3.7043316862683016 3.477857667099645 0.8597405078753417 9 286 285
3.852316453364719 2.534765207597636 0.6450580336600573 9 286 554
3.7043844131354087 3.5019307867894582 0.859875707083825 9 287 276
3.7007318924146873 3.467809767441234 0.857453065799461 9 287 289
3.7018378476749043 3.435228597540597 0.8523981660050979 9 287 301
3.7080840822729715 3.33126566525758 0.8346468176871688 9 287 338
3.7034207744413576 3.2928591197320705 0.8322493670427977 9 287 352
3.5964253779711677 2.8280398464940557 0.8334076723218174 9 287 526
3.576575712127341 2.8146950362535383 0.8434543388410223 9 287 535
3.929828744192551 2.2290080293844987 0.5536221395713634 9 287 611
3.9389096908157706 2.166879924040204 0.5398220270110088 9 287 623
3.7226056311690296 3.643960045975772 0.8651209659100718 9 288 221
3.569421891796714 2.8008660207928475 0.8427153286738246 9 288 541
3.9274618325376474 2.159191887264362 0.5413017666903002 9 288 627
3.715579941214492 3.600714330603694 0.8604223926586316 9 289 238
3.7185647984602 3.5612872182090296 0.8532660816693316 9 289 253
3.9347735127152488 2.186336321465936 0.536271773036971 9 289 619
3.914501981819907 2.148751639413635 0.5433530819671346 9 289 632
3.7174428464711955 3.587755197795372 0.8544718871956435 9 290 243
3.5996950612055056 2.895257614569954 0.8310208411606705 9 290 503
3.596569757325784 2.8820069790561167 0.831098729376749 9 290 508
3.701628607904697 3.41077632099405 0.836724702713213 9 291 310
3.6948667546470224 3.359827302931309 0.8338393581194287 9 291 329
3.6853606829362846 3.312096968123464 0.8330583327541616 9 291 347
3.5837361965275103 2.8626637138413984 0.8330461335289526 9 291 517
3.713243586203056 3.5543492822016605 0.8462765888873732 9 292 256
3.7077795899779296 3.531183079741184 0.8464127615397019 9 292 265
3.934832608561653 2.204823185641359 0.5257551618670764 9 292 614
3.9087711211736806 2.1685261453968048 0.5366153171510657 9 292 628
3.742296297293353 3.6234303294224186 0.8349850010261435 9 293 229
3.5763712641212013 2.842106397278597 0.8283661832436622 9 293 525
3.568017560524095 2.795568882379624 0.8270380825833834 9 293 542
3.916322421472443 2.1818470514466117 0.5295372448840039 9 293 623
3.925418484991331 2.1277497808491246 0.516508178267971 9 293 633
3.6924076485530715 3.46161198447059 0.8399931403189612 9 294 292
3.692100094309944 3.3936527075001273 0.8307550492939862 9 294 317
3.6865571175809135 3.370151644203649 0.8308931902830882 9 294 326
3.68286179976156 3.354484268672663 0.8309852842758227 9 294 332
3.682446287882285 3.337910489923511 0.8289410543893331 9 294 338
3.728012642781677 3.614091656944873 0.8362103491629737 9 295 233
3.701349904788062 3.5084464227525367 0.8379052449216806 9 295 274
3.693655043285681 3.442524735603611 0.8334600678156319 9 295 299
3.6777663969096643 3.364061608118345 0.8323104540086417 9 295 329
3.84989423085296 2.52889539477087 0.6100856849879794 9 295 554
3.927786599695277 2.2080048272473314 0.5174670889007422 9 295 614
3.9316017034754935 2.1908829882431595 0.5127350626761793 9 295 617
3.69470621218474 3.4854964496473535 0.8356921025988681 9 296 283
3.6861417071992753 3.4196148512249156 0.8317713568480353 9 296 308
3.5688220785671225 2.9037230121241313 0.8321113136143555 9 296 506
3.5700557776749546 2.857206226936916 0.824845722013701 9 296 521
3.9292554634975847 2.1106542338677863 0.49859555988309223 9 296 635
3.716031536282846 3.6512923495348764 0.8426302024362706 9 297 219
3.7055790640859363 3.5663554796492414 0.8371890835684077 9 297 252
3.6753329702738844 3.3974973491673626 0.8322411957027249 9 297 317
3.672285450029236 3.3845765000157364 0.8323171454101627 9 297 322
3.572069694942663 2.8304345221023546 0.8166730880047951 9 297 529
3.917295638447441 2.2113769064774633 0.5157299209383639 9 297 615
3.933523165767754 2.114002526556349 0.4920006298960009 9 297 633
3.7256713679726383 3.638286265020046 0.8317226521247352 9 298 224
3.7111743493377576 3.6026475184489404 0.8357231732901129 9 298 238
3.5732551640050048 2.947800470980466 0.829282389545718 9 298 490
3.5714931869621793 2.888678888961132 0.822047842628108 9 298 510
3.92808049512447 2.1905924938255663 0.5017455865810294 9 298 617
3.5598050413870963 2.9291973555310675 0.8319179379504548 9 299 499
3.571943721147969 2.807422345339826 0.8071071508358574 9 299 536
3.9213907392326393 2.235923248574833 0.5079495894928376 9 299 608
3.9180256812558474 2.15899487190375 0.49916879008398474 9 299 626
3.704264662486904 3.58003653535749 0.8306461048890107 9 300 247
3.685779912013481 3.5163954727089797 0.8331988608251675 9 300 272
3.8533786448152934 2.5256446135596136 0.5873905439981884 9 300 553
3.9279564328171936 2.2194895780374218 0.4971429851187219 9 300 610
3.9276589901994754 2.210863055213996 0.4961043254637987 9 300 612
3.7152910167900783 3.6393312217960054 0.829055761022081 9 301 224
3.6956041963101987 3.552184362100557 0.8290218585538112 9 301 258
3.67919285421752 3.493641138894074 0.8310045846505345 9 301 281
3.6741365211593187 3.4758821969094447 0.83165513118396 9 301 288
3.9252533434046777 2.18960686147528 0.4901955611245794 9 301 617
3.9252741503993906 2.1308299090348415 0.48180200497282066 9 301 630
3.691122840023085 3.602308263838333 0.8328503847972433 9 303 239
3.6913132230887036 2.8062312385797714 0.7183366390945989 9 303 509
3.5607498878419306 2.785150117840868 0.7981057315050886 9 303 545
3.922650336546353 2.13085484412527 0.4745825057880919 9 303 630
3.6723910716542454 3.531687003845626 0.831508267013637 9 304 267
3.660265485745603 3.454595174478296 0.828105717356152 9 304 297
3.681283342909458 2.872306008476036 0.7307289900836348 9 304 491
3.6821881127207305 2.8651353991844446 0.729118677351302 9 304 493
3.9186020984383827 2.245847381418219 0.48929789910285115 9 304 605
3.9204654516880018 2.1950457987204257 0.48078342711691047 9 304 616
3.9197286671186276 2.155233463424071 0.4755092837302832 9 304 625
3.8798075380633477 3.976362880772017 0.7603051685283853 9 305 100
3.6915591112545876 3.618081000471362 0.8286939645956446 9 305 233
3.660847400013625 3.5098625200438716 0.8326442433108473 9 305 276
3.916019931363399 2.139565158984539 0.4711724041596066 9 305 629
3.6814478203233088 3.580336752659162 0.8266093559645118 9 306 248
3.8524719445401163 2.533029318715875 0.5646797389289653 9 306 550
3.925123479110778 2.2148520380843983 0.4718336814276527 9 306 610
3.8834506690097066 4.076052949741719 0.7658454188997823 9 307 62
3.876872998259341 4.059140849876395 0.7676111489843891 9 307 68
3.6774846000138566 3.6066813085149807 0.8268543724262891 9 308 238
3.682276265907761 2.8228595805767274 0.7089270749080057 9 308 505
3.5560827092436567 2.788583354420558 0.7854341979352317 9 308 544
3.921230160620337 2.1801825822276335 0.4603948351190241 9 308 618
3.645441321878676 3.512436666888347 0.830700882912017 9 309 276
3.6730147228658527 3.6453476852832325 0.8293225813146761 9 310 223
3.6530807210642884 3.568128240977199 0.8308965786117746 9 310 254
3.680864637765748 2.938019187218628 0.7197890959150277 9 310 470
3.908599802594119 2.1450754369895675 0.45450354510921454 9 310 628
3.890650415112174 4.095645113085837 0.7508341645163558 9 311 56
3.8935933251589723 4.086252855301301 0.7475197808003373 9 311 60
3.8932668474985723 3.9901010508437817 0.7334834917085297 9 311 97
3.9202387268901657 2.190881268388935 0.4492222051458328 9 311 615
3.686542503249912 2.9917891844877746 0.7171183855285947 9 312 452
3.681304707118672 2.936808879291342 0.7123733854026646 9 312 470
3.6826695754978482 2.836992463616813 0.6966291897195577 9 312 500
3.5632966844012226 2.789703397624546 0.7678621262615419 9 312 541
3.9083935871296376 2.1517058492872447 0.446683661818839 9 312 626
3.894035022911735 4.077335460727858 0.7392171210954738 9 313 64
3.8453586253782284 2.531680390086874 0.536310689586402 9 314 550
3.8979645900611732 3.9852448684881803 0.7160370216053772 9 315 100
3.6872003658232506 2.931874869772808 0.6972476349774865 9 315 470
3.684852954851265 2.8202482305055034 0.6820066865656259 9 315 504
3.552161114555188 2.7805577722931742 0.7639964653063516 9 315 546
3.9206756956459596 2.2259819980794946 0.43625594094519116 9 315 606
3.901727455424892 4.010478600421946 0.7139143619126821 9 316 91
3.6829478158877036 3.017598267409614 0.7095033034824039 9 316 444
3.6845283454213833 2.9880214478948224 0.7039842310347946 9 316 453
3.688027144842757 2.901277323284744 0.6885539097373777 9 316 479
3.684872019446434 2.8733892499438314 0.6864406941696275 9 316 488
3.905728298964445 2.180892484020106 0.43489849878123654 9 316 619
3.7637640290830623 3.0578811189292727 0.6581760014131306 9 317 419
3.687023837193368 2.841249894395807 0.6765743483108715 9 317 497
3.9143991889504997 2.1525584017615533 0.4203226460040954 9 317 623
3.8983620116012747 4.094410915604157 0.7220738805867376 9 318 59
3.8944680466519124 4.0779013177431445 0.7221709252246513 9 318 65
3.7498573722791995 3.041130737809717 0.6612975471189082 9 318 426
3.732530114415004 4.076981135369938 0.8275667442992403 9 319 47
3.8989353067447006 3.9902648992380776 0.7023896714338452 9 319 99
3.696834393579788 2.930817467664438 0.6764780927338223 9 319 468
3.7415989808207537 4.073371395282242 0.8178914494569169 9 320 50
3.895670639310732 3.895357525001102 0.6865838422356286 9 320 134
3.9201764135787163 2.2066582606026963 0.4110859562024358 9 320 609
3.911868938034706 2.1967349640010436 0.4151724329676969 9 320 613
3.9120631319617303 2.172490107318789 0.40677929297743676 9 321 618
3.90349237090346 4.08792819558599 0.7039921384603097 9 322 63
3.6994990474668312 3.035461477875782 0.6800950219095526 9 322 435
3.91781691308425 2.17909319965859 0.3993342286521069 9 322 615
3.895133574512415 4.007649820280363 0.6938164103807135 9 323 93
3.891832759115068 3.993655052599531 0.6938986726607344 9 323 98
3.689201340088259 2.9759708426448737 0.6743575472154939 9 323 455
3.6894178124638897 2.966077026929887 0.6726754781221967 9 323 458
3.887923534354828 3.9827434560664035 0.6914146067491072 9 324 102
3.7199268768991627 3.2416692730523367 0.6911177992545652 9 324 366
3.6846778092253203 2.9157997080956544 0.6645343376726561 9 324 474
3.5536395001939702 2.792275592918674 0.7350537286064469 9 324 540
3.6886947667735295 3.014225656057686 0.6735659926604529 9 325 443
3.688177418262133 3.004838293523182 0.6724548861479326 9 325 446
3.680691037920358 2.9011571892321557 0.6614012615588181 9 325 479
3.678171672617757 2.876087780832564 0.6592160491481922 9 325 487
3.688494246515761 2.965257701736644 0.6624798498807642 9 326 458
3.6787480556229823 2.844876834711334 0.6503242280724428 9 326 496
3.67895371505767 2.827780898862662 0.6475012706820045 9 326 501
3.613714555117517 2.813512182228239 0.690267575964764 9 326 519
3.901099441912909 2.163301475965718 0.3900505631993816 9 326 621
3.8918726269466175 3.9985241017805335 0.6807460846313726 9 327 97
3.6974908965223854 3.2964513147994072 0.7048046925072589 9 327 350
3.715372885815563 3.19993962985977 0.6772329695417834 9 327 380
3.690843195167692 3.0025946335992693 0.6631509853465921 9 327 446
3.696532911703501 3.323060618299354 0.7062591670215606 9 328 341
3.7017240469161576 3.1893599547091176 0.6780333268047039 9 329 385
3.684494471275036 2.9299779591554254 0.6489139492034617 9 329 469
3.676280526829306 2.8951525507567473 0.6491186555310597 9 329 481
3.6642117859099677 2.822483561340147 0.646009928256803 9 329 505
3.9026194638538074 4.100506418292312 0.6789782056491624 9 330 60
3.905678516598458 2.1624335847286114 0.3683576207568493 9 330 619
3.768052406978383 3.4855419727621224 0.6717606384651903 9 331 280
3.707686209696475 3.401272550286766 0.7006906286113203 9 331 313
3.6816675188874655 3.01557021068539 0.6573438667739877 9 331 443
3.8983758720970805 4.008045826430807 0.660189520328697 9 332 95
3.734699304478231 3.4534405169598523 0.6866127623635324 9 332 293
3.7280562168625866 3.4431404551949734 0.689642946440659 9 332 297
3.662193409220906 3.33540231781392 0.7187847930430874 9 332 340
3.6659783720131536 3.322865297142842 0.7141070491349428 9 332 344
3.6816046751585105 3.2890721182589 0.6976756922901676 9 332 354
3.6905100746255948 3.1839072166379445 0.674536742948886 9 332 388
3.686410598761772 2.9735814278201578 0.6437009038579564 9 332 455
3.6795275695930845 2.947971614949019 0.6444453256624043 9 332 464
3.681095176415485 2.893876203248868 0.6346665421793178 9 332 480
3.887104877762164 3.976692418733127 0.6595843152945227 9 333 106
3.7076798221623175 3.4213893548601684 0.6937095650137134 9 334 306
3.6800898357357066 3.0119844070364814 0.6471614212859522 9 334 444
3.9064301278191986 4.102120371191497 0.6590913338953706 9 335 61
3.8967497541306724 4.014761336536099 0.651823711379051 9 335 93
3.695389713234987 3.4068691590791564 0.696696733008354 9 335 312
3.682239811762585 2.9449587310766416 0.6311774748563372 9 335 464
3.673219962056815 2.856837226556625 0.6233157586444094 9 335 492
3.8841654625255724 3.9884906213274474 0.6530012219676495 9 336 102
3.768463604561319 3.5121761945851 0.6582013516339865 9 336 271
3.715343021173041 3.468483655794372 0.6890626303548477 9 336 289
3.678632359767584 2.99249553193125 0.6378527200100552 9 336 450
3.685267291243127 2.8924890498714717 0.616837415393827 9 336 479
3.672781234065596 2.8395507760165977 0.617148590484903 9 336 497
3.888877462025567 4.02484360135841 0.6520242088148227 9 337 89
3.7412720277304112 3.48436980079977 0.6696401589118306 9 337 282
3.726980644441928 3.4522249304471573 0.674642134445957 9 337 294
3.6834550918480224 3.161007464781621 0.6583051400202646 9 337 396
3.680161768173578 3.0070810858187924 0.6319195687824533 9 338 445
3.682975732327103 2.9230937785689424 0.6161277818684203 9 338 470
3.760676863264595 3.5849699555077414 0.6652049222274294 9 339 246
3.7184013192400167 3.476712852061882 0.6779354537186106 9 339 286
3.7273340387556306 3.443603345548037 0.6660358856217006 9 339 297
3.6570077201980213 3.3761262013327076 0.7057384708090477 9 339 326
3.650325611459333 2.8225285337164743 0.6194960129274842 9 339 506
3.5575349321178673 2.798221822297297 0.6825283367539486 9 339 534
3.7551809933069604 3.6878298018151963 0.6826891250209651 9 340 209
3.753454622327883 3.6769649273125795 0.6821467874128789 9 340 213
3.7290021378676474 3.56265438976996 0.6809999622378481 9 340 255
3.7096583806364327 3.5480085720961188 0.6926046871532788 9 340 261
3.6684382770956883 3.3874269016846115 0.6959736234828593 9 340 321
3.6784137743286687 3.000693558673256 0.6248910632264466 9 340 447
3.7392046012271485 3.505147960239139 0.6606269818195745 9 341 275
3.6849288928275827 2.9703962603756127 0.6115007351837298 9 341 455
3.6806479393225917 2.9061965220204877 0.6039768838275736 9 341 475
3.6765856102030727 2.878346248010773 0.6023172196903055 9 341 484
3.671206577020647 2.8307445757168406 0.5983425438911643 9 341 499
3.827098680188887 2.542369452920103 0.4371510395929594 9 341 545
3.893218114882448 4.004493565375675 0.6277486006516269 9 342 98
3.7344443965050487 3.653360114328981 0.685261184518109 9 342 222
3.6958997396293447 3.45808949638758 0.6809251045652776 9 342 294
3.6754692265725852 2.851259645707212 0.594921276109857 9 342 492
3.6556000125209325 2.827178400631481 0.6054213363168963 9 342 503
3.8891556329394783 4.028385527385445 0.6311239515018263 9 343 89
3.681753361449406 3.435411696491396 0.6840895576957626 9 343 303
3.681000350864435 2.958473744996675 0.6050371334992721 9 343 459
3.5506378729956096 2.7911241398155453 0.6726051125042167 9 343 537
3.891863831411794 4.098575276276179 0.6373199760478547 9 344 63
3.665451020232819 3.424724002673915 0.690885774573334 9 344 308
3.664517315580917 3.4137009740622815 0.6897257017386063 9 344 312
3.7143561857427523 3.630413453413803 0.6860191221286991 9 345 231
3.727502867001487 3.580295595594496 0.6678953984834499 9 345 249
3.697222281139022 3.5224835975762336 0.6805141017672477 9 345 271
3.666040203307567 3.4608494619484937 0.6931552718587466 9 345 295
3.675665939315025 2.993546528380687 0.607494132582898 9 345 449
3.6773989813013994 2.9162083801448597 0.5932140319306733 9 345 472
3.6982917975493628 3.5500841536772376 0.6809811575590052 9 346 261
3.6746361679303705 3.174827721059179 0.6351791990842957 9 346 392
3.6805054212327004 3.019929493123755 0.60470000409883 9 346 440
3.672301050025761 2.985144673257512 0.6049044718440308 9 346 452
3.5550083154520546 2.805111581804237 0.6613563263720674 9 346 531
3.6785287920207352 3.707672230374127 0.7189550439172832 9 347 202
3.6721789262901368 2.951752325251949 0.5956744202154671 9 347 462
3.6763354582008265 2.8989406550381553 0.5836443830589302 9 347 477
3.679984708849041 4.053278190086088 0.7733498488958199 9 348 58
3.7034153156387557 3.6072816385375215 0.6800940949847367 9 348 240
3.6571363923271045 3.470879744287093 0.6914114334094708 9 348 292
3.6544524223330677 3.4243172393539867 0.6854995002328552 9 348 309
3.668179209551627 2.8457024668549167 0.5769406158746175 9 348 494
3.718802867062063 3.684950560161833 0.6784480940618903 9 349 211
3.6715065571881746 3.5371473132293296 0.6886184345165722 9 349 267
3.675266287866804 3.0891230633820146 0.6093983251912158 9 349 419
3.672596109124136 2.9372063754976248 0.585487116716847 9 349 466
3.8945205762973907 4.017484904086114 0.6000912876045297 9 350 95
3.684231672953226 3.698272813308642 0.7032955306962465 9 350 206
3.6817952408774914 3.164734617639573 0.6138068563770105 9 350 394
3.6736299867130295 2.982633984519224 0.5887682130199914 9 350 452
3.659889407131396 2.826055829736596 0.5722825861331158 9 350 501
3.6900023436656753 3.6087075351077615 0.6802749407933047 9 351 240
3.7003391241750796 3.5753561414648916 0.666760914896181 9 351 252
3.683485798411352 3.5249499600049763 0.6707963290834329 9 351 271
3.6941136724427786 3.4928331602716236 0.6572751204411291 9 351 282
3.68289361231852 3.0944581726164637 0.5972985036923446 9 351 416
3.6814323927736714 3.007577935901505 0.5834759866682016 9 351 443
3.6666043550983103 2.9096297681582888 0.5778199112345987 9 351 475
3.701930691586445 3.594547077831828 0.6654525672789553 9 352 245
3.6636586802178766 3.4392908958700295 0.6676146035120729 9 352 303
3.543004869205782 2.7875592633398205 0.6464566542482075 9 352 538
3.669455690255252 4.057490112207383 0.7667539348479111 9 353 56
3.8846586449537552 4.038586688427825 0.6002792857455028 9 353 87
3.888204138737082 4.015105941811781 0.5935284745033012 9 353 96
3.886273943485971 3.9929172849729144 0.5911538098755966 9 353 104
3.6545650591688874 3.4271629503836163 0.6690046055922501 9 353 308
3.6704912324139385 3.165573557466548 0.6116735375329463 9 353 395
3.6698407622821296 3.0227678819646755 0.5874624958532699 9 353 440
3.692761315388418 3.678452741937504 0.6801650587854622 9 354 214
3.67549907560716 3.647237654885873 0.6878821440055485 9 354 226
3.6561288953036497 3.5424337144385376 0.68108930234617 9 355 266
3.6819554324040302 3.169711716645005 0.596431041909369 9 355 392
3.6763006819170534 2.9954795230795295 0.570393513664845 9 355 447
3.6751019961398113 2.9729255842340754 0.567379382390226 9 355 454
3.6684642139426953 2.906344732382311 0.5608479685635066 9 355 475
3.662192465209598 2.879753828043098 0.5610042718669017 9 355 484
3.6720582476261603 3.618764956122856 0.6788849207828708 9 356 237
3.689130489742791 3.5689651197948837 0.6570968234501133 9 356 255
3.691786844424353 3.4964449210364386 0.6423819206509616 9 356 281
3.6841489815134896 3.491989507205933 0.6474551705344336 9 356 283
3.682912045204737 3.596844944607559 0.6633479128516431 9 357 245
3.6838385841795387 3.199709720539465 0.5929539572871227 9 357 382
3.6734898260906004 3.0093574301241155 0.5675111450970123 9 357 443
3.661041817102901 2.8519551972322352 0.5494637551219181 9 357 492
3.8897301092563223 4.040086989051303 0.5784461701421006 9 358 88
3.6776203412804813 3.085040318710892 0.5739166133485745 9 358 419
3.6776599766783558 2.966749136480648 0.5530572490026047 9 358 455
3.661241629041897 2.952884340550265 0.5632821390929408 9 358 462
3.6667413122911396 3.6538906258135087 0.6791495170861743 9 359 224
3.677642836501028 3.045744681593039 0.5632501153925051 9 359 431
3.666731632228416 2.895063473683104 0.5450708367643182 9 359 478
3.594685822138302 2.815847583593942 0.586843960451491 9 359 516
3.882583914315205 4.017917173541349 0.5727167504109127 9 360 96
3.885062031320225 4.007560653763247 0.5689554353844097 9 360 100
3.671663484313121 3.6487231121078674 0.6710799707578263 9 360 226
3.650979966938894 3.5193024688000794 0.6641962561027817 9 360 275
3.672914802092935 3.507983838397628 0.645151527004824 9 360 278
3.6478635129221937 3.394817199959536 0.644542665074358 9 360 320
3.65746024147585 3.2546886941583075 0.6122403121555131 9 360 367
3.664209183133674 3.0294634525199156 0.5670602283966697 9 360 438
3.5357641759306215 2.7908814680616754 0.6245221978035478 9 360 537
3.888136213368022 4.0333690414533505 0.5674587642425568 9 361 91
3.696525409312759 3.5718355429908035 0.6346682215767743 9 361 254
3.6534294699098773 3.5489137829943807 0.6641776308584493 9 361 264
3.635206551482507 3.4230190608874778 0.6559775710525053 9 361 311
3.8336542901026993 2.5309568902419066 0.3425698854941741 9 361 542
3.660630221601286 4.0532651819429475 0.7452364479000141 9 362 59
3.888167633818369 4.001147769364165 0.5579877935522428 9 362 103
3.67835058149971 3.562719890554631 0.643780437832711 9 362 258
3.6384960007843654 3.4110968014224565 0.6478722840496611 9 362 315
3.68125084451989 3.224505698789725 0.5811164468774046 9 362 374
3.68096893596428 3.1747245983957963 0.5724473535427486 9 362 390
3.5401187257746387 2.789243780873153 0.6137605214819422 9 362 536
3.6620811737999537 3.610097609544503 0.6615992773567767 9 363 241
3.690336864750894 3.594683376830188 0.6366651522438951 9 363 246
3.632719360939194 3.2775904574892936 0.6250541867893138 9 363 362
3.6648583762312796 3.0082162036003908 0.5515634717384992 9 363 444
3.6632665010353773 2.942528411833912 0.5410414086168278 9 363 464
3.666965157354267 2.9166058539727255 0.5334938189926652 9 363 471
3.6270560314182014 2.820206238374647 0.547535324165477 9 363 507
3.656796146944528 3.665728109163315 0.6723928588994148 9 364 220
3.6852087524382036 3.2008500358019436 0.5664248887788226 9 364 381
3.6658664478166703 2.990690721217184 0.5438618225314782 9 364 449
3.6614440307294864 2.8888153648834427 0.5290239250081679 9 364 480
3.6643070470303205 2.8524638932286877 0.5202327795153328 9 364 490
3.6681690331716563 3.649975620017106 0.6572364904376444 9 365 226
3.6881093994853176 3.564971664443667 0.6261439421391128 9 365 257
3.6383464641680074 3.2813245931961172 0.6142717888468565 9 365 360
3.664363584589309 2.862230347506989 0.5180902504657647 9 365 487
3.661475716042851 3.6027004440719215 0.650605452109928 9 366 244
3.6311446629890405 3.4015119345297573 0.6382161906680854 9 366 319
3.6457176466867267 3.3837938117668576 0.6234559367369066 9 366 324
3.685242703297722 3.2160701026368774 0.5617528311694695 9 366 376
3.6707862358954495 3.026879325846799 0.538952649289917 9 366 437
3.6685931256425306 2.924249359962681 0.5221063564549824 9 366 468
3.667180772807179 2.831843402215571 0.5064925831653342 9 366 495
3.6590003022480673 4.053364242911971 0.7310725999404054 9 367 60
3.6910698422725066 3.5953655806367055 0.6223400965224815 9 367 246
3.600778460197547 3.333414256890712 0.6465534745565849 9 367 346
3.6853022724363647 3.187596134203659 0.5528291567189645 9 367 385
3.6646738656312694 2.9999906520692186 0.5351452421071772 9 367 446
3.6677669930013543 2.968211968018407 0.5269103980041834 9 367 455
3.665709450738616 2.952581502344395 0.525706578470502 9 367 460
3.667991961380613 2.9070064215397386 0.5156094402090725 9 367 473
3.6703066544584173 3.626640685291822 0.6411276959892132 9 368 235
3.602892145443836 3.3270175167594003 0.6402914283281804 9 368 348
3.6420631535196097 3.28265205479638 0.6009413981648015 9 368 359
3.6680376955230365 2.861498161341486 0.5034159331602832 9 368 486
3.6714489421000005 2.8276626802881184 0.4945237748751594 9 368 495
3.5454073663601897 2.8038542717672437 0.5907686651054442 9 368 529
3.8242126827885765 2.5404331549822525 0.32023625072548056 9 368 540
3.889775098843247 4.0248421207633625 0.534840477654142 9 369 96
3.6954327540483796 3.5593022655585904 0.6052702683411557 9 369 259
3.648866589827583 3.53419397627175 0.6379626963452067 9 369 270
3.6087342759249568 3.412291901410993 0.6477918474116899 9 369 317
3.637932882251487 3.391336647914601 0.6205772965858041 9 369 322
3.6696000777113187 3.6377835604164233 0.6369014820081411 9 370 231
3.6047621042795415 3.4351878679685828 0.6517935519216753 9 370 309
3.6187609278097836 3.3705907540939384 0.6286855137163729 9 370 331
3.671191200506325 3.0316699695116087 0.5243304736484113 9 370 435
3.5375158091803733 2.795445166743418 0.5883529548570106 9 370 533
3.6545352984514556 3.606773477418561 0.6399105737025468 9 371 243
3.6765712084187445 3.2152159379772165 0.5500014257536479 9 371 377
3.6852638770762853 3.1867186635953484 0.5377434183874703 9 371 385
3.6702473887248135 3.164327095014596 0.5457227363900654 9 371 394
3.671606034695183 3.0737783855357206 0.5279436394518724 9 371 422
3.6689156930802715 2.883512405015118 0.4950552906007317 9 371 479
3.649682990926649 3.5124854762565336 0.6229952290702749 9 372 278
3.598087666672911 3.328093937336861 0.6306342550905366 9 372 348
3.666584512307155 3.0034283629168597 0.51520519384685 9 372 444
3.663139458643353 2.9819497657137206 0.5140204304773714 9 372 451
3.802662417908464 4.084095929019755 0.6014378492050119 9 373 66
3.8899424722479257 4.0078853829410885 0.5164685153430328 9 373 103
3.6347093528955763 3.3891738424869438 0.6088079306053626 9 373 323
3.6494925782934695 3.379763419922603 0.5950650470343177 9 373 325
3.622837766420468 3.2942147809144577 0.6008243686542707 9 373 357
3.6627394620573925 3.6575087808309568 0.632434261757586 9 374 224
3.6612014032846396 3.5961180889504063 0.6222575647428537 9 374 247
3.6134622910478247 3.4554424739999132 0.6349391973396239 9 374 301
3.6297322979279496 3.274081817555146 0.5879277768258961 9 374 363
3.6619908713967 3.615114979868844 0.6217089896950077 9 375 240
3.606487427919759 3.4071994246495247 0.6282122283690867 9 375 319
3.638373533769934 3.3882234084973364 0.598617696267687 9 375 323
3.60086727559616 3.3525380276492975 0.6225923486775309 9 375 339
3.620419999984403 3.250437517071235 0.5875451663831737 9 375 372
3.6424238457248084 3.2272476681999738 0.5652368411704898 9 375 377
3.6677097859847434 2.8993624831589075 0.483326967926323 9 375 474
3.661890674164016 2.8438571310553304 0.477711970371018 9 375 491
3.650642307300129 4.051511364083448 0.7093656433096109 9 376 62
3.849754822473101 4.033236247954389 0.5427309021768132 9 376 91
3.8771420080646513 3.827637005190694 0.48174196164353567 9 376 166
3.6909246112512433 3.5720246239725206 0.5864658320542244 9 376 255
3.6003085424594534 3.321309144953484 0.6137449163916822 9 376 350
3.6655644500486555 2.9921974325457197 0.49856289745113846 9 376 447
3.6670744395524317 2.9609518160291226 0.4914681083665966 9 376 456
3.662850556008478 2.939621177654489 0.49093186407506817 9 376 463
3.6520469037628005 2.825365961316474 0.47836997091066347 9 376 498
3.647689214968387 3.5104971472212902 0.6068871352979466 9 377 279
3.629823225156789 3.2706328581347592 0.5764626898145901 9 377 364
3.6638861948082635 3.0492110794098526 0.5068002205905267 9 377 430
3.720213841204596 3.703854380931462 0.5800467482711402 9 378 207
3.6955439191096726 3.571933733754441 0.5755041390436535 9 378 255
3.689293461374107 3.5556801490126326 0.5775939569307003 9 378 261
3.6739339803900153 3.534962771348498 0.5863575542035411 9 378 269
3.6651130904471216 3.524889372360925 0.5917348149417407 9 378 273
3.6031321059021897 3.4328857599170206 0.6255133233872341 9 378 310
3.6035243347446477 3.4106392158798458 0.6209908274518072 9 378 318
3.662770170363576 3.016269496663454 0.4976703124073625 9 378 440
3.672865715192276 2.9702652719494065 0.48065709065672957 9 378 452
3.667138639368861 3.634501285927772 0.6072801489682125 9 379 233
3.661994492062912 3.58880561456884 0.6028847108784889 9 379 250
3.6331118530452398 3.3605698210989208 0.583571158575154 9 379 333
3.681426421050263 3.1832428846237564 0.5099885316775821 9 379 386
3.6692763569436493 2.9031091013825607 0.46699343147410843 9 379 472
3.654251904018486 2.8359961624768406 0.4667216007362809 9 379 494
3.6583646900509876 3.6163222164176743 0.6076348196382437 9 380 240
3.598702218697837 3.315642581317219 0.6000525998086657 9 380 352
3.6314573351036774 3.263623734167643 0.562959663319214 9 380 366
3.6745138549562073 3.1666513816797783 0.5087672643512677 9 380 392
3.663051207741646 2.9271584547222624 0.4727763143757422 9 380 466
3.716815985474547 3.7128671898881067 0.5738587920128355 9 381 204
3.714397627724148 3.699208710283556 0.5732697522573926 9 381 209
3.6836941584053244 3.197844491610673 0.5032550830167897 9 381 381
3.6622997714759933 3.0185964178608597 0.4869049816882154 9 381 439
3.6737409483567074 2.9683480188213354 0.4677884752069459 9 381 452
3.656664788214983 2.8891379654357525 0.4669153473480667 9 381 478
3.601945199691328 3.302809847649956 0.5878701851386934 9 382 356
3.618146852022374 3.2320205369055777 0.5607788296226437 9 382 378
3.662469312280256 2.9470644367061207 0.4691968835066429 9 382 460
3.856567365968969 4.0309640534305675 0.5105266160669204 9 383 94
3.660440881017231 3.688820352815555 0.6093710626502085 9 383 213
3.648303214263374 3.6067720026908847 0.6038012275553089 9 383 244
3.6890380207990985 3.5789648772784957 0.5642900094082777 9 383 253
3.6470294985848577 3.5028139721374036 0.5849112076330583 9 383 282
3.645122006219474 3.4947266030200743 0.5849587457871837 9 383 285
3.608627659538751 3.4317589238300426 0.6034850782448191 9 383 310
3.603894877754672 3.40489590201876 0.6022980919360987 9 383 320
3.62966648800759 3.2456765768897338 0.5501101925477783 9 383 372
3.6674399535163094 3.0149947053816106 0.4741340301469692 9 383 439
3.64766837301377 2.8937831400180896 0.4674495101905132 9 383 478
3.6632254153986983 3.712740333909851 0.60818265301099 9 384 204
3.6544594209541423 3.665388887340942 0.6064389953931426 9 384 222
3.634033262557344 3.3716833431522124 0.5670518567825238 9 384 329
3.6186661598975927 3.279368942578072 0.5622025333097216 9 384 362
3.6565454116534326 3.073295275107716 0.4906226667099145 9 384 423
3.647786151851608 2.92411857638822 0.46925777690437864 9 384 469
3.5353391247081216 2.7936699365724635 0.5387718410253659 9 384 531
3.7190598174820035 3.700405758605322 0.5551975623478054 9 385 209
3.6064360204794825 3.3416140736282482 0.5809501858857469 9 385 342
3.6652585297704547 3.2009627115779273 0.5040906862326637 9 385 382
3.6546556581635103 3.0508657254929483 0.48403144368705053 9 385 430
3.6534801180497123 2.9543057191282953 0.466359683069534 9 385 459
3.698748896187797 3.5758176653465092 0.5446197795195271 9 386 254
3.6827327789691915 3.457088418629675 0.5351616035546964 9 386 296
3.662624527667765 3.0363928996649423 0.470604257070079 9 386 433
3.6752464913098506 3.53594815036399 0.5531836801269372 9 387 269
3.664906071945394 3.525955554085362 0.5600285311843365 9 387 273
3.64217035461896 3.487103841930093 0.5717933626638037 9 387 288
3.626012559943477 3.218891059144251 0.5333318170717583 9 387 381
3.673690738188845 3.1908658670189034 0.4873509609536819 9 387 384
3.658492591084754 3.018112986832901 0.4666507861708822 9 387 439
3.650066940938094 2.9925446576473202 0.4688369290323373 9 387 448
3.662279560023711 3.642080973284625 0.5813432519293751 9 388 231
3.65959971279626 3.6205749816402912 0.5794292773543412 9 388 239
3.661704978406152 3.5821604579634383 0.5701329169538307 9 388 253
3.6455184078277174 3.3478419499336347 0.538182806757312 9 388 336
3.6315884834893204 3.3428851915482087 0.5490943927135541 9 388 339
3.61859891109067 3.233708907769956 0.538853689224833 9 388 377
3.6647194614311465 3.165497959589545 0.48620283751861915 9 388 393
3.6027158002369344 2.83498657821018 0.47454258621136725 9 388 503
3.7530188541637894 4.052470980590854 0.5805883986802707 9 389 77
3.874563882999751 3.8448997960015365 0.4359265599359399 9 389 162
3.6808535823590356 3.695835019612273 0.5724593695084521 9 389 211
3.684369499585626 3.4540121678085063 0.5220722901325652 9 389 297
3.603104758044265 3.2986358674223006 0.5611603198625243 9 389 357
3.669129418369336 3.1698257686586135 0.4794327766745201 9 389 391
3.5336518680124023 2.7879766650871813 0.5205337535885817 9 389 532
3.650076693706307 3.594406419403111 0.5753915865702144 9 390 249
3.6485274822931775 3.0816480671151965 0.47592096432355313 9 390 421
3.648801296712503 3.0220661485185687 0.46397302628006587 9 390 439
3.5782109199724177 2.820641266206335 0.484970749497162 9 390 512
3.5410659619080525 2.8116365311304636 0.5150857886362177 9 390 523
3.5337013871205416 2.7972852598753724 0.5185862988818721 9 390 529
3.6604807391007155 3.714725177737122 0.5866287434925812 9 391 204
3.6636605509660365 3.623700302665457 0.5659358861568711 9 391 238
3.6106202408812518 3.4257899564703997 0.5725773955972082 9 391 312
3.6355562993958834 3.0022382982795888 0.4675579981134921 9 391 447
3.6516409321533403 3.6859552301221488 0.5850807247617624 9 392 215
3.651991528962278 3.586408656481199 0.5650764886349751 9 392 252
3.6562583685117103 3.513569878582621 0.5469742899298213 9 392 278
3.6037195135427837 3.4019520825228793 0.5702786300397351 9 392 321
3.6263417539040113 3.2452836804736376 0.5197262155897227 9 392 372
3.6361136683972672 3.0577071827916873 0.4741597158336186 9 392 430
3.6099372648033112 2.9130471571760976 0.4681469393560358 9 392 478
3.6023156719970437 2.880733195975073 0.4683368832111625 9 392 489
3.566778637103959 2.8209928785627074 0.48721839164921854 9 392 514
3.8690696534269664 3.7956114941708785 0.41488659515246873 9 393 179
3.6084443711315246 3.3836678539535394 0.5590051587938207 9 393 327
3.607355827303016 3.331952157524358 0.5496792861524618 9 393 345
3.6384600866238195 3.019735074440927 0.46071822900901926 9 393 441
3.609304600868981 2.9465868971666915 0.47146594311980494 9 393 468
3.652084932469079 3.5002189996200817 0.5406946123296068 9 394 283
3.623504299867803 3.442900240555423 0.554129899690089 9 394 305
3.614748693579696 3.4192221842117676 0.5570266874876655 9 394 314
3.624064017934268 3.233535843880363 0.5119290180106204 9 394 376
3.656490689772257 3.7158148410167495 0.5763174835694731 9 395 204
3.6502379865017986 3.595294896322604 0.5576798808145758 9 395 249
3.6195059945512336 3.0553836183039604 0.4765601178287413 9 395 433
3.598114318048733 3.4032205257295436 0.5612081303575325 9 396 321
3.626949442352397 3.2135466207915964 0.49792336136930704 9 396 382
3.618336083301905 3.029448544134529 0.46853683206671515 9 396 441
3.597056951461115 2.949291754845425 0.4710854221534171 9 396 469
3.5771390542285695 2.844719463621196 0.46754526072388947 9 396 504
3.5750638216391195 2.8325670828571843 0.4669242741672073 9 396 508
3.7058812604791944 3.7147667027810933 0.5257090325225269 9 397 205
3.601000746447946 3.283498060405539 0.5310201446704867 9 397 362
3.5909471232719987 2.9225609839775966 0.4672108807911133 9 397 478
3.575878921333499 2.8653761688603634 0.46893501757721023 9 397 498
3.864756262430516 3.8449883132521254 0.4083669295087662 9 398 163
3.862444461410452 3.81510364987479 0.4043693550508298 9 398 173
3.6072181586636285 3.392401472915445 0.5438771504136095 9 398 324
3.600446303273565 3.310134462705836 0.5332319195670114 9 398 353
3.6039599069621415 3.0070446430616284 0.4689363535941733 9 398 450
3.6191187225300947 3.4182408430675437 0.5349863636236205 9 399 314
3.591673732166914 2.9808745376516126 0.47063677521470915 9 399 460
3.588980218463992 2.9560791497513517 0.4679941233684237 9 399 468
3.564473484820165 2.8889577152128503 0.4760566669240227 9 399 493
3.547540234213632 2.8205082331082694 0.47715613906264887 9 399 517
3.540180125684623 2.819396981226541 0.4834364278446295 9 399 519
3.530828391335626 2.813185614741951 0.4904438164952982 9 399 523
3.8676497004945807 3.8194130700429283 0.39251956202502525 9 400 172
3.611309369550375 3.721337581516672 0.5998899901932568 9 400 202
3.581526415428726 2.9136255596299008 0.4621176425853024 9 400 482
3.579505393504766 2.9576425246478735 0.46902071092649744 9 401 469
3.554435618104745 2.888058238082073 0.47713152137821746 9 401 495
3.532851625769565 2.7932098983663876 0.47698892984070107 9 401 528
3.8597537314436954 3.8016350659849385 0.38776132330455537 9 402 178
3.551098827415954 2.8596924043067724 0.47048597202957554 9 402 504
3.6622142576648926 3.6263221011909126 0.5245508522787807 9 403 238
3.663802570789225 3.6296528668986197 0.5128519094937021 9 406 237
3.5419117042864867 2.9003902693773336 0.4718351152084683 9 406 493
3.7037148937575797 4.039865359711071 0.55832184838434 9 407 81
3.6632160992019482 4.0839194936676275 0.5974824220732302 9 409 58
3.6337878960364707 3.7203141818992003 0.5375571439606397 9 412 204
3.6493829499288246 3.7136321450028786 0.5109087369119587 9 415 207
3.637151139364401 4.084474607967641 0.5981413597860106 9 416 56
3.6272889045818157 3.723953720629072 0.5301039803090084 9 416 203
3.652098715674911 3.6900484005679344 0.49601614748313905 9 417 216
3.621474464725908 4.075654430730291 0.5942706985047446 9 421 59
3.65963463077337 3.702659060301686 0.4694162073693331 9 423 212
3.6096133225978306 4.081000514661997 0.5934235216887533 9 425 56
3.6107978179408198 4.061679724596708 0.5846750109479069 9 426 65
3.653404039296955 4.032245933461068 0.5230540891157249 9 430 84
3.5804478101754835 4.090364092693303 0.6039673855352283 9 431 49
3.533873718960966 4.100334330932191 0.6360659832133271 9 436 38
3.5441622346771444 4.096631533247779 0.608943779463182 9 441 43
