3.9521109719762455 3.424016697523599 1.4731813815424433 9 6 356
3.969185651143478 3.029114530351068 1.4593592974186889 9 6 485
3.9550077476520054 3.1148228402670597 1.4608107611700583 9 7 460
3.94434374101309 2.8653313592235334 1.4542108836191143 9 7 540
3.980270113392183 3.5202048998625624 1.4681871152436439 9 8 319
3.9743508106976195 3.2941628238924237 1.4617427082978987 9 8 398
3.9526211497195196 3.106414094882695 1.458169851464847 9 8 463
3.9649527591532836 3.071877433954369 1.4557840730998222 9 8 472
3.958181120916498 2.9832951460786328 1.4537298909071656 9 8 501
3.9521302537412577 3.7609031363660113 1.4763020249956118 9 9 231
3.975873619072089 3.4507888391969304 1.4639392534642197 9 9 344
3.9651995426132842 3.408292905349485 1.463739844894341 9 9 360
3.959922142708682 3.2729269185005228 1.4600220702270956 9 9 407
3.977482587460141 3.546006495310687 1.4642669972042839 9 10 310
3.9738472975181827 3.3996862759066797 1.4599778864800759 9 10 362
3.9592086136686317 3.1612148149320394 1.4539354357886338 9 10 444
3.9580257577579143 3.143320760811225 1.4534912150434982 9 10 450
3.9585392980723677 3.0047282660180388 1.4489982011761933 9 10 494
4.08291300135901 3.865597145655481 1.4604763818810353 9 11 188
3.9806221998326725 3.581317390253785 1.4625474249020969 9 11 297
3.983501992145294 3.4742104630536477 1.4587614314278348 9 11 335
3.9645075488981845 3.3766315434354626 1.4576955151143034 9 11 371
3.9611750887574573 3.3457983029381135 1.457064410144675 9 11 382
3.94971366892997 3.2079451960222025 1.4538637912237968 9 11 430
3.960784200484288 2.9577858133232424 1.4445422522289642 9 11 508
3.9441411581312282 2.8300446936940404 1.44224034424761 9 11 550
3.9840594716459474 3.718713942973728 1.4641510534257205 9 12 246
3.9803148710537233 3.5370551610665006 1.45861967874749 9 12 313
3.9745505414768987 3.5272706729387022 1.4589431598511258 9 12 317
3.9517175993758773 3.2486941962461593 1.4497734003035276 9 13 416
3.957776062386823 3.1456552056918565 1.4456749501114161 9 13 449
3.963153271911704 3.105675530596118 1.443742189556171 9 13 461
3.9640680838185487 3.0610845497031525 1.4421617546111622 9 13 475
3.9538319770123413 2.95456020923703 1.4397920941663556 9 13 510
3.949796279740629 2.947262681544175 1.4400071553639011 9 13 513
3.946965211108105 2.9359915513635326 1.4399542665402714 9 13 517
3.982435911919674 3.630520774339808 1.4564385306704746 9 14 279
3.9853918557610726 3.502083224635447 1.4517981921509384 9 14 325
3.976225523885095 3.4874971442771603 1.452360632455242 9 14 331
3.9679228687344175 3.4500607351548815 1.4520587824098041 9 14 345
3.9680134634397053 3.432895879639937 1.4514735363951954 9 14 351
3.9647991490829355 3.358758548194886 1.449359168320096 9 14 377
3.9614211734561 3.336547289630444 1.4490025931786863 9 14 385
3.9891366860228086 3.710568247413135 1.4558623835684577 9 15 249
3.970716585143899 3.1074872991816207 1.4375807590782101 9 15 459
3.956078050368017 3.0360736466376874 1.4368625532173618 9 15 484
3.951418836977557 3.0131459792255955 1.4366272608906396 9 15 492
3.9580483784206857 2.973868690354314 1.434527454035134 9 15 503
3.972754855219966 3.479909049098918 1.4474006004517272 9 16 334
3.9524349571308095 3.39463651291742 1.446871252191218 9 16 366
3.966002648688092 3.0811776038996057 1.434545602133367 9 16 468
3.942436719192049 2.85174040029887 1.4294630574650138 9 16 543
3.9463596202249693 2.832360672284355 1.4283383298484855 9 16 548
3.963283956966951 3.753502391791213 1.4554375703417397 9 17 234
3.9636038648294587 3.3176425085234413 1.4403176591166247 9 17 391
3.955490045670213 3.294082098696489 1.4404685939731374 9 17 400
3.954819831563494 3.0772188675638654 1.4330444044374213 9 17 471
3.9461444381228996 2.9508820108476836 1.4297058945924266 9 17 512
4.088687897503385 3.8647167898513355 1.4417626385223428 9 18 189
3.9712815600837716 3.7423646269149535 1.4516378390281421 9 18 238
3.9691382019056114 3.423705968938313 1.4407513945610786 9 18 354
3.9540017882411664 3.385284258981085 1.4412324531952097 9 18 369
3.958059803991163 3.266033137245318 1.4365725057289143 9 18 409
3.9538970159265796 3.240724309708109 1.4361892096516833 9 18 418
3.9789356656839834 3.5291624773237324 1.4407019529884075 9 19 316
3.953961967283435 3.1765894848248095 1.4312875150986144 9 19 439
3.959457619238072 3.3217165739551717 1.4331376426505282 9 20 390
3.9501078656983912 3.214713278103622 1.4304704706807263 9 20 427
3.955061092591308 3.025094343289749 1.4230855118183128 9 20 487
3.970444318973482 3.5059540868701613 1.4358009002302885 9 21 325
3.975111595486143 3.4591672273136047 1.43352874652584 9 21 341
3.949181994040505 2.867855334071222 1.4154280171811409 9 21 536
3.966887394877669 3.7409434351299247 1.4422558194329258 9 22 239
3.970529950295431 3.411440500687236 1.42977897967983 9 22 358
3.9624102164123762 3.370404598318749 1.4293096832861902 9 22 373
3.948345079005488 3.275217902408749 1.4276177687151124 9 22 407
3.9472339549171305 3.2577306992925266 1.4271206196432278 9 22 413
3.9572150146426663 3.171187143069025 1.4227019887540533 9 22 440
3.9596054115776327 3.15457724857232 1.4217938810201556 9 22 445
3.9572295060598988 3.1276999674401553 1.4211143003536857 9 22 454
3.9411602148391145 2.92873566934764 1.4158914387466122 9 22 519
3.9715909952706046 3.451498764238837 1.4285150395974888 9 23 344
3.963752409069965 3.3463226561102184 1.4256434492310428 9 23 381
3.978807621415279 3.7160133363450623 1.4348305040715332 9 24 248
3.9568149765164486 3.189332667560759 1.4180767484016152 9 24 434
3.9624823156577755 3.1118972900079314 1.4144609709956324 9 24 458
3.947280298744137 3.047026635025142 1.4140151548476834 9 24 481
3.9519880695209855 2.9962051414215756 1.411514122926837 9 24 496
3.9420235659347496 2.9826208848615163 1.4122988428055827 9 24 502
3.942286796121797 2.953234719746971 1.4111710886259095 9 24 511
3.9649130957958914 3.479061727769869 1.4252328089841146 9 25 335
3.960003767942576 3.159753963176347 1.4138721246097652 9 25 443
3.9613831624370075 3.448622205678915 1.421962480596916 9 26 346
3.967137494799312 3.3239367781815634 1.4164658954974612 9 26 388
3.9400746279029413 3.2509215342198647 1.417278927908367 9 26 416
3.9590465637001486 3.0876974485162405 1.408567940864796 9 26 466
3.949045988130152 3.0739286402512382 1.4093700566766778 9 26 472
3.9459487387709276 3.018187658251495 1.4076639383225429 9 26 490
4.087838930493088 3.883667480975014 1.4191094219478366 9 27 183
4.082287605078767 3.870241572397206 1.419338376732504 9 27 188
3.95446406353878 2.87119249939341 1.3981547641856333 9 27 533
3.9659419555355027 3.538123157363749 1.4196218211264344 9 28 314
3.9602331885992292 3.4373781934912255 1.4164940380637594 9 28 350
3.966592294218496 3.3976811132174607 1.4140952275965533 9 28 363
3.942899453661264 3.0606348811783546 1.4042535279550101 9 28 477
3.9351745476907523 3.029880267946237 1.4041092145375473 9 28 488
3.9485608806842913 2.996488806333554 1.4010024808915658 9 28 496
4.093670183262858 3.8786907974093663 1.4128673767710662 9 29 185
3.9631603174014094 3.510682981007299 1.416356427341592 9 29 324
3.9592399106553704 3.317507562458985 1.409339911258015 9 29 391
3.967031538725365 3.2965570334039267 1.4074532990020119 9 29 397
3.937053187917179 3.2335082702760394 1.409094784403047 9 29 422
3.972203500309446 3.4740957014374145 1.4110757403790024 9 30 336
3.965109832964814 3.3419934828566125 1.4068426966315735 9 30 382
3.9574545927363785 3.1470696702223178 1.4002071731750252 9 30 447
3.9613723102379277 3.756329293815297 1.4212269042018426 9 31 234
3.9638532455929036 3.459190215422557 1.409035477721317 9 31 342
3.9626677764394582 3.3723115759471343 1.4057384443697316 9 31 372
3.9679132472290206 3.2807663760925276 1.401354994359008 9 31 402
3.953518260244747 3.262373968703813 1.402637331215929 9 31 410
3.9635734223524874 3.181329011284019 1.3979990121241839 9 31 435
3.961232219507547 3.428186881011262 1.4055464659978691 9 32 353
3.934364283603231 3.25208647557666 1.4022625967970401 9 32 416
3.941094725346775 2.9893878198790285 1.3907390023368378 9 32 499
3.9714460903819004 3.4828616701332327 1.403682146856285 9 33 333
3.962062447065442 3.2857578337135154 1.397017850706329 9 33 401
3.9472061647984127 3.122993412055803 1.3925312533765277 9 33 456
3.956958395263128 3.0927401420480995 1.3899073874296488 9 33 464
3.918517436151789 3.056268485342885 1.3939244458448652 9 33 482
3.930541124497948 2.9659797974915216 1.388536982236738 9 33 508
3.9347320032676194 2.9438079561672583 1.3870368827216635 9 33 514
3.9618279532961487 3.3722859597580923 1.3979156596146596 9 34 372
3.963083564023841 3.3600282686656637 1.3972315628222274 9 34 376
3.9594485889118527 3.3196725289501283 1.3961023570188575 9 34 390
3.9447163495926834 3.2351355341266865 1.394765815745171 9 34 420
3.9455576599605666 2.8631610180003118 1.379392500700939 9 34 536
3.9414013703583324 2.8423001255042992 1.3791379820810272 9 34 543
3.9427227524473283 2.834618554749144 1.3786320076677674 9 34 545
3.959375255531214 3.514515331207014 1.4015052021664527 9 35 323
3.970906575207336 3.3362675823706662 1.392444189265102 9 35 383
3.9422114191490385 3.2177147180447747 1.391729717346616 9 35 426
3.9067355955415977 3.046302605977173 1.38981822858063 9 35 487
3.9585334690660785 3.443254665510966 1.396052409370351 9 36 348
3.951272224758503 3.259282030448301 1.3894403450374493 9 36 411
3.9540961500844465 3.184378188543839 1.385895098041917 9 36 435
3.950558672645988 3.1013772519771257 1.382950601913475 9 36 462
3.954763560357911 3.532609845136548 1.3977499853758912 9 37 317
3.9615652798872865 3.421962487321852 1.3920720145616157 9 37 355
3.966810376339881 3.399804832491886 1.390355925610759 9 37 362
3.965503245860293 3.355864917460128 1.388698825321498 9 37 377
3.958156267349311 3.283575339112524 1.386747496566057 9 37 402
3.9502619155325274 3.13593935840108 1.381702017788268 9 37 451
3.938924774636962 3.004724452617508 1.3778620708927436 9 37 494
3.9564765852436965 3.3081927982643826 1.3853519589224235 9 38 394
3.9527461089796443 3.4707104593224734 1.3902065531290766 9 39 339
3.9421400497852424 3.076112796282801 1.3748857568672936 9 39 471
3.929225748630398 2.9344561735257213 1.3707716171580429 9 39 517
4.05386836327123 3.882941243021223 1.3898893001347639 9 40 185
3.978226370795584 3.7106087804827323 1.3940540852615269 9 40 251
3.9444674372073822 3.215522864397438 1.3778052909733756 9 40 426
3.956219999876505 3.1979047136906495 1.3752358989888287 9 40 430
3.9443895201207697 3.2550611255798643 1.3768311291537771 9 41 413
3.9526327130776435 3.180617065291589 1.3722991916122314 9 41 436
3.920601717245092 2.9715748654833156 1.3681394793585122 9 41 507
3.986721958361525 3.734453569118453 1.3860333217852308 9 43 242
3.968140234331778 3.6304893626085644 1.3843530248858094 9 43 281
3.964499669299889 3.487483047321777 1.3785714467434356 9 43 332
3.9507043447299606 3.312615708223208 1.3729810615922853 9 43 393
3.9611505037658534 3.462413819996972 1.3753306225555617 9 44 341
3.9624073996767137 3.356128289723393 1.3703631657925026 9 44 377
3.9506859930368474 3.339425238823921 1.3714879045225046 9 44 384
3.9566129044610787 3.285974720973554 1.3681433500219935 9 44 401
3.9424463067390016 3.2552567347056356 1.3690304627941803 9 44 413
3.9626614473369868 3.508045264937106 1.3744901568527994 9 45 325
3.9588426874071025 3.454349030360139 1.372677621649876 9 45 344
3.9622079904703464 3.4035919298245934 1.3698384841903166 9 45 361
3.9402191558159334 3.1321378589945077 1.3611086078371772 9 45 453
4.050088311272928 4.045251120034931 1.3821029644105414 9 46 124
4.050509861069394 4.029835046805753 1.3813309507158373 9 46 130
3.9778315813152623 3.6122770103502035 1.3741239693662672 9 46 287
3.9478293578267083 3.4372738817122963 1.3710288067307925 9 46 351
3.9557594786019474 3.319268076218216 1.364352844578596 9 46 390
3.9487322561435128 3.2613752075316533 1.362856724533278 9 46 410
4.043196458430394 3.9120143700502013 1.374526141616302 9 47 175
4.046512413850475 3.8825127146849105 1.3726232455178384 9 47 186
4.046213465721378 3.933608004890326 1.372401731617566 9 48 167
3.9600235585146355 3.1595088565338267 1.3507946256226089 9 48 441
4.05402490910466 4.153351521956746 1.3787487919603048 9 49 82
4.04883010137535 4.132669807106103 1.378651744765253 9 49 90
4.0504483250321135 4.117794649908795 1.3776844913258648 9 49 96
4.047051571934971 4.061636051206258 1.3756260658099384 9 49 118
4.04189046912477 3.904655506265693 1.369145752824219 9 49 178
3.9373391616024085 3.4287231015407356 1.3643995990236906 9 49 355
3.9422757286230756 3.226672984949017 1.3541179887936283 9 49 422
3.9542612507760513 3.1933826141442583 1.3505514422181502 9 49 431
3.956237168521557 3.179931518727984 1.3495908710680415 9 49 435
3.942520643848809 3.1423768408944186 1.3501326027840772 9 49 449
4.053458646395518 4.100882260766937 1.373812731972805 9 50 103
4.049889262098994 3.877923778556219 1.363896847918189 9 50 188
3.9636393486002652 3.6069659202839577 1.365702632339336 9 50 290
3.9503882500595857 3.439185883161313 1.360027968958316 9 50 350
4.046336306448215 4.077737816344101 1.3713476583464612 9 51 112
3.9588822792694547 3.755104369722859 1.3709289595622671 9 51 236
3.9658598980388042 3.570043973247629 1.360933724071632 9 51 303
3.9634966096085433 3.539351193898517 1.35987701527882 9 51 314
3.9651312116504545 3.516060927188747 1.3584899505311696 9 51 322
3.96063838026891 3.391753995919064 1.3533432231578089 9 51 365
3.9588422764036357 3.350548812914301 1.351689570133924 9 51 379
3.9538714696416117 3.322245402959821 1.3511916889219928 9 51 389
4.0541690527386605 3.9269823011293843 1.3601851337254238 9 52 170
3.969225166812351 3.6228288448167216 1.3602304066259725 9 52 284
3.957751049477385 3.492078674935982 1.3559356434824215 9 52 331
3.9449798440316517 3.1307331601309523 1.3408036499406848 9 52 452
4.046732952863303 3.9112369445622877 1.3580589195449495 9 53 176
3.957158540314068 3.4016183862829377 1.348986558985115 9 53 362
3.9547477487499 3.29426898000525 1.3442144036407824 9 53 398
3.9380954930400303 3.2704731564834426 1.3459585798084697 9 53 408
3.9366741604243467 3.24356420406845 1.3449043938016914 9 53 417
3.9504693188551157 3.175233816147964 1.3392018214141583 9 53 437
4.0566935207288335 3.8925445545994 1.3527441575048877 9 54 183
3.9787141164421778 3.7264780794618737 1.3583265288031139 9 54 246
3.9550713353633222 3.466729987882488 1.3498105244424015 9 54 340
3.931669986653503 3.2546564019363013 1.3435763906888274 9 54 414
4.040758824800639 4.063647887694351 1.3612897890964633 9 55 118
4.04508500876264 4.051167744580156 1.3599107983532701 9 55 123
3.9620125983588808 3.635571056202981 1.3541880439838443 9 55 280
3.968832442892196 3.6287757248874177 1.3526471121247057 9 55 282
3.966526044337726 3.5644301204798867 1.3498929799557056 9 55 305
3.9597788212052105 3.4272417805048536 1.3443448660359856 9 55 353
3.954166269478203 3.3667067172733853 1.34236312593671 9 55 374
3.9475160676663696 3.2723373695849816 1.3389022150813163 9 55 406
3.9332034265998903 3.23232907698927 1.3394690134718084 9 55 421
3.9287791531115452 2.7097587394304403 1.314569877876598 9 55 580
4.045553090393563 4.143075788099833 1.3617734560633983 9 56 87
4.0605386796976415 4.1094574279272065 1.3574323127941443 9 56 101
4.043330427231885 4.092801738052698 1.3570878599386198 9 57 107
3.948295341942651 3.7864672445914187 1.3589089090074984 9 57 225
3.952576243527555 3.7569078400246294 1.3566617522004225 9 57 236
3.9682692161597775 3.480458246372033 1.3400304074254321 9 57 334
3.9265488510741307 2.598376073038681 1.303497928584829 9 57 611
4.065437876873099 4.3003278988709255 1.3609200569541193 9 58 25
4.049291884578605 4.134449998130288 1.3555049016229936 9 58 91
4.046889691065264 3.9047585967923837 1.3443806832386351 9 58 179
3.968135995150258 3.603921918252679 1.3435486367819651 9 58 291
3.954238693781002 3.463929237855259 1.3390277358663807 9 58 341
3.9611333095227073 3.275483974873863 1.3282902705609803 9 58 403
3.9395830577933957 3.1600545785234484 1.3263962104788753 9 58 443
4.063415104271467 4.162043343435874 1.3517231679305397 9 59 81
4.050051282436376 4.117298516780791 1.3519026481914778 9 59 98
4.049047158113833 4.058312730298071 1.3490944573618466 9 59 121
4.039618489561918 3.8727303328734015 1.3414083189653139 9 59 191
3.9658510589904465 3.5875049577685494 1.3404593646230223 9 59 297
3.950110501773038 3.3133457557140025 1.3294367404809477 9 59 392
3.9339010356741766 3.240352071237413 1.3287047590169678 9 59 418
3.948621062694314 3.1170722475878994 1.3197531806783105 9 59 455
4.0538052583389215 4.095203837022531 1.3474739440057364 9 60 107
3.952836428047826 3.794659719161507 1.3507735927793225 9 60 222
3.9632092089774704 3.6330844603295844 1.340595561386845 9 60 281
3.9594823835637465 3.5548499111999314 1.3372847570471693 9 60 309
3.9603878476060532 3.5288695077326424 1.3357891263892179 9 60 318
3.9579846730844714 3.5150752396494416 1.3355281422406169 9 60 323
3.956974537663857 3.4307507329549836 1.3314037852233893 9 60 352
3.9424327312319094 3.3432712211825426 1.3296195752091169 9 60 383
3.935264323544838 2.621588553871214 1.294048700555722 9 60 602
3.927118823409713 2.5807065991620477 1.2934643774124641 9 60 615
4.055391522946687 4.051876939551224 1.3423218308996354 9 61 124
4.06922382007355 3.9000136871104827 1.331918500589284 9 61 181
3.953226594205347 3.754936157456483 1.3460704806309627 9 61 237
3.9716124443400136 3.739448871369443 1.3418446366868182 9 61 242
3.9373406953768613 3.222924647947039 1.3216216023641856 9 61 423
3.9370470335163574 2.6009576664091467 1.2896309239778008 9 61 607
3.96706118909085 3.578923596173518 1.3317261537017635 9 62 300
3.9540739265507563 3.4048454840364837 1.325129799810409 9 62 361
3.9491908784839147 3.3010100900945467 1.320656703888035 9 62 396
3.9435003894077494 3.2910142851269866 1.3212076827412371 9 62 400
3.934160228572079 3.25804841518207 1.321252271791003 9 62 412
3.9301520023134673 2.5838106002539725 1.2869987728253773 9 62 613
4.0436312149629465 3.876520340917717 1.3300768526072517 9 63 190
3.9597692845543304 3.7492495224228874 1.3393196486653522 9 63 239
3.9525996122654385 3.44664056428822 1.3248466108859043 9 63 347
4.124326016545149 4.165280733179887 1.3271629023143088 9 64 84
3.9748235649138044 3.7259589888964655 1.3325879977433457 9 64 247
3.9675989322154077 3.604510044187608 1.3275666478310606 9 64 291
3.962378607560166 3.499466116616841 1.3230269268408956 9 64 328
3.9545282619900606 3.472425306698922 1.3231023891360634 9 64 338
3.9420891617989633 3.3428549936196057 1.318649929164618 9 64 383
3.9403441764294085 3.2642868056444203 1.3148414903553167 9 64 409
3.9424643055204633 3.4172240537809544 1.3197641016737465 9 65 358
3.9474125979768626 3.33168339763541 1.3142661442157808 9 65 386
3.831584762994237 2.9547391085151617 1.3165746172087924 9 65 526
3.9280483366432346 2.7031266402051157 1.28461065933496 9 65 580
3.944738548765341 3.3896828750690986 1.3151087710900828 9 66 367
3.955486160812621 3.538842394056256 1.318287053006179 9 67 315
3.9602330540697706 3.473682852890329 1.3138431152334569 9 67 337
3.933972045089953 3.1505805670530957 1.3015676918160697 9 67 446
3.943823667212646 3.1393674189547958 1.2990321707143924 9 67 448
3.9355740009605418 2.703044483615002 1.2771214534708963 9 67 578
3.9262535420943916 2.590285304375333 1.2728679717099571 9 67 611
3.9542418409888307 3.753484859660572 1.327473393007049 9 68 238
3.9478339504358253 3.400409510097209 1.3095588631436583 9 68 363
3.9609792601742226 3.7393983383936846 1.32272454558101 9 69 243
3.9379530224214228 3.1861471872947646 1.297033319561592 9 69 434
3.9233959039616257 2.620456038145432 1.2689742232394448 9 69 603
3.9782193845650715 3.7210791521851614 1.3155960727769018 9 70 249
3.9614566352626577 3.56629393722597 1.3104286901720172 9 70 305
3.9327655892823943 2.6302799070448177 1.2645866322255774 9 70 598
3.9613507922468907 3.6006286082191528 1.3096253308434025 9 71 293
3.952155747307973 3.513748024804686 1.306661630849904 9 71 324
3.9481712970170495 3.296792473608506 1.2954194790508446 9 71 397
3.9506306330250087 3.277257270210637 1.2938367766955925 9 71 403
3.941229252937706 2.699391983838754 1.2636479056473378 9 71 577
3.9392191935102834 3.7983905005519474 1.3224817123861423 9 72 222
3.956763364344476 3.759400156707844 1.316721083964782 9 72 236
3.932300675489593 3.1847977725512515 1.2895689048015517 9 72 435
3.940523674155125 3.3361204050511537 1.2935562645817158 9 73 385
3.946295355666008 3.352122275608457 1.2904637428376553 9 74 379
3.937193436181728 3.3158854573898946 1.2902937046376746 9 74 392
3.9341368281668325 3.236847579586141 1.286441691921898 9 74 418
3.9306335146513716 3.1784138246857774 1.2809945041980373 9 75 437
4.03918212127814 3.8832821810183002 1.2958595207436727 9 76 189
3.948428038646342 3.7556343176005034 1.3076151825513702 9 76 238
3.9513528497315606 3.4014800227893223 1.2838034054345073 9 77 362
3.954883516643808 3.3821825987322507 1.281935715741656 9 77 368
3.949787627788057 3.2826798276621556 1.277248127446095 9 77 401
3.9228226260226986 3.250371961757808 1.281095079773148 9 77 415
3.950734586966329 3.796169931502037 1.3041650787128494 9 78 223
3.9516169703869086 3.4580831475106906 1.284238095370566 9 78 343
3.933981064942627 3.2795588909178743 1.2775851150893889 9 78 404
3.9424794236842757 3.130095282496286 1.2670424999853267 9 78 450
3.957320073714472 3.7443836143563747 1.2970466108461869 9 79 242
3.9510617805502077 3.4877111024624208 1.2805174869826899 9 80 333
3.9495584728139996 3.431816391187462 1.2775346478557588 9 80 352
3.949945670626097 3.416721677835204 1.2765569825664163 9 80 357
3.951709320665582 3.3738339666799306 1.2736352047118895 9 80 371
3.9247643379803367 3.245763803729986 1.2719006624995348 9 80 416
3.9470923543067857 3.7890926969558825 1.29656029726433 9 81 226
3.9436870668851416 3.4513876488658277 1.277173339977868 9 81 346
3.9409910286890932 3.3409160475550297 1.2711773144025036 9 81 383
3.9423616279762372 3.1967658765826696 1.262284445123704 9 81 429
3.9527488877080286 3.542807572708732 1.2778658462665624 9 82 314
3.959710718495744 3.520695851194228 1.275005000052976 9 82 321
4.066584743684621 4.138405248133987 1.2858176362036429 9 83 95
3.96089267659675 3.5350645913792795 1.2728101259226055 9 83 316
3.9388931439598642 3.3230093467995876 1.2648766413678116 9 83 389
3.9410653579771466 3.3067632114685575 1.2634127100691472 9 83 394
4.048584975665627 3.893844495202904 1.2722344460384272 9 84 186
3.9511565744677384 3.493522798526978 1.2696575517576898 9 84 331
3.9475406240139415 3.4501075337383256 1.267824204338964 9 84 346
3.9517187026363336 3.4128480737859395 1.2646229052547715 9 84 358
3.9309226856991453 2.7123540896600975 1.226648002595701 9 84 573
3.96198764057558 3.641576174319782 1.2734810729588304 9 85 279
3.9548457736168947 3.617284741815991 1.2736013983186993 9 85 288
3.939027710866091 3.3471961413266005 1.260617649955638 9 85 381
3.9400587835121077 3.2725977327672395 1.255815361898259 9 85 405
4.063147048564643 4.115973827452998 1.2770222126448723 9 86 104
3.9566165017084205 3.588378986753259 1.2686502470506642 9 86 298
3.947030685750251 3.3101595369898664 1.253665370357849 9 86 392
3.937176060008631 2.621118293870496 1.213403467093277 9 86 596
3.9218423144842225 2.5890438285640984 1.214903938892916 9 86 608
3.9509070095211762 3.5463025496013296 1.2645563418879944 9 87 313
3.9573821632096218 3.4769643600279387 1.2587713681187682 9 87 336
3.946545722888675 3.4172796088516306 1.257541789061488 9 87 357
3.9374042816615784 3.285768191738182 1.251465072688534 9 87 401
3.926617232785394 2.7134742508838796 1.2183957118192759 9 87 573
4.061732627363179 4.1376376576799005 1.2732111626390281 9 88 96
3.958168787545529 3.745987181066082 1.2725678627534027 9 88 242
4.0577645171832035 4.069405871777821 1.2670970220228743 9 89 122
3.958629838743165 3.61692521631619 1.261607917796614 9 89 288
3.954711366882696 3.56003697272519 1.258936768430309 9 89 308
3.9444996826735377 3.399646684763308 1.2512119356979385 9 89 363
4.05797652076544 4.096293720199134 1.2659835216635302 9 90 112
3.948550914615997 3.458499898620619 1.2511354905613614 9 90 343
3.9218521229914227 2.700388538479398 1.2093509526767465 9 90 577
3.9531440730433824 3.540059789561566 1.25241031983271 9 91 315
3.9600915973002087 3.6226613549547055 1.253242713051479 9 92 286
3.9544875882280417 3.5921132433273737 1.2526093937451157 9 92 297
4.068187840027781 4.169608445959504 1.2599882997943683 9 93 85
3.949000753553295 3.5469458541626397 1.2481920065847312 9 93 313
3.9269926816455225 3.2165227046071934 1.2320972032786488 9 93 424
3.9383935228811584 3.7980600851291744 1.2642424027743768 9 94 224
3.9572872924797298 3.7416982437151938 1.2560407559733615 9 94 244
3.922830088643107 3.2591122979029663 1.2329411482462984 9 94 411
3.922221161042603 3.2279044777872574 1.2310584560814462 9 94 421
3.9380081792035577 3.192069144683872 1.224937399414301 9 94 430
4.0572870472749525 4.095896870560265 1.2522754548565174 9 95 113
3.938246661100525 3.7739872852400205 1.2599986395528204 9 95 233
3.9653387006793963 3.7298295232457828 1.2505577148376883 9 95 248
3.9371681311102984 3.3465095983472537 1.2322880393332354 9 95 381
3.945856925351685 3.3153641986895743 1.2281489185074244 9 95 390
4.06396111702335 4.3003067046733685 1.2613292141166006 9 96 34
4.04840812798731 4.13986183443135 1.254550351458894 9 96 96
3.939008935094865 3.289691673462322 1.2252015386140798 9 96 399
3.9224310743776805 2.7064346248278555 1.1908281388423665 9 96 574
3.917376138647944 2.632941929293662 1.1872191909127243 9 96 595
3.9182660912354734 2.587222108111576 1.183991630245671 9 96 607
4.056997219950542 4.117888764511241 1.2482346523057366 9 97 105
3.9400629487324665 3.7959112404235014 1.255565031442458 9 97 225
3.963143930613078 3.7360333291665033 1.2459375907081611 9 97 246
3.9498953135128927 3.3879549940576483 1.226116592615825 9 97 366
3.9348251536156953 3.7803504449928917 1.2530989855160442 9 98 231
3.9383844351721815 3.4189674317818013 1.225234422180864 9 99 357
3.927424338995186 2.576786748671368 1.1714301734360044 9 99 607
4.0500167242022975 4.147245074370953 1.2436051420199334 9 100 94
3.9612619906717805 3.544296089429898 1.2250880846563938 9 100 313
3.9484929894527556 3.3788910541641286 1.2171109912807323 9 100 369
4.0579215203611385 4.294477992450173 1.2488497939021719 9 101 37
4.0638409861235 4.125891040566538 1.2358998074841114 9 101 103
3.920094821825936 2.6378095039181653 1.170968348534649 9 101 592
4.065921590512741 4.319358325739717 1.2457958862205356 9 102 28
4.0646014600683 4.171127598624448 1.2359925259215192 9 102 86
3.941463508618315 3.4480419502023247 1.217766779818793 9 102 347
3.938949675464992 3.409438906919587 1.215764084478697 9 102 360
3.927336858715912 2.7055200136386586 1.1705650804956576 9 102 572
3.946850068060895 3.385296628614172 1.209179253794596 9 103 367
3.924316563119344 2.8302793751533075 1.1767358068475897 9 103 538
4.067330259654028 4.135722269546041 1.227244868933525 9 104 100
3.9201607004138657 2.807562523041042 1.1730975427966872 9 104 545
3.934563210653964 2.7058496758252786 1.1623527399199665 9 104 570
3.9165909033300186 2.599753832502948 1.156401138604683 9 105 602
4.067946517622983 4.325420176803764 1.2319767058669797 9 107 27
4.045783506200625 4.1029349046893655 1.2220940154714515 9 107 112
3.9309540940967214 2.7100958130584285 1.1539551762571179 9 107 569
4.056785865888429 4.152167983399128 1.2198695559828279 9 108 94
3.9101030890935693 2.8121391216637237 1.163480139632318 9 108 545
4.068617332040326 4.294053055795453 1.2240393351513723 9 109 40
3.9117738467369505 2.792356069379761 1.1584814116545257 9 109 550
3.9249921195901587 2.771875382141751 1.1535093602741546 9 109 553
3.908883586373118 2.6246109297478304 1.144046934918609 9 110 596
3.919157848924611 2.5356570978353887 1.134912417001786 9 110 617
3.8911385744005975 2.8237367628943972 1.1599749810163285 9 111 545
3.9123808213480853 2.717737023563157 1.1466027834312809 9 111 570
4.074103430907275 4.340065194428389 1.2175402371531867 9 112 23
4.066003348044136 4.166020936755992 1.2070826115017637 9 112 90
4.039699897264258 4.109917048446876 1.2101248393872035 9 112 110
4.055378783212008 4.1413332809288805 1.2053254718477724 9 113 99
3.840736622723536 2.7646086568912107 1.163135047225215 9 113 572
3.921580648356305 2.588569340945238 1.1282405885739553 9 113 602
3.9236596716434873 2.548271162177791 1.1247277560262627 9 113 612
3.893362824003332 2.700941174242278 1.1409554774969555 9 114 578
3.916924160225356 2.576336808225254 1.1253316615122853 9 114 606
3.8911277765459023 2.5405596468574254 1.1265126299804102 9 115 621
3.904404847149585 2.5431441348802664 1.119754382054035 9 116 617
3.913172653015091 2.5883880743073115 1.1173997667223172 9 117 603
3.892653128340557 2.498626319408909 1.1164124308119465 9 117 631
3.9202020365150996 2.638797142173987 1.1159261924149804 9 118 588
4.0544819451892735 4.279254213748098 1.1988918309397838 9 119 47
3.7783101990875654 2.869616091015329 1.1702461354813178 9 119 554
3.932591280800776 2.5816307123365725 1.1048042422192792 9 119 600
3.8864548296878842 2.49461686729528 1.1112627923282625 9 119 633
3.783866984111625 2.9899249631924354 1.174882602826993 9 120 516
3.7741603844300187 2.915061202540912 1.1719425181186596 9 120 541
4.05517495150554 4.1479899905879 1.1830128995322158 9 121 98
4.04695356817839 4.136816547701327 1.181641829939307 9 122 102
3.9225668897611667 2.5447913597384995 1.0948135233215226 9 122 611
3.906205381291592 2.5358995377987976 1.0988414500966672 9 122 617
3.8942001117434306 2.4961389803213314 1.0992362458474054 9 122 630
3.584728633178521 3.15710584557567 1.2368103807090334 9 123 502
3.761854164758426 3.031330485398694 1.1757324270284313 9 123 507
3.9033701050924594 2.4787726230452534 1.0919048295261429 9 123 632
3.753534889978069 3.0076739125290937 1.1734489896647653 9 124 516
3.7577111116361817 2.9761698121634574 1.1697763539668726 9 124 525
3.7383323878324726 2.8829753199537986 1.168164123253184 9 124 558
3.9286470756553107 2.533654560455762 1.0854541964303566 9 124 612
4.060724015862532 4.18000918189796 1.1723518599664342 9 125 87
4.0524215158131565 4.154969983335255 1.1728248738387306 9 125 96
3.9009654057681473 2.5260618694325365 1.089595326573082 9 125 620
4.046992824880496 4.130839723854737 1.1696351899067976 9 126 105
3.695775713452531 2.8526888700730244 1.1725410012485105 9 126 577
3.9037033330234143 2.52166312309933 1.0817408590358082 9 127 620
4.056165424701177 4.154368341060557 1.1629747243750022 9 128 97
4.049559522457912 4.116076392954337 1.161895553407372 9 128 111
3.8917707970684203 2.4845313312755968 1.078982947646814 9 128 632
3.7100175498554426 2.977501050514043 1.1697234899036135 9 129 534
3.664307760190119 2.868714094022183 1.1719414180703576 9 130 579
3.9008405710178655 2.5174239307344473 1.0721617923760305 9 130 621
4.046566198266852 4.264286244785397 1.1660503585586295 9 131 55
4.053300006386378 4.155526230241705 1.1551904876926717 9 131 97
3.712101920849127 3.0682764839917542 1.1707877077768694 9 131 504
3.8898229015042234 2.4743818647596063 1.0652658826353427 9 132 634
4.054517215332813 4.3385989277937576 1.1639689831367352 9 133 27
3.673974076251234 3.070365787258949 1.1770794400711537 9 133 511
3.6724094592857024 3.044233823701547 1.1754195999652275 9 133 520
3.8770509329922564 2.477153053653854 1.0389253859165317 9 141 634
3.60769297452455 3.117689786594928 1.1777750181711983 9 142 508
3.6206099146019315 3.272732824068224 1.1843333524814144 9 143 450
3.634737687366994 3.298347641687208 1.1793376783697076 9 144 438
3.609406097795527 3.2645369991290165 1.1846904449602937 9 144 455
3.6147782721326838 3.3227749700166385 1.1725151958576208 9 150 432
3.6000424806165183 3.305095467403625 1.1707576883072055 9 152 441
3.6031368438367695 3.289998469556691 1.1683321172628978 9 152 446
3.6083309460735427 3.3115882816939983 1.1659142448434958 9 153 437
3.604709507534137 3.2697777251827995 1.1633526597917743 9 153 453
3.888319486903633 2.461857642325422 0.9922966760998286 9 153 632
3.6059892421341777 3.336262490212389 1.1611939598960168 9 156 428
3.885319605340764 2.4655658385127954 0.9831291065980566 9 156 631
3.603778491729405 3.3127727059419225 1.1571885247516023 9 157 437
3.890927872749396 2.4529562907193174 0.9693641936994678 9 159 632
3.820701397389222 3.088053969350246 1.0413323990539283 9 163 473
3.794749193845248 3.070081575093591 1.04901716133923 9 163 483
3.8425321525250915 3.004268225172545 1.0254010070029365 9 163 494
3.788834784239267 2.9805832892314026 1.042593807591554 9 163 511
3.857652117096122 3.24871276802878 1.0401740812288145 9 164 418
3.8295468958508136 3.03216313220849 1.0295819685858234 9 164 488
3.820227548717747 3.1597263486976632 1.0421246602451746 9 165 451
3.827438319253025 3.1264698946778076 1.0362696307021757 9 165 460
3.8887792439576905 2.456705310611154 0.9490664368088146 9 165 630
3.819281425219738 3.0069266782896347 1.0245020818939061 9 166 497
3.7488707288315632 2.9683125244082467 1.043576112711177 9 167 522
3.9534000490577275 2.3745238562683193 0.9061873530685679 9 168 634
3.7645797285191547 3.0885106190133333 1.0433571795120713 9 169 482
3.8261228787464776 3.2928890995323106 1.0374036937110809 9 170 408
3.8910491180116473 2.440864864318574 0.9286300318854833 9 170 632
3.740177145659813 3.079674744940194 1.045528550436167 9 171 489
3.7469951891628988 3.052882720835048 1.040288225305675 9 171 496
3.7314145348112566 3.2004722569968536 1.057886117972301 9 172 452
3.762171286862891 3.1304619934895803 1.0392150821751978 9 172 469
3.754070049539318 3.323023747710508 1.058582826079709 9 173 408
3.7847688312580994 3.2760258233556434 1.042153826608638 9 173 419
3.822966530364557 3.220424503819249 1.0220007202199164 9 173 431
3.71250131516484 2.9767747721913076 1.0396444867526111 9 173 526
3.7402674876139326 3.1889480528200194 1.0473695788208723 9 174 454
3.746171038446203 3.1701841810242826 1.0432126477163726 9 174 459
3.8835064477166137 2.4643043826371462 0.9193138805896376 9 174 627
3.73459358711721 3.0489921656075083 1.0323475590207956 9 175 499
3.747492036049338 3.27087191795336 1.0468966872625085 9 176 426
3.693238109522759 2.9819956299120767 1.038455209010452 9 176 528
3.7287368874192666 3.1688075599920853 1.0377316646056025 9 178 462
3.7216968098485395 3.14460811767697 1.0379940737516047 9 178 471
3.7232926098654855 3.127987715482599 1.0356601715823548 9 178 476
3.723761085131894 3.099220837731002 1.0325172575039765 9 178 485
3.734226397804467 3.0183576966027643 1.0201061022987687 9 178 508
3.723343049576031 3.066560606271082 1.0231983188039278 9 180 495
3.717508188312687 3.201647933210014 1.0365397465057336 9 181 453
3.7198393465985635 3.1192753915068554 1.0270197621709753 9 181 479
3.877870026238254 2.453829775930682 0.8948873849998411 9 181 629
4.03484113257214 4.1499458330572105 1.0064405616762013 9 182 108
3.724478426455698 3.18522309633145 1.0290416296785372 9 182 457
3.7224039006650838 3.277738126176744 1.0365921411838341 9 183 427
3.730633965445654 3.264758258181848 1.0319279699251462 9 183 430
3.7172485020690633 3.100915233921086 1.0200345454138158 9 183 485
3.724885884085161 3.174933640635719 1.021735031666554 9 184 460
3.716224828707931 3.113790667949658 1.0187522270181897 9 184 481
3.7277881846151604 3.022710940061115 1.0044601673204272 9 184 507
3.7204540453218407 3.189418043480685 1.022026657564051 9 185 456
3.7165444155306275 3.151020748217122 1.0195265934257658 9 185 469
3.8733352561455323 2.4661793783550023 0.8833043650426643 9 185 626
3.6620752731881048 3.3426703081205846 1.0590911770636753 9 186 414
3.6685703973830335 3.3280753074154306 1.05202639890118 9 187 418
3.7431927903986617 3.24529669238232 1.0126680084735642 9 187 434
3.7197091563673172 3.2353736222853944 1.0211948167297202 9 187 441
3.7280914527101934 3.1717059697352195 1.0078760620444014 9 188 460
3.895011838407842 2.4168104503406536 0.858016489832979 9 188 632
3.8655684935392305 2.472278054902909 0.868700392960706 9 190 625
3.725515226590561 3.187328961893936 0.998354128246885 9 192 455
3.714970613896124 3.149130459557675 0.9985722193298379 9 192 469
3.8692507519899952 2.4624054390632475 0.8586732085411267 9 192 626
3.708132280145089 3.2332201591443317 1.0076392079906737 9 193 443
3.7223715958998866 3.2349319540239874 0.9987889962880262 9 194 440
3.8725938593368747 2.4777428634262764 0.8515059136688468 9 194 621
3.6665538178896124 3.3326685396550872 1.0273735278189702 9 196 416
3.7140230432463497 3.284248089021452 1.0017315817424062 9 196 425
3.712992324786561 3.2726079494448017 1.0008701542423943 9 196 429
3.7109871823941427 3.19679459371183 0.993253046132949 9 196 454
3.944343378104181 2.354712051663584 0.7996995648344909 9 196 633
3.7230690197624927 3.2914033144699517 0.9895258333912426 9 199 421
3.881865008030778 2.4466137158975636 0.8252261223944035 9 199 625
3.734532177942423 3.3011906838316567 0.9826010808859036 9 200 416
3.940323346097976 2.370274964049872 0.7833902072613409 9 201 629
3.714923714831189 3.2358523951888216 0.9744316953946786 9 203 440
3.706183103449782 3.2310122913622603 0.9777215624934474 9 203 443
3.692468373104366 3.2288378949135623 0.9835083846955643 9 203 446
3.8661590489626416 2.482346093329453 0.8210020452694353 9 203 619
3.944736961840983 2.345810066627123 0.7706728264734296 9 203 633
3.7274056360743666 3.3247128468004803 0.9761046212412672 9 204 409
3.717561845527123 3.2648201771248395 0.9704330524854275 9 205 430
3.722889915414236 3.2374378987256303 0.9648820243840649 9 205 438
3.946312328865874 2.336088821242633 0.756784910170587 9 206 634
3.731452233872111 3.3161704062617003 0.9640305690173171 9 207 411
3.720512254995942 3.1718709100408113 0.9520090344698576 9 207 459
3.8830632852445914 2.456464354510644 0.7913640444289387 9 208 620
3.731023398673789 3.2882193420889947 0.9546923650225536 9 209 420
3.7088320665567625 3.177523045969015 0.9516336480918487 9 209 459
3.714456993064375 3.132874986876021 0.9438063394935227 9 209 472
3.896306314941935 2.434075335691781 0.7788606808257078 9 209 622
3.7181709769813063 3.272355142476069 0.9555131023805089 9 210 427
3.9494587296154773 2.354894136505718 0.7413892771046479 9 210 628
3.9201072387463207 2.408794933705109 0.7571544927226188 9 211 622
3.7108486673163825 3.231931756687321 0.9477756837496542 9 212 441
3.724968298274044 3.2899622724316218 0.9451190582056878 9 213 420
3.708170855362601 3.1154660608616838 0.931850413630303 9 213 478
3.8876627815116946 2.442116625398408 0.7681310377784809 9 213 621
3.9421437972433697 2.3584202811792387 0.7329647367077101 9 213 628
3.7182394807984767 3.26499665275517 0.9420698826856283 9 214 429
3.7125431060683614 3.2460259794156974 0.9424117118283177 9 214 436
3.7298224045003057 3.3425758689939324 0.9429576548009468 9 215 402
3.7252059963326882 3.3260072001414924 0.9399540257294507 9 216 408
3.7123331163310946 3.1693429278137852 0.9236633783850131 9 217 460
3.877888610899736 2.4640372957129446 0.7596923010123726 9 217 617
3.708213582998197 3.225054035442275 0.9292501057709813 9 218 443
3.712355506203438 3.1528823204763596 0.9184253898864901 9 218 465
3.696867958040495 3.131994309424393 0.9167503164337983 9 220 474
3.9215980657145444 2.3375999645171834 0.7074010350846447 9 221 635
3.7226517142646998 3.3010742754312288 0.9191164753552266 9 222 416
3.714015638634595 3.2740535374360418 0.9198756980247924 9 222 426
3.7166623778785586 3.225698336298467 0.91256056816676 9 222 441
3.7094555525332265 3.1786024769775914 0.9101245104461818 9 222 457
3.7023905802118433 3.150475210177297 0.9099925256292961 9 222 467
3.927265013626015 2.371000146025997 0.7047638341769614 9 222 626
3.930684898778869 2.3291192946178354 0.6896214851257989 9 224 634
3.7214097013814564 3.3348277964160524 0.914420229405669 9 225 405
3.720287201566685 3.323017630294024 0.9134696566159285 9 225 409
3.7306731079151008 3.287282197688571 0.9039027145863539 9 225 419
3.7077029592706268 3.1848211563448476 0.9020792196286146 9 225 455
3.9105495994144173 2.4103422872867575 0.705536695526297 9 225 620
3.9332851509226545 2.36137286598372 0.688298813470005 9 225 626
3.723772898116292 3.3057667474709347 0.9063903773704856 9 226 414
3.724359796595036 3.29902618883507 0.9020337481880973 9 227 416
3.7110018581094777 3.267828480005875 0.9045910981226302 9 227 428
3.926138468422505 2.3253474106323635 0.6789095007112783 9 227 635
3.936377600223957 2.311058679462703 0.6594811842759805 9 230 635
3.7219775983056094 3.330161838123781 0.8943490698997504 9 231 406
3.7231862935337903 3.2765665342487007 0.8867900026305102 9 231 423
3.71491995468463 3.2108024652788605 0.8823709329228184 9 231 445
3.928693443465076 2.3899749627587834 0.6693403055442527 9 231 619
3.713792848268742 3.339622332071729 0.8964549349275808 9 232 404
3.858664811501371 2.48995052605499 0.7092728715359149 9 233 611
3.943675657725319 2.336496257115564 0.6464839805883804 9 233 627
3.937773943742382 2.3057132801186313 0.6454200625878772 9 233 635
3.7181580649476933 3.3280399569955894 0.8863148552800667 9 234 407
3.720429991038163 3.2133130038288296 0.8700925518692718 9 234 443
3.710302185862439 3.205755270989494 0.8742087477588805 9 234 447
3.8610879550018895 2.4737003068616747 0.7019406819326621 9 234 614
3.9326167202827884 2.3689548861873666 0.6520908428170327 9 234 622
3.7159206513855967 3.310162961350945 0.881857225887139 9 235 413
3.720219356526963 3.2799963000752674 0.8756990636632638 9 235 422
3.944083282736023 2.3092086303667543 0.6299251429970663 9 236 632
3.7007729587850875 3.028704668946405 0.8456641338835025 9 237 502
3.7266212871344315 3.2824950664565336 0.8629243333318245 9 238 420
3.702882291490245 3.097312928573527 0.8503707598321701 9 238 481
3.852041143528235 2.49065294957145 0.6928195302180199 9 238 611
3.9191368587615587 2.3805567853332654 0.6394911959449692 9 239 621
3.720437527046016 3.3162833616898677 0.8640681898165702 9 240 410
3.705377593868974 3.263566513248681 0.8647616720156174 9 240 429
3.7217727286718 3.220235265458122 0.8504454023931654 9 240 440
3.703851302871417 3.109064333564305 0.8447489745956261 9 240 477
3.7005410658223505 3.077784854544222 0.8422500413878046 9 240 487
3.6903152712172096 2.98639192954002 0.8352351709348705 9 240 516
3.706522232802456 3.1760931864294077 0.8490661401234157 9 241 456
3.708002660909584 3.145819454335257 0.8442045368944031 9 241 465
3.683892547604141 2.959412456718794 0.8315309720841637 9 241 525
3.6789181350350186 2.9215243582013724 0.8289934122384776 9 241 537
3.859630874285889 2.480000272020392 0.6754240264284465 9 241 611
3.7101989664423485 3.254258759811422 0.8544251594633003 9 242 431
3.6974255554776425 3.1383636672824764 0.8453587184177133 9 242 469
3.702314768848302 3.128921480507758 0.8415265774219727 9 242 471
3.693878495684827 3.0339066615297217 0.8330315593061992 9 242 501
3.6799374799714593 2.9856314353567606 0.8337520328124206 9 242 518
3.940888465412349 2.3045580642044627 0.6051804341524736 9 242 632
3.7225557041226915 3.327163131798819 0.8545832001219561 9 243 406
3.7189037443562105 3.316233616739095 0.8550068814544066 9 243 410
3.7226576764321804 3.273418252962524 0.8472059332436296 9 243 423
3.7165318023572587 3.205709497807698 0.8411882134005072 9 243 445
3.7216455668382027 3.289508635313823 0.846613272338957 9 244 418
3.702826893636166 3.124420712430097 0.8339255017209878 9 244 472
3.691180327671237 3.0816594776439015 0.8342013385461717 9 244 487
3.6721783727967647 2.9591216983317095 0.8274315120828685 9 244 527
3.7109524542439276 3.1589306255295675 0.831003082726488 9 245 460
3.6893211968521067 3.06560515813361 0.8296090770114195 9 245 492
3.6772939535582743 2.992499006915582 0.8259197105693443 9 245 516
3.6798800797779685 3.040991447073478 0.8278418563867916 9 246 501
3.940932901694757 2.327138854765561 0.5909409843349132 9 246 626
3.9311188744175705 2.2952663028917035 0.5917504982442909 9 246 635
3.688676690593801 3.193273137222163 0.8408625595959408 9 247 453
3.6960605939474185 3.1795115805511918 0.835024866550845 9 247 456
3.694404519260666 3.108180313971337 0.8260304447900252 9 247 478
3.65662547567581 2.968563068909716 0.8268185965583881 9 247 527
3.7145893829808987 3.32006601187751 0.8413100254192142 9 248 409
3.714767543263199 3.288436812449028 0.8368180746596868 9 248 419
3.9373104811254462 2.30956589540118 0.5817461201542748 9 248 630
3.6995264923511324 3.24779388851721 0.8359972217865592 9 249 434
3.703789184313394 3.2360460187433393 0.8320689593069361 9 249 437
3.7080315575606964 3.22421725552917 0.8281403172416967 9 249 440
3.6896891293709446 3.1332427803495437 0.825292724064953 9 249 471
3.6856086290001056 3.1026382817711324 0.8232125756069274 9 249 481
3.6997506348021556 3.218484377276866 0.8284424646619052 9 250 443
3.6278815105361564 2.957462046615909 0.8306172750788634 9 250 536
3.937612928586789 2.3112731512718327 0.5730970059571812 9 250 629
3.7018900602321128 3.2936104775752524 0.8345013387409856 9 251 419
3.7030756716225 3.280415269519124 0.8320034856854367 9 251 423
3.693478227672024 3.256538229634992 0.8338402280722806 9 251 432
3.6608862868343452 3.0873682313823667 0.8276873305036013 9 251 490
3.8512803495708434 2.4981310910437955 0.6417398260800256 9 251 606
3.9302683358438926 2.368297744934444 0.5807192968226471 9 251 618
3.682677548672318 3.165484567528437 0.8235308061515917 9 252 462
3.8680342000340246 2.467966162053468 0.624284698845111 9 252 609
3.903524353835321 2.4159563434298197 0.5976503098508434 9 252 613
3.917123213426111 2.3662846337676546 0.5832445935266533 9 252 621
3.9219612282550123 2.3463766639365575 0.573466579171438 9 253 624
3.9300405259484443 2.2962862328318647 0.5619561488386693 9 253 633
3.699232390487031 3.328530645183066 0.8309494958713186 9 254 408
3.6918604652096816 3.284889604083681 0.8287777099022932 9 254 423
3.670734475257315 3.197209073741237 0.8278744961096969 9 254 454
3.6288287931734127 3.0410919982740032 0.8286172123285627 9 254 510
3.6337335393432366 3.0733768527458487 0.8272144711573376 9 255 499
3.6813755332655234 3.6894790021186465 0.8859546110736359 9 256 286
3.637955789089004 3.16712340189301 0.8350126993932327 9 256 469
3.919944998292152 2.36758375502114 0.5645616917783061 9 256 619
3.923185039119019 2.3412538996265466 0.5589952213746869 9 256 624
3.695866863616503 3.335530988455678 0.8238654832197682 9 257 406
3.6796941608144706 3.296083759276513 0.8271546550338205 9 257 421
3.650156351570919 3.210552642851526 0.8312202235426314 9 257 453
3.90617803598148 2.4163320657191045 0.5748629417169564 9 257 611
3.6328694797309646 3.143725229632228 0.8278969853527391 9 258 477
3.924354386105893 2.2859549728021413 0.541590802644057 9 258 635
3.6523716352556743 3.2589309488722926 0.8304185477347568 9 259 437
3.924805828600886 2.345006103835535 0.5454820463449115 9 259 622
3.9275365953902517 2.295423771143131 0.5367600540943069 9 259 632
3.6016105074401774 3.708970660204445 0.9211939142606043 9 260 284
3.6578120420025986 3.2932237529225716 0.8290815887338913 9 260 425
3.62997354349851 3.1950125909588527 0.8271290189175561 9 261 461
3.8528686559276086 2.4851805058830876 0.5977091773518117 9 261 606
3.6778028665683147 3.685266587771932 0.8687632028106397 9 262 288
3.6774454469618663 3.666113493774883 0.8661536141226248 9 262 295
3.7123465403210023 3.6367239313521837 0.838873080148463 9 263 303
3.9291944194619197 2.292968100200389 0.5176619654888204 9 263 631
3.687201649081257 3.6588296646331875 0.8532580825647083 9 264 297
3.6572559556653443 3.32017326634913 0.8202356364045502 9 264 416
3.6410067915269684 3.2998908841704666 0.823240502850562 9 265 425
3.9071663842735673 2.3688090793536505 0.5325786735566163 9 265 619
3.930841348599921 2.307483393868215 0.5099162550952001 9 265 627
3.671740475278633 3.6785377110284045 0.8587530967392268 9 266 291
3.637724974009952 3.3558885503972613 0.8302071180754833 9 266 407
3.9158869528052525 2.283729514352471 0.5104837312064183 9 266 635
3.857377976340658 2.478259967275898 0.5688828877837648 9 267 605
3.893918304520839 2.4296299180292515 0.540518882042335 9 267 608
3.926828798088259 2.3136113590694105 0.5041653353994686 9 267 626
3.9099126787933107 2.3807092151311915 0.5195528024929579 9 268 615
3.9090588786572624 2.349103030006381 0.5152997606760699 9 268 622
3.5971215156351173 3.7106749447310623 0.8975978678351044 9 269 284
3.6865197092163022 2.934864933704613 0.7250145317474382 9 270 526
3.8539640161728066 2.4824313293365554 0.5587623432443012 9 270 604
3.900425452696793 2.410512257638851 0.5207474482229724 9 270 610
3.916479869748591 2.3376283281470744 0.4958610575052096 9 271 622
3.676873171911444 3.653129338974009 0.8330000253065166 9 272 300
3.6767143148219814 3.627910602801797 0.8292474732084103 9 272 309
3.6141047934841812 3.3470365099847603 0.8232568797231498 9 272 413
3.68556352794335 2.876376714396593 0.7094255788982583 9 272 542
3.920073530603403 2.3137566685331272 0.48561660767837544 9 272 626
3.918588997062709 2.3750242566984925 0.49135302102892364 9 273 613
3.9122492938194835 2.367329722350057 0.4939204703246438 9 273 616
3.5929267313203583 3.3295439526821635 0.8266772927204683 9 274 422
3.6860489447772435 2.9360630156652454 0.7109864711254336 9 274 525
3.9128860051627212 2.275653240432903 0.47497638183565893 9 274 635
3.598202938987092 3.7446104949754893 0.88435858693212 9 275 271
3.592617843680264 3.7223749562282613 0.884254248550053 9 275 280
3.659416938369584 3.687124744267685 0.839046670887683 9 275 289
3.6789077364546268 3.014194754206703 0.7200668585033839 9 276 504
3.6803959698014435 2.992128749550528 0.7157611560403656 9 276 510
3.6831583755641715 2.9296501912338204 0.7044373195610021 9 276 527
3.6849039569585447 2.9706171660416953 0.7061066160847799 9 277 515
3.853557893787831 2.474570596238501 0.5278304528817892 9 277 604
3.9094318607766025 2.392908694188833 0.4816162760088225 9 277 610
3.5976991645748795 3.739959294980758 0.8749959268436258 9 278 273
3.587484059824063 3.7132589758535373 0.8769838722078169 9 278 284
3.6941163957009344 3.0342733342006034 0.7068501346262047 9 278 495
3.684478873644865 2.894632211597724 0.690873711019153 9 278 536
3.6821777837930467 2.88547104786639 0.6908307230343579 9 278 539
3.9111749528013373 2.361895194169281 0.47123625561502536 9 278 616
3.6828791555582114 2.992052596040576 0.7034061964212641 9 279 509
3.6768459530675086 2.8625102049868314 0.6830772971582325 9 280 546
3.6375155775160715 3.6835295247391127 0.8328386144957732 9 281 292
3.633323729331819 3.6598764450820633 0.8316618043313546 9 281 301
3.6844277736326516 2.971935153328282 0.6920151423653982 9 281 514
3.918326972831391 2.322301443652483 0.44703687429366434 9 281 622
3.9200728948533965 2.3013965155541216 0.44267575342196164 9 281 626
3.9166802346217047 2.2809251854840076 0.44151387334796355 9 281 631
3.747513207726276 3.2430537343635883 0.6926907128703937 9 282 425
3.6827137243245147 2.929413589266147 0.682668431397738 9 282 526
3.678722385425939 2.89612989256583 0.6798402110401118 9 282 536
3.8757732069238235 2.4561470959307377 0.48966387477095696 9 282 602
3.904393861100558 2.3961597919191355 0.4626619951260227 9 282 609
3.9110897174911394 2.3567228649137335 0.45232315262792766 9 282 616
3.588768424512769 3.718754056899835 0.8620851017890672 9 283 282
3.7263531218210564 3.0849121290843318 0.67689407426903 9 283 474
3.6799432691579064 2.9487981491555275 0.6837584451873214 9 283 521
3.613706275433596 3.6424626772204514 0.8315341588047171 9 284 309
3.746411626391848 3.1639364938598553 0.6734268150541465 9 284 448
3.728793785600822 3.1215712605571317 0.6775276676899199 9 284 463
3.7501677220436234 3.2543786833117005 0.6818645352380492 9 285 421
3.7456869644539506 3.1359516423838025 0.6656784363724431 9 285 456
3.8647263307940767 2.472189651171344 0.48577891909591764 9 285 600
3.921409547560763 2.3232556822238353 0.4268705257272083 9 285 620
3.908065163665944 2.308282418477133 0.4327289804055965 9 285 626
3.906160287998894 2.3006986738180992 0.4326933943261797 9 285 628
3.5923360958261057 3.744388351383927 0.8549290434737074 9 286 272
3.610428304971369 3.691670961785978 0.8352236138985714 9 286 291
3.683120881138536 2.958848119657853 0.6723370143805442 9 286 517
3.901569436140921 2.4078166970601744 0.4481457248774534 9 286 606
3.7191826368709524 3.132734468063999 0.6741961250185858 9 287 461
3.733762713080067 3.18300757828772 0.6695175340588518 9 288 444
3.686510416704169 3.0052608123564992 0.6703141275358374 9 288 503
3.5942471519297676 3.7185318753372867 0.8404363628439311 9 289 282
3.5948570029863243 3.641493069438486 0.8275382271268987 9 289 311
3.698305348091122 3.2483116122361952 0.6986916550769872 9 289 430
3.6966456694295484 3.1311417981656318 0.6806995982616723 9 289 465
3.890245366715175 2.3022058224748063 0.4244419085844493 9 289 630
3.5973961843267324 3.6705020977672396 0.827557542674759 9 290 300
3.699757888225431 3.111549330264398 0.671888285449988 9 290 470
3.716085988568886 3.055745567846126 0.6524956449727837 9 290 483
3.6861824144173285 2.9539511383609587 0.6547509526706937 9 290 517
3.9122736085328036 2.3353205804016612 0.4113465753718095 9 290 618
3.5958832311080755 3.7419737437360627 0.8371063399206222 9 291 273
3.595805770338324 3.7106300854534453 0.8320261690194872 9 291 285
3.68972798263459 3.2879896858986974 0.7034278145636768 9 291 419
3.6886439769863575 3.249190653590748 0.697764582018631 9 291 431
3.6727119075236905 2.93058435043684 0.6557088415684053 9 291 526
3.703686733665377 3.180576579481399 0.6733607138782516 9 292 449
3.681834351552038 3.1486969006992744 0.6820053935930399 9 292 462
3.6968980281461477 3.1018746849926755 0.6647468060942199 9 292 473
3.680905946986674 2.938302264171038 0.6480396458177549 9 292 522
3.682766708186849 2.9724909774895805 0.6487347635982172 9 293 512
3.836151484081431 2.4990463671931296 0.4728964876429649 9 293 598
3.6754126498640494 3.2450113743395477 0.694781462774209 9 294 434
3.909764672723616 2.3420035032597033 0.39540907375171486 9 294 616
3.8945718645198792 2.3193385719527857 0.4013823684852518 9 294 624
3.9027374441523706 2.262453461688352 0.38674555449080006 9 294 634
3.6544160713438227 3.332113978688107 0.7191601714512013 9 295 410
3.662861216642992 3.2249065444153233 0.6959344675711118 9 295 442
3.6994659734892217 3.174851001265275 0.6641095554675822 9 295 451
3.670103061910809 3.1575617793429656 0.6801005608942077 9 295 461
3.6902720249823977 3.072985180644701 0.6531015264749254 9 295 482
3.897232683636333 2.3959071694445813 0.40773438006109175 9 295 607
3.6524934122282833 3.323255359743796 0.7154480207719331 9 296 413
3.6852552163322327 3.120832439242035 0.6605919767371315 9 296 469
3.684587589188195 2.998072212030321 0.6405652661924499 9 296 504
3.6776767002281705 2.970558386248234 0.6404361598955792 9 296 513
3.9032990802176704 2.3315020267085056 0.388468606029323 9 296 619
3.6677981768252015 3.2115907139561743 0.6833846027566467 9 297 445
3.678105893336784 3.012658975551272 0.643443101331211 9 297 501
3.90437316296891 2.3194011680617415 0.3810654453782205 9 297 621
3.5923591625648035 3.7356091961783155 0.8167506967501091 9 298 276
3.6861974356664455 3.163967216532659 0.6598449061750122 9 298 456
3.6861654558449057 3.11931799169286 0.6523712416007714 9 298 469
3.8976800284481525 2.396291263444769 0.3936159045098331 9 298 606
3.63723492692673 3.3513550695721364 0.7196599412090111 9 299 406
3.691947874651156 3.0662355654905906 0.6359574273199906 9 299 483
3.689002936698748 2.9895044956086974 0.6249515735701079 9 299 505
3.6742065302210527 2.9237539327155404 0.6235224517053017 9 299 526
3.672267842745311 2.892085947278159 0.6194517437565776 9 299 535
3.904179304940416 2.316809529854339 0.37133931957480315 9 299 621
3.8988168113750046 2.254403247725497 0.3643227922876 9 299 635
3.584097740745498 3.716208870274304 0.8126669932842855 9 300 284
3.6315556024980546 3.30357761507824 0.7118492179391971 9 300 422
3.6282685395078085 3.32684830671449 0.7144847034890013 9 301 415
3.634530740768313 3.3176330594041072 0.7088079653357184 9 301 417
3.6767318825897073 3.1475948460554104 0.6522384209088963 9 301 462
3.68340444699459 3.1195252856193076 0.6430930857942079 9 301 469
3.6900026616574886 3.094574534654811 0.6345257619299973 9 301 475
3.683052371269297 2.9815375944171496 0.6199116046982596 9 301 508
3.8969290685860436 2.2827769899077546 0.3608717520691116 9 301 629
3.8181116053809228 2.519061058605523 0.4483223111824044 9 302 595
3.8381693111565114 2.486342996113642 0.4295279656501736 9 302 598
3.8774116137158767 2.434487638395363 0.39482743296748635 9 302 601
3.895760728868086 2.3165077345494685 0.3626409135587496 9 302 622
3.8906750301346222 2.2587357434046096 0.35615612733463275 9 302 635
3.694906192584944 3.163717490547809 0.6355938417170957 9 303 454
3.6772594113869976 2.9332894038273536 0.6078919048970288 9 303 522
3.898104663336028 2.3846078354878806 0.36799703786333726 9 303 607
3.90954508004148 2.334733512645495 0.3519039689559529 9 303 615
3.902958806968287 2.3221435452830574 0.3541104491480844 9 303 619
3.629803001457368 3.3565520639270097 0.7081695483745288 9 304 405
3.6796884968304036 2.9491482554983928 0.6051681080317637 9 304 517
3.5839100544375193 3.750828251412234 0.8031590263768733 9 305 271
3.616541123144098 3.346755092435534 0.7118603986575491 9 305 410
3.6762472680667884 3.121898433189214 0.633360983874159 9 305 469
3.6781174639022534 2.9932970867367987 0.6099798273844419 9 305 505
3.6776886981333563 2.9167642909372984 0.5970929792388917 9 305 526
3.7158323641966247 3.638877879561463 0.6924499466304562 9 306 303
3.8949196171397045 2.3165764468893912 0.34423621033974117 9 306 621
3.590527672065677 3.7396976709659766 0.7905496400154257 9 307 275
3.890474436705478 2.2760060082635722 0.3354219033583483 9 307 630
3.6805858165808587 3.079205217173135 0.6118059082599232 9 308 480
3.678493563487545 3.0200094332925365 0.6029179512154901 9 308 497
3.8960240572120926 2.312590121485126 0.33325645093917444 9 308 621
3.5844952257144085 3.7224327325516016 0.7853080754100263 9 309 282
3.6209260841407978 3.3186643740760946 0.6901765980778027 9 309 418
3.6761362572447465 3.006598854314875 0.5983530381374107 9 309 501
3.8926728669872555 2.4153556374391494 0.34867371162712124 9 309 600
3.7036241243335644 3.6535229566942267 0.6892071099916766 9 310 299
3.6138726048453673 3.3435821745389 0.6958315360662999 9 310 411
3.6855587738681974 3.1382525374760366 0.6111944363265123 9 310 462
3.6736272840604904 3.127978374306723 0.6174939009901856 9 310 467
3.6720070195566468 3.1046060685626466 0.6144989339763172 9 310 474
3.666744156741879 2.9618172754471344 0.5930547621109665 9 310 515
3.58554365939595 3.7198481733052824 0.7778150029785389 9 311 283
3.6165398139361473 3.3327252083417775 0.6886325305396404 9 311 414
3.6765869582484068 2.9868789281684363 0.5869148142189478 9 311 506
3.9039144726765898 2.387391432887608 0.32663251074369914 9 311 603
3.895582837652199 2.313649402164405 0.31934344165393425 9 311 620
3.6853551544438274 3.64269158205494 0.6927762982941403 9 312 304
3.685474691819987 3.616146643654363 0.6880108814679532 9 312 313
3.6260439930954904 3.315365319830708 0.675577515834644 9 312 418
3.636933051928758 3.300265834999699 0.661896614430556 9 313 421
3.6673515202198876 3.0029643283837144 0.5883795593088688 9 313 503
3.6609546471252337 2.9639997683438906 0.5858701652493135 9 313 515
3.6683039619889843 2.929148918641592 0.5746557141597535 9 313 523
3.8796331321557904 2.2689664132990757 0.3127329107824257 9 313 632
3.6779953053406937 3.095301850852419 0.5936169462165706 9 314 475
3.6697031226420473 2.9679042663987563 0.5766908074931802 9 314 512
3.8958615970183286 2.348034318805722 0.3107803813751706 9 314 612
3.8983363166768754 2.3309201979051535 0.3060349153036592 9 314 615
3.885750395283965 2.2707001180465127 0.30400286810556043 9 314 630
3.6727928284912164 3.639690202961127 0.6904704583569985 9 315 306
3.677026402615925 3.0167215914241186 0.5764588845306615 9 315 497
3.879674402303546 2.260992468616263 0.3016231038488779 9 315 633
3.592466595138122 3.7459466440300093 0.7617397007212017 9 316 273
3.641923737330891 3.296935246306884 0.6470826058731649 9 316 421
3.667307293263827 2.920287061100765 0.5620749189196068 9 316 525
3.6208378910284083 3.319573920506719 0.6622142017437824 9 317 417
3.6801497977318673 3.162499794188882 0.5927136566964255 9 317 455
3.68444793140661 3.0754281581112655 0.5740856815323181 9 317 479
3.683325629195001 3.0474348297486955 0.5698402877374904 9 317 487
3.6676308138374054 3.0219182256080757 0.5761854492448479 9 317 497
3.8979201526510003 2.3222293258808744 0.2902078709499982 9 317 616
3.884293657609251 2.3217513398386025 0.29960920231742993 9 317 619
3.671180586808145 3.619669115125173 0.677560658108984 9 318 313
3.685005076242327 3.2315325692428853 0.5979589784565338 9 318 434
3.6717639856283273 3.0075900282652013 0.5668566295210518 9 318 500
3.823060825011149 2.5087140726726593 0.3712431473752864 9 318 592
3.84472047783797 2.47408011273699 0.3498677862835402 9 318 595
3.891329781959774 2.380979444871884 0.3005235792955112 9 318 605
3.5968156395000337 3.7484258902981074 0.7494929915514217 9 319 272
3.5996121536344017 3.3570772164372475 0.676764373704523 9 319 408
3.6818821462970295 3.1848639104449816 0.5879317116650791 9 319 448
3.8743899110842595 2.250794374004541 0.28402902481170766 9 319 635
3.5802360433371723 3.7244232210394905 0.7535680661843489 9 320 282
3.6023496981255954 3.340020982554376 0.6682511062429615 9 320 413
3.640447553603882 3.260502375958571 0.6270098235652386 9 320 432
3.6781738902846715 3.0454788002932145 0.5614410396531344 9 320 488
3.663490031485098 2.8864992076447438 0.5429262290406776 9 320 534
3.8959900670837593 2.388109252020905 0.28886359394698724 9 320 602
3.8929843697422637 2.3426356192561073 0.2827271576524557 9 320 612
3.8865237050775403 2.3102134250355233 0.2813905211982426 9 320 620
3.662291602096507 3.6712778991902155 0.682719159133836 9 321 296
3.668644821522927 3.6497093823915145 0.6743045032450818 9 321 303
3.6603291678858474 2.9772721906731805 0.5577304530978766 9 321 510
3.673688961368703 3.6251773180451776 0.6627520480866057 9 322 311
3.6774713831445403 3.0985223415858427 0.5638359690384334 9 322 473
3.6730147645232036 3.000525458433133 0.5490879749897648 9 322 501
3.6685094579962136 2.922398354168143 0.53800527393176 9 322 523
3.875756776621874 2.2694880940429263 0.2718020011283364 9 322 630
3.6659312214748456 2.971865049325074 0.5449463347102728 9 323 510
3.893585457819562 2.381644898479708 0.274782757556971 9 323 603
3.6778993816061005 3.03241582194331 0.5436107264497707 9 324 491
3.6639113807274537 3.6597108296611722 0.6655221465555223 9 325 300
3.6077976437049033 3.332961561747205 0.6453918093067403 9 325 414
3.6169504157712877 3.312725854140936 0.6350983678405946 9 325 419
3.690445551375261 3.2019363463002586 0.5619896441960204 9 325 441
3.6746662707053552 3.015764373248065 0.5389194080242194 9 325 496
3.6686140056059093 3.001670415675291 0.5406530105504921 9 325 501
3.6698390145595283 2.9565403996897794 0.5314426271463031 9 325 513
3.666389844934089 3.615168615736545 0.6519832116022393 9 326 315
3.67462921853867 3.0551531116819444 0.5423005297907273 9 326 485
3.8880344037824432 2.3294707491276103 0.2544182854620838 9 326 614
3.6845286484187807 3.1939211578845983 0.5570316344762829 9 327 444
3.676012008870676 3.096800366646954 0.5451198034420368 9 327 473
3.6665292066748663 2.9126560008543017 0.5177256962261911 9 327 525
3.853420530804347 2.4589682498160466 0.2985331699848994 9 327 594
3.8727724975624915 2.2997905639482736 0.2549763974616748 9 327 623
3.5876658323923936 3.748352159954638 0.7267314432105392 9 328 273
3.8827395913833715 2.2275865323424617 0.2293637530666608 9 328 635
3.579815367434504 3.7255754738112263 0.7248984968722716 9 329 282
3.6007001464527972 3.357157194886799 0.6407535368109951 9 329 407
3.600867777786723 3.3445434142931463 0.6382703740410816 9 329 411
3.6840149009436516 3.210724574373875 0.5528022783021842 9 329 439
3.6639195422485766 3.06763387067442 0.5406167817468881 9 329 483
3.657881367798304 3.67002805859317 0.6542645365531422 9 330 297
3.6607459678078333 3.6548969194694916 0.6493333293402488 9 330 302
3.681987913646304 3.626689048593311 0.6285451104980662 9 330 310
3.675793720555938 3.084582116471753 0.5312274910224812 9 330 476
3.6668274863953414 2.87972033425785 0.4992824469776891 9 330 533
3.8743961936127254 2.342826490620975 0.24707055205339623 9 330 613
3.8731575957107607 2.314676703350703 0.24268580879833856 9 330 619
3.8735072154815584 2.249729403718895 0.2302305712469137 9 330 632
3.591905589714825 3.7508813845713935 0.7142656215212133 9 331 272
3.6644540361328906 3.6453951997503133 0.6412939103979205 9 331 305
3.6103462926577476 3.3173179508127006 0.6190468618908451 9 331 418
3.663901705548337 2.993731622596097 0.5188626926664914 9 331 503
3.8798686349327394 2.2762736223824844 0.22558932243672603 9 331 625
3.675601976917726 3.6192309723530975 0.6246009289454026 9 332 313
3.6632574615651867 2.967623628733284 0.510419446974373 9 332 510
3.584448477662445 3.7414888349544126 0.7113662285294684 9 333 276
3.6292069210690796 3.235162713583862 0.5822868206787897 9 333 440
3.6679269772693033 3.2074386720930823 0.5484915046372865 9 333 442
3.671087995793299 3.0315327512647894 0.5127767579540643 9 333 491
3.6704300592733925 2.916480048946245 0.49142565525618975 9 333 522
3.8768127476821155 2.3360290712925176 0.2291740439194161 9 333 613
3.5752753303148364 3.713449222166582 0.7095069904268139 9 334 287
3.606979490121076 3.327629927259658 0.6125858745023665 9 334 415
3.6681870371183765 2.9998075141175735 0.5048917853289929 9 334 500
3.6604704946317135 2.975693091901737 0.5060058496016331 9 334 508
3.667216877320638 2.9596065784615306 0.4979533307611095 9 334 511
3.6793485916213955 3.1759278256287766 0.5262542141768451 9 335 449
3.676995782126588 3.0774572580989688 0.5091833068507128 9 335 477
3.673562616791732 3.0175875513283277 0.5002904406513238 9 335 494
3.658644458427661 2.85919142419829 0.4810929759478533 9 335 539
3.6085046152660483 3.35498471152364 0.6094126025733932 9 336 406
3.675325263361854 3.1495773452724256 0.5202657924542082 9 336 457
3.8736800566639307 2.2249614668627418 0.19526177870399364 9 336 635
3.874011310878026 2.2934811543152946 0.20312958495950517 9 337 621
3.5871135202038333 3.741796336255697 0.692844645081933 9 338 276
3.582009395615124 3.718185482743876 0.6921141137081929 9 338 285
3.6103693711628004 3.3408809847352146 0.5980068258489308 9 338 410
3.6788352300408738 3.067316640388903 0.49385120258283455 9 338 479
3.671568947400596 3.0318075734073506 0.49244510040660994 9 338 490
3.6755468139214074 3.018034416030683 0.4868031115405371 9 338 493
3.6676929729011603 3.0883954932975675 0.5022929838114125 9 339 475
3.6611072558837594 2.8846972691184742 0.46779051295659624 9 339 531
3.632218671316495 2.8354180918182945 0.4799839374648882 9 339 550
3.876565273434214 2.3226533323015603 0.1967801699088656 9 339 614
3.874993908962389 2.244090902176568 0.1827443339539876 9 339 630
3.8703631498895756 2.2289419857059176 0.18329458576990687 9 339 634
3.6506090591914657 3.6635549116697694 0.6229948074804263 9 340 300
3.668346285147325 3.0216995035280427 0.4848446842618148 9 340 493
3.6434702823678426 2.86356343462342 0.47289301421747254 9 340 540
3.8817890019659216 2.2856402526464805 0.18059913856570442 9 340 620
3.6618608172637743 2.966096153763174 0.4748697072503263 9 341 509
3.881984566708808 2.3140213690363067 0.1808953344532802 9 341 614
3.6569955305257986 3.647685988124168 0.6078746446641667 9 342 305
3.681323465005434 3.0597440441244337 0.47432285267031604 9 342 480
3.656662983775455 2.9353526620243118 0.4687327185736998 9 342 518
3.6381967523069996 2.8814937635483946 0.47223483745991457 9 342 536
3.869253708776405 2.2253682701809954 0.16814457846478637 9 342 634
3.594158015535801 3.331124286940142 0.590047187076963 9 343 415
3.6578490834478874 3.198458928881346 0.5154001661485683 9 343 445
3.6578397905982274 3.0085776560252233 0.478124158255979 9 343 498
3.642702683066435 2.9188550113599003 0.47205723696140023 9 343 525
3.655173373698629 3.6124316693251846 0.5950814717798842 9 344 317
3.595808926372609 3.3172317724783964 0.5823769671782737 9 344 419
3.672470093779916 3.15812499789282 0.4923336231826223 9 344 454
3.669568173198172 3.084445736231171 0.4800397809817962 9 344 475
3.6586355584019126 3.044190068904389 0.48047968908828653 9 344 488
3.885080269861193 2.2911973609679612 0.15874821120720828 9 344 617
3.871712601505493 2.2347080565601605 0.15785433551582373 9 344 631
3.636211493288893 3.349879619048683 0.5540983748264598 9 345 403
3.6002258049066835 3.3372696594774798 0.5792541094384203 9 345 412
3.6725478705138164 3.125435753853776 0.4818129919994196 9 345 463
3.6630154724126447 3.116882833520135 0.48744618188700395 9 345 467
3.636321380690657 2.948545513051955 0.4746792230835135 9 345 518
3.629704709299596 2.912403660919493 0.4726184975411458 9 345 529
3.649839534480507 3.661250133454315 0.601566564285126 9 346 301
3.6448542193512683 3.0083675492729967 0.4759150439832567 9 346 500
3.607707623390356 2.8539520373122307 0.47392661022187754 9 346 549
3.86378260989418 2.2908581073370495 0.16481460478315624 9 346 621
3.579865487218448 3.7468325101270206 0.66911261421343 9 347 275
3.573166107546236 3.723420601245812 0.6696362051627086 9 347 284
3.6637600783520208 3.057290863087088 0.4669831906689297 9 347 483
3.6447046047259137 2.978167213183374 0.46597853580504456 9 347 508
3.8846127959424543 2.287149067236846 0.14285902155484376 9 347 617
3.6527924813930635 3.654896528682859 0.5907589354707989 9 348 303
3.639904434559348 3.206314173878683 0.5111909680407942 9 348 445
3.8619211185625355 2.2341057965627935 0.14471149473757583 9 348 632
3.6413936147503563 3.0491287272205465 0.47462592433969175 9 349 489
3.870047096211579 2.27441715636815 0.1413012090076302 9 349 622
3.635181898010143 3.352323061959475 0.5363991851041192 9 350 402
3.604424693211932 3.3371081249956007 0.5573814390519249 9 350 411
3.6317411606521843 3.250885877082159 0.5186975147484088 9 350 433
3.630556295098497 3.0121979420715137 0.4716422305379091 9 350 501
3.5774252471088417 3.7450448665644718 0.6570898616324448 9 351 276
3.632893475657336 3.219245082069311 0.5075346447963276 9 351 442
3.5733902885229627 3.721251056469186 0.6520439207194393 9 352 285
3.870542323846854 2.308228725418248 0.12706209344660135 9 353 614
3.862340866716651 2.2917738830300487 0.130197597121243 9 353 619
3.8603092547107503 2.2107262392010343 0.11012349000433974 9 354 635
3.8701158147214834 2.314263389382883 0.11305636135899655 9 356 612
3.862905334763247 2.2661804050315557 0.1089479347946749 9 356 623
3.5727576074134206 3.7191990979131107 0.6349637015047029 9 357 286
3.6412236665397835 3.6071200517745994 0.5533780506972439 9 358 320
3.864056111510794 2.2770879998708726 0.09981617881571814 9 358 620
3.8610375184183883 2.265070292028672 0.0997597867396518 9 358 623
3.8651095110280544 2.229720194733816 0.08919123507414994 9 358 629
3.867235662910221 2.2944933743774105 0.08510720157349327 9 361 615
3.8618710158771874 2.2024594261663224 0.0702708954004283 9 361 634
3.860047671564006 2.278724729548994 0.07711549086790104 9 363 619
3.8580273075335167 2.269104566666355 0.07146095827989951 9 364 621
3.8619840689481837 2.2321165644385617 0.05509558854100227 9 365 627
3.852842824161283 2.261350163605033 0.06349025454902502 9 366 623
3.851697234750773 2.2056580944532893 0.05263111829155909 9 366 634
3.8477786402022214 2.262135745603662 0.051914483462623506 9 369 623
3.838412594062036 2.2297122029281313 0.047454725329612035 9 370 631
3.5872976952963374 4.067909150335699 0.5978190061174014 9 386 156
3.5309585415272196 4.100873840609406 0.641805901249104 9 390 140
3.559085988744201 4.088261442258383 0.6137898793004424 9 390 147
3.531291202552329 4.0995210348553766 0.6345803050559033 9 392 141
3.557684949545943 4.082197294455116 0.6034441853024308 9 393 150
3.775249015983485 3.2693528234122464 0.21453395156246513 9 394 404
3.555401283988276 4.058380031800632 0.5931316974300112 9 395 160
3.7911029530275355 3.326937561067123 0.20887671590110224 9 395 387
3.529294911715362 4.098759755706143 0.6228974876273237 9 396 142
3.7909453416631598 3.311519644573619 0.20074054352781978 9 396 391
3.545298897641772 4.048768391459646 0.5897829180219669 9 398 164
3.79977213609344 3.364262623032274 0.19092100072284612 9 399 376
3.521336510618124 4.106987867135841 0.6154251992781832 9 401 139
3.5305889909451142 4.082268286453187 0.600995711700274 9 401 150
3.7943137879036737 3.433274594395529 0.20289754637231328 9 401 358
3.5135842133910806 4.145575046662534 0.6284572184781512 9 402 122
3.5152065357186713 4.1274384310513685 0.6226345136294849 9 402 130
3.779761528002001 3.3298882900126108 0.18713852969755473 9 402 387
3.530333371660422 4.042024008425262 0.5848258900934231 9 403 167
3.545984769692116 4.033701488730526 0.5682562337375117 9 403 171
3.791083307351333 3.4708955841807922 0.20553572612468507 9 403 348
3.511367778672792 4.123623117477565 0.6153235013458487 9 405 132
3.5114930594227074 4.102671746756049 0.610172832454198 9 405 141
3.7725258212850337 3.4142752695369136 0.19535685203254038 9 406 365
3.7687147349016383 3.3783623746976414 0.1856003450871393 9 407 375
3.7528342444771514 3.343325850056277 0.1874417923492635 9 408 386
3.7604105847063845 3.410781759128355 0.19196910141670864 9 409 367
3.7585667500943036 3.4003896816044747 0.1911923553451964 9 409 370
3.4986137087608085 4.112320660669357 0.607957589795443 9 410 137
3.4986553955190036 4.082011890403842 0.6005215294265496 9 410 150
3.5045152689397856 4.0523674235684615 0.5842955617857832 9 411 163
3.7527531387968445 3.4242380953686844 0.19323612346579488 9 411 364
3.5156209212525296 4.034613687473259 0.565870285308532 9 412 171
3.728917301569213 3.3184767676166502 0.18079338597305927 9 413 395
3.48226038279581 4.090808662662551 0.6050031081384559 9 414 146
3.7517543149089287 3.4131062729219224 0.17745245279403665 9 414 367
3.7238165505334107 3.3607831774336336 0.18218263624067754 9 416 384
3.4796391005818714 4.135833428479652 0.6054245771648468 9 418 127
3.6741105989431055 3.2789840325974327 0.20095578205261422 9 418 412
3.4723481820126434 4.123638651384559 0.6061859021783806 9 419 132
3.4677664274015 4.102380340852238 0.6053430207690742 9 419 141
3.4651228025925915 4.076769686532616 0.6015073791711627 9 419 152
3.71152177313871 3.365114023364497 0.18129234587661847 9 419 384
3.7070534540346776 3.453439398385384 0.20326769593555216 9 420 360
3.7120809708450837 3.3498896561479063 0.1722524894501678 9 420 388
3.6884990484136546 3.3921393901683303 0.20151111126649046 9 421 379
3.6330854421455108 3.2799004066028257 0.2278455024897137 9 421 417
3.4652965489014975 4.144600181889119 0.6051849851891102 9 423 123
3.452268886265751 4.101745201440641 0.6072314681502333 9 423 141
3.4532104453716155 4.081464237152857 0.6011427943418939 9 423 150
3.677867907150244 3.395938655589884 0.20385371316774137 9 423 379
3.6878264186727097 3.4630926391185866 0.20648237667917502 9 424 359
3.4587478254989814 4.162612076963324 0.6064094069796604 9 426 115
3.678158701927737 3.329796725762057 0.17286017618280458 9 426 397
3.6712054904509754 3.296127323728225 0.17119469152611044 9 426 407
3.6016612774474077 3.2617357440126282 0.23208757622436882 9 426 426
3.451372691346308 4.134941981555022 0.6034069325472871 9 427 127
3.441953504116138 4.106412741611102 0.605538916979113 9 427 139
3.439596326392386 4.088057585703385 0.6031869314911869 9 427 147
3.6132831106857077 3.272888359269438 0.21430065197168924 9 428 421
3.6013220678010933 3.2611107132048787 0.22332699718864468 9 428 426
3.660907535760769 3.3942951738896574 0.19302250318128822 9 429 381
3.660231092886228 3.3766847492638283 0.18914823947684667 9 429 386
3.6659826466098795 3.3160457590926775 0.16763055971188656 9 429 402
3.6594436412965257 3.344279857990974 0.1769427076384147 9 430 395
3.425243715261601 4.103240692693816 0.6084875218698564 9 431 140
3.6494339391412787 3.2901235943288487 0.1684054121769083 9 431 411
3.4489313313672687 4.172437932911705 0.5990918455293015 9 432 111
3.663587524336045 3.4457125550769137 0.18537510966302473 9 433 366
3.653522524544851 3.435341807212333 0.19297072349561084 9 433 370
3.6520496847196533 3.3611681198876466 0.175041022431766 9 433 391
3.6554466583162117 3.312322191861554 0.1587589888203298 9 433 404
3.641026464920544 3.2935221289319023 0.16860823187405316 9 433 411
3.4157153285188078 4.111814293925541 0.6106788768580225 9 434 136
3.429361235864228 4.149987050189837 0.6034110928419836 9 435 120
3.6387808174184446 3.398389020420061 0.18928996656657615 9 435 382
3.6439971626003382 3.356928260201531 0.1729787020676743 9 435 393
3.636810416236737 3.28386694952684 0.1611237992191923 9 435 414
3.636860273164819 3.3705178300044407 0.17933805328714825 9 436 390
3.632805995062563 3.2744595088363786 0.15812454743556037 9 436 417
3.6149941306150026 3.1798675738754505 0.15152884887659646 9 436 445
3.6088088412713395 3.2534565031298897 0.17279267092199913 9 437 426
3.6296245818159933 3.422521722102573 0.19151093787943863 9 438 376
3.622639501938532 3.350932905836599 0.17514559771944227 9 439 397
3.6154485906208906 3.2963174432557447 0.16345854615690714 9 440 413
3.628937712807447 3.4536023067022055 0.18690296774620752 9 441 367
3.6210832920256557 3.425275252934769 0.18754668713466138 9 441 376
3.4075614733728523 4.155879817694485 0.6015694281074202 9 443 117
3.611580750565575 3.3971998812453177 0.18089564569018934 9 443 385
3.605827728933714 3.3249194944304876 0.16284277725072194 9 444 406
3.6137690167252265 3.2626815191612475 0.13755316840106824 9 444 422
3.6040164590454227 3.350488584506642 0.16710682185613757 9 445 399
3.6060916300844967 3.4646249522158934 0.19141940232983767 9 446 366
3.604345449822307 3.2557647119771174 0.13632804460068582 9 446 425
3.5911922986404012 3.2297347141653763 0.14326385181825207 9 446 434
3.598348563045561 3.4258993968100775 0.18005719677590903 9 448 378
3.5925252019603633 3.297614316273452 0.1511135656647018 9 448 415
3.599202616458697 3.2833262281052504 0.1400248138454283 9 448 418
3.603859991054289 3.4512182941765053 0.17654183530731293 9 449 370
3.599020496876623 3.3333886543125453 0.14469063415956396 9 450 404
3.5941491237646828 3.433876728292708 0.17314198313612073 9 451 376
3.592197697759519 3.399923543775057 0.16585616402361314 9 451 386
3.595047291631001 3.2512535595048258 0.12160749898911982 9 451 427
3.5887131207748606 3.2615970938318144 0.12664976375364567 9 452 425
3.5865407028340357 3.4364761090815 0.17303366683649468 9 453 376
3.5805277850355823 3.265138920305379 0.1271883717731339 9 454 425
3.589942591518147 3.3357504772797073 0.12729095144099567 9 456 404
3.594234633674894 3.304361198380102 0.10902325185954953 9 457 412
3.5793773276003193 3.282769887707136 0.1193346521330525 9 457 420
3.568052206722025 3.2376819974792825 0.11912308102741553 9 457 434
3.5876595694749875 3.3683534016793386 0.12966534854049439 9 458 395
3.5743475662595343 3.4572120849296266 0.16498481799549847 9 459 371
3.5772466163379777 3.4145193115709267 0.14505309977532055 9 460 383
3.5793080864327775 3.399694074472466 0.13853914312132098 9 460 387
3.5814093303763186 3.3309876681247927 0.11195252307437409 9 461 406
3.5629262762960505 3.286159165784449 0.11981286572448346 9 461 421
3.57285495919493 3.446966984620221 0.15002317054006387 9 462 374
3.577544422477387 3.37147574260342 0.11848761723521517 9 463 395
3.5705083875704595 3.3319880665197297 0.11506189864836491 9 463 407
3.539474706033744 3.2853682620474265 0.1179886766095879 9 467 424
3.552805116834149 3.3846917174117968 0.1270438150824087 9 468 394
3.569934789106326 3.4363746623607696 0.11789445034297819 9 469 377
3.562806744164028 3.407996289065564 0.11776128723013546 9 469 386
3.5415592621715337 3.3404977106440206 0.12236012890014103 9 469 408
3.5294010383018235 3.300639294996653 0.12463088317682525 9 469 421
3.536326150354235 3.338510785251133 0.11382821275071553 9 472 409
3.5391043367912793 3.39611877321947 0.11833924813434549 9 474 392
3.5271484604962513 3.3836049524999634 0.11927472465724565 9 476 397
3.5311827471283985 3.329037706923825 0.09827071217926431 9 476 412
