4.011848908280395 3.9417914559060825 1.5056047353845505 9 6 214
3.9623258474156895 3.04208179723406 1.4555986915094024 9 7 509
3.9489736243939584 2.86246362118844 1.446427524602656 9 7 561
3.957087975809004 3.087021508072339 1.452941776744324 9 9 497
3.9573295826928585 3.0017304761611148 1.4479391764058198 9 9 521
3.963728344113911 3.0506220028051674 1.4473370165928148 9 10 506
3.9650795937872263 3.013993839567658 1.4450585993069036 9 10 516
3.9484254954523452 2.8872288456854145 1.4391244210578407 9 10 554
3.939270867910424 2.785542635452039 1.4339796401173852 9 10 583
3.9566569924253923 3.11797629545036 1.449099943627218 9 11 488
3.9419218053429184 2.9205332503871704 1.4358535854219614 9 12 546
3.9547689605680207 2.8775912745748897 1.4320779335665779 9 12 555
3.942661427265122 2.7661376730344878 1.4265672938616376 9 12 587
3.959051662104268 3.0239548824501115 1.4375117385843057 9 13 514
3.9510218566253705 2.9971021430331417 1.436666489945434 9 13 523
3.9502220986611496 2.983231077114579 1.4359090848144391 9 13 527
3.941260284958574 2.956993915894555 1.4351901447686801 9 13 536
3.936138221353425 2.574112847194384 1.4126592824165114 9 13 637
3.935491510955962 2.9315720634512785 1.431304909021545 9 14 544
3.9375937856278496 2.571015723513697 1.406191190817819 9 15 637
3.94483087283202 3.031404210417535 1.424880348796887 9 18 514
3.9360200245162225 2.7677005349559063 1.4093590126708522 9 18 587
3.943126412852015 2.9527134012392646 1.4172199444567806 9 19 536
3.956722924089969 3.1183564425925856 1.4233057300693743 9 20 487
3.9442393959960063 2.99864853092924 1.417066195547544 9 20 523
3.959319297365024 3.102363484635503 1.4191196216681408 9 21 491
3.9531949758229006 3.0744637895242057 1.4180029686329083 9 21 500
3.9463003102518 3.0291492233844175 1.415861231915418 9 21 514
3.9450041056555487 2.9172353506672444 1.4088809354367666 9 21 545
3.952247091523508 2.8932321782254653 1.4065754563767656 9 21 550
3.947935758068858 2.995183403153278 1.410589442868 9 22 523
3.9503660429320844 3.0430807153196735 1.407543961271032 9 24 509
3.9562300179283985 2.9775637458831645 1.4026333898575511 9 24 526
3.943045265018138 3.0865286860185317 1.4082833311872887 9 25 498
3.9377878580418098 3.014828478263417 1.4012623000217581 9 26 519
3.9444231972339896 2.922456344170324 1.3944203762098772 9 26 543
3.9529609211020422 3.111244223518038 1.4029520619046087 9 27 489
3.9439263958700312 2.962864436462909 1.394171058916346 9 27 532
3.9385527319507423 2.775029707998049 1.3823498412987787 9 27 583
3.9442498446278194 2.8841926062525918 1.3859145884598263 9 28 553
3.951592456139214 3.149899404864926 1.3998701718673 9 29 478
3.95294990649679 2.9332143159627506 1.3851580235783354 9 29 538
3.9491968282785628 3.0842544364872624 1.3928144452619777 9 30 497
3.941913145843401 3.013403375309532 1.3859463772336917 9 31 518
3.94651712546247 2.999348081169884 1.3844271530025474 9 31 521
3.949269389986071 2.9901448156687263 1.3834644601567778 9 31 523
3.9365667964929605 2.9807984435888004 1.3843816561817293 9 31 528
3.9393024442611115 2.931043583379657 1.3806619069737702 9 31 541
3.948188981883452 2.8908141466118926 1.3768382041409453 9 31 550
3.9408242199342007 2.862503784867606 1.3758124672450784 9 31 559
3.93162769796975 2.761279152919662 1.3639243542959276 9 33 587
3.9220641776643297 3.0577811684905765 1.382637753725394 9 34 509
3.922698286543819 3.0355534311128824 1.3780770699973206 9 35 515
3.953429996768962 3.1360245804840217 1.3782076984689113 9 36 481
3.950207206758281 3.084906527668484 1.3750334994532774 9 36 496
3.811930340711892 3.0526483566824316 1.3879344188585871 9 37 532
3.93980174348047 2.897605658996231 1.3601860073597827 9 37 549
3.944039433975835 2.787183057734287 1.3518201926781244 9 37 577
3.9385910517715916 2.935367613202102 1.3599948550053624 9 38 539
3.9206987171297487 3.0673021810672543 1.36882159545479 9 39 506
3.9527394105329625 3.1209742324879235 1.3653964023317338 9 40 485
3.953876237407238 3.0882151182569912 1.3628808718982572 9 40 494
3.801083323198556 3.048890026969912 1.3807913574446067 9 40 535
3.8335602762326113 3.0149098460559407 1.37393271999625 9 40 538
3.925012658686625 2.933193987249136 1.3556262508542787 9 40 542
3.9330026199909174 2.5577440841288923 1.3274801040263937 9 40 636
3.804246876791659 3.0762320893600905 1.3767924399380291 9 42 526
3.9339043427834284 2.5625176526399818 1.3180981824304747 9 43 634
3.952793997576859 3.1195528021816945 1.3533671578356303 9 44 485
3.820006780896003 3.0119993541052885 1.3614154610899285 9 45 541
3.8230103662920563 2.9746981837905935 1.3582117338080495 9 45 551
3.9394174096822043 2.773975219396396 1.3266014889781141 9 45 580
3.928758452231259 2.568969611461699 1.3096781492227083 9 46 633
3.9587783873623055 3.1148148086866327 1.3431464230661443 9 47 485
3.810158909646143 3.0625845520037265 1.3581610350168205 9 48 528
3.8292498972051137 2.9678180903052764 1.3452714066593479 9 49 551
3.9268718005151655 2.5681334769893684 1.300235790127267 9 49 633
3.9498836594319693 3.1512030727948606 1.3382140418001414 9 50 476
3.837179063432666 2.9560229661997215 1.3315112062246817 9 53 552
3.8503782385501997 2.938632183745327 1.3281006106256807 9 53 554
3.923949489600936 2.5548790650326865 1.2867155522708864 9 53 636
3.9464391513957837 3.069567217655914 1.320319944792534 9 54 499
3.807994775660095 3.0442035924237842 1.3400867552481515 9 54 533
3.8153934162823315 3.0074629509222475 1.3360409448306745 9 54 542
3.9508950478546536 3.127257461372932 1.3180785943776805 9 56 482
3.8252178849457303 2.981412300331036 1.326638463287027 9 56 547
3.9307747848292616 2.7855366039641742 1.2941715198422656 9 56 577
3.812181951569768 3.0293206412197686 1.3296596189556642 9 57 536
3.9440494466985516 3.0981092540643242 1.3077148556031186 9 59 491
3.9440311188444257 3.080035239285344 1.3062577008105987 9 59 496
3.9259125747952193 2.5475104440096983 1.266223514717544 9 59 636
3.8269062397274616 2.992282267867852 1.3155574387809612 9 60 543
3.8260719296616736 2.975093487177924 1.3142996547553378 9 60 548
3.933087543238173 3.060933790849634 1.3003971479139618 9 61 503
3.9268213003847006 2.5867674603319912 1.26270073285398 9 61 626
3.8106199208551956 3.066257609249904 1.3185350121027715 9 62 525
3.94514885936472 3.070053907111491 1.289853000732661 9 64 498
3.9262345045542455 3.064217254761135 1.292634634243606 9 64 503
3.9327355068007623 2.7665846140959527 1.2667712459325466 9 64 580
3.938893289579316 2.7925645456278416 1.2646495131687048 9 65 572
3.7994218028257367 3.051688366656526 1.3077367190086013 9 66 531
3.9303597792941476 2.876899458452854 1.2700168986741769 9 66 552
3.9356989429559146 3.1255975638117626 1.2869184518218244 9 67 484
3.8237402270397682 2.9803131509210807 1.2945018857711157 9 67 546
3.945441452014288 2.7858572400600146 1.2564699517278775 9 67 572
3.9378813418002077 3.102249380572748 1.2814721497270027 9 68 490
3.9341659547513803 3.07193870464486 1.279560636376921 9 68 499
3.929205646424906 2.54023540441412 1.2352504210352881 9 68 635
3.802611920093832 3.037501699662803 1.29727544937449 9 69 534
3.9216235522848235 2.579600030437311 1.2333259336006734 9 70 627
3.930991997476014 2.532355347217643 1.2275585212408533 9 70 636
3.7998133716580718 3.066397159842916 1.2944589650163414 9 71 526
3.8152923697156016 2.9625244185015505 1.2796607416235233 9 72 552
3.93998494470703 3.120799965170397 1.267199877610194 9 73 484
3.934758225741503 3.076443240268666 1.2611792121368908 9 74 497
3.8012264674309386 3.053568704261769 1.2843434655330728 9 74 529
3.943961081284951 3.1353725233188996 1.2583892745912948 9 76 479
3.949274782758777 3.1175958134482618 1.2557918847536684 9 76 483
3.934820130113414 3.1048039646561016 1.2574270624236354 9 76 489
3.8029300590863686 3.061866411750786 1.2788992140155517 9 76 526
3.9095171285195303 2.5900753156879404 1.2165671123486856 9 76 626
3.930634659242605 3.0888797818522287 1.2536909752569143 9 77 494
3.80503311834506 3.0773118888898425 1.2769387099692793 9 77 521
3.814751017626158 2.9925995015005755 1.267496627581896 9 77 543
3.810343975973496 2.9672062048151995 1.2660813522847787 9 77 551
3.9131855446219723 2.5687898350161733 1.2106283439558936 9 77 630
3.9293605345097804 2.7916837948788014 1.2241327427498652 9 78 572
3.8136942181038718 2.9635049961495543 1.2590944415027254 9 79 551
3.924951177027072 2.5341230457060333 1.1984813543079298 9 79 635
3.934774205637045 3.0809635687716774 1.2395950503621718 9 81 495
3.8059870106289284 3.0432837984175913 1.261882165832384 9 81 530
3.938050436422198 2.794512851133068 1.2128149018035177 9 81 569
3.9222571672339566 2.5596497679220844 1.1911577880203 9 82 629
3.809379877703551 3.075040515542409 1.258175266577849 9 83 520
3.8016108124289145 3.0349197951901563 1.256054185137217 9 83 533
3.927012929573962 3.084783879493184 1.2320424415147748 9 84 495
3.804552252865141 3.000212762357217 1.249259953770167 9 84 542
3.944060499810438 3.1575854958376017 1.232147318102965 9 85 472
3.935657770487249 3.1118392289932957 1.2296192569683724 9 85 486
3.8071624867489096 3.03646427037405 1.2461005611770382 9 86 531
3.8164099565030516 2.975700747834392 1.238489807050198 9 86 546
3.922269056798376 2.7760521289928537 1.1977977784883658 9 86 576
3.926331210924741 3.084022695933556 1.2226169840089605 9 87 495
3.9376829125655353 2.7907606544034405 1.1926406156944938 9 87 569
3.8118531170883827 2.959908043791963 1.2318651535335736 9 88 551
3.9312263013087714 2.790683950786689 1.187329029409086 9 89 570
3.8131459789081874 3.062137309326717 1.235245664074233 9 90 522
3.9216641049040284 3.0927898157080005 1.2117368698669027 9 91 493
3.812281882349243 2.9834051683560725 1.2248533845979885 9 91 544
3.9333274309016524 2.7875804275340714 1.1798990322091607 9 91 570
3.8009301021060033 3.0487181604647895 1.2305719759249754 9 92 528
3.7943786420798777 3.031737401921902 1.2273485576931509 9 93 534
3.935856167050818 3.155888323144069 1.2051904655734442 9 94 473
3.922714914681934 3.0909189272869626 1.201756692025422 9 94 493
3.6769451280325853 3.1765491543266386 1.2643992571437996 9 94 516
3.8096451394663786 2.954569581608535 1.2134352839679536 9 94 552
3.9207654552565367 2.541290944298936 1.1485802318158795 9 94 631
3.9240386297155467 2.673439508934963 1.1573369484804035 9 95 599
3.815355630174966 2.9452554160748097 1.2050675836865568 9 96 553
3.707897274393876 3.202674540703118 1.2517181432870021 9 97 501
3.6701242352178305 3.1672388889594916 1.2567405148962076 9 97 520
3.789045051381028 3.0301183126735274 1.2163058667655564 9 97 535
3.9082929305815295 2.5550304155652297 1.142334314561848 9 97 630
3.9146532771584797 2.749583169100389 1.1567885659298955 9 98 582
3.7174009130692847 3.250581891223926 1.2487140131802388 9 99 484
3.651977724610356 3.1504527056723344 1.253693109519781 9 99 529
3.9148310143040104 2.7731269203928193 1.1557243682730594 9 99 576
3.8921782581815565 2.735761448082864 1.1571787934830033 9 99 590
3.7068081371685038 3.2441352262342216 1.2477037517226706 9 100 488
3.794411757041777 3.021014198896048 1.2050597874233198 9 100 536
3.900444586191239 2.5373896509383425 1.1285109765931745 9 101 635
3.705427708388968 3.2729840937176524 1.2453553881699098 9 102 479
3.6551810021573754 3.188505850399693 1.2485463944829513 9 102 516
3.647023474013258 3.1751513547353136 1.2491010419575859 9 102 522
3.888845907231158 2.7688341010411404 1.1512406587545831 9 102 582
3.6630191381218675 3.2017848358616883 1.2453041836303964 9 103 510
3.8007733874120877 3.552228196458039 1.2457483658211341 9 104 373
3.6732574660380606 3.223118975225769 1.2423001814221482 9 104 501
3.9070344837087667 2.5798427929415535 1.120851248466843 9 104 623
3.7229922798948563 3.3279419533567878 1.2384316663696997 9 105 458
3.6459201147972236 3.1778633498889013 1.241407017252833 9 105 521
3.609197176642854 3.1696637140351633 1.2493450475868222 9 105 532
3.8997447295282086 2.5472172289810135 1.1157514182539483 9 105 632
3.710379871042104 3.2972466876670055 1.2354869814874143 9 106 470
3.6566613206230283 3.2459991711228895 1.2431203571716267 9 106 497
3.5916259531986747 3.160376574414859 1.2499215890816868 9 106 539
3.909432221313611 2.5540374055964588 1.1106313758317305 9 106 628
3.6977101094673093 3.2916662784841644 1.2323847424791412 9 108 474
3.6515312996305234 3.220385869841709 1.2362125654574516 9 108 506
3.58194074650849 3.1574249723266536 1.2466267241850288 9 108 542
3.80546903306517 2.9348790932804927 1.1687872456017239 9 108 556
3.6786913429847448 3.281042039076162 1.2331506337039229 9 109 481
3.6557712343718847 3.273627730702885 1.238007623347009 9 109 488
3.774450243057255 3.591911904148158 1.2394703457246274 9 110 363
3.704370924921786 3.309133716669778 1.2269845345193011 9 110 467
3.6360045193981287 3.205025379005571 1.232925438702347 9 110 514
3.9200809350924057 2.539734823423415 1.0924064556151563 9 110 628
3.7305750271822777 3.325256144855896 1.2193559145341366 9 111 457
3.57853327138118 3.1554990392785927 1.2392564758363789 9 111 543
3.793647299788729 2.9313737277495777 1.1618790023982837 9 111 559
3.744215548805216 3.30413791951138 1.2079507394627327 9 113 461
3.6824096956539725 3.283772106161772 1.221385697939098 9 113 479
3.6537696436437814 3.2673549607165375 1.2268642712437225 9 113 490
3.6025510530193268 3.1961342545154965 1.232181763909963 9 113 524
3.7519744254023824 2.912587122120942 1.1640851163232488 9 113 573
3.6195233799094932 3.205528987777363 1.2261706781988488 9 114 517
3.5922201113423764 3.196965151250401 1.232194028287938 9 114 526
3.7483758272754226 2.9296760265416215 1.1637357142428226 9 114 569
3.7495340083114557 2.99708072181309 1.1676290808596876 9 115 550
3.7403821071261145 2.971398106176971 1.1641348274242638 9 116 559
3.7181455714439062 3.5141220550608967 1.2260257390931741 9 117 397
3.6242175640644776 3.375409416565998 1.2352670960773697 9 117 460
3.7361467782512165 3.0338050368207212 1.1628997557735508 9 119 542
3.6984937876477737 3.028060275460363 1.1721651126907258 9 119 552
3.710776225464016 2.993597870620389 1.1651427371196093 9 119 559
3.7330644199101215 3.563553200530019 1.219259451890343 9 120 378
3.7009257940655464 3.5418439506274 1.2253618163674282 9 120 390
3.6279216738337263 3.3903362885273616 1.2279213426197337 9 120 454
3.6176158932376685 3.3695952859811817 1.2283542073528224 9 120 463
3.602294386643527 2.8611026566812368 1.170351337323138 9 122 623
3.6670788615615253 3.510185016619237 1.2227464111211952 9 123 406
3.6406884964580524 3.493798707830961 1.2280274823541277 9 123 416
3.583089236860983 3.2122014671794474 1.2119865248112076 9 123 522
3.653648038710621 3.0066940737089842 1.1699084713998433 9 123 568
3.620033116297298 3.4665837507879296 1.2279073093368285 9 124 429
3.7077503251917587 3.3028990273556453 1.182774411303576 9 125 467
3.6051461139229484 3.233103303839414 1.2029067046809612 9 125 510
3.6743276316841333 3.6122039480247237 1.2242426637722954 9 126 369
3.6640143248840373 3.6050246108856197 1.2262618741691864 9 126 373
3.644594903592861 3.540083478633942 1.224217710153361 9 126 399
3.6315984889969455 3.5205183650860556 1.225566451898237 9 126 408
3.6542175024331334 3.2752654976411253 1.1914651643768173 9 126 486
3.599227750922145 2.910443209439142 1.1651069801775462 9 126 609
3.5654921783616977 3.2047422322857693 1.2051462971271203 9 127 528
3.595867321462526 2.8492545749303337 1.1561430383462692 9 127 627
3.642360514744288 3.6024164676288173 1.2266716072230237 9 128 377
3.5925530607330955 3.2313663775903345 1.1979683386020528 9 128 513
3.5473178200688302 3.16529675874721 1.202981843170492 9 128 545
3.629833764620031 3.571514962442621 1.2239895084416015 9 129 390
3.601285484532041 2.8494690501370448 1.1487727206086393 9 129 625
3.6000220292507166 3.377321237051416 1.2072826578150546 9 130 463
3.6711620446680433 3.288584043395592 1.1769564164347723 9 130 478
3.559745192497001 3.198397720421176 1.1979222111570667 9 130 531
3.627310963064163 3.5918222425787683 1.2218049652989378 9 131 383
3.6303948934426913 3.3471601443337344 1.192478206171876 9 131 467
3.64410628236816 3.270624610983259 1.179688836469864 9 131 489
3.609460191511279 3.2465544478805666 1.1867163432490369 9 131 504
3.5501131001452597 3.1772773686191016 1.1954926151365384 9 131 540
3.614446229225403 3.552956999427563 1.2183139324735155 9 132 399
3.5822772148289266 3.224584198173241 1.1891356632175536 9 132 517
3.6278658881738672 3.6189604355264398 1.2195809434215876 9 133 373
3.619688629848426 3.5644622450267027 1.2155341700878375 9 133 394
3.609236288211957 3.081495472986332 1.1618649811851989 9 133 555
3.6124517246996395 3.2527809431849177 1.1782571580038625 9 134 501
3.603577360887817 3.240059967196835 1.1793214974687085 9 134 507
3.602404359173022 3.0631851254246536 1.1588134096792233 9 134 562
3.6660958136963804 3.626331296861025 1.204102398626029 9 135 365
3.6031850153791325 3.131323523539486 1.1637838174096458 9 135 541
3.5993236005160734 3.437755710394786 1.1985124337915185 9 136 442
3.604752969142303 3.4085138752286914 1.193447586891942 9 136 451
3.6030466805410315 3.3858799169748313 1.191254999650254 9 136 459
3.6002352036433614 3.3697068836151884 1.1901538715668292 9 136 465
3.5966563695501996 3.168146123691292 1.167231791862732 9 136 531
3.604661752759252 3.1001208608485595 1.156801790882777 9 136 550
3.6097148487767283 3.4868771604962743 1.1986467410719812 9 137 423
3.6063925958771432 3.0743886233767106 1.14747058721228 9 138 557
3.615569192161976 3.3325207830939245 1.1729536463372434 9 139 474
3.610325952508803 3.3082321146031712 1.1715878007900815 9 139 483
3.6081644233989483 3.1287700247608363 1.150606236834723 9 139 540
3.6154175193825333 3.5489626170320814 1.1964207760602381 9 140 400
3.6056215571586003 3.502706134845556 1.1937560250776604 9 140 418
3.6057128350513095 3.5308133687311667 1.1944745242774937 9 141 408
3.604576762273412 3.462955605302256 1.1865679693453408 9 141 432
3.601264734493806 3.394564463483637 1.1792520816911707 9 141 456
3.609390505200758 3.178990394777756 1.1505989956537879 9 141 524
3.6070470160927903 3.1677818024222786 1.1499424524577204 9 141 528
3.603053044455363 3.1577970816385257 1.1499318898212711 9 141 532
3.6076106079239967 3.342589264708442 1.1682584170407826 9 142 472
3.6034361608341965 3.2275691360733463 1.1554803718076267 9 142 510
3.60113669609491 3.216510584926847 1.1548270140150072 9 142 514
3.8247742594106335 2.9556957726821995 1.0518539813286092 9 143 541
3.6070124058390833 3.43763755716574 1.1718802315710477 9 145 440
3.6103495533523065 3.4151952142370416 1.1680751760551251 9 145 447
3.6095124269582457 3.38887428595077 1.1650776311017754 9 145 456
3.8705553257210856 3.005112467633561 1.0371088545281237 9 145 519
3.663117567548115 3.632895559594746 1.1760040468604167 9 146 363
3.6135886513500246 3.5008382962263305 1.1749612637106628 9 146 417
3.6129448503314316 3.475183197492615 1.171973878325229 9 146 426
3.8523407565652414 2.9831535856777434 1.0365967626474644 9 146 528
3.6172500966152024 3.597838855665363 1.1832082083154218 9 147 382
3.6163477334894845 3.5478571968598667 1.1772538069452207 9 147 400
3.6102770402911055 3.3698901540716513 1.1569437816129085 9 147 462
3.6078579680597276 3.4600005942336503 1.1662117830322871 9 148 432
3.6103946494396686 3.3176540470928653 1.147579713891989 9 148 479
3.6345289780952603 2.8419684559066196 1.0804034738177393 9 148 614
3.6098296784331176 3.5813813540361927 1.1781302452786864 9 149 389
3.7798564516665687 2.964444198091244 1.0468421123461713 9 149 547
3.6189117465002294 3.6025473129003043 1.1752463401499917 9 150 380
3.615994820526234 3.4991009400034976 1.1630987217799555 9 150 417
3.6022102637526885 3.4362728840609447 1.1595333196340956 9 150 441
3.61194231509491 3.365087900029824 1.1474485402957102 9 150 463
3.6165389493178095 3.625548912690762 1.1762369623371836 9 151 372
3.6198477601571843 3.613210894753445 1.173614989535803 9 151 376
3.6079986365288086 3.4708767645305456 1.1565901004455292 9 152 428
3.81654375109881 3.092638314826547 1.041442810079843 9 152 505
3.8002426566650014 2.984677572465456 1.0329145302092295 9 152 537
3.612708015311135 3.5910332313803597 1.1677033919741522 9 153 385
3.8161955374571357 3.183438268136239 1.0498483636357925 9 153 480
3.789142956420309 3.081407874452089 1.0422293914836542 9 154 513
3.6169591882583885 3.6169674653866815 1.1642696803133659 9 155 375
3.761627914355431 3.067824226762553 1.0461605007466 9 155 522
3.6173534595707526 3.569208140455112 1.155251826458803 9 156 392
3.6131271077608194 3.5284407697741234 1.1513543785845441 9 156 407
3.6176307279560325 3.594329008108621 1.1557017376425383 9 157 383
3.7587605388529286 3.186427999651818 1.0528206006265721 9 158 489
3.7449054646944435 2.990533211907357 1.0318111544831599 9 158 546
3.7153265929399684 2.984678137643819 1.0408626484769807 9 158 554
3.6905001094062366 2.964803130339016 1.046504164911225 9 158 565
4.050531374723063 4.537059295557552 1.1265355182376044 9 160 20
3.7186248525022156 2.9875487130212632 1.0304020683585975 9 161 552
4.062518950121374 4.533465463540267 1.115963749296594 9 162 23
3.762257533288375 3.2246175552469376 1.0438529488281327 9 162 477
3.732020710070921 3.219559096316762 1.0534377219265678 9 162 484
3.6661158926202386 2.9676402220943223 1.0391323309268428 9 163 569
3.7163241476486286 3.211443227602109 1.0482594149282958 9 165 489
3.725420685879273 3.0568465826453064 1.0243188967160224 9 165 531
3.7238972270613546 3.188807006219606 1.0394235956141686 9 166 494
3.724396989597439 3.1640698098869056 1.0359077402849228 9 166 501
3.730247815004842 3.041690573917175 1.017343182741649 9 166 534
3.7339894550483717 3.027794647918848 1.01416858008132 9 166 537
3.6167253602304985 2.8634204915743666 1.0326028315289053 9 166 609
3.708791627579144 2.988174714604986 1.0142814371397886 9 167 553
3.721792993987015 3.181631424276061 1.0264137708182461 9 170 496
3.7266751632684727 3.053207586494838 1.00704619867373 9 170 531
3.7405021157660174 3.020492245521853 0.9976572686138565 9 170 537
3.7619486239712145 2.9691290758403905 0.9796095770044353 9 171 546
3.6342611062535557 2.8445999834422087 1.0014042853914515 9 173 608
3.7182232950779044 3.1893615793321057 1.0159260453792034 9 174 494
3.718823386011964 3.1569770959727514 1.0079520954582237 9 175 503
3.710718154082321 3.0693654276222406 0.9953426615078929 9 176 529
3.7319528769090864 3.2403647207003416 0.9954652750698554 9 181 476
3.6892162968143607 3.226116945000586 1.0062565951367184 9 182 488
3.6922963481669573 3.210369247493708 1.0028269163800831 9 182 492
3.695969187182469 2.9556622496289147 0.9647361596821358 9 182 562
3.7211899169172176 3.253294211816965 0.9948984667927319 9 183 474
3.74782600231054 3.007294169550717 0.949221721655995 9 183 537
3.711249362591408 3.2282102437258713 0.9918005395352416 9 184 483
3.7058291360947293 3.1402970838692776 0.977815395335988 9 185 509
3.7015963214192635 3.1326373214970498 0.9783170415924014 9 185 512
3.7252123596129865 3.038118749868292 0.9521236023481807 9 186 533
3.7344291600877613 3.023515392260669 0.94644339379973 9 186 535
3.7157680516876948 3.240421038526339 0.9723347617724751 9 190 478
3.6293053292036284 2.792840577405759 0.939672938862442 9 190 619
3.668185289811285 3.205764496835008 0.9826335174029072 9 191 497
3.7244594355959553 3.032124584068022 0.9345424126091746 9 191 534
3.6339562116535857 2.868385869615234 0.9457534864423789 9 191 598
3.6269325426168293 2.930616485139276 0.9545241747340155 9 192 583
3.729706570749888 2.9890123711596908 0.9191302551951595 9 193 544
3.7175642993601614 2.9645318494376034 0.9202779697043681 9 193 553
3.6665373668428343 2.9583646288307466 0.9396504438741149 9 193 566
3.63369152048839 2.9162482729231267 0.9463815859904562 9 193 585
3.6988087396421014 3.657766224746041 1.0290163499645921 9 194 350
3.7331269032757 3.6307557912160195 1.01121749125267 9 194 355
3.727925180988863 3.605143866071965 1.0063215263396423 9 195 364
3.7132624003133134 3.057112282132949 0.9291273306096182 9 195 529
3.6337222928403996 2.8844801230696557 0.9349086028969859 9 195 593
3.6294694308494293 2.8541613114696105 0.9320205856693146 9 195 602
3.639738496123885 2.9385748102810254 0.93736309434783 9 196 577
3.5753677028559565 2.7812076865389206 0.9393985017676845 9 196 635
3.6952470396808828 3.174195872537352 0.9475081923297577 9 197 500
3.716554420621427 3.2439909161149814 0.9462151015108562 9 198 476
3.712005559782787 3.0489693893922736 0.9181610077314912 9 198 531
3.70696287126749 3.019262593293637 0.9156605581913964 9 198 540
3.6980273486925688 2.9925916672989383 0.9152123500091351 9 198 549
3.6355070911788303 2.8766313957704797 0.92291129383517 9 198 594
3.718986004599431 3.638849948563793 1.0026868065534202 9 199 354
3.6214047777968137 2.7928186487866578 0.9124090604383984 9 199 619
3.590602554842459 2.7846476906743773 0.9204190950298223 9 200 629
3.730497793655476 3.6225630058258234 0.9892000161820486 9 201 358
3.688006310904326 2.9648742916487634 0.9047485764953541 9 201 558
3.6813230793229783 2.955334618100074 0.9060321534198196 9 201 562
3.714247562352497 3.0449725859464465 0.902874129722432 9 202 531
3.697686406837292 3.027985129205399 0.9071093437181676 9 202 539
3.6860400167812015 2.9314449774963944 0.8969156108730811 9 202 567
3.645442084031398 2.894868170019953 0.908086641933599 9 202 586
3.641090462152334 2.8643177123924266 0.9051375242078495 9 202 595
3.6789838222541844 3.670659301774755 1.0119336479604404 9 203 348
3.733174894772384 3.6185154939869135 0.981162928331434 9 203 359
3.6794438130974756 2.9017698944975803 0.8915642837256322 9 203 576
3.717347877483224 3.241316329674733 0.925462012829161 9 204 476
3.6956994689865525 2.982450345821595 0.8904598579540137 9 205 551
3.5761164317840013 2.783591746697045 0.9095331160521642 9 205 632
3.691084820922753 3.204934944943874 0.9241095256500145 9 206 491
3.705008281033868 3.1813534473866967 0.9144870736448535 9 206 495
3.716484174094081 3.0220529805906606 0.8844467361399179 9 206 536
3.691566617117684 2.9546670498862673 0.8843438400411885 9 206 559
3.7258425033490297 3.224194639647475 0.9090425898035189 9 207 479
3.7094731903952587 3.159896833373139 0.9058031200499763 9 207 500
3.708150575092276 3.142731894468814 0.9036421071939265 9 207 505
3.7027588182871756 2.8857865927640205 0.8651654899666923 9 207 574
3.693753121740923 3.659813321284565 0.9887337474481012 9 208 350
3.696496930698615 3.6498926050775244 0.9859811351129418 9 208 353
3.7081884981347386 3.2561424170142064 0.9182730740724468 9 208 473
3.692431361981527 2.967928091304548 0.879103629808307 9 208 555
3.6490463979693057 2.8005641351781465 0.870988457164021 9 208 608
3.71689346292775 3.019938698423023 0.8734211658810205 9 209 536
3.576730425399105 2.767447204484264 0.8932349201692709 9 209 635
3.742290662821449 3.612063294064843 0.9539614048128355 9 210 360
3.69570826596049 2.963839085726134 0.870038925168587 9 210 555
3.704115217438753 3.009857435654454 0.8702916948211141 9 211 541
3.717587106718319 3.025219187451268 0.8633986955609408 9 212 534
3.7208435162969984 3.2251157300101063 0.8908745834086036 9 213 479
3.70647281600437 3.202407196467279 0.8934750441403838 9 213 488
3.6550330636933115 2.8022455393778527 0.8510418276130293 9 213 605
3.7061355970661496 2.9910460433972554 0.8557873909986277 9 214 545
3.7076970005523338 3.200767941923982 0.8858352230874998 9 215 488
3.705937706320385 3.1695807082606473 0.8815136768929249 9 215 497
3.709992660101486 3.2451015554824965 0.8886628119633913 9 216 475
3.7136349745734862 3.029750296180098 0.8517148285871067 9 216 533
3.6992813232349673 2.9722692099573846 0.8486484199113935 9 216 551
3.647336502818579 3.68469682715669 0.9855508244096526 9 217 347
3.6861111557491624 3.659654675940537 0.9641553422331496 9 217 351
3.6916217237980433 2.9392630290652755 0.8430691982981354 9 217 561
3.6847714630223787 2.910040229473043 0.841308244790275 9 217 570
3.705140593011473 3.150602390621251 0.8683841763003393 9 218 502
3.7077423109890346 3.19907755166899 0.8717842292054966 9 219 488
3.6979949588926484 3.1948463437362777 0.8754636999897395 9 219 491
3.7009659038992186 2.933734402796667 0.8308123593419507 9 219 560
3.928058809250385 2.3788990004786683 0.6366934535723665 9 219 635
3.6975680437135163 3.0095345280517427 0.8413654917662554 9 220 541
3.703956621952422 3.1682526224110403 0.8614359036843091 9 221 497
3.7193522356078246 3.215407839251262 0.8588527847474248 9 222 481
3.714057005026721 3.200842914277239 0.8588225343106433 9 222 486
3.700614721581595 3.0741653097467756 0.8437007408197849 9 222 523
3.7066915183084825 3.0316217986381035 0.8337967303135855 9 222 533
3.661757847054215 2.9033607099058916 0.8327571743635579 9 222 576
3.6846168614062296 2.9410535371806867 0.825080955242149 9 223 561
3.680705272566171 2.9708790929411557 0.8283283331761201 9 224 554
3.695825271415797 3.1865387411855775 0.854343527254031 9 225 493
3.695508279787684 3.0726256109467447 0.8351750539900614 9 225 524
3.69794058469269 3.05568143525153 0.8311788985484974 9 225 528
3.686331692015246 2.9886462975145585 0.8251730931796536 9 225 548
3.6754321669912637 2.9553317863472794 0.8245573220196433 9 225 559
3.665615403743602 2.9444467703621315 0.8272446685926176 9 225 564
3.646856682492337 2.9067936081531185 0.8295223051441513 9 225 578
3.607446517283563 2.803213844814237 0.8301575821553975 9 225 614
3.6518928140910143 3.6804941791400942 0.955303275483049 9 226 348
3.708763401940396 3.259939069057066 0.8573587201706807 9 226 470
3.614602335149715 2.885544339110143 0.8373203890352509 9 226 591
3.8994244584945417 2.4161046755076674 0.6253293142211684 9 226 632
3.6485993016299254 2.938630581664487 0.8270495379893597 9 227 569
3.6992279545781805 3.175634248794262 0.8404395037388847 9 228 495
3.6864469584552975 3.07036589216378 0.828376603912398 9 228 526
3.673987575053787 3.0349526797011026 0.828136820084092 9 228 538
3.906158629892756 2.401378444798012 0.610895704939509 9 228 633
3.7180536640267743 3.253071950081366 0.8414052066576874 9 229 470
3.6942710721410217 3.1599182526553093 0.8330454856498001 9 230 500
3.6864061046580083 3.139858108441185 0.8332951227058418 9 230 507
3.65795411284225 3.05407307533235 0.8319164885123085 9 230 536
3.6090569160125687 2.903037416027027 0.8289245115237579 9 230 587
3.7036319262932156 3.2399927788746252 0.8389616974179169 9 231 476
3.711095556535275 3.2244194178806267 0.8327244463837651 9 231 479
3.7169610485153286 3.2097373892105447 0.8273994006623372 9 231 482
3.5995594377571503 2.8919605105364945 0.828006621418844 9 231 592
3.6342994022662234 2.9820651418799824 0.8236347600947145 9 232 560
3.5725470346872195 2.859664062333102 0.8317595673528346 9 232 607
3.9187303444545547 2.3725841420696154 0.5821977130901745 9 232 635
3.628369888439126 3.034641995810854 0.828648956835902 9 234 547
3.598522787639052 2.944157719465676 0.8271408526187161 9 234 578
3.654532084804564 3.1240772686755585 0.8282593194799052 9 235 517
3.590810876621776 2.904771880146538 0.8204597555363908 9 235 590
3.5834914237569686 2.8616547498251146 0.8164131530715751 9 235 603
3.9178603015782083 2.3799152798242065 0.5704111511293197 9 235 633
3.690886293869009 3.256913124823402 0.8305820458835482 9 236 473
3.5979569195514127 2.977183368880424 0.8262746603077185 9 236 569
3.6734733261713934 3.203731199793558 0.8261530085091686 9 237 491
3.6403109083508483 3.130043839595518 0.8292492288863218 9 237 518
3.6255648914070866 3.1086399621802143 0.8326372095527498 9 237 527
3.6884957936882943 3.2683122845016994 0.8267893541328681 9 238 470
3.5856158181002273 2.914973345686668 0.814308704099596 9 238 588
3.6593905164808094 3.1945935442326654 0.8244447822991441 9 239 496
3.6346383158616296 3.1799166282603486 0.8339791169610038 9 239 505
3.6179793008792154 3.10253924980883 0.8283628541944731 9 239 530
3.588931335199006 3.0239712610861305 0.8286160495369219 9 239 558
3.6598493995585235 3.2506328571282843 0.8307622395286303 9 240 480
3.5766228668803537 2.9784972439601107 0.8231079980803023 9 240 573
3.912406748356802 2.3730421504331725 0.5447047614525431 9 241 634
3.6476911637078975 3.250800948470306 0.8299242705421513 9 242 482
3.620349454503132 3.1531928993561085 0.8259338729146242 9 242 515
3.649114087391407 3.2839482512140536 0.8283375940171622 9 244 472
3.6447575806356918 3.2693795121596745 0.827879011126807 9 244 477
3.6233275084721743 3.2444900277191695 0.8272933181642481 9 246 488
3.586944057626657 3.144348265230111 0.8273971103900322 9 246 524
3.6813302737954934 2.817180846187721 0.7198843308188888 9 246 588
3.900096406241773 2.3954011514501166 0.5321800089829858 9 246 631
3.6306201487853578 3.3014327826697585 0.8306122575676693 9 247 470
3.5999876821869945 3.228428432106319 0.8294003190575872 9 248 497
3.578778165469278 3.117590964497425 0.819824656540467 9 248 533
3.5696477328395373 3.1177575385807574 0.8245120536022266 9 248 535
3.6164047209502908 3.278979708309808 0.8269348593422415 9 249 479
3.90112200901208 2.3942906828641606 0.5131896833883489 9 250 630
3.903388242072701 2.371225665230461 0.5077507598272741 9 250 634
3.669709548269468 3.6751446293624754 0.866253329730791 9 251 348
3.67304362089083 3.6648631224498494 0.862619858741139 9 251 351
3.7176439703313937 3.627258390533089 0.8325936632016162 9 251 358
3.5768964804433017 3.1810724446647622 0.8223316176141613 9 251 515
3.705740461415757 3.030250430188958 0.7277468701328889 9 251 529
3.678725018133165 2.933783811179593 0.7237646723103265 9 251 559
3.5949465517878503 3.264624812954297 0.8251681083293846 9 252 487
3.5918244583206658 3.2358316214326455 0.8214155672802756 9 252 496
3.691304980386843 2.9781734076027027 0.7217527049755934 9 252 545
3.6830633469708776 2.843556552806801 0.7009125148638471 9 252 580
3.8913748591414428 2.4023317028670874 0.510560128045098 9 252 630
3.591522195251008 3.30383303872991 0.8309103178252969 9 253 476
3.6802144016038287 2.9709142144537743 0.7223950031967814 9 253 549
3.906017260241641 2.394134039837856 0.49219665338998997 9 254 628
3.6688116114519485 3.6694654810569234 0.8525317963511169 9 255 350
3.7767978478115767 3.03314598129338 0.6758765572441487 9 255 514
3.5835884662521664 3.2672584598535144 0.8180926362241431 9 256 488
3.789348726811572 3.095965511979136 0.6771956067001385 9 256 496
3.677969851061566 2.9307266542303294 0.7046693543654653 9 256 559
3.681796412614853 2.8246722629314793 0.682590958389379 9 256 584
3.6884162655023913 2.9771544478340757 0.7041461306996974 9 257 545
3.9153979265715204 2.3904807617655255 0.47261210971564527 9 257 626
3.8953377485998124 2.3812451604106544 0.48148042071818486 9 257 632
3.57836897091947 3.317201340360304 0.8236134722169252 9 258 474
3.7918908297033034 3.0609058304684376 0.6612808557678334 9 258 504
3.6629126954026514 3.66241555268476 0.8411067108239942 9 259 353
3.68930872417713 3.0304435446751956 0.7062388657103638 9 259 531
3.6875064724651567 2.9119732548407447 0.6845600182431877 9 259 561
3.908875163465842 2.3637220030737205 0.4616086592036177 9 259 632
3.66819636981517 3.654417358853195 0.833427000969466 9 260 355
3.7498472011876935 3.113770752411922 0.68598284670212 9 260 498
3.679648661242945 2.82740244131809 0.6686954994441004 9 260 583
3.6846678689068133 3.0013811631973946 0.6955670969796199 9 261 539
3.683581184317072 2.970447001404741 0.6901995859563127 9 261 547
3.686715715526149 2.9590641730361797 0.6824817938866051 9 262 549
3.686232991649999 2.836227973866452 0.6590256981082325 9 262 579
3.6676752841922227 2.8185388976138825 0.6578355910963378 9 264 587
3.6573105949858684 2.820176870376376 0.6638009030862266 9 264 589
3.6168092439956077 3.690532387010567 0.8518358355220577 9 265 349
3.7192417451060047 3.0388102931888383 0.6686797787139063 9 265 522
3.6826604236586933 3.0162066705577586 0.684281879895137 9 265 535
3.8989519579665153 2.361437704987938 0.43824721459356053 9 265 633
3.750433252659796 3.2301169041370166 0.6851018463443976 9 266 467
3.68805451479391 2.979244362449949 0.6702626690446934 9 266 543
3.9028575756678023 2.3872070021559573 0.4364111589826698 9 266 627
3.628251978559564 3.6413730422336785 0.8294050188650293 9 267 364
3.5957679157804225 3.5283418012525676 0.8218181146917922 9 268 405
3.5940248305254303 3.5134716960522008 0.819853143728171 9 268 410
3.680477616843678 3.0160200816793044 0.6739651929484458 9 268 535
3.9055617935252354 2.3553328383184153 0.4191546575616669 9 268 632
3.6200972399287785 3.6745680174040465 0.833894209827809 9 269 354
3.6802820828874134 2.9635538061061797 0.6598616293372228 9 269 548
3.677080177947996 2.925748581471851 0.6541670848589507 9 269 558
3.6630269297491784 2.8185361747165127 0.6407823253706997 9 269 587
3.722595652557513 3.1857028260696123 0.6764334151710458 9 270 483
3.6833761413528983 3.0004033771302963 0.6615640117721455 9 270 538
3.907851646380945 2.3974756462788878 0.4166682035084228 9 270 623
3.684719904128199 2.950220269109579 0.6469518465799127 9 271 550
3.6744424519931567 2.843726368625367 0.6315138695679139 9 271 578
3.601799180768187 3.6361627159764343 0.826682786073619 9 272 369
3.700992482235166 3.2142824891933053 0.6866196937723954 9 272 479
3.6021722983923095 3.6749897711843027 0.8309767208118326 9 273 356
3.5912941632297173 3.646162155592154 0.8280930828160354 9 274 367
3.688442951915338 3.0690225518560714 0.6569617012894211 9 274 519
3.6718259602775998 2.926547587948824 0.6377395100635128 9 274 558
3.67468359727717 2.8282216605877997 0.6163497648150345 9 274 581
3.888800392985432 2.4024994986777957 0.4093294992303236 9 274 625
3.679931483527065 3.2046355121133296 0.6853002017712497 9 275 485
3.6823927353056662 3.1762404318694624 0.6743845781870357 9 276 492
3.885047250078106 2.3883035557973664 0.39906360185835155 9 276 628
3.5907990243172367 3.679076112947148 0.8252700078516255 9 277 356
3.680068431471776 3.0064125889596536 0.6374363567542478 9 277 536
3.644301744649954 2.8210615368277927 0.6203203802470825 9 277 589
3.8955836798763683 2.3435486555046934 0.3791447065060993 9 277 634
3.672944005125875 2.9551939678431816 0.62719461040238 9 278 550
3.5458698385948186 2.804904008813168 0.6697829881530735 9 278 617
3.660760687713937 3.1973155272846574 0.6798036333418846 9 279 490
3.675708247447382 3.0206205332065554 0.635035207652177 9 279 533
3.6697103616179274 2.997580370750438 0.6337941303820693 9 279 540
3.892611790594156 2.4127305824706813 0.38530431040706525 9 279 621
3.8910854501616283 2.3986782863320966 0.38331434723005464 9 279 624
3.6737576258652176 3.0135675599740632 0.630815818990907 9 280 535
3.6773373145857104 2.9540227693832524 0.6165236504859406 9 280 549
3.660615450617833 2.823606555603135 0.5994831506324574 9 280 584
3.6373426238390043 3.2812613120331036 0.7032210073015275 9 281 471
3.6350981623780827 3.2648244299466107 0.7011467596102818 9 281 476
3.6752285575127663 2.934611609048699 0.6097963787084444 9 281 554
3.632406283277156 2.8122472242023546 0.6095773265953843 9 281 593
3.8912070322698975 2.358894413220482 0.3654122233337562 9 281 631
3.675350044008348 3.1517056576951474 0.6505727180995706 9 282 499
3.560062593145181 2.769143396125266 0.6390512468569725 9 282 621
3.6250209051724935 3.238313929491872 0.6942463717562085 9 283 485
3.6674011845191927 3.1720429428106867 0.6556186458871722 9 283 495
3.690003821262116 3.054489407547806 0.6179867490889916 9 283 521
3.6774792833320484 2.968035050879139 0.6074350446671903 9 283 545
3.671160149838618 2.9201604341501994 0.6012298303746355 9 283 558
3.6619177296678065 2.823882358664033 0.5867147452090495 9 283 583
3.571926613451467 2.80522110579999 0.6357197132938841 9 283 609
3.881128572144455 2.383257869710667 0.3666452749575555 9 283 628
3.6236547514384565 3.3100741009511596 0.7062972295615341 9 284 465
3.6194629488201464 2.8181178505012046 0.6065183092266253 9 284 594
3.874726174601745 2.3626168884132976 0.36128949532557963 9 284 633
3.6407320142046546 2.8087069636387003 0.5880100768096019 9 285 591
3.6245540535064857 3.2875572281096392 0.6937956311613345 9 286 471
3.628929063978374 3.2014486265144986 0.673179558730669 9 286 494
3.6882434075935673 3.085733428162551 0.6137136125907006 9 286 513
3.617380627477427 3.259737663067381 0.6885804581373213 9 287 480
3.6196966977057796 3.243802002672619 0.683853444590671 9 287 484
3.6687063055289735 2.8393559319292794 0.5697131181040271 9 287 577
3.8763049079449345 2.3673111665150097 0.34675379613805113 9 287 631
3.6702891614983053 3.0070068479898295 0.599997896442469 9 288 536
3.6748372943757293 2.8240779034943717 0.558749100540983 9 288 579
3.664285841165047 2.821322735402312 0.5644892251823193 9 288 582
3.578498889655127 2.818339778793153 0.6152477034655963 9 288 603
3.8798543489923887 2.4095705229083473 0.34864879414615824 9 288 622
3.625187606235402 3.275279297867555 0.6798316091967977 9 289 474
3.6339715255224685 3.2514733779832508 0.6695197765985816 9 289 479
3.681195249400421 3.08144957872726 0.6051992750638391 9 289 515
3.6694347508471314 2.9623503061587804 0.5871066630352038 9 289 547
3.881397972864586 2.353488742009395 0.33100421639356314 9 289 632
3.8939252322459574 2.402155371785424 0.32884019627920935 9 290 620
3.882497488123369 2.366890913179576 0.328262918391542 9 290 629
3.883110634065456 2.3394248399304187 0.32207050275239335 9 290 634
3.6762909962585364 3.0081079002527766 0.5846637952752303 9 291 534
3.6634873896349784 2.974137505382871 0.5851974861078337 9 291 545
3.6585687974183116 2.9366720991519872 0.5761959277183439 9 292 555
3.8785867775187195 2.4056532303365072 0.3290605087637859 9 292 622
3.6866360278013652 3.21853397128708 0.6153735880960554 9 293 478
3.683895472562881 3.1975965364081813 0.6125649690476733 9 293 484
3.6803261567373196 3.1886032565336073 0.6128192457701389 9 293 487
3.882862567465407 2.3354474609911158 0.3065169350675625 9 293 634
3.6633605169047483 2.9225765319507406 0.5621805585896875 9 294 557
3.6154403466790326 2.8211327101644152 0.5697661064759878 9 294 592
3.6444877208018607 3.2821597831760374 0.6472116303916582 9 295 468
3.679181593458317 3.1808008514098747 0.6040260893842373 9 295 489
3.6819635451090957 3.093164422729435 0.5834319165318576 9 295 511
3.6623221453298305 2.9599169481471934 0.5668067672449784 9 295 548
3.6882430393464465 3.2047352723753924 0.5996811778847202 9 296 481
3.658816880324525 3.027091876162833 0.5794551290659722 9 296 532
3.882549154796579 2.395950779132445 0.3048433971313942 9 296 622
3.8815923410375284 2.3810122256633677 0.3022051574240656 9 296 625
3.6772868201160844 3.1734780655381147 0.5957608559031091 9 297 491
3.6624087959899794 2.8363950097067794 0.5318827246532631 9 297 577
3.884699331468089 2.36008081802036 0.29077348982264173 9 297 628
3.6388642847532324 3.270053068291973 0.6367457281868385 9 298 472
3.689714445971017 3.202844754241828 0.590478265792916 9 298 481
3.635641961793719 2.8228396304736814 0.5414509621085464 9 298 586
3.670591151913361 2.9745676606221254 0.5486429594700888 9 299 542
3.8905498024858116 2.399158755062062 0.2856435376139179 9 299 619
3.884082439160914 2.3687520845655494 0.28304654015554465 9 299 626
3.6763138232934915 3.168828799572866 0.5835162241643113 9 300 492
3.6110924225674164 3.3291654416231045 0.6521275413606986 9 302 460
3.632359697844267 3.2543937530518545 0.6222121296493361 9 302 477
3.669580972796065 3.218385518654207 0.5907607736831717 9 302 480
3.678715114946826 3.006750264386143 0.5383465182180791 9 302 532
3.663945990727371 2.8260575965167343 0.5078532523625818 9 302 578
3.590301795626792 2.821962290533134 0.5534768514204578 9 302 596
3.67682391836742 3.096365100775563 0.5552623313999987 9 303 510
3.618110891662406 2.8184002551386214 0.5310351437846541 9 303 590
3.6651638094585013 2.861916004785468 0.5066418099600396 9 304 569
3.6353010033116515 2.8261195550350706 0.5177099041264164 9 304 584
3.6349428319996626 3.2844046289397655 0.615782022694457 9 305 468
3.633092258384805 3.263669135706417 0.6123500923976817 9 305 474
3.671370765288995 2.990182267246907 0.5270345869184634 9 305 537
3.6755515810123174 2.9576131621690065 0.5171158235696607 9 305 544
3.67427318259221 3.1711445512551153 0.5614560830601616 9 306 491
3.6734552613968385 3.081212274431934 0.541903734151449 9 306 514
3.677345016748966 3.041901841685104 0.5306334186980475 9 306 523
3.6700815871326764 2.9740134455822176 0.520135716104138 9 306 541
3.665882182403977 2.837893944334501 0.49244085663658876 9 306 574
3.6608271119393905 2.8297088883952637 0.49385538080982205 9 306 577
3.6788636641754673 3.0031732648388054 0.5168809418082638 9 307 532
3.587886967265091 2.823796398952296 0.5352683166036729 9 307 595
3.6774579229094453 2.995373862119332 0.51189615974778 9 308 534
3.6278713124780024 3.2727783546334823 0.60242716199377 9 309 472
3.672990004226533 3.19760790101012 0.5562251877422981 9 309 484
3.6811195788623543 3.1726281459408314 0.5453229420702923 9 309 489
3.661108590907685 2.9752935690862747 0.5138215553720398 9 309 542
3.669629335796441 2.9429275259087233 0.5010008067610683 9 309 548
3.674511751534907 3.017014289925368 0.5103970646763067 9 310 529
3.575248647416318 2.821144483663082 0.5307177891507999 9 310 598
3.609838685094819 3.312516699080062 0.6155345502783423 9 311 464
3.5393410981156364 2.7990848719414037 0.5451262075624088 9 311 612
3.6649522495600877 3.0193497626006924 0.508899986840075 9 312 530
3.661537032517426 2.9096804631368567 0.4861832319616122 9 312 557
3.6633165042427223 2.886734637090536 0.4797948733980224 9 312 562
3.6178850593510097 2.80993682852096 0.49210928431679557 9 312 590
3.607275956474147 2.8120242454047153 0.49954091895879804 9 312 592
3.6318823920562693 3.246317787620557 0.5783417492948868 9 313 478
3.682367907993414 3.1697660006408794 0.5276396152412579 9 313 489
3.664470578704296 2.956912149230917 0.49082781023694233 9 313 545
3.631795538620529 2.8244376445660437 0.47788625014257424 9 314 583
3.5459805500553405 2.8056753959446254 0.5302762605994396 9 314 608
3.542513793923727 2.788314117849672 0.5285904227201059 9 314 613
3.6144815353670516 3.308106194946965 0.5962678120041103 9 315 464
3.6345806091242445 3.2399031013476627 0.567273526795951 9 315 479
3.6716960254391204 3.093188193740305 0.5089605349780173 9 315 510
3.6648515080383746 3.0702992155850843 0.5082400543845684 9 315 517
3.6554584761765145 2.938045368020721 0.48408433883998025 9 315 551
3.6588105760879723 2.908836292242913 0.4709259577633562 9 316 557
3.6178378397821156 3.297977735399681 0.5840232813202686 9 317 466
3.637121039184434 3.2555965233224464 0.5574106427534478 9 318 474
3.632675541575985 3.243602736863506 0.5576089041791621 9 318 478
3.6403922821551595 3.211953438746076 0.5450960084876602 9 318 485
3.6659575114102214 3.0877357633995106 0.4991501452036733 9 318 512
3.6684352942068825 3.061548461167003 0.49141578880515 9 318 518
3.6506223379971887 2.9272881288338977 0.4722180283556334 9 318 554
3.604604527127104 3.3272037181802006 0.5920031856743357 9 319 460
3.6649770734161002 3.026857789307237 0.4815091412953585 9 319 527
3.6574457640251286 2.995932280413039 0.4793809658199044 9 319 536
3.5940733951691906 2.835665580774073 0.4847289066417151 9 319 588
3.6178982023605086 3.282153045340136 0.5686938328348397 9 320 470
3.66142472168184 3.077922282428901 0.491638318210742 9 320 515
3.615998341837469 2.860066589536775 0.4714659355870041 9 320 577
3.543108519556278 2.7940750191802968 0.5052810604635913 9 320 610
3.6146256040586264 2.915508003657818 0.48117861746216173 9 321 564
3.5757033671818887 2.8139898793234006 0.4837875670970482 9 321 597
3.6676297040787915 3.0267802139005515 0.46709983052174264 9 322 526
3.6446743764578198 2.9671832418475015 0.46871574101773605 9 322 545
3.626312489308077 2.945839631783057 0.47619170560296387 9 322 554
3.5833590802204434 2.822228031657027 0.4763746264142341 9 322 593
3.604136239407598 3.3260608857686 0.5767332938485357 9 323 460
3.6455510577100716 3.007170537084356 0.4733322162942495 9 323 535
3.6100183406015884 2.905496533429015 0.47363295413371764 9 323 567
3.590004552749334 2.8614371622813706 0.47691426496077494 9 323 582
3.562309913066861 2.8088437951862395 0.48342802929366324 9 323 601
3.5409411917992557 2.8059921503216096 0.4973427949154865 9 323 607
3.650485211455936 3.0833306503485196 0.47961352147455827 9 325 515
3.6471925057503296 3.049495425430326 0.4738557795432652 9 325 524
3.5460807907229572 2.802661311791943 0.48485716356192454 9 325 606
3.6251077981672473 3.2263134556568716 0.5269707158303523 9 326 483
3.6179594559344093 2.9914924379612082 0.4760573694550456 9 326 544
3.6046735928702507 3.3170497376960375 0.5587710532338552 9 327 462
3.601355235754737 2.964264866656216 0.47690592911582796 9 327 554
3.64119756690899 3.438660934900472 0.5586016524482962 9 328 422
3.6228745308897596 3.260758421673828 0.5287622577466389 9 328 474
3.6115892183687768 3.319235510683634 0.5466896789941149 9 329 460
3.629741399495919 3.229325452926703 0.5124440843228439 9 329 481
3.569573333445908 2.9539645442043407 0.4842232152254602 9 330 563
3.5602478436536824 2.880194723293548 0.4729869186227025 9 330 583
3.626841970249595 3.218963840991699 0.5039078653815459 9 331 484
3.5467928735236076 2.8718574286719445 0.47629897476805305 9 331 588
3.5401021755963766 2.840974738862635 0.47353947319917467 9 331 597
3.565276724460609 2.919266557316646 0.4706472281634424 9 332 572
3.535762334855743 2.806399969660109 0.46410772164637626 9 332 606
3.608248259658673 3.3081308401521747 0.522727107385484 9 335 463
3.550901226503944 2.9468634742594624 0.4752372870550816 9 335 568
3.5449965622893593 2.9073435790264788 0.46977954328068816 9 335 579
3.580460992787851 3.7081491929847274 0.6114254295374377 9 343 348
3.7590557000313822 3.7365761008579725 0.4254405232391667 9 358 323
3.7578565442070353 3.737662351940386 0.40126143904922196 9 364 323
3.743569000345757 3.7281088899826003 0.39725007217847574 9 367 327
3.740923272459667 3.732798644867596 0.3835816045536218 9 371 326
3.731671208732587 3.7290354458218036 0.3686349307326131 9 376 328
3.7312088103061045 3.732991915846335 0.35718411174189635 9 379 327
3.336244968364224 4.262911190201514 0.7786253831090872 9 398 146
3.2360220926999657 4.227525996281652 0.8539951128543732 9 399 159
3.24520185349609 4.219228352610556 0.8407185738032379 9 400 164
3.2497522542407076 4.208028475932577 0.8333470343351252 9 400 170
3.2562392045224517 4.191597901782091 0.817195506625725 9 402 179
3.3088132698978603 4.273365972786412 0.7832090897912067 9 406 141
3.2597375111305094 4.175685827195328 0.795324262513409 9 407 188
3.2153683743569093 4.24028280501311 0.8526163545499257 9 408 153
3.217637041355981 4.235386681491766 0.8464136977854995 9 409 156
3.259621399793298 4.224039711868654 0.8045437094244545 9 409 164
3.605147649565975 3.2538482180974455 0.17848107524330614 9 412 469
3.2577686539658774 4.274608315156383 0.8051695713634858 9 415 139
3.601939671958437 3.255709686041869 0.1395215333634412 9 421 468
3.2237938271189956 4.28128783157187 0.8147583485462635 9 424 135
3.210710894852755 4.268425625868509 0.823219034215402 9 424 141
3.6570296972755445 3.77934360950103 0.026543210633123593 9 469 323
