2.0944389839336077 0.7809913144178755 0.8712540387122971 9 118 191
2.0642458308841 0.7744162012943281 0.8635471393318406 9 119 201
2.054985733402535 0.7695273112072571 0.8611181966777497 9 119 204
2.161256814678356 0.7878652067701 0.8718267442477007 9 120 169
2.1254054188402582 0.783723560600083 0.8678634253477228 9 120 181
2.09559317732438 0.7761141482783018 0.8597530836915921 9 121 191
2.276369796132764 0.7942047339483158 0.8756350543621998 9 122 130
2.2365084429579944 0.7896891168787152 0.8680133121912743 9 123 144
2.1651105712745844 0.7940793897907552 0.8647528720803992 9 123 168
2.3570757011243755 0.798956922120921 0.8766635466866898 9 124 102
2.26035469861459 0.7948134140037719 0.8652044755801993 9 125 136
2.2107125097087925 0.7917021108017388 0.8605640117129889 9 125 153
2.202389672220451 0.7847095131707953 0.8573234028525907 9 125 156
2.127332323433996 0.7830863941824833 0.8514797127383467 9 125 181
2.391099020615504 0.804771037511806 0.874967586081302 9 126 90
2.3302537202001585 0.8137614313949271 0.8741452641760803 9 126 111
2.4304398585978566 0.806821130625675 0.8753899851534199 9 127 76
2.2955145595514885 0.8004288783635842 0.8634320812343873 9 127 124
2.0544506358858 0.7747563776891222 0.8365904655799771 9 127 205
2.498363982899833 0.8134729294433938 0.8796464690325609 9 128 51
2.378363353677174 0.803956188310452 0.8674732288854239 9 128 95
2.512700882298657 0.8236767183765727 0.8815381451987521 9 129 45
2.104671468448992 0.7734211406081255 0.8329780022275031 9 129 189
2.0736919452986537 0.7809465321756495 0.8336921503111399 9 129 199
2.3395972080485388 0.8048053264876738 0.8587124681737471 9 130 109
2.138413797208599 0.7825331314326494 0.8356199353091489 9 130 178
2.5553572544674763 0.8110806808111277 0.87352794275906 9 131 31
2.543019690212139 0.8165927066517606 0.8747993019462039 9 131 35
2.4061364947625727 0.8010821457140898 0.8588642305569885 9 131 86
2.4608461092534997 0.8095054565960151 0.8629747619228305 9 132 66
2.580645841803941 0.8301736983402366 0.8767388939626184 9 133 20
2.0501460713515294 0.7793528226730198 0.8180042557809444 9 133 207
2.5309892619764383 0.8191302464286696 0.8656582840146042 9 134 40
2.523867280417668 0.8254581920267905 0.8676523681136449 9 134 42
2.181954781553031 0.7908040608539681 0.8288424462416937 9 134 164
2.1456510526039048 0.7917386136367592 0.8265558943922389 9 134 176
2.4883440402575983 0.8182065779360448 0.8590479161108682 9 135 56
2.2506713334651334 0.7943442827642109 0.832019026409325 9 135 141
2.211528035928248 0.8007022441905203 0.8316768594810913 9 135 154
2.584037664764481 0.8265160249415024 0.8663394583884729 9 136 20
2.085505303171311 0.7722988693317714 0.8076766308585805 9 136 196
2.3297326953975688 0.8011851799935639 0.8341186537378622 9 137 114
2.277169370597394 0.8026971091873261 0.8308161323148586 9 137 132
2.1890177516103315 0.7944383458757138 0.8209247892761395 9 137 162
2.149875490161944 0.7921485554997378 0.8170881307934741 9 137 175
2.1043567924486664 0.7796732623969205 0.8086695721483325 9 137 190
2.0670347917565377 0.7856495739910705 0.8083017048208183 9 137 202
2.5783211275362294 0.8328335610305468 0.8623080316922688 9 138 22
2.385873965572468 0.8111433702049431 0.8391183582325783 9 138 94
2.1322424623718796 0.7860769772188969 0.8099821073432746 9 138 181
2.2704692030348994 0.8180340869542111 0.8300396299255447 9 139 134
2.217867542676365 0.8166950999824716 0.8255368054476372 9 139 152
2.1813536295008658 0.7935222636800332 0.8100319406699095 9 140 165
2.086739780180765 0.783835911724694 0.7989129145274613 9 140 196
2.061801452272279 0.7728211176390514 0.7925212767426558 9 140 204
2.5117333318081876 0.8181905403882124 0.8419649858030225 9 141 49
2.488858899750719 0.8105848611338593 0.8370998494242035 9 141 58
2.402929266811965 0.8201539727661724 0.8344967837347163 9 141 88
2.2730501697375276 0.8330269120904936 0.8266850425236199 9 142 133
2.1915825782026177 0.8292258214640424 0.8188864448422224 9 142 161
2.084665108506665 0.7847377529240691 0.7889429543889861 9 143 197
2.4997880669279877 0.8329403793782104 0.8345549554172247 9 145 53
2.4774127024683965 0.8233713282413306 0.8288101766816734 9 145 62
2.4074043561619622 0.8381878294301139 0.8295743277460813 9 145 86
2.057148148248967 0.7816672768451021 0.7786977226879992 9 145 206
2.3204296421961663 0.8382221883044756 0.8196113724742122 9 146 117
2.1733809662622785 0.8159930341953356 0.7987759530120114 9 146 168
2.101306925976181 0.7855178198272665 0.7803279639389098 9 146 192
2.0825299204765386 0.7894917677775508 0.7805329176265193 9 146 198
2.4061889317835448 0.8502776906035305 0.8282129620015845 9 147 86
2.3686075377131734 0.842051944576601 0.8217861578835522 9 147 100
2.247458257595679 0.8505606497761622 0.8158693123134055 9 147 142
2.2247083998837476 0.8458580790871846 0.8120958537942371 9 147 150
2.551554347859793 0.8401532811865793 0.8322149251500248 9 148 34
2.541506221464423 0.8375259523312502 0.8303064377097624 9 148 38
2.5348337077988163 0.8322826726253916 0.827553848931443 9 148 41
2.4397492322102634 0.8514554361235136 0.8281880574353765 9 148 74
2.340580548423294 0.8439199741837022 0.817161512713587 9 148 110
2.1814450210150165 0.8414695685483469 0.8035604423297268 9 148 165
2.507556439397348 0.8453719842446843 0.8278097638686642 9 149 50
2.1719708723680617 0.810963818187227 0.7865078899821578 9 149 169
2.0299377958925904 0.784033823305206 0.7637529198716199 9 149 215
2.270075045598684 0.8431578844951662 0.8047652686934045 9 150 135
2.564689122833502 0.848826815303948 0.8275628682606462 9 151 29
2.3839208303164567 0.8482194716658591 0.8128080260562933 9 151 95
2.1745245624529015 0.8309206544808012 0.788573671500167 9 151 168
2.5055450685205223 0.8610492404661163 0.8249447687120663 9 152 50
2.476555286215054 0.8577148788626681 0.8211666604282476 9 152 61
2.3156374198166993 0.8538924576989471 0.8065449583083499 9 152 119
2.2437132410218537 0.8539628073400019 0.8007787440185665 9 152 144
2.2146156323909767 0.8534922082138734 0.798230183201743 9 152 154
2.4437255439489323 0.8482992687424877 0.8112555730727404 9 153 74
2.296422325502951 0.8520397002494853 0.8009470247451371 9 153 126
2.2711280471879896 0.8469866786991074 0.7967030992526662 9 153 135
2.088099814711891 0.7911204765959843 0.7576100007628148 9 153 197
2.4630132306024475 0.8628572907243126 0.8159777764295562 9 154 66
2.162036170045548 0.8093670192414695 0.7681297735006037 9 154 173
2.060110235763643 0.7940808705238089 0.7531601345862453 9 154 206
2.438022248727531 0.8423785320452928 0.8017861349034865 9 155 77
2.407737622633237 0.8535085289807909 0.8041857916786543 9 155 87
2.37435193062207 0.8520772343625949 0.80082584860374 9 155 99
2.2447502198737324 0.8577912975070665 0.7927226193109399 9 155 144
2.1264794160707337 0.7874660076195716 0.7522177583333316 9 155 185
2.085707493292341 0.7885419778476783 0.749352226574034 9 155 198
2.568236661410365 0.8673903269569039 0.8202838331134912 9 156 27
2.519117594680684 0.871183704943443 0.8179130642196502 9 156 45
2.412025317548408 0.8627241329740265 0.8053779284550694 9 156 85
2.544751433271974 0.8682952389380696 0.8156125237961949 9 157 36
2.5042061444617523 0.8589741947741087 0.8081372401698512 9 157 52
2.4504459434859243 0.866583032284677 0.8070570924830431 9 157 71
2.366162997552068 0.8570964502618774 0.7958919162958915 9 157 102
2.3404051106173416 0.8587789041172367 0.7945061193656815 9 157 111
2.2201547273927957 0.8503088527519844 0.7808163864139089 9 157 153
2.190208291736865 0.8557045424005179 0.7807265562969352 9 157 163
2.1769491171246917 0.8330708477727127 0.7696195449858334 9 157 168
2.1209126966287135 0.7902819389237514 0.7460608677368116 9 157 187
2.5270741894942734 0.8670411837359524 0.810442202291997 9 158 43
2.2469557845718544 0.8510241464728558 0.780044907103723 9 158 144
2.1334360192705804 0.798807134115602 0.7474110092425339 9 158 183
2.1055987961857534 0.7915209613799532 0.7418602903558928 9 158 192
2.074139319716069 0.7868837874098293 0.7371854184985626 9 158 202
2.444391902159357 0.8381843730925378 0.7874968615284054 9 159 76
2.393761254897145 0.8517207473159343 0.7893084319803217 9 159 93
2.293295525644052 0.8560576255073664 0.7828515013557634 9 159 128
2.161501442110105 0.8021433780248293 0.7477813404722482 9 159 174
2.575710059415544 0.8702813551591715 0.8096510522929868 9 160 25
2.462414257226124 0.8707751199284863 0.8003602644724577 9 160 67
2.3411643064077743 0.8644982312170746 0.7873665117199375 9 160 111
2.1827605243115005 0.8538727609043582 0.769304001822941 9 160 166
2.062117754469964 0.7788941260821223 0.7255636192738648 9 160 206
2.5481080263756377 0.8852200416282126 0.8109025775643584 9 161 34
2.4797554338235765 0.8696570485567812 0.7981270063996291 9 161 61
2.195228056398841 0.8519864616813848 0.7661609794309759 9 161 162
2.1761366171115397 0.8259978840273181 0.7528477157668916 9 161 169
2.3339082098346315 0.8637009669205828 0.7798696131038145 9 162 114
2.311034933194864 0.8638545770755834 0.7779992508022804 9 162 122
2.2828565229543756 0.8595061934982837 0.7736427417249104 9 162 132
2.163148850453741 0.7957829065218374 0.734668847946811 9 162 174
2.0853514450094552 0.7915290587745161 0.722620650714942 9 163 199
2.0342856657813964 0.7882890454829126 0.7167961310196099 9 163 215
2.4814029291083446 0.871339492206574 0.789432990505271 9 164 61
2.420493544725272 0.8599059563327682 0.7789979926086391 9 164 84
2.2677622346835853 0.8725833881369636 0.7716998742498304 9 164 137
2.2588684004904915 0.8744656709196195 0.771796951715931 9 164 140
2.2514992040512944 0.8629275156885392 0.7659005350871815 9 164 143
2.5330710997322914 0.8638891147827936 0.7872562994968351 9 165 43
2.503182670124092 0.8842337544693035 0.7940081526277378 9 165 52
2.4453624061280474 0.8637597424803971 0.7796462315689705 9 165 75
2.1803637383339645 0.8338607154027289 0.7431285532023393 9 165 168
2.553118531612101 0.8808664537111612 0.7935973031265874 9 166 34
2.3694588415674147 0.8683854905064263 0.7719615322049833 9 166 102
2.2820077778209598 0.8598177519647456 0.7604510816366451 9 166 133
2.232762542772961 0.8553015874314633 0.7541113602312604 9 166 150
2.158396963707746 0.8000831103040302 0.7222562572334924 9 166 176
2.45241627789349 0.8748589830561238 0.7788907499907868 9 167 72
2.105752748934572 0.7943319024243709 0.7115131464823551 9 167 193
2.035560053448471 0.7905335384054888 0.7036536813981458 9 167 215
2.493124175872064 0.8790476634739086 0.781158199047608 9 168 57
2.421717627337886 0.8662077051174621 0.7689554619250006 9 168 84
2.395941205638084 0.8688678655802884 0.7679386466879914 9 168 93
2.377595624036849 0.861569513444856 0.7629460107824987 9 168 100
2.302581549965616 0.865332752814179 0.7581392138839537 9 168 126
2.0648083764727048 0.787074304070748 0.7010168283974723 9 168 206
2.5676314322823357 0.8844371882550282 0.7869993017870527 9 169 29
2.532876394051589 0.8750384673738374 0.7795631953232237 9 169 43
2.4810151399535947 0.8757757098603427 0.7753531896096332 9 169 62
2.2068976679870875 0.8621187463516049 0.7449124112479517 9 169 159
2.2788862785940984 0.855084549203323 0.7445888360272142 9 170 135
2.2553645446389328 0.8293779843163442 0.7304692182725785 9 170 144
2.2253479038687476 0.8599065157247361 0.7421236965126019 9 170 153
2.18152755861827 0.8050217105067836 0.7125423288248246 9 170 169
2.0912505203258367 0.7804253747389764 0.6930522657952765 9 170 198
2.437280258414761 0.8678346537416353 0.7612637163559549 9 171 79
2.3517640191228657 0.8729288676882208 0.756077728718646 9 171 109
2.326563404127869 0.8699022596407633 0.7524188462089966 9 171 118
2.3097281440985054 0.8474564211254549 0.7403637342398701 9 171 125
2.217036703801939 0.8587136191987443 0.737441575801224 9 171 156
2.1233454103599727 0.7875113714674689 0.6956281542511893 9 171 188
2.454013185349429 0.8705731873416465 0.7607665684663023 9 172 73
2.3808479513105354 0.857291912100633 0.7479699306090251 9 172 100
2.583042189063364 0.8958851931192771 0.7810589246985682 9 173 23
2.463873326026814 0.8784647473289238 0.7621190715704991 9 173 69
2.414183985483136 0.8639524513452637 0.7507811094660332 9 173 88
2.2419957533317323 0.8280894513913317 0.7183395267713127 9 173 149
2.095441876271893 0.7868013309131685 0.6856181938957957 9 173 197
2.0794629702158165 0.7809132680655246 0.6813924804409615 9 173 202
2.5412590812241937 0.8776042302978475 0.76540949143254 9 174 41
2.511928782480726 0.8856637061573274 0.7666125607675035 9 174 51
2.369753767254642 0.8620437075593266 0.7425592819961433 9 174 104
2.207476853021122 0.8121190302440142 0.7041569724516646 9 174 161
2.134018714006476 0.7887722764491334 0.6864170914190635 9 174 185
2.1840343441348793 0.8012563564940864 0.6933182787964216 9 175 169
2.1524163546004664 0.8079479583421436 0.6936633936524619 9 175 179
2.0478967644790935 0.8041661677048124 0.6824023873652515 9 175 212
2.5274627367621316 0.8837492690751345 0.7606298968188238 9 176 46
2.47616046061811 0.8705795011987374 0.7496360162941536 9 176 66
2.4730728148870993 0.8490539750494603 0.7390046648245687 9 176 69
2.4146374149536607 0.8438627185119678 0.731199279569144 9 176 90
2.343278045605432 0.8728270468842572 0.7386438489622424 9 176 113
2.2867559203105694 0.8191763092421762 0.7077099286743245 9 176 135
2.5813967252206838 0.9025657827500244 0.7713969614795292 9 177 24
2.5045820806621375 0.8597395232033553 0.7437020409613275 9 177 57
2.2636766945108424 0.8147142920030837 0.6999648621129072 9 177 143
2.199446852648169 0.8144602171467263 0.6939784404300268 9 177 164
2.0904497358106466 0.7895230990386342 0.6719847851869141 9 177 199
2.5968454645355163 0.8898126625841853 0.7634409041302875 9 178 20
2.579382847473117 0.8861306314982034 0.7600531924820333 9 178 27
2.5403612441059167 0.8722557180043422 0.749744163039862 9 178 43
2.3961811351344076 0.841903123854512 0.7217968476603912 9 178 97
2.375227528112959 0.8610933319069585 0.7291821964613941 9 178 103
2.3681982136935558 0.8681142793275609 0.7319426213872803 9 178 105
2.3351420085760894 0.8769547970078955 0.7331980542116079 9 178 116
2.210918442267217 0.863589651486703 0.7153205029842383 9 178 159
2.1637221950946586 0.7970337203216686 0.6787107012520284 9 178 176
2.129430389841566 0.7849244866631575 0.6696919215299827 9 178 187
2.061751076220522 0.7955592269670797 0.6686415182321338 9 178 208
2.499672952129429 0.8520899673346487 0.7328957200595033 9 179 60
2.32630256680992 0.8261354850808782 0.7042735015224689 9 179 122
2.0395124494674532 0.804838320764125 0.6674656368166921 9 179 215
2.5292902647611726 0.8483985356814552 0.7304906326294924 9 180 50
2.46235937775913 0.8220696355234498 0.7114124103491201 9 180 76
2.392102887457366 0.8544246659989274 0.7207330269851089 9 180 98
2.3138965721376783 0.8129960746625708 0.6932241205651322 9 180 127
2.5390657014675724 0.8360333151878947 0.7219818435036118 9 181 48
2.2632978856993673 0.8098147252824264 0.6834396720881194 9 181 144
2.217436939700013 0.8728439896360138 0.7101361969522086 9 181 157
2.1457343413822847 0.8034372272273702 0.669366624643102 9 181 182
2.6018973425472596 0.8758347705021674 0.7441206737811562 9 182 21
2.5902469970304765 0.8351348528877975 0.7229516611760892 9 182 30
2.2547480928777874 0.8087875097145205 0.6785840777612753 9 182 147
2.2428137958679915 0.8342736446504231 0.6900420734674693 9 182 150
2.312866549430301 0.8110919589971439 0.6816229407037807 9 183 128
2.203456151466328 0.8369998843004816 0.6841808749123668 9 183 163
2.1875622049521297 0.8027476411825569 0.6657171960977384 9 183 169
2.1180073715859598 0.8027887109710159 0.6592033443713541 9 183 191
2.0602086529524635 0.8040116448612193 0.6543794632316859 9 183 209
2.047215518734107 0.7975868705595444 0.649975640792803 9 183 213
2.5375168643653616 0.8193682093239578 0.7034057672665868 9 184 51
2.3762609312517036 0.8443311551025512 0.7006057024943357 9 184 105
2.3647749658073205 0.8466311136029185 0.697217165396943 9 185 109
2.290556451302016 0.8046584106563339 0.6692063469826894 9 185 136
2.2318061378810863 0.8674480184602431 0.6950087296764095 9 185 153
2.182314977338067 0.8010152582404675 0.6571210158077825 9 185 171
2.021507203343204 0.7883549119356512 0.6355450183224163 9 185 221
2.595144046777373 0.8297601508275754 0.7072454753803011 9 186 30
2.5309394002088093 0.8177393424552166 0.6950962272772817 9 186 54
2.458712370039649 0.818391646989356 0.6885416936986319 9 186 79
2.1947119479383685 0.8093273043030558 0.6588392439551853 9 186 167
2.160811439104957 0.7982098348735343 0.6500306728221239 9 186 178
2.0935188870430665 0.8033054971308302 0.6461758805997427 9 186 199
2.0448749018081296 0.7907352879272431 0.63523358660705 9 186 214
2.618847380594814 0.8446873673185702 0.7136405954896875 9 187 20
2.5850138857681912 0.8290064783522102 0.702500263171305 9 187 34
2.575961403144899 0.8217857860246769 0.6979952204155917 9 187 38
2.5505391983673324 0.8216841434029152 0.6955103743110448 9 187 47
2.3031415301001568 0.8100872962130565 0.6659837918288731 9 187 132
2.1323465363648175 0.8032923112465393 0.646209895696954 9 187 187
2.6164454224233813 0.8377203100849542 0.7065236547866833 9 188 22
2.437614630156523 0.8408851495061509 0.6909256729703558 9 188 85
2.3880394470079698 0.8860599379266796 0.7090167385179692 9 188 99
2.3403162004472593 0.8806441089580894 0.7016863691353714 9 188 116
2.335259761026622 0.8762379864463727 0.6989704966022835 9 188 118
2.268154159767409 0.800082472636978 0.653980733356141 9 188 144
2.1895703531424693 0.8066740976860864 0.6497582206124543 9 188 169
2.1426841917743733 0.795604846147353 0.6396476500367739 9 188 184
2.0911267175262784 0.798302136806551 0.6360538658286286 9 188 200
2.6113096549375543 0.8304390778938506 0.698944132571497 9 189 25
2.4799074929632665 0.823602340125746 0.6827731633035917 9 189 72
2.4730480236685377 0.8159365594036836 0.6782150797233664 9 189 75
2.1045228700516465 0.7945499290627089 0.6317383343541906 9 189 196
2.5177603964939945 0.8355149640848429 0.6890443977020166 9 190 58
2.190514741295068 0.8064065839738725 0.6424232379873352 9 190 169
2.6036831910509326 0.8244782237565207 0.6883222889620995 9 191 29
2.4142394959497557 0.8918673314211336 0.7043762721655427 9 191 90
2.2405122084982776 0.8412894236052004 0.6615167374210338 9 191 152
2.5556928985483776 0.8272289311475949 0.6815967226149222 9 192 46
2.5060610250897746 0.8313707284357426 0.6788648448026589 9 192 63
2.488152433815231 0.8224362853177487 0.6725130303251935 9 192 70
2.211903200112675 0.891808247318918 0.6811403082161174 9 192 160
2.1472662266512437 0.8018737065419128 0.6285323717141523 9 192 183
2.073057147961901 0.8021280465895073 0.6213921462733772 9 192 206
2.406789808766277 0.8931212103266613 0.6975229031659509 9 193 93
2.108928560114043 0.8081653735187275 0.6243080736973199 9 193 195
2.0340580666976877 0.7976804696917814 0.6115208889333259 9 193 218
2.532676249499085 0.8336713121140455 0.6757321652466368 9 194 54
2.394794546545067 0.826572698527561 0.6584142471883492 9 194 102
2.3287822625945958 0.8278456388341084 0.6525468019708988 9 194 124
2.316092866925074 0.8114843456373233 0.6428032843954888 9 194 129
2.1957683113404327 0.8033910580315453 0.6267055094186591 9 194 168
2.167499767807394 0.7984898015649191 0.6213671616052548 9 194 177
2.604631033080741 0.8319158687433084 0.6784928887426662 9 195 29
2.5179035600135085 0.8276196930765019 0.6676388077363646 9 195 60
2.4643699330994577 0.8579763741822208 0.6781357180588492 9 195 76
2.334762850629268 0.8863123791410488 0.680022447017297 9 195 119
2.0280709751887525 0.7971934189549217 0.6031253812970249 9 195 220
2.6203260365264778 0.8628594791643913 0.6927956253987524 9 196 20
2.571204163912279 0.8334316662752239 0.672498560755551 9 196 41
2.41953554193271 0.8555746650934914 0.6689457220223731 9 196 92
2.373094880715642 0.8382506946116202 0.6552481718529872 9 196 109
2.2826639290255804 0.8175654967323265 0.6354020016875294 9 196 140
2.560856950347654 0.8327905667616748 0.6676538545044642 9 197 45
2.509842037998812 0.8200797444899863 0.6558623029332117 9 197 64
2.435905447801682 0.9008254707423045 0.6908648460430141 9 197 83
2.3919304352967523 0.8206228044289969 0.6443260351537787 9 197 104
2.3265156294063214 0.8905235236083677 0.6744861344065026 9 197 122
2.3105043424851712 0.8197729254689701 0.6357160144264881 9 197 131
2.145677837655853 0.812162297985465 0.6151930879783413 9 197 184
2.065033222446217 0.7939684930261315 0.5975507555307744 9 197 209
2.0518404027573753 0.7949523592902079 0.5967448942085446 9 197 213
2.591154481240139 0.838007846006521 0.6699731953422237 9 198 34
2.124373772862337 0.7922873750049719 0.5988453542230754 9 198 191
2.2776818482635837 0.821225041882653 0.6259028678938517 9 199 142
2.2451144794820466 0.8362377201100435 0.6305590066088816 9 199 152
2.2092808041246266 0.8212657310357456 0.6190039499672824 9 199 164
2.604000305643912 0.8810173916332473 0.6872117888608398 9 200 25
2.5288950255053284 0.8329216912112831 0.6540010633223775 9 200 57
2.4249788454833925 0.8287772347811297 0.6412355123485315 9 200 93
2.3530246639576573 0.8818593901461838 0.6621516591103535 9 200 114
2.2663369018378905 0.8172880757082082 0.6190019796967614 9 200 146
2.564579816472184 0.8405811530708416 0.6582137705792095 9 201 44
2.5376466229746333 0.8453808982198674 0.6580269694658398 9 201 53
2.5249255115497484 0.829166360899817 0.6480699421741292 9 201 59
2.5010432219544194 0.8432240654135086 0.653138199059556 9 201 66
2.4382893249100657 0.8898173525304673 0.6716111950080306 9 201 84
2.1990692626457684 0.8035957370708471 0.6011470800997681 9 201 168
2.0466065435626817 0.8016503232534224 0.5845424233948068 9 201 215
2.574956720138106 0.9003358296562363 0.6878214956156683 9 202 34
2.4151757034330625 0.8253270946114397 0.6312176724843479 9 202 97
2.213485283119755 0.8931952154218306 0.6469211281334549 9 202 161
2.6172795039838785 0.8894136945061029 0.6829349989745258 9 203 20
2.4659136777766797 0.8980895498684451 0.6720117820741462 9 203 74
2.2713035537686155 0.8152941205346087 0.6073897552187307 9 203 145
2.163851555284903 0.8191682143552927 0.598405553671957 9 203 179
2.2052398622700395 0.8597835699145844 0.6209004849960567 9 204 165
2.5299625488375095 0.8430229768470743 0.6419167786523714 9 205 57
2.445180083775245 0.8331740923347428 0.6277582320228827 9 205 87
2.2962599488884727 0.82255498673441 0.6065145346487764 9 205 137
2.6192779911634183 0.8580657722126928 0.6559048816971036 9 206 24
2.56690641509568 0.8924344589965276 0.6691654262603486 9 206 39
2.4664332989970497 0.8931004063372683 0.6590373162200313 9 206 75
2.329042508859132 0.8890415573310679 0.6424796601245171 9 206 123
2.3316309309651726 0.8356551597910347 0.6136573796443959 9 206 125
2.288396687898008 0.8161470545120662 0.5985122184767677 9 206 140
2.423452625436331 0.8161920871722332 0.6089869753684372 9 207 96
2.357725216698754 0.8793065739317942 0.6366263506018464 9 207 114
2.198656982601435 0.8816599521585 0.6212304310276279 9 207 167
2.1839902720866355 0.8301923685155701 0.5915316702930113 9 207 173
2.1565168736163165 0.8100629850067718 0.5776363898166117 9 207 182
2.4467866330848915 0.8353564068622834 0.6183137835937658 9 208 87
2.4030605855339098 0.8160133110709262 0.6030808585414081 9 208 103
2.3197731330816542 0.8211288260274034 0.5971166997287046 9 208 130
2.253704500951819 0.8288559011021503 0.5944012509093328 9 208 151
2.2413827995133984 0.8564862757528051 0.6082821919306411 9 208 154
2.5796885996699355 0.9116284853926433 0.6708334005261128 9 209 33
2.540483586109689 0.8770755844245424 0.6476261488519272 9 209 51
2.4231258325217215 0.8242470115071112 0.606068336046583 9 209 96
2.3370911574030844 0.9040525251751161 0.6409830063318074 9 209 120
2.183550226250323 0.8910194129866276 0.6175465377173 9 209 172
2.166990270022951 0.8115018779676579 0.5719341417964235 9 209 179
2.512609317988053 0.8891071917280275 0.6478414490775484 9 210 60
2.474710495314161 0.905153970570316 0.652699846186442 9 210 72
2.4809682532689274 0.857457959029222 0.6269510593723187 9 210 74
2.289854486698944 0.8221053588285978 0.5870593996793838 9 210 140
2.157743011932097 0.8117195901086975 0.5672656588000442 9 210 182
2.1289107987907245 0.8026617074176565 0.559184851327734 9 210 191
1.9955003902842288 0.7916590409088349 0.5389114104193236 9 210 231
2.3272102735571445 0.8819099143451399 0.6205673979031887 9 211 125
2.2163689460546108 0.9080407162139561 0.6232631877247528 9 211 161
2.1736053391077914 0.8226654282060568 0.5712271051228502 9 211 177
2.4213638388249668 0.8281092479893652 0.5970395738164921 9 212 97
2.328374723517225 0.9145287214948761 0.6353119902695973 9 212 123
2.149121024477657 0.807419070135911 0.5562958194823548 9 212 185
2.5567671601183175 0.9167685580447844 0.6576425628291602 9 213 42
2.4788371022242885 0.8274818969770408 0.5992049538407159 9 213 78
2.442008187095306 0.8326095993976346 0.5981122745348142 9 213 90
2.3262454796502103 0.876665390021458 0.6103366711234608 9 213 126
2.3228317027161376 0.8204979233347274 0.5784878114186764 9 213 130
1.9965900399396475 0.7979862142895648 0.5307321041799797 9 213 231
2.5346420873872324 0.9106542849992303 0.6483900698249697 9 214 51
2.5008545889676705 0.9124772816718187 0.6457607896653434 9 214 63
2.247607675031887 0.8559680351628676 0.5865652451607719 9 214 153
2.1770087014131736 0.9277384610117336 0.6193150371804206 9 214 174
2.1703363320212445 0.7941817133027964 0.5434371766381465 9 214 179
2.490817676444374 0.9002889816400779 0.6343223186060294 9 215 68
2.4866747916402816 0.8834257645775796 0.624344929386297 9 215 71
2.4378418087135056 0.8307836419266634 0.5892976610902043 9 215 92
2.331903274913026 0.8097412783892903 0.5658985663987297 9 215 128
2.303167934924142 0.8140488187866557 0.5652099677328745 9 215 137
2.2390746158174286 0.8826074893442628 0.596979632616417 9 215 155
2.0713878594396897 0.8018994285478804 0.5331618419832032 9 215 209
2.0276643924035977 0.79607392644393 0.5251198240701261 9 215 222
2.4884771814340545 0.8333431657289241 0.592592313688522 9 216 75
2.3932516931797005 0.831345275671211 0.5810670120724148 9 216 107
2.383950717266054 0.8324277402015183 0.5806659838376601 9 216 110
2.370411199952965 0.8565583581087926 0.5928758014337895 9 216 113
2.2853380685388127 0.8107676695254695 0.5576182313462974 9 216 143
2.1649914383718856 0.789277009197564 0.532294720150635 9 216 181
2.104904531293983 0.8064239898412391 0.5354635055859512 9 216 199
2.041593673858479 0.8038741426044951 0.5271079987714371 9 216 218
2.0108909819978136 0.7917650719193452 0.5168888601434767 9 216 227
2.549868027148866 0.9044094027727154 0.6361306715043974 9 217 47
2.4725681339985734 0.8287189520464426 0.5845541266963031 9 217 81
2.4180764286040417 0.8314005580406094 0.5801085029462212 9 217 99
2.3347791166986864 0.818936169809207 0.5638802801103496 9 217 127
2.269578121689836 0.8150333121118507 0.5545111413102777 9 217 148
2.6212688015115355 0.8317168075348953 0.5989510087107224 9 218 30
2.5028520764688316 0.9160162009391952 0.6341118267146358 9 218 63
2.2024054150680756 0.932742755288511 0.6105999428465169 9 218 166
2.069098011650455 0.8071144406061173 0.5240986055123681 9 218 210
2.585585019014913 0.8568865496150879 0.6058361080405007 9 219 40
2.474164631364668 0.9104960779639835 0.6242886553143112 9 219 74
2.3446997092362762 0.9114001268719516 0.6104932466395118 9 219 119
2.14262890800662 0.8013737072787097 0.524996243884301 9 219 188
2.1192393641794625 0.8089733429749106 0.5267723494102793 9 219 195
2.5201025822183363 0.9095024267530494 0.6253006410539812 9 220 58
2.4710714053093454 0.8916475450941483 0.6095667696328135 9 220 77
2.4275349745771604 0.8249887917100518 0.5663190002252139 9 220 97
2.1032775084572175 0.8018612187424101 0.5169840133224206 9 220 200
2.0428657127932315 0.7978840739056654 0.5079836584628901 9 220 218
2.012283649234555 0.7981807677902786 0.5047586332710476 9 220 227
2.6259289449466254 0.8341284818900576 0.5899918464611792 9 221 29
2.5605522460455212 0.9070111923271542 0.6248662183542921 9 221 44
2.465621032757099 0.8574804521319299 0.5856233030787982 9 221 82
2.3986058298933086 0.8364119273840758 0.5659603194997128 9 221 106
2.159354005094132 0.8121372909519806 0.5252334903197551 9 221 183
2.498466866929059 0.9015614009938193 0.6112486498172027 9 222 67
2.3368949561324373 0.8248337143156506 0.5485862293433963 9 222 127
2.3251537941059697 0.8202758855112267 0.5446238392871956 9 222 131
2.2717153241820283 0.8201412557921657 0.5385600582852808 9 222 148
2.23759792576762 0.8722590617865604 0.5650096352172428 9 222 157
2.2039996578877443 0.9357112971859105 0.5981006152727046 9 222 166
2.1135522358506607 0.8184011574683818 0.5198336983518375 9 222 197
2.645345506609128 0.832583997564547 0.5840022992238495 9 223 23
2.533158275570088 0.9205223323156655 0.6226592054824666 9 223 53
2.4239356781693573 0.8231622577050131 0.5536015757077818 9 223 99
2.3910166534258934 0.8354054571691472 0.5570374867436189 9 223 109
2.343567457422662 0.9149190470662152 0.5980644244580362 9 223 120
2.172472495863383 1.0030132094734687 0.6301855337301425 9 223 175
2.020269277991927 0.8083437687643569 0.4995515485555886 9 223 225
2.445386298856123 0.838853448758166 0.5614391469016075 9 224 91
2.3174926464054484 0.8167284433243474 0.5340383784378455 9 224 134
2.61613825231688 0.8483537858965167 0.5826630771874164 9 225 32
2.5121026450315718 0.8589645081744968 0.5770947577283804 9 225 67
2.4645462438615646 0.9093934783682618 0.6013352555723871 9 225 79
2.3816367042640323 0.8435795560058745 0.5532503397227799 9 225 112
2.3725915696510462 0.8595336011586054 0.5616000109369498 9 225 114
2.301353150102843 0.8237165024804292 0.5324679994947179 9 225 139
2.2837643772810248 0.8133992326836312 0.5244090411710733 9 225 145
2.238397644509911 0.879159466297903 0.5579079331720561 9 225 157
2.1516054478672495 0.8062698721530319 0.5052242189900267 9 225 186
2.548691681767743 0.9134301549228394 0.6097352857503954 9 226 49
2.4307287341651422 0.884050824897189 0.5789602910429498 9 226 93
2.051697046928806 0.7977280721959208 0.4848412807753464 9 226 216
2.6495481254051714 0.83070638999807 0.5687534802120887 9 227 23
2.2850309208824404 0.812414480484895 0.5162055923937936 9 227 145
2.2549260480441116 0.8240392490501542 0.5196457106709793 9 227 154
2.2068103870463864 0.9305360128673221 0.5772161624089975 9 227 166
2.1325757857949608 0.8070300973798064 0.49557016200991044 9 227 192
2.00766820493802 0.8019445959632343 0.47826418291737416 9 227 229
2.486458035817426 0.865204984610449 0.5668465577223372 9 228 76
2.32889455400687 0.9326620254865854 0.5888482916912081 9 228 125
2.330405568130429 0.8300108787243285 0.5279860803415382 9 228 130
2.5455960212699673 0.8544225702358532 0.5635511572649607 9 229 57
2.527664051064904 0.83462840964143 0.5496662535628087 9 229 65
2.0662945730334474 0.8169472394093444 0.4858637068056051 9 229 212
2.0255947418155826 0.8098347711120271 0.47692088283945755 9 229 224
2.572520246411889 0.9272573579853622 0.606627717346682 9 230 40
2.4556411696845113 0.9135938329594533 0.5848933288955241 9 230 83
2.422209479319574 0.9215419438293126 0.5857811614481222 9 230 94
2.4037149334433843 0.8853108821455795 0.5619269253686119 9 230 103
2.3281431002008697 0.9266138201505605 0.5779176307541063 9 230 126
2.2920098738418098 0.8208071248113606 0.5103273888808582 9 230 143
2.1037139460009024 0.809167269236734 0.4815280887014284 9 230 201
2.5138379627931995 0.8367140951204202 0.5418167175279055 9 231 70
2.3344183084161787 0.8162777649139346 0.5086394174421476 9 231 130
2.147688156488153 0.8052344020070932 0.48026154634295404 9 231 188
1.9881257238757157 0.8015180393100805 0.459453463061114 9 231 235
2.485817974782633 0.844408175384443 0.5394260925824966 9 232 79
2.4121466326042613 0.9209572453756345 0.5770410957739894 9 232 98
2.2451792077201995 0.8500542454459588 0.5147075403634485 9 232 157
2.1811213145182213 1.0517081450906738 0.6289944631567956 9 232 172
2.154942952595323 1.0624734563392273 0.6324354408343835 9 232 181
1.9777731277160502 0.7969247600380864 0.4513668375407942 9 232 238
2.5848156897770136 0.8600150771873429 0.5567420687742234 9 233 44
2.559849420546526 0.8365933278177184 0.5396128790536512 9 233 55
2.3809833995711953 0.8744483658558095 0.5415652271310708 9 233 112
2.0982041139068883 0.8081647831621914 0.46818971719828495 9 233 203
2.037100438730497 0.8071789197986945 0.4604195283941661 9 233 221
2.533469052615481 0.8387202130211187 0.5340418443475655 9 234 64
2.4554307027856095 0.8778279745439732 0.548641924639453 9 234 87
2.4050363718249717 0.9197743187589384 0.5682280570622424 9 234 101
2.3294169133408786 0.9331715886575673 0.567467104448175 9 234 126
2.5868258851160366 0.946365768417067 0.6023461209262019 9 235 34
2.5728399360652587 0.8477741324883286 0.5404613226994259 9 235 50
2.3096720080492323 0.8288259945062444 0.4977336680174522 9 235 138
2.246096537330608 0.8561683740402755 0.5069113132717906 9 235 157
2.0170453675012165 0.8030930445400932 0.44737404574952255 9 235 227
2.327311603868865 0.8988823389198632 0.5388774000092297 9 236 129
2.281558012539593 0.8296676515114654 0.49099304345693207 9 236 147
2.2362763319076358 0.8938726634675696 0.5249837462339834 9 236 159
2.210780542518812 0.9339489613315932 0.5465296136176431 9 236 166
2.1360719562954555 0.8153735916515104 0.4649331433846715 9 236 192
2.122672003196402 0.8164755462748772 0.4640160395957944 9 236 196
2.4085025566749487 0.9128939158965013 0.5534449603647165 9 237 101
2.385778679367458 0.9237655605859405 0.5574249943412493 9 237 108
2.180226386674651 1.0885166618563435 0.6343089370794902 9 237 172
2.007118521998639 0.7977829457003485 0.43466962828117217 9 237 230
2.64913294943769 0.8844459835226299 0.5610251077676266 9 238 20
2.5651734507057555 0.8425227226724374 0.5250541126893483 9 238 54
2.3785266147819426 0.9192241638152936 0.5500792576683425 9 238 111
2.3284135966944444 0.8614866060501472 0.5083928253610783 9 238 131
2.3240249080138926 0.8295412749979485 0.48812585936137864 9 238 134
2.3113477602924353 0.829629019448654 0.4866604837940016 9 238 138
2.2179788076204825 0.932439747987859 0.5390012262164068 9 238 164
2.59918043342391 0.8396771954662108 0.5236019082418771 9 239 43
2.5257672102020052 0.8379312219673138 0.5136821240999634 9 239 68
2.1275370248050884 0.8098721665485642 0.44834164985581615 9 239 195
1.9727532338049074 0.7985585695168336 0.42269230660192947 9 239 240
2.4980349464864364 0.8438494483529158 0.5101958888202969 9 240 77
2.364836052839905 0.9203788934053674 0.54175036967775 9 240 116
2.1770798666517006 1.1085862706072667 0.6362515582064472 9 240 173
2.5710545764824504 0.8508668862988513 0.5196171727517965 9 241 52
2.4581542154187748 0.836822050554783 0.4971350455363246 9 241 91
2.419090138531453 0.8476763062296273 0.4991783444655311 9 241 103
2.409502994796399 0.8643635514207355 0.5084453880003408 9 241 105
2.3147082076388896 0.9016708337183752 0.5202593940608238 9 241 134
2.101506517526396 0.8027967930261872 0.43257925211084913 9 241 203
2.6059982416169776 0.8538389623729357 0.5219581124987647 9 242 40
2.4882848350535225 0.8408545379611603 0.49946442770798716 9 242 81
2.546923326575622 0.8482984562713038 0.5074724052664947 9 243 61
2.260021373272263 0.9322474453346818 0.5252346132665492 9 243 151
2.2084536143969444 0.9293956175127513 0.5171274448477325 9 243 168
2.098779106597374 0.8080687430451126 0.42728935411016256 9 243 204
2.5828497830747947 0.8493368984415612 0.5087260260472422 9 244 49
2.540876822300248 0.841032131605731 0.4983175481062725 9 244 64
2.4868949037642203 0.8404253359264771 0.49130016119118314 9 244 82
2.3793157079850564 0.9199133586685009 0.5283342713136295 9 244 112
2.3508906489073182 0.9293667477402423 0.5308178327276033 9 244 121
2.323314010340272 0.934343709045935 0.5305755435856154 9 244 130
2.1092306611367606 0.8137887925379768 0.4280492800730946 9 244 201
2.019783900651999 0.7983434512937859 0.4072923666310875 9 244 227
2.0058719853379148 0.8012877560897762 0.4074442171668604 9 244 231
2.635018030339971 0.8529319925930892 0.5136392679023771 9 245 31
2.5085589903035275 0.8299058890936917 0.4834219129851347 9 245 76
2.4573779819452075 0.85275604379302 0.4916076057299592 9 245 91
2.4286617085167292 0.8588335291478109 0.4919210479416942 9 245 100
2.2845575751885026 0.9374044040948326 0.5240020141958971 9 245 143
2.21125539181384 0.942616722610877 0.5182646974171472 9 245 167
2.079085012692922 0.804909547094669 0.4145634903968749 9 245 210
2.2962208857362376 0.9435294290687355 0.5255947501260162 9 246 139
2.206141844734884 0.9368688601476476 0.5101906710740332 9 246 169
2.1334086215735972 0.821923434147974 0.42795583238789825 9 246 194
2.662394955468838 0.85405391268911 0.5101964784565862 9 247 22
2.4253753419935773 0.8939380822222001 0.5062112362728359 9 247 99
2.3599337425844658 0.9386235053877836 0.5266426409368195 9 247 118
2.0487700202873858 0.8091869208221694 0.4051640905022438 9 247 219
2.60594917541094 0.8429290853219413 0.49222561131841625 9 248 43
2.5341957835446616 0.8444255838939196 0.48422242198629806 9 248 67
2.514600094241009 0.8614065944745846 0.4926735871262937 9 248 72
2.4459529609877575 0.9229922660280128 0.5236262234976609 9 248 90
2.2592961605056026 0.9351173905220431 0.5080907679438571 9 248 152
2.1723785083578755 1.1400305357926666 0.628754634222891 9 248 175
2.5607826057686474 0.8482743905278596 0.48616063276207155 9 249 58
2.3896065127632498 0.943471783190001 0.5260209584265584 9 249 108
2.5106568407243706 0.9033424694943648 0.5115969368241846 9 250 70
2.3811236230703985 0.9452694443832887 0.5223959181817861 9 250 111
2.2935139089198953 0.9364931584814942 0.5056861517713784 9 250 141
2.015030285959125 0.8118892133556357 0.3900323633382776 9 250 229
1.9837064640298472 0.8176649363194641 0.38982224472896676 9 250 238
2.648558002532173 0.8545667122186642 0.4936126246323038 9 251 28
2.5877170213398983 0.8623267179393479 0.49095564863679253 9 251 48
2.407980366613577 0.9455607604169638 0.5222539277431969 9 251 102
2.364115846509339 0.9454641288687646 0.5166439989778429 9 251 117
2.296281339462562 0.8557873411713015 0.44985526386003216 9 251 144
2.231904148213403 0.948716141582165 0.5020351343580283 9 251 161
2.1229112619347634 0.7978260810044069 0.3903071807608236 9 251 198
2.3342253968876965 0.9509520701079535 0.5126801641572181 9 252 127
2.001538551100894 0.8092685463797953 0.37812324306266865 9 252 233
2.6664940910082553 0.8500197630017385 0.4852796122588936 9 253 23
2.5483783566644345 0.9013933368286797 0.503818145573474 9 253 58
2.4899392147185004 0.9563026799378609 0.5322773989480792 9 253 73
2.272885085995669 0.8218644611565868 0.41668386366458887 9 253 153
2.2576327425269858 0.8404073547227078 0.4268660558868256 9 253 157
2.0786200057495674 0.8110780693671646 0.38486218230976466 9 253 211
1.97687635321975 0.8045336981286249 0.36761060348946084 9 253 240
2.634300967685545 0.8951340630674443 0.506935154000711 9 254 29
2.4752594703208786 0.9610887202847944 0.5298706752338921 9 254 78
2.4498125460781703 0.9605251802451553 0.5262432655595968 9 254 87
2.438410360515323 0.9603886834944924 0.5246940602618106 9 254 91
2.3650233822344675 0.9351262242610392 0.4987167006720199 9 254 118
2.3372942824512806 0.8288112296766064 0.4253787816331951 9 254 133
2.292091006735833 0.8290293454451645 0.41973544414409547 9 254 147
2.2050746769957703 0.9570794124637025 0.49265223060695784 9 254 170
2.0857675198285355 0.8208530523074147 0.3879566154406191 9 254 209
2.4141610235285578 0.95617362672316 0.5151058972922302 9 255 100
2.3575708633851353 0.826380015591444 0.42231401864612894 9 255 127
2.03421510970546 0.8167137418974186 0.3743843421241815 9 255 224
1.966875631202926 0.807195647249725 0.35945795107743983 9 255 243
2.589148348558086 0.9589992910492775 0.5358311554210319 9 256 38
2.42929602410084 0.9436479547498648 0.5050499471947869 9 256 96
2.283108179500659 0.8321276777785609 0.41243220327668384 9 256 150
2.2351408959480357 0.9423401183219751 0.4791294510896964 9 256 161
1.9957289218206766 0.8106950964564115 0.3611719946796157 9 256 235
2.5261994695004524 0.9773680586938613 0.5362322772229869 9 257 59
2.481239330197581 0.9682489835340444 0.5243535723496154 9 257 76
2.2058939048392063 0.9638433684360921 0.48575258572159274 9 257 170
2.5142036281936284 0.9637939826566986 0.5219963584487903 9 258 65
2.4428805506508304 0.9535066207226668 0.5058636854103236 9 258 91
2.420056361837335 0.8263505136362868 0.41817496221163264 9 258 108
2.3493857220178533 0.8294622839972268 0.4110545190715904 9 258 130
2.2573444381008336 0.8387890314436193 0.40529473327270504 9 258 158
1.9602604753812298 0.8026735810329908 0.34258400726029725 9 258 245
2.623618756950729 0.9541435106463592 0.5261545934511609 9 259 27
2.4895496002028223 0.9639252704615424 0.5151844979575475 9 259 74
2.428797710055681 0.8331129787850446 0.41977048817804663 9 259 105
2.391155103491621 0.8317834195347515 0.4139646565616175 9 259 117
2.125321369663875 0.8255055461770484 0.37504441297429625 9 259 198
1.9967067526486122 0.8130050352825715 0.34988581120270745 9 259 235
2.5735082867488543 0.9748516211165756 0.5298283894055786 9 260 43
2.5478064091094854 0.9777586330236885 0.52840907367925 9 260 52
2.438636343676713 0.8202122120755655 0.4083451856937945 9 260 103
2.300988138520584 0.8375257063381756 0.40191506707062263 9 260 145
2.63997454183094 0.9666524472047144 0.529418491856708 9 261 20
2.5149534511851996 0.9189091895486896 0.48079301653366 9 261 70
2.3378163245493213 0.8332893515661246 0.39978830347624705 9 261 134
2.0258615395131576 0.8251084663147834 0.35320316831505405 9 261 227
1.9538183537496796 0.8024112160093027 0.3284264861266406 9 261 247
2.582420795805937 0.9695305448477873 0.5201253905710065 9 262 41
2.4716334240616664 0.8464242117768923 0.4222373077925621 9 262 91
2.3937276085517922 0.8292217562055739 0.40030668750533716 9 262 117
2.290129023988467 0.8545163613461821 0.4037156188721056 9 262 148
2.1233349287246996 0.8215934692975959 0.35940470196717866 9 262 199
2.1061148729026113 0.8227111080537695 0.3578840747475176 9 262 204
2.0923906760428554 0.8188774898477851 0.35347760016804464 9 262 208
2.0715666956434693 0.8182310620289992 0.3502877237181654 9 262 214
2.5518253733037657 0.9726171899654332 0.5144971114838284 9 263 52
2.541182656150183 0.8941039635523427 0.4597991488137638 9 263 64
2.064989129415482 0.8106387591474125 0.33995231269154114 9 263 216
2.0124297888181126 0.8242861103975858 0.34223882142322903 9 263 231
1.9799768000331468 0.8109630956388683 0.32888956910388223 9 263 240
2.593971026436664 0.9729256349470528 0.5166438435729552 9 264 37
2.5642302034665327 0.8590490191341655 0.43511022332956784 9 264 60
2.4670669222171155 0.8459983512834812 0.4132733859342823 9 264 93
2.2894679842017505 0.8911483831817615 0.4203637887239233 9 264 147
1.9652694990310184 0.7992534356227121 0.31456733599891784 9 264 244
2.536319666514268 0.854157442495949 0.42406639955865777 9 265 70
2.508931542883843 0.8540780356138635 0.4203481292118245 9 265 79
2.499216660836227 0.8561340841995184 0.42045416853211925 9 265 82
2.457818521204917 0.8355163285178562 0.4008198202199398 9 265 97
2.3620268540247067 0.8566290311502955 0.40243931716630743 9 265 126
2.348097796269373 0.8637739810022576 0.40546080431219367 9 265 130
2.3199795263867347 0.8604914279173381 0.39945490296944186 9 265 139
2.218454893069375 0.969276121380584 0.4602477178101694 9 265 167
2.203660374357757 0.9631737420109472 0.4540963858269811 9 265 172
2.0020944745430245 0.8136093203977666 0.3248755414338187 9 265 234
2.608832402557264 0.8464868484926928 0.4245403640343073 9 266 47
2.424210979716654 0.8521851246419885 0.39957817096573645 9 267 107
2.385116270375115 0.8587841134342475 0.3988513084811065 9 267 119
2.2394314257413983 0.9549417006599159 0.4454319146364272 9 267 161
2.087294081999694 0.8271772586456458 0.33692349750945993 9 267 210
2.6441441250484643 0.9722788418985129 0.5082811379485537 9 268 20
2.6526645591763973 0.854195312860732 0.42781051621737864 9 268 32
2.5013870313045485 0.8569323828433764 0.4092227906779007 9 268 82
2.0317500057384006 0.8283340269568109 0.3258757767349263 9 268 226
2.0140823188741726 0.8270538744129292 0.32259906168612584 9 268 231
1.9778527306192295 0.8121347061739606 0.30738162902030486 9 268 241
2.6258166001316274 0.8574843106347052 0.42247653102478133 9 269 41
2.534442454669998 0.8509191453234766 0.4055028349123475 9 269 72
2.487719746962021 0.8532871748413096 0.400795451674254 9 269 87
2.4505937685831904 0.8661579963213217 0.4046789094721057 9 269 98
2.5699810606390523 0.846886224281401 0.40349637572303365 9 270 61
2.2711889746850638 0.9593663399972676 0.4410465601483169 9 270 151
2.214081380490069 0.976460439927177 0.4451569204347561 9 270 169
2.0640582712421813 0.8195815792687464 0.3154508666144942 9 270 217
2.046359388203668 0.8099730156534775 0.3063453712488746 9 270 222
2.516477819184258 0.8666964193193356 0.40596339562538564 9 271 77
2.309524560832534 0.9513467689091284 0.4367707920953614 9 271 139
2.1097826026053954 0.8252141602395122 0.3212615001430923 9 271 204
2.0749245385235477 0.8259218352800859 0.31698092928007204 9 271 214
2.0148161110238534 0.8186345649132518 0.3036541443555023 9 271 231
1.9969353177801672 0.818250281261873 0.30093614114910494 9 271 236
2.49168282977259 0.8829138347061789 0.40989258654218874 9 272 84
2.382775075395935 0.9500981992620781 0.44203738375446444 9 272 115
2.368164664534181 0.9481938545387636 0.43869237329911903 9 272 120
2.2003479113962063 1.0028634709192807 0.4539578840251046 9 272 173
2.320221729438141 0.9675810394359339 0.4418035865983756 9 273 135
1.983167163923442 0.8184909756679053 0.2903166223422988 9 273 240
2.65242165403268 0.8624635868255037 0.40968130647336976 9 274 33
2.5422233254877917 0.8808009024220007 0.40736225931722525 9 274 68
2.496082106724837 0.9287845790712883 0.43486723876195454 9 274 79
2.4679624940538027 0.9347357876992546 0.4351741683365977 9 274 88
2.242906046940502 0.9831974000117965 0.438217706076385 9 274 160
2.2117615786066023 0.9889579107540587 0.4379706377944579 9 274 170
2.6836813556394015 0.8601252390946454 0.40837259494964173 9 275 23
2.574310815711247 0.8766332268233326 0.40485884164613983 9 275 58
2.414790088258206 0.9626767540741981 0.4436718796093797 9 275 104
2.602880520554243 0.8831554114927826 0.40947555121873513 9 276 48
2.2477380660604984 1.002250846111375 0.4446165353508731 9 276 158
2.090925415008101 0.8240606686963647 0.295904298711803 9 276 210
2.005694007339276 0.8197178198384307 0.28090740742054976 9 276 234
1.9655979058781345 0.8124539538709725 0.27013697737381337 9 276 245
2.679503798300104 0.8687190715283879 0.40591799196202727 9 277 24
2.337938724480867 0.9832346084404349 0.43980521185531507 9 277 129
2.291684452053838 0.9921958000155242 0.43971870346173225 9 277 144
2.2427840343714243 0.9975772176741058 0.43670438780137566 9 277 160
2.664587804638293 0.872001981155639 0.4021739963127704 9 278 29
2.630159438398884 0.90327214461504 0.4197411717514379 9 278 37
2.5540490794863793 0.9317855904871715 0.4294641080899093 9 278 60
2.5040116671055666 0.9539538160988879 0.4383095482191448 9 278 75
2.4540213676129645 0.9670148205939442 0.4406336356409488 9 278 91
2.0095308726783223 0.8063614963408241 0.26290049298323304 9 278 233
2.4100804116480425 0.9829949143472907 0.44204351196272706 9 279 105
2.1166026642436186 0.8270219046503231 0.28836136862228035 9 279 203
2.088699542025822 0.818884020128448 0.2785634861626656 9 279 211
2.056781078913676 0.8231609656986636 0.27712907894250494 9 279 220
1.9734392308365778 0.8069300956608094 0.25367390376183296 9 279 243
2.6678920922304528 0.907871720115561 0.42051840745038715 9 280 24
2.4795728344202415 0.9749565517100285 0.4422326381970758 9 280 82
2.2909927315811833 1.0082664554572052 0.4395252608295941 9 280 144
2.383822767415083 0.988691834819029 0.4346881478212883 9 281 114
2.2577434842149424 1.0153751368533201 0.4360643211426156 9 281 155
2.248518170810054 1.0173275735875367 0.4361650167514932 9 281 158
2.117642187895645 0.8216752174698352 0.27575958653470845 9 281 203
1.9705330725984023 0.8107763294125763 0.24690938503042137 9 281 244
2.3145071246877427 1.0166089469801256 0.4411931355240688 9 282 136
2.1072221567856575 0.8324462351174209 0.27763549536079246 9 282 206
2.0149383812373274 0.8248107965041509 0.2588880441455472 9 282 232
2.5354430255989198 0.9781371886723502 0.44097020342461657 9 283 63
2.4873174020382285 0.9866778355961259 0.44029527763859266 9 283 79
2.4447419087594287 0.99568847332805 0.44075999520761333 9 283 93
2.354492909663523 1.0098551358516672 0.4381446190337299 9 283 123
2.287364180240975 1.0240621976059496 0.4388773386699867 9 283 145
2.2750391270082986 1.0274928699724166 0.4396119087532253 9 283 149
2.2197892495792195 1.04247503495607 0.44261534512772593 9 283 167
2.2040907784181845 1.050730996331316 0.4463871530192476 9 283 172
2.068965106567643 0.8194919171837913 0.25823564781500874 9 283 217
1.9781524671862916 0.8049982780991136 0.23462336548378993 9 283 242
1.956121854394039 0.8063717820893999 0.23246352819516325 9 283 248
2.6070725256863745 0.9769984623410857 0.4466110100666145 9 284 38
2.0155596648869185 0.8237590637232757 0.24914565328353988 9 284 232
2.666337160870159 0.9398908561283705 0.42408967656128205 9 285 22
2.580864566476005 0.9825911315531832 0.4431124322389999 9 285 47
2.5685153368286757 0.9860251146345433 0.4438502482627842 9 285 51
2.5496021300217997 0.9924890011794372 0.44586568399798754 9 285 57
2.248020147330041 1.0382674336597462 0.43589157598548245 9 285 158
2.1402187492584606 0.8272784391273211 0.26521497533510585 9 285 197
2.0554253779870755 0.8238945129527822 0.2504626428399417 9 285 221
2.6001851438110806 0.9777327353997418 0.43850674935236755 9 286 41
2.0126762228746475 0.8267497212154904 0.24182450292701585 9 286 233
2.6242851182863087 0.9906930596822845 0.44777590314747395 9 287 31
2.5032978950168228 1.0212093880496582 0.452731876864225 9 287 71
2.3796289992326383 1.027739542189392 0.43954007218757796 9 287 114
2.3136761667801453 1.0392423368439736 0.4384422301491415 9 287 136
1.9399205637839683 0.8253345094110549 0.22560801742544578 9 287 253
2.2319992388410785 1.0614909215842492 0.43917582564613755 9 288 163
2.1102166697870017 0.8166692672276352 0.23946901841995483 9 288 206
2.0779439478009074 0.8300396223510909 0.2446802405555164 9 288 215
2.456688157484738 1.0221591938159544 0.4390123369410741 9 289 88
2.141733642142123 0.8340499031669859 0.2524998062228667 9 289 197
2.540513334367853 1.0077308383778159 0.4367480323270758 9 290 60
2.432794617145304 1.0411312089216047 0.44585731699530373 9 290 95
1.959260732458595 0.8281569907430844 0.2166822856466657 9 290 248
2.406712517429798 1.0466887715681015 0.44237053407733984 9 291 104
2.3168012668376594 1.0518684261055768 0.43295262110773214 9 291 135
2.2718889828479147 1.0801106546737775 0.44751253013471204 9 291 149
2.2328470096785376 1.0671924489466864 0.432033804780245 9 291 163
2.190651716991038 1.1087087347787008 0.4569633645275717 9 291 176
2.132220306955163 0.8318730562017551 0.24043862783312475 9 291 200
2.100487859149994 0.8296277589754366 0.23405606293797487 9 291 209
2.0791156859427082 0.8308923733073794 0.23184247320764229 9 291 215
2.0397053957264215 0.8319011966286793 0.22676707515329286 9 291 226
2.6348055450796735 0.9968293724178743 0.43487722741785584 9 292 28
2.3509024719028426 1.0577279970151063 0.43858920600380524 9 292 123
2.203813577212635 1.0969947625496346 0.44632650214131586 9 292 172
1.9929665289776177 0.8324117032702674 0.21561938466579078 9 292 239
2.047600695574897 0.8293747304703523 0.2168463339895963 9 293 224
2.566873133540112 1.030787603120856 0.44282698922592023 9 294 49
2.477569408736253 1.0521231705914837 0.4456500378882353 9 294 79
2.151428494897722 0.8272765449618984 0.22618499322395857 9 294 195
2.105625803121623 0.817487094698804 0.21189879664947764 9 294 208
2.0334628923634135 0.827076832711481 0.20837370031094804 9 294 228
1.9714169355974662 0.8288430619127005 0.20042570497408718 9 294 245
2.126987450433998 0.8312011622048585 0.22093153978085645 9 295 202
2.080893263008216 0.815009374020828 0.2016731476659086 9 295 215
2.379249952753627 1.070563428555815 0.4373435457248811 9 296 113
2.339163832309855 1.0871462453787955 0.4439711726860003 9 296 126
2.2559779429078066 1.1104208619662856 0.4492121489728911 9 296 154
2.6517192558116776 1.0218361455974014 0.4374201664494468 9 297 20
2.6001040764275696 1.0368046398948767 0.44108583315202377 9 297 37
2.573682656695795 1.0423964445513052 0.4413742267090268 9 297 46
2.4032124557489327 1.079283578797938 0.4438554187361239 9 297 104
2.152986599962241 0.8248432141668176 0.21081319252113628 9 297 195
1.9868430763077904 0.8252211853855309 0.18594705274819456 9 297 241
1.9390723728359207 0.8312865303091108 0.18336612313866452 9 297 254
2.467010856115473 1.0609604706343276 0.43567208846339067 9 298 83
2.4318538128778355 1.0675930467641437 0.4354338918160534 9 298 95
2.647888929693093 1.036435837214229 0.44052497384011824 9 299 20
2.2986150230952735 1.1022854686674313 0.4381036851256699 9 299 140
2.204229079523531 1.1254893324421833 0.44162735665672304 9 299 172
2.157083742852684 0.8320207855607231 0.20775596882058167 9 299 194
1.9726295823952147 0.8250573868732494 0.17423744732520685 9 299 245
2.6098867340602516 1.0469210094392287 0.4390630784705818 9 300 33
2.532024999820827 1.0690422685076242 0.4442867604725427 9 300 59
2.310831215888296 1.1166615425359399 0.44732589891690266 9 300 135
2.2835782582352713 1.1111441769410002 0.4388758976169256 9 300 145
2.2399315333356884 1.1179632539309339 0.43747782843344196 9 300 160
2.2301338018011414 1.1280976899901707 0.44383298707166774 9 300 163
2.122123898115996 0.8309405647965069 0.19695751184388377 9 300 204
2.0900208523123025 0.8240313921349776 0.18668597054828062 9 300 213
1.9652825419200197 0.8214117816690776 0.16555390315234586 9 300 247
2.5249579726611735 1.0681410403241935 0.4387426846248812 9 301 62
2.5066110894899123 1.065582871322726 0.4339327150224932 9 301 69
2.4787732199237036 1.0763051948150448 0.43799418467016515 9 301 78
2.1894258803643956 1.1399578155339787 0.4430312970636221 9 301 177
2.549823279717479 1.0773789548116948 0.4460178354487201 9 302 52
2.4375322263043655 1.0890814071664776 0.43782753011558295 9 302 92
2.1476136499877017 0.8376125799711371 0.19680406286557162 9 302 197
2.076326044520334 0.8269661313932062 0.17749484694082818 9 302 217
2.0581747162948996 0.8340243489945574 0.18020386884967143 9 302 222
1.9407641240105282 0.8379642616196517 0.16516436342590368 9 302 254
2.636480411860408 1.0614604962541574 0.443227354545878 9 303 22
2.4915660371503785 1.0937364793434345 0.44606747470324715 9 303 72
2.26981303361852 1.1382583707843201 0.4466003640999374 9 303 149
2.4647091875974234 1.1050472782035752 0.4470443748735389 9 304 81
2.260971638300343 1.1449570313880677 0.44674566027490514 9 304 152
2.192012254253055 1.1571446794101024 0.4456064199669225 9 304 176
2.1348637361879548 0.8258643463476043 0.17631500338124484 9 304 201
2.1021637032793343 0.8392032859972867 0.18171715714712966 9 304 210
1.9669081049406512 0.8309238493595503 0.154183917463119 9 304 247
2.6081719018401235 1.0778982878958798 0.4442804572484049 9 305 31
2.4008591153917114 1.1121578847484528 0.4389581515697911 9 305 104
2.3362312957145064 1.1306436481208435 0.44345618822123356 9 305 126
2.0374707761567685 0.8372827708193202 0.16543353810708372 9 305 228
1.974850374902266 0.8353104504330138 0.15410715206445547 9 305 245
1.9412570470280017 0.8344068550196315 0.14815285358590757 9 305 254
2.557860478240091 1.0949572197331894 0.44617168844632626 9 306 48
2.235937515329698 1.1510830908193053 0.44018223392713574 9 306 161
2.081474506384277 0.8340099426122556 0.1650055080141417 9 306 216
1.930337505722804 0.8355821231426082 0.14258009924282944 9 306 257
2.264696916658522 1.153022047333787 0.4387423938089814 9 308 151
2.1078283193563423 0.8261112872729726 0.1534094859081192 9 308 209
2.08220209504204 0.8403180982110507 0.1606903991160029 9 308 216
2.0384813929663474 0.8328031084942997 0.14780178738843452 9 308 228
1.9376063199701044 0.8254072652673847 0.12599015448942796 9 308 255
2.5911910966594984 1.0903198178011972 0.4365424903418762 9 309 37
2.533555883405168 1.103315236489049 0.4378095355140095 9 309 57
2.373987151808122 1.1330986250710269 0.4363616599424762 9 309 113
2.3624890831180068 1.1355320656163885 0.4364871629987792 9 309 117
2.297976616975113 1.1563630462178254 0.44293255911037854 9 309 139
2.0717525021965684 0.8373824237282963 0.15195922841927878 9 309 219
1.929485386291275 0.8148554893079041 0.11140946276873764 9 309 257
2.6309560631743003 1.1050172850298916 0.45091668692617537 9 310 20
2.487491404265676 1.1162623737606445 0.43713761709398047 9 310 73
2.4069256488115114 1.1349063479478503 0.43929573531072696 9 310 101
2.119551350549813 0.8269156718115283 0.14640234489914716 9 310 206
2.4339485755154913 1.1474963447465205 0.4500105772402181 9 311 90
2.4222136429280123 1.1412281237590496 0.4430895208182144 9 311 95
2.395388282490321 1.1405405824716712 0.4382557559602276 9 311 105
2.3325602799247926 1.1538374424007205 0.438941532550706 9 311 127
2.298706610047517 1.1745276194249135 0.45020512067132556 9 311 138
2.1481890955672918 0.8404003128086377 0.15706666711451844 9 311 198
2.061596348918757 0.8364494171316021 0.14006854749948294 9 311 222
2.501741983018679 1.1355244934529864 0.4474958463578702 9 312 66
2.4868601332845577 1.1410580791720735 0.449585150469749 9 312 71
2.358905458974637 1.1609862725153757 0.4452011941403957 9 312 117
2.323819362919677 1.1596705414511252 0.4385190118473421 9 312 130
2.281717523552319 1.1646076255774356 0.43576714059882815 9 312 145
2.0399186498560096 0.832754276406622 0.1288253447454355 9 312 228
2.0030277846672497 0.8373832146916833 0.1266589093621111 9 312 238
2.5282778747738317 1.1291075434371167 0.44285935579581004 9 313 57
2.468666680007563 1.1425173490490161 0.4441537901193271 9 313 78
2.442778583926685 1.1495836827442127 0.4457238249290829 9 313 87
2.116994849277742 0.8351699960281476 0.13835364131666217 9 313 207
2.0733853946777234 0.8309062193541963 0.1278859444029412 9 313 219
1.9697889041863186 0.8377509257629054 0.11678578218698488 9 313 247
2.621972275094715 1.1172033178141363 0.4445782556662006 9 314 23
2.604104348036339 1.1233631624397873 0.4467088844380469 9 314 29
2.5458267074100083 1.1261838152484627 0.4396026019610353 9 314 51
1.9168230113534879 0.8328014132479673 0.09935357299930292 9 314 261
2.513366940854839 1.1393884829536307 0.44141539556290077 9 315 62
2.2538381897589392 1.1958984994688595 0.44554147206182804 9 315 154
2.1834626644374238 1.210792710082311 0.446309630937447 9 315 179
2.063153093885468 0.8284743701093591 0.11459811407799969 9 315 222
1.9700290467368553 0.831555184149158 0.10203498664352839 9 315 247
2.440889972399871 1.1642143096670061 0.4462748321887642 9 316 87
2.3598305431648345 1.1805787598341417 0.44651147197429286 9 316 116
2.08543353502312 0.8424335149806843 0.12480585095439589 9 316 216
1.958667138402658 0.8215450599316139 0.08213858861871226 9 317 250
2.323015392633426 1.1962435417320492 0.44602021829212823 9 318 129
2.2527221177209444 1.2142761085880653 0.44939150793039895 9 318 154
2.454574557284121 1.169964530088734 0.44219335413392424 9 319 82
2.372625667579325 1.1912481086103772 0.4463501883475427 9 319 111
2.2680799175572974 1.205494090039685 0.4409666192523294 9 319 149
2.179765128219485 1.2399449171862813 0.4549799894219828 9 319 180
2.0313101995259175 0.8332362726689455 0.09382668732824406 9 319 231
2.51714376871131 1.155925329830247 0.43715773372699185 9 320 60
2.4140334185183017 1.1864050564900168 0.44547640705214975 9 320 96
2.406481095890094 1.1746236525488667 0.4344421276904171 9 320 100
2.346978251793814 1.2021706235894207 0.4475161586948633 9 320 120
1.9863128298959012 0.8251622698254635 0.07479149531712759 9 320 243
1.919041622034892 0.8433348115337336 0.07879547444132262 9 320 261
2.552083281279824 1.1618890843983913 0.4442118281362222 9 321 46
2.2978828025934335 1.21097132622571 0.44305422665329686 9 321 138
1.9561030675008497 0.8242256634526195 0.06404225256366547 9 321 251
2.4994254418609874 1.1753713445243035 0.44307004799584826 9 322 65
2.4724539673729433 1.1873607212562876 0.4486191463348572 9 322 74
2.361253370818103 1.20304368656059 0.44326456017891136 9 322 115
2.2597775728138276 1.2347268015844244 0.45291106206090603 9 322 151
2.6205975973907227 1.1536308449706252 0.44135036521615567 9 323 21
2.5259895210963097 1.1752219725787763 0.44369959181598806 9 323 55
1.922727632034921 0.8331651634039847 0.055967708208707334 9 323 260
2.192199336191769 1.245845470079965 0.4436587991482259 9 324 176
2.2545334793802785 1.2443716920623797 0.4492064506019 9 325 153
2.1761810431137985 1.2773820934131963 0.4639468568235967 9 325 181
2.522833633322143 1.1914693612545706 0.44591722466676087 9 326 55
2.4311005821044605 1.206195612967643 0.4429425339562978 9 326 89
2.1555681159774314 0.8386812336935385 0.08480195395793722 9 326 198
1.955299832333624 0.8513749942260849 0.06180687263808027 9 326 252
2.4620863021848756 1.2167847769983542 0.4535335100824138 9 327 76
2.3553347020767115 1.2315737580976045 0.4480576030672818 9 327 116
2.320307217076662 1.2366457753561007 0.44644758244057736 9 327 129
2.101201816169839 0.8366377178923508 0.06896701735332322 9 327 213
2.0192479947448865 0.839155019113698 0.057243387221226794 9 327 235
2.5888979909693735 1.1875695728813291 0.44649757013850544 9 328 30
2.4460071217710126 1.2131342409631845 0.4440638118908151 9 328 83
2.3856691089982927 1.2266835898025419 0.4453880084060755 9 328 105
2.05330288810646 0.8317045953064646 0.051672083886261655 9 328 226
2.004169875567315 0.8288527541994664 0.04089375830187669 9 328 239
2.500138639053641 1.205544081709608 0.44313409493692 9 329 63
2.4185432366542026 1.2313761618834493 0.4513619938400042 9 329 92
2.4108539531787323 1.2314465753970614 0.4501118954273444 9 329 95
2.334544779391991 1.2491535171209793 0.45227884895674375 9 329 123
2.280509267702786 1.244241448054907 0.43886116108920015 9 329 144
2.5605455909292827 1.207505424165831 0.4515032602620417 9 330 39
2.5437725068323607 1.2056125937789597 0.4470070166923963 9 330 46
2.3110695869268247 1.2525290234904 0.4475415547719175 9 330 132
2.1945151697052974 1.2748639849924652 0.44680839510168235 9 330 175
2.139383307356894 0.8363434041274471 0.06036144634878937 9 330 203
2.091522818933318 0.8293670711120773 0.046177448537299215 9 330 216
1.9865477663724818 0.8476961658784887 0.043980800697419165 9 330 244
1.9677894591390064 0.8516661565451416 0.044185550290792186 9 330 249
2.470849947630993 1.2225642102752359 0.4454819487417008 9 331 73
2.612122270800921 1.1941838214218308 0.4416189131629984 9 332 21
2.2299315106106774 1.2742947502327147 0.44511924019469284 9 332 162
2.0698682851960872 0.8342641788766434 0.0366481367427407 9 332 222
1.948716272132758 0.8428408962452927 0.023199938401222475 9 332 254
2.3809336393222105 1.2485040776970449 0.4451855555377542 9 333 106
2.35799349179743 1.2587818809931806 0.45014591374862434 9 333 114
1.9200037026843668 0.865758292601271 0.03305378146132876 9 333 262
2.2588357848389102 1.2805007001990754 0.44825033850605145 9 334 151
2.5132765234635257 1.2397504906094554 0.45330435722721774 9 335 55
2.5027445132476767 1.2342518029599991 0.4466617846056484 9 335 60
2.492555118758811 1.2348627608449925 0.44542151320557766 9 335 64
2.1560541423888506 0.8447370247827288 0.04566948116452152 9 335 199
2.033731909099688 0.8613519076020035 0.03889554409187168 9 335 232
2.3325372185776434 1.2779519798909946 0.45163955894066654 9 336 123
2.310400239807332 1.273375264222174 0.44375470388299343 9 336 132
2.286181880791616 1.2785008151611448 0.44401905071871317 9 336 141
2.204902900184993 1.3003334595049645 0.4489694236617716 9 336 171
2.123554068474455 0.8421113271082357 0.03269661527750056 9 336 208
2.105180715098749 0.8359662291614627 0.024093439131312788 9 336 213
2.0191925446992007 0.8649702468847411 0.03451305747480071 9 336 236
2.5815072772578636 1.2259847957639392 0.44595721604069216 9 337 30
2.4613599431931585 1.259121299185883 0.45405527607691387 9 337 74
2.441812062638587 1.2493828355986911 0.4420526851836233 9 337 83
2.0716947727987627 0.863654023516973 0.03753684665247836 9 337 222
2.0455468862179775 0.8476036535859341 0.018819580077274134 9 337 229
1.9561423715388133 0.8788589922581307 0.030654091095833724 9 337 253
2.415813831616579 1.2725573281927347 0.4543197837784476 9 338 91
2.3715587957982898 1.2788438138054148 0.4520823915559711 9 338 108
2.204540987764414 1.3111116063767732 0.4511848913888372 9 338 171
2.1570808030299093 0.8530495114056778 0.038190436005047124 9 338 199
2.0572469447916104 0.869558750965677 0.035199392344740676 9 338 226
2.556431748062879 1.2381294732256813 0.4450636709063427 9 339 39
2.1243686663788157 0.8574293667116566 0.031292979856609726 9 339 208
2.408640662582299 1.2762756662829242 0.4491778173396537 9 340 94
2.3469111184278044 1.2924120429643 0.4525836877075784 9 340 117
2.080108875412347 0.881928771571098 0.04021378989768909 9 340 220
2.0249141561323434 0.8928421779472682 0.040133267924545635 9 340 235
2.002515423236971 0.8883664614007882 0.032181339613152504 9 340 241
1.9689590770181182 0.8908602134973629 0.028449405073786238 9 340 250
2.48154164473584 1.266934284747469 0.45021885289241315 9 341 66
2.106862238056311 0.856082059553049 0.01692265025576689 9 341 213
2.510295395031945 1.263860381030102 0.44901549884212955 9 342 55
2.29720823437378 1.3058935711918689 0.44859765055264367 9 342 136
2.210596419050667 1.3188613079373066 0.4447414712490443 9 342 169
2.125170476331647 0.8726815721489978 0.029994258429512977 9 342 208
2.578190760861953 1.2471427309683751 0.4425789832911451 9 343 30
2.2623162059988142 1.3193502622512325 0.45083862684164666 9 343 149
2.2552894868827873 1.3154812557612718 0.4461034966560202 9 343 152
1.9706577640157579 0.9066819901818184 0.02783697040373223 9 343 250
2.5430680001658987 1.2713423453162274 0.45447370044957336 9 344 41
2.5201513480868263 1.2746639318490391 0.4533460736777766 9 344 50
2.1400943582427714 0.8858796876610981 0.03454021364057058 9 344 204
2.0963269639825683 0.8882649080725407 0.028818407755692332 9 344 216
1.956670649080948 0.9178216404470456 0.030342776310496422 9 344 254
2.341548076139305 1.307059213186274 0.4468433044111171 9 345 119
2.3221083749030917 1.3157528456310683 0.451197272065462 9 345 126
2.3039177780769697 1.3188394933914713 0.45070556940628315 9 345 133
2.5918682736981054 1.2669897300463555 0.45223479240142206 9 346 22
2.100619435036049 0.897570962293796 0.028013328945736937 9 346 215
2.0786241248762396 0.9045129349721073 0.030328707906906782 9 346 221
2.3804316674690806 1.3154813595877017 0.4543915094413551 9 347 103
2.279428436708432 1.3345735393759695 0.4534143114605611 9 347 142
2.2566140556667795 1.3355952341944521 0.4501972568551196 9 347 151
2.1301967074028108 0.8956457976676719 0.026635672142613087 9 347 207
2.3709084109041494 1.3166721361795533 0.45018498828963627 9 348 107
2.311135611372463 1.3285619675657059 0.4501427132266973 9 348 130
2.0392835543593977 0.9260589847389202 0.03283400134676495 9 348 232
1.9918556248911954 0.9322945370950311 0.029878248371475236 9 348 245
2.4108042580847426 1.3165228734943972 0.45378381168713355 9 349 91
2.1529859236972775 0.8933990287328943 0.01873437936113853 9 349 201
2.233338444612984 1.3487059823073768 0.447224971588418 9 350 160
2.2031789184304693 1.345987077567775 0.4391832125794366 9 350 172
2.054574874560695 0.9231026383681675 0.02295380403416436 9 350 228
1.974594130511993 0.9438222192958952 0.027314793048195618 9 350 250
2.5911428210824137 1.2789851836101995 0.44528292970505334 9 351 22
2.5175616596364 1.2968303681982818 0.44818312024607665 9 351 50
2.310475034750115 1.339900506614149 0.4497445141121774 9 351 130
2.2548574682106044 1.3463137625739334 0.4418279512096246 9 352 152
2.1907020191148807 1.3266018941972038 0.41170663294781895 9 352 178
1.954981588156793 0.9739864199913106 0.04161786218765062 9 352 256
2.2275306685243406 1.3460011439551662 0.4328745006685555 9 353 163
2.34588339320507 1.3435539544344182 0.4490311143940189 9 354 116
2.206516974803005 1.3330512600263729 0.41327201263775715 9 354 172
2.131449061001595 0.9414108469624245 0.03425414455709874 9 354 207
2.0994455894431563 0.954714092102142 0.03576364622735961 9 355 216
2.0242205870269414 0.9638510325163594 0.03024097556241312 9 355 237
2.367369029748364 1.3501736311635373 0.4521539258502092 9 356 107
2.309352780141987 1.3586882541813192 0.4492556211637664 9 356 130
2.2795589792421715 1.3461743764568699 0.43192302319870546 9 356 143
2.1466615343519506 0.9399482545814037 0.025831153968738363 9 356 203
2.10719195527403 0.9475488369687288 0.025555708499906515 9 356 214
2.0604946545469143 0.967970643887768 0.03595375136808476 9 356 227
2.1826806899926225 1.3230292876295413 0.3882806275500976 9 357 182
2.3262617181263483 1.3564222420647392 0.4396362857785019 9 359 124
2.0508827129505702 0.9714997514324568 0.022631236206452243 9 359 230
2.3083777115450888 1.3504139136739604 0.42694634229654405 9 360 132
2.232961168660724 1.3311734933147756 0.394299299219226 9 360 163
2.155026482126833 0.9514627076408508 0.018431317202024733 9 360 201
2.2073797289701362 1.3306076256194175 0.3851492648515269 9 361 173
2.1971982871612377 1.3275262284253517 0.38026521265218527 9 361 177
2.0587929881739186 0.9813134878735121 0.02355442459161705 9 361 228
2.362098479770985 1.3568969351242057 0.4362109504763789 9 362 110
2.335631245459536 1.3445688290145326 0.41933875632367124 9 362 122
2.0057459758395435 0.9945346351818993 0.021084817226704855 9 362 243
1.9953723548275633 1.0042007459544129 0.028348478709240954 9 362 246
2.290377210949317 1.3354606566673712 0.39825646509184676 9 363 141
2.12303302127848 0.9866286968645523 0.03108595701436423 9 363 210
1.9750105651066254 1.0201943877222452 0.03485115542016626 9 363 252
2.010743524221052 1.0190753303858355 0.03575372706044799 9 364 242
2.3111764105351726 1.338494005196189 0.3978056473873972 9 365 133
2.1095653601454663 0.996406356477749 0.02807152061867324 9 365 214
2.0955690018731348 0.9956475769537705 0.024627334826380576 9 365 218
2.0532607625378394 1.0135322310010664 0.033722108997430666 9 365 230
2.0461700325593566 1.0068464844597402 0.025885888910405663 9 365 232
2.3825717874033367 1.3441879944487014 0.4135074884374521 9 366 104
2.233052426280192 1.3327232120333556 0.37332938739530563 9 366 164
2.174886745007522 1.3331411960187534 0.3624304165494119 9 366 186
2.0606404624325902 1.0243407766015702 0.040730107450696496 9 366 228
2.3708775268939903 1.3347560226882131 0.39840984099256715 9 367 110
2.3409670139381387 1.3344055461545132 0.3922354807154389 9 367 122
1.976764908050669 1.0329089466497328 0.027827608519511715 9 367 252
2.199702829798102 1.33316325499962 0.35966845698421945 9 368 177
2.299016529809788 1.334398006598216 0.3765640287312919 9 369 139
2.1757403348014717 1.3375355958666189 0.3554274564479949 9 369 186
2.156475828031034 0.9995471570228833 0.020581454004428235 9 369 201
2.096562723101557 1.0233330391565738 0.03211377031961549 9 369 218
2.2886134333058656 1.338095215503743 0.37439147657704863 9 370 143
2.3642884368187267 1.3412988336345606 0.3887546923638441 9 371 113
2.219781248797082 1.3320033854936921 0.3510124895161275 9 371 170
2.200994175795126 1.3337639548470965 0.3490331160598714 9 371 177
2.338130126659239 1.3379820159320195 0.3765747387468399 9 372 124
2.1529282305641058 1.024630960990315 0.029849430644803165 9 372 202
2.139102660974318 1.0268194991340431 0.02927079581024672 9 372 206
2.0176059142064195 1.0481076505961227 0.026219344829042424 9 372 241
2.295986946930138 1.3351284494937952 0.3616042637544039 9 373 141
2.30779085090268 1.3429610841929607 0.36796772549827494 9 374 136
2.267920088128649 1.3359507910819681 0.3530202710357524 9 374 152
2.177528508228036 1.341104029569445 0.34008933925296825 9 374 186
2.0669766652614188 1.051853178491737 0.029980860095973894 9 374 227
2.2443703885990387 1.3395077952288927 0.3480306699978455 9 375 161
2.060427335455913 1.0625205214370173 0.03443500727427251 9 375 229
2.3664524424218834 1.3452692335820184 0.37453354878569156 9 376 113
2.231766754661546 1.339288254754857 0.3414390479240641 9 376 166
2.136404455207882 1.0483656296170398 0.030663311945397176 9 376 207
2.295166761074709 1.3376505964580023 0.34873788118187 9 377 142
2.271998175417102 1.3366916724607762 0.34309578384606887 9 377 151
2.2121998807625505 1.3302948685566034 0.32458980902978674 9 377 174
2.1123647811000494 1.0649044285053595 0.03756265501399936 9 377 214
2.5160248934802265 1.3575495129260402 0.4097332478806017 9 378 50
2.50195605275894 1.357599729741367 0.40693354164256745 9 378 56
2.068329639304906 1.0754046633384238 0.03438155468647164 9 378 227
2.4792427467609457 1.3572557325482253 0.39834204538694973 9 379 66
2.126506379350358 1.0708525874478383 0.03673979608148614 9 379 210
2.3457205939486956 1.3373145331858616 0.34720092651771806 9 380 123
2.319587368187818 1.3399255736671518 0.3445211750271959 9 380 133
2.1722200381712753 1.3389973854100075 0.3135153358836609 9 380 189
2.1033832436726163 1.0659734062281248 0.02221925388995305 9 380 217
2.3667671950303886 1.346753121839972 0.3573035629895114 9 381 114
2.293452013852568 1.3447740467466958 0.34027924140393306 9 381 143
2.2237417856550095 1.3383870470093593 0.31950202382479254 9 381 170
2.07952419218359 1.0882524217561664 0.03513957979846105 9 381 224
2.0388092759222207 1.098327226862485 0.037069354750481676 9 381 236
2.4622395866294746 1.3506003530663062 0.37706141844527474 9 382 75
2.306875576100568 1.344896061404703 0.33931743183812046 9 382 138
2.0663032717941237 1.092223460767163 0.031633691212973325 9 382 228
2.5319455557727135 1.3569333977196685 0.39420827795649505 9 383 45
2.4221460264405623 1.351103034942833 0.36184612464805266 9 384 92
2.400952725079895 1.347600989587716 0.3538597861605344 9 384 101
2.393884906122543 1.3461923630909347 0.35094873866353393 9 384 104
2.359283023326711 1.3440758708605272 0.3416146598774088 9 384 118
2.282235619370786 1.34440735983173 0.3260203104812114 9 384 148
2.173792477841946 1.340491670987047 0.29956287895025113 9 384 189
2.1483490810187345 1.081567878353965 0.027911493085845507 9 384 204
2.134753262953395 1.0851713546214823 0.02880689728375252 9 384 208
2.5002485364352163 1.3577974449564434 0.3812036424453653 9 385 59
2.324343712300135 1.3435386741898008 0.3299792432487403 9 385 132
2.2547875845539735 1.3394050139466362 0.3112770967867087 9 385 159
2.2712318294846705 1.338905821275516 0.3102546671786184 9 386 153
2.231606281556574 1.3378772834729389 0.3009375874395932 9 386 168
2.2071686938599866 1.3401523941200213 0.298204492070687 9 386 177
2.1351963402764396 1.0939416346144637 0.028251519232196598 9 386 208
2.0642920878613933 1.1118445821830623 0.032025284356177686 9 386 229
2.5801015306381787 1.3553503125636202 0.38795143308859137 9 387 26
2.557863073714066 1.3586103239132987 0.38669134111024084 9 387 35
2.5278372666371194 1.3577322967532623 0.3795048479867851 9 387 48
2.3694175803202095 1.3514803698741538 0.3399056718871072 9 387 114
2.258342330413939 1.340271442255107 0.305049756543637 9 387 158
2.510149321461095 1.362912243554095 0.37750203282431705 9 388 55
2.483707034600736 1.3504505245421425 0.3589686119805997 9 388 68
2.1869612771385336 1.335243574284712 0.2808967817630377 9 388 185
2.112322498948671 1.1011190655590741 0.021215348031426773 9 388 215
2.3692791219330855 1.3472737383054378 0.3278120160312321 9 389 115
2.0284473609694254 1.1323046201809068 0.03130730789882774 9 389 240
2.447396730873162 1.3545721159796653 0.3480983609075401 9 390 83
2.4201708153074324 1.355291328711866 0.3431050343530597 9 390 94
2.335210989449891 1.3430148473058046 0.31228919496256435 9 390 129
2.3110124869713653 1.347415751209737 0.3117975005485978 9 390 138
2.208870631048979 1.341657351223253 0.2841924134157572 9 390 177
2.0825120499327667 1.1176968027537493 0.022557048176053307 9 390 224
2.398470343495317 1.3556038290035837 0.3350283863339425 9 391 103
2.254293409083601 1.3488010374456136 0.29336511992098036 9 392 160
2.199292704017655 1.3388861442097053 0.2712044949119101 9 392 181
2.119399047708313 1.133057530356779 0.036879630366195126 9 392 213
2.4415824260915104 1.3566214361824809 0.33762498031946464 9 393 86
2.163235571047988 1.3487978407490404 0.2699687414266847 9 393 194
2.520520605581761 1.36073689587956 0.3550741557997874 9 394 53
2.499550338458838 1.3594421867233184 0.3492101572656072 9 394 62
2.401042476670804 1.353776024012765 0.32210586130907704 9 394 103
2.3795135814554254 1.3497331666218815 0.3132015596832374 9 394 112
2.3466258614444704 1.34881083155629 0.30518279600048226 9 394 125
2.279800355541086 1.3450386572800808 0.2868719752014177 9 394 151
2.303414985697713 1.348018140592587 0.2911330849408291 9 395 142
2.2314418973430774 1.351800015219711 0.27970961438827513 9 395 169
2.2024366322360858 1.3472039044290653 0.26858024473192343 9 395 180
2.1501641177011668 1.1342680045192648 0.030311444058941373 9 395 204
2.2572567726663144 1.3435915432420344 0.27248191536316435 9 396 160
2.491655532177818 1.3611971840709824 0.3380255795811937 9 397 66
2.4692350554723212 1.3630871952295711 0.335206348312433 9 397 75
2.292065300951955 1.3449109814531706 0.2773941291993829 9 397 147
2.2470557832686393 1.3437305541221625 0.26639579257998935 9 397 164
2.1664727215512363 1.3622125545075234 0.2688072994941195 9 397 193
2.337647289604111 1.3539103874975167 0.2929618361177053 9 398 129
2.2455529954117703 1.1324763416171335 0.03457552303539235 9 398 175
2.229228110079012 1.135218496448236 0.03398624490573887 9 398 180
2.3265477763750653 1.3485220403108693 0.28076943726342507 9 399 134
2.268765249315308 1.1301138063793568 0.03228110796700023 9 399 168
2.2121993489787584 1.1492037884037318 0.040587384533061766 9 399 185
2.091847756479936 1.1568787335134725 0.022678818355019725 9 399 222
2.282755301503299 1.3472338526184362 0.26581454374247704 9 400 151
2.201782783239315 1.1624776745935446 0.04792156117149515 9 400 188
2.2484881970769646 1.1473088721166824 0.036918670224431516 9 401 174
2.433501389177332 1.3559964318324644 0.3004278894811452 9 402 92
2.419309730465257 1.3533281134971813 0.29439686130248766 9 402 98
2.395448133813951 1.359880330428668 0.2923610243074688 9 403 107
2.386158666428338 1.3568900322886632 0.2870394048048419 9 403 111
2.3680737479477876 1.3578854014405595 0.2841380175024235 9 403 118
2.3506214446510176 1.3559146939534588 0.27813084600129345 9 403 125
2.305757582108674 1.1501667875478707 0.04310969993310998 9 403 156
2.2968080043404413 1.1478127086291567 0.03855920570570559 9 403 159
2.132006038156823 1.1727787028925156 0.02951210425285966 9 403 210
2.1155048234827163 1.1805192482168374 0.034340489854482126 9 403 215
2.099330654621396 1.1804021593606495 0.03064350358146517 9 403 220
2.298980602718815 1.357050809274984 0.2639519598968296 9 404 145
2.2583503163311796 1.1570601022415583 0.0354277315021585 9 404 171
2.2175773536169503 1.1536688594000906 0.02267805375648768 9 404 184
2.209488016204474 1.1741604877794882 0.03862786356737269 9 405 186
2.0608459184741177 1.1943208318014729 0.027808415295621502 9 405 232
2.0477856118133335 1.1942604122595255 0.02484054227004462 9 405 236
2.3420199633103214 1.149331540934952 0.035973066719486635 9 406 145
2.3365793580049483 1.1455467483947892 0.030578969835261205 9 406 147
2.242044804934882 1.1697850616081538 0.03628529403503755 9 406 176
2.2717842074371504 1.1631870412962453 0.03085422464256915 9 407 167
2.1198928860681594 1.201364417447446 0.034434842001545674 9 408 214
2.3837992129373653 1.1508289864765702 0.03271095683589342 9 409 132
2.357813971981117 1.1429842856133674 0.01810922931649639 9 409 141
2.3069465598866317 1.1688950922904253 0.030796595094077173 9 410 156
2.4313354408231582 1.149273546549681 0.03219006665840052 9 411 117
2.426088271251446 1.1461815027360078 0.027529218158671043 9 411 119
2.3896795900886447 1.1580895519903205 0.03264474619815516 9 411 130
2.166915434082679 1.362829685971179 0.2120046088892653 9 411 195
2.1506888255567214 1.3571584011776363 0.20195918923560363 9 411 201
2.2920270694273785 1.1728568832835644 0.02230173783886058 9 412 161
2.124091756440932 1.2153932311726774 0.03201280191280631 9 412 213
2.442576844137805 1.1581669671707342 0.035263172497471906 9 413 113
2.419759420310913 1.1532167581733748 0.024462562111679853 9 413 121
2.242660457537662 1.1948889441204462 0.031131207001675598 9 413 176
2.201070903050793 1.2036909186849993 0.031585162908450926 9 413 189
2.1149100098450173 1.2265077133803426 0.03294976811533612 9 414 216
2.063853813423791 1.229639966578545 0.02480917305996111 9 414 232
2.236272686858571 1.20470023573446 0.03126875385743011 9 415 178
2.460110684172571 1.168155861955073 0.0364141718676263 9 416 107
2.1374262878320742 1.233665798449167 0.036761767708261894 9 416 209
2.428789405558447 1.1765571917478217 0.03404648435107349 9 417 117
2.390808671094859 1.172090643034992 0.020149616329915077 9 417 130
2.3547114772212066 1.1838984991115138 0.025314131647044436 9 417 141
2.1913289575843478 1.227507840597332 0.03743351541739659 9 417 192
2.370474577154977 1.1844275594511249 0.024804574508815236 9 418 136
2.3426031719695635 1.1868574586797984 0.021126126090574182 9 418 145
2.1376290805536615 1.24480688929592 0.0400906943005821 9 418 209
2.4315448643684068 1.1861345465850042 0.03148380679603702 9 420 116
2.194610746336718 1.2404302070308824 0.03886667932887278 9 420 191
2.1599977473483865 1.3584520578584511 0.16715564152216733 9 420 199
2.3875514817442793 1.197902057979883 0.030065560894121823 9 421 130
2.349888542376422 1.2051820744700077 0.029675719727741745 9 421 142
2.3127281926870857 1.209592156436815 0.026076833631960783 9 421 154
2.296537146636542 1.215091530703392 0.0286562782601254 9 421 159
2.267895533672001 1.226370718923862 0.030278390299321112 9 422 168
2.2211752815039283 1.2366435779607137 0.026485736426080875 9 423 183
2.6098588278769417 1.3832025888204176 0.28528288242374056 9 424 22
2.605749749911164 1.1721544581675958 0.03730593747471067 9 424 59
2.5612242077849463 1.3777690357713763 0.2634280247519889 9 425 44
2.189334174281524 1.2565314740016593 0.03273148484782573 9 425 193
2.117737572816884 1.2641261471582366 0.02463910882245579 9 425 216
2.4932930002716764 1.1932674008882134 0.02592806392452851 9 426 96
2.3851671474911513 1.2106619173689896 0.020642851622428182 9 426 131
2.2836164388590023 1.2376431529997205 0.028216713436167495 9 426 163
2.255663218506215 1.2421868006002266 0.026905399214646186 9 426 172
2.0988490200509995 1.280863949730696 0.03508246988560293 9 426 222
2.6521432868642267 1.1703084710488296 0.0320404009141011 9 427 44
2.6216831002057015 1.175384594643763 0.03075354007066311 9 427 54
2.524662498960961 1.1890660613694726 0.02371622922322625 9 427 86
2.3499775780419263 1.2239806340711599 0.023194029339545175 9 427 142
2.2312054886694535 1.2470619488765973 0.022061629456875176 9 427 180
2.1450717943621274 1.370125110572154 0.14687536595264783 9 427 205
2.086857471741994 1.277611628696811 0.023637208607073523 9 427 226
2.5591237161115563 1.1842085712492536 0.021473654832924183 9 428 75
2.2676032537256923 1.2506953284354922 0.03033322231855551 9 428 168
2.4563748079730057 1.2172708323063581 0.03129461229404451 9 429 107
2.427242879784627 1.227536025446234 0.03648787515631735 9 429 116
2.4187536238847396 1.226599578625829 0.03333041202131959 9 429 119
2.1931151087569964 1.2688872122366333 0.029292942524271837 9 429 192
2.1698516561483503 1.3558048774746894 0.12705186277653602 9 429 197
2.691095824106847 1.1659203344609397 0.022006897118591606 9 430 32
2.234377587826262 1.2584858105421388 0.022108123788859402 9 430 179
2.7054679120797034 1.1734786634060541 0.029787911126220923 9 431 26
2.622675570896215 1.1828242074548474 0.020906206280571382 9 431 54
2.4916336004149757 1.2207785156904447 0.03456831613443767 9 431 95
2.386610936342796 1.2436868274733255 0.0365301435510208 9 431 129
2.54394638958369 1.2046296302310577 0.023188536002460403 9 432 79
2.45273291231892 1.228016569429921 0.029085621412003437 9 432 108
2.228052519428081 1.2687634327829378 0.023368975930806224 9 432 181
2.199549654917176 1.2795587362224514 0.029398414041514886 9 432 190
2.0850571718626214 1.3017485167438672 0.028197377128801993 9 432 227
2.6537387513481145 1.1940012850604065 0.03242969457579181 9 433 42
2.3198823033602514 1.2592225234960313 0.02952687304504975 9 433 151
2.264091276524907 1.2723890214820779 0.0317725436995433 9 433 169
2.1529598982731284 1.3740486553987976 0.12709723816855645 9 433 203
2.5918611637108 1.2033899049261354 0.0239155600869303 9 434 63
2.513183957024703 1.224112256066482 0.02969327272070066 9 434 88
2.3736846459141026 1.2577068598355914 0.036134769551367185 9 434 133
2.1448947283033726 1.2884860708867298 0.017316768900208057 9 434 208
2.7107710006853254 1.194859255804255 0.038042980859961606 9 435 22
2.6572065663334605 1.2034853241684715 0.03534259560349762 9 435 40
2.477044059698685 1.2321286825127247 0.025811228814904164 9 435 100
2.3920362225389917 1.2568953892907253 0.034951821063688104 9 435 127
2.2118107386262786 1.2909727548705447 0.03199143485049216 9 435 186
2.619033464807873 1.2105693112775104 0.02985186144021945 9 436 53
2.5809403956822043 1.2145716166128122 0.025331348662055442 9 436 66
2.483781596678071 1.2405471967418458 0.0329736875916109 9 436 97
2.365802080894813 1.2601032891200836 0.027679613989165297 9 436 136
2.356417867778326 1.2627659276322634 0.028604712314198366 9 436 139
2.568686433853186 1.2195617726525307 0.023658242344785307 9 437 70
2.542638166553173 1.221020638953902 0.01899752781284092 9 437 79
2.418172902167846 1.2514163162719798 0.025301118966119862 9 437 119
2.307043559266803 1.2776383505636433 0.02981089986286456 9 437 155
2.2343515852444806 1.2869417443198152 0.023186643114768035 9 437 179
2.144791181351617 1.3092745689685301 0.028285119359972466 9 437 208
2.6713997117158192 1.2096645502493217 0.032292146836456315 9 438 35
2.639826156758661 1.2122984948856699 0.02768301057823397 9 438 46
2.4483494207388206 1.2494488684246863 0.025644818772962985 9 438 109
2.1720488540216225 1.3450342922534424 0.07407074274076875 9 438 198
2.117307902955627 1.3201848554692788 0.030083762529790725 9 438 217
2.652371120465597 1.2113550894633929 0.024929648957290773 9 439 42
2.513535127256867 1.2360218711238222 0.020655434298096242 9 439 88
2.3311466465504 1.280686251691716 0.030090025521475106 9 439 147
2.716995306233206 1.2047722060941919 0.028236238198345642 9 440 20
2.6859626383024717 1.2066301758159022 0.022775049843639872 9 440 31
2.626754372133083 1.2151241281929783 0.01845008833665096 9 440 51
2.4803370877049042 1.2440932907996693 0.017562590371044795 9 440 99
2.3776139583176974 1.271216038291045 0.02531223093252466 9 440 132
2.2219171241105946 1.3028219612560143 0.025354607985471844 9 440 183
2.108379959224592 1.3349246010877118 0.03653643738994239 9 440 220
2.5660570059121617 1.2290145278681326 0.015658858558754485 9 441 71
2.425815804764527 1.266085548730431 0.026319684822575073 9 441 116
2.2793444500237943 1.3014750535423265 0.0286350783699858 9 442 164
2.209649445602974 1.3142124960031816 0.026901414597057416 9 442 187
2.5932413508195533 1.2427748999040857 0.030101794891066014 9 443 60
2.4794333669167123 1.2548018705428472 0.016351562925868368 9 443 99
2.3861009260781594 1.280584243958263 0.024866481310359845 9 443 129
2.328019973969977 1.2942164207845928 0.027166349541204227 9 443 148
2.7156929626131765 1.2165467872132325 0.023671854125338454 9 444 20
2.6631122037635637 1.2357029767847334 0.034258184595601815 9 444 36
2.437111019653675 1.284202693961171 0.03755942813137514 9 444 111
2.276090171942344 1.310252949399576 0.02930458959920612 9 444 165
2.231035016669132 1.3171123117327999 0.026458838720952338 9 444 180
2.355852939559248 1.3044211134829438 0.037542313165744634 9 445 138
2.3363691823198245 1.301864104909628 0.029396742682924693 9 445 145
2.5646792712321074 1.2592399703249502 0.029341091917777007 9 446 69
2.5362219921698017 1.2685981490292568 0.03383810234524676 9 446 78
2.3096235971535983 1.3085499425974187 0.026264027807318735 9 446 154
2.247547072645229 1.3316942804382075 0.039500787436157925 9 446 174
2.178420752577783 1.3526664525936969 0.04355957539964628 9 447 197
2.1719355579142787 1.3593681841527097 0.05034025600997971 9 447 199
2.715549033479787 1.231348881046451 0.023377263139126914 9 448 19
2.6393034140131255 1.2494810411100143 0.026730083196772725 9 448 44
2.597531537875585 1.2576563728948829 0.026345799694514227 9 448 58
2.5103253810154302 1.2761126026868577 0.0272976673089258 9 448 87
2.4834481942861615 1.2921200654237828 0.0359582043503639 9 449 95
2.3950385858209486 1.3068455671046622 0.03187340040347575 9 449 125
2.3686061639962146 1.3104469478978447 0.029636960180484007 9 449 134
2.6562729594428585 1.2525721714062827 0.025614805343717517 9 450 38
2.5323256882247858 1.2814574780716261 0.03034016691245789 9 450 79
2.432590091811794 1.305881894550149 0.03564429409093517 9 450 112
2.355068223999827 1.3222885504303659 0.036490456311995434 9 450 138
2.25790820476567 1.335555145653398 0.028276833863213557 9 450 171
2.515472859142327 1.2847116275778185 0.02543075377299009 9 451 85
2.3090857739210664 1.3270664516281963 0.025994307684295226 9 451 154
2.2220342164499085 1.346152335341832 0.027789083074123866 9 451 183
2.1290516574710354 1.3671557449238905 0.030493090760441266 9 451 214
2.406181215144996 1.3154718136698338 0.03167369408541676 9 452 121
2.6851744548067034 1.2607365039441742 0.02946741713193779 9 453 27
2.616986004972549 1.2685634667485168 0.02173705021348349 9 453 51
2.150273528359146 1.3762668299072203 0.03360966949106636 9 454 207
2.6766601622301582 1.2717951412063055 0.03212343846871235 9 455 29
2.566581540492365 1.2898237918252022 0.026521936157620996 9 455 67
2.5520057435484174 1.292250113184148 0.02583071814697302 9 455 72
2.484890143749415 1.3110641172976025 0.03251590432497431 9 455 94
2.4506965083572094 1.314349592061608 0.02778683777759916 9 455 106
2.4388108640356547 1.3168650587525215 0.027916571277084135 9 455 110
2.4108598523075644 1.3267318192077866 0.03332395549298939 9 455 119
2.2772306587210145 1.356988594429251 0.03733368463305897 9 455 164
2.263032045088588 1.3567009066465519 0.03323678585891798 9 455 169
2.6530629227024485 1.2731849544160314 0.023034307434883328 9 456 38
2.3671031944380196 1.3363355794588463 0.02956298318271844 9 456 134
2.1800568000673017 1.3785522002793913 0.035011904266251115 9 456 197
2.124115076658743 1.3857885969962414 0.029659720000666745 9 456 216
2.702048409048529 1.2730179183290418 0.03104869152324774 9 457 20
2.602083994682454 1.2935177108807583 0.03128659225632724 9 457 54
2.5890582312725896 1.2989009597564045 0.034841874069095446 9 457 58
2.4010218888317265 1.3373835518643609 0.03518776563496839 9 457 122
2.3408923915481092 1.3428863420164565 0.0264578997609326 9 457 143
2.2369700433693156 1.3655370322144138 0.0284455537805004 9 457 178
2.622725124416503 1.2914574508280854 0.029389761824933913 9 458 47
2.471122117354169 1.3268209599675882 0.035318236716861406 9 458 98
2.2463870835808004 1.3638927939829475 0.02409535006663721 9 458 175
2.672111426661961 1.2846212000272845 0.02889455854046563 9 459 30
2.649577088570159 1.2874261525926536 0.02657191417392024 9 459 38
2.5174224101110116 1.3212878268819634 0.03572023092179544 9 459 82
2.3751093250567874 1.3461690116217084 0.03042400619201202 9 459 131
2.318216056984903 1.3650907327331037 0.03538293878080401 9 460 150
2.2303928233640242 1.3823699495211281 0.03462615673268088 9 460 180
2.2036229800958775 1.390650637383541 0.038349021428447205 9 460 189
2.6635453700730483 1.2903845067162574 0.02480642801717714 9 461 33
2.5629182550013154 1.312986764351494 0.02762298054626733 9 461 67
2.4683937488582677 1.3342974715185798 0.030372922230300414 9 461 99
2.4272937626088407 1.3429958343174686 0.03082153443008262 9 461 113
2.160143851987565 1.399535192510246 0.03373751372866729 9 461 204
2.698767250247091 1.2904448002333235 0.029648059839736396 9 462 20
2.536383377533966 1.32807092283193 0.03572331318660482 9 462 75
2.585693488819628 1.320571289240909 0.03441053902306512 9 463 58
2.510419902917579 1.3352002998165335 0.033508146996525934 9 463 84
2.4873189012137766 1.3394384249893134 0.03289823937259495 9 463 92
2.3895520373475176 1.3549224289099564 0.027069322884917257 9 463 126
2.3145692253704118 1.3779517757634725 0.03736989894844678 9 463 151
2.6180665498645226 1.3153524722999639 0.031561531585544644 9 464 47
2.3631009070711366 1.3634634974933353 0.026573307170856708 9 464 135
2.28823612988195 1.387107389560767 0.03775211544187229 9 464 160
2.5743413618527313 1.3268880632167699 0.03040811622926487 9 465 62
2.5318932123933844 1.3397658672316481 0.03606105077649158 9 465 76
2.4355801509429766 1.3530102847306829 0.027598076503996705 9 465 110
2.4063590095350564 1.3591946198742808 0.02791702942158647 9 465 120
2.2042281348131154 1.4058674497261718 0.035312820535613465 9 465 189
2.1785029783292704 1.4067688127112556 0.029539141572027194 9 465 198
2.6624054693291024 1.3092337997692345 0.026086264231769185 9 466 32
2.6430162607592234 1.3113931110599872 0.02369873112548815 9 466 39
2.5495630008519736 1.3311714719207146 0.02471878675882544 9 466 71
2.498123693888437 1.3465945377508157 0.031345016390407654 9 466 88
2.472250948413854 1.3536990011880237 0.029137591079789082 9 467 97
2.271563414928157 1.3961723238037234 0.031328124072173 9 467 166
2.2463616785518354 1.3956819551447888 0.023792600577699163 9 467 175
2.1784909356304425 1.4158700966110045 0.03234402343095977 9 467 198
2.6794212008813805 1.3108362723031277 0.02351713364153385 9 468 26
2.6642305122281185 1.3205128009138087 0.03237587401335218 9 468 30
2.5774340308293797 1.338882327372805 0.033323269961792246 9 468 60
2.424735261435794 1.3692608616343402 0.032382098485247424 9 468 113
2.4137632559485906 1.3696445526511174 0.029894062836241186 9 468 117
2.3969334483123594 1.3712679064290998 0.027469862303526105 9 468 123
2.3629137406085503 1.3752370129646792 0.023494726333709526 9 468 135
2.3350486568028312 1.3875959387572832 0.03249180953259723 9 468 144
2.610207415658428 1.332276013159315 0.028747334434095828 9 469 49
2.6892992192052 1.326178748037013 0.037615200687452166 9 470 20
2.2917462664505672 1.4019412355500642 0.030615984632015314 9 470 159
2.210777083169882 1.4184331926925564 0.030627529640642415 9 470 187
2.187304735613938 1.4259778463460644 0.03437250631112265 9 470 195
2.5609146276318224 1.3536721422219877 0.034809968953680936 9 471 65
2.6363371580993764 1.3386781761017716 0.030649488456843343 9 472 39
2.5465463452482404 1.3589661062868565 0.033379774972280174 9 472 70
2.4682089738054698 1.377472422193628 0.03686020121195255 9 472 97
2.1845042028285935 1.4343036818035935 0.03558130947420368 9 472 196
2.353102342472348 1.3951021674392294 0.024264826285088192 9 473 138
2.2338320748744707 1.4248341921739383 0.0317026412238548 9 473 179
2.1503231852417724 1.4425079357744655 0.032614152640236815 9 473 208
2.5196398284871226 1.3717227697621195 0.03402019871890283 9 474 79
2.443664401331942 1.3839594266193886 0.029581293557352506 9 474 106
2.309002983834195 1.4105376876793048 0.028417048214690155 9 474 153
2.61610676446064 1.3497130755147846 0.026117750980638954 9 475 46
2.495987240727252 1.3808905596780716 0.03534425112465245 9 475 87
2.3870535096778056 1.3956317437501702 0.025100023777374414 9 475 126
2.2136391959556336 1.436809436776295 0.03314920125698961 9 475 186
2.647659994558122 1.3452825416312588 0.02419504852880605 9 476 35
2.481496195298777 1.3868347231032068 0.03481809697886584 9 476 92
2.2995436973101344 1.4221502653589884 0.032399460926886725 9 476 156
2.26005914116995 1.4273140251326977 0.02842576701179267 9 476 170
2.1796678530598106 1.4443279624515144 0.02930324936381945 9 476 198
2.147824944310573 1.4542598808945308 0.03405549271040842 9 476 209
2.6843022842201067 1.3506120923389404 0.03722031573376783 9 477 20
