3.9784772954416248 4.604060635403572 1.1737553408860668 9 4 396
4.0248571638075035 4.516250661208465 1.159491927795648 9 4 414
4.008400877342531 4.508169334553095 1.1623198978673295 9 4 418
4.056390485105848 4.47478993541583 1.150832364393263 9 4 421
4.074019499721092 4.450815820846883 1.1459459037828632 9 4 425
4.055554946718911 4.447461425970463 1.149444108835461 9 4 428
4.052685765217285 4.4368915892034435 1.1494158517190742 9 4 431
4.087091055729177 4.2766768298367355 1.1334245215460537 9 4 466
4.078298812351131 4.256412129751934 1.1340279445727421 9 4 472
4.069657320922655 4.25286943492971 1.135552851842184 9 4 474
4.073325464986424 4.23404832859066 1.1337489235732927 9 4 478
4.07683212288787 4.202508057480022 1.131253446364311 9 4 485
4.059663133337561 4.1998849946015255 1.1345344245840652 9 4 488
4.055983102231499 4.125701921317074 1.1310481149125 9 4 506
4.052785219223092 4.558100459655245 1.1529077073859753 9 5 400
4.001381789379864 4.727393360383608 1.1697100291765938 9 6 360
4.083680610198845 4.445600325118908 1.1367575324784984 9 6 425
3.997097016918792 4.706868658125989 1.166139556345573 9 7 366
3.9761050204665533 4.637596922915303 1.1664013525921377 9 7 387
4.090647282047942 4.285685114210093 1.1225494265222773 9 7 463
4.074685994051928 4.21882340404504 1.1219236681536437 9 7 481
4.074846410238408 4.436887509999897 1.1310784453414628 9 8 428
4.028388288139775 5.713927642720023 1.2124796141738199 9 9 53
4.001940353539027 4.759553275579638 1.1617133868016833 9 9 351
4.028104375123364 4.489827538346527 1.1403934618244658 9 9 420
4.0844965075953965 4.448132862290793 1.1262476209592314 9 9 424
4.110964604012536 4.243899671238663 1.108724615487016 9 9 470
4.056364204667254 4.143335668963546 1.114114757064332 9 9 501
4.007683513464711 4.808152677857117 1.1601400307316707 9 10 337
4.004850137935515 4.7293828882399715 1.1560569447946383 9 10 359
4.0042945692805185 4.7112584147813825 1.1550973296647675 9 10 364
3.9793311234449114 4.63939255595227 1.156044171059127 9 10 386
4.072228775466035 4.302324100726196 1.1166459791969694 9 10 461
3.9852184375116986 4.688545222175966 1.154463698507619 9 11 372
4.067571606146528 4.228925426504054 1.109682023652586 9 11 479
4.041140817080082 4.564909831433648 1.1319070477628246 9 12 399
4.019810983985062 4.782613870596968 1.1462283832443334 9 13 343
4.011041331900035 4.7342737883834545 1.145170799738139 9 13 357
4.005957775645768 4.695504884245429 1.1439067292861274 9 13 368
3.97949151772686 4.64610591138268 1.1465597523770914 9 13 384
4.085872145338972 4.272399503607895 1.1012312721371047 9 13 466
4.075903071181152 4.23567422620499 1.101133091771524 9 13 476
4.0439379824751 5.7198930816851785 1.1949060292802098 9 14 53
3.970578136109696 4.656711842307401 1.1458260711936945 9 14 382
4.043573535760711 4.4770953224149235 1.1191912396917507 9 14 421
4.071646463364296 5.788592833793047 1.1901729388468971 9 15 31
4.0386744420135265 5.771152433628211 1.196235182399265 9 15 35
4.0686510040758535 4.505242689826964 1.1120260108240019 9 15 411
4.071495049393037 4.431698487803849 1.1068952836831474 9 15 429
4.084922263390896 4.225100165348879 1.091305793936792 9 15 477
4.006554317517873 4.7720003959517205 1.1385414826758686 9 16 347
3.975848909643543 4.646892631680137 1.1374978796311843 9 16 384
4.062068925986965 4.165061927269926 1.0889319855686623 9 16 494
4.0225413502045075 5.752823546625632 1.1927623877925067 9 17 41
4.036011878649992 5.726569972795899 1.1881736106447756 9 17 51
3.998335099285017 4.824996246727766 1.1403394779576654 9 17 333
4.001219878973092 4.751758063743516 1.1351494283335808 9 17 353
4.006204408549974 4.702229819516219 1.1309740660496654 9 17 366
3.969558121132298 4.623137811409347 1.134092109137148 9 17 391
4.058837285310929 4.504602589810858 1.1036307776901915 9 18 412
4.068589084517237 4.325073928580933 1.0902311375117504 9 18 455
4.08905515767533 4.220924086593254 1.0791862571895248 9 18 477
4.02759692292469 5.700835661301952 1.1825005269034692 9 19 60
4.028528885388947 5.692310297352611 1.1817556705784948 9 19 63
4.027092545910637 5.66310165750296 1.1802334552948164 9 19 73
4.0137758643322154 4.816807277829277 1.129833692136448 9 19 334
4.015137448051558 4.801892336426768 1.1285903870868597 9 19 338
4.014976745851481 4.765424403346061 1.1263267001575001 9 19 348
3.993838412402968 4.739372916843367 1.1293859833589723 9 19 357
3.973241292935828 4.643563381783274 1.127926388193555 9 19 385
4.047148170055079 4.425530023048383 1.097739074503565 9 19 433
4.0579205197207395 4.317725881823029 1.0885454838867763 9 19 458
3.9967394701316747 4.697726308551759 1.1227776658704063 9 20 368
3.9650005717550716 4.672400329267391 1.128278730609757 9 20 378
4.029138748793878 5.719768417817171 1.177422491636033 9 21 54
4.031476772708233 4.562598588473389 1.1029682816339725 9 21 400
4.065395203609166 4.476676078413724 1.0898303415927242 9 21 418
3.9832039757173323 4.6985572365669865 1.1192114491537877 9 22 369
4.054676619588214 4.317894112349151 1.0785063443788117 9 22 458
4.056470574916222 4.308602787421162 1.077501580416885 9 22 460
4.046372788747794 4.191901828104683 1.0722899128896453 9 22 489
4.042940364138058 4.155406403789604 1.0707224306258125 9 22 498
3.9992725548434294 4.73340799924992 1.1144595451600092 9 23 358
3.976582547765126 4.6339345088567665 1.1132079603694052 9 23 387
4.042326037488634 5.689036256025077 1.1634510971442165 9 24 66
3.9788677963248427 4.677597221487082 1.112168672372723 9 24 375
4.055075326433544 4.295737623108892 1.069756936069612 9 24 463
4.029799260170554 5.716995418322229 1.165163518345993 9 25 56
4.028549519117381 5.696535307326364 1.1641116755527952 9 25 63
3.9709885994261396 4.687726784669861 1.1113090578773464 9 25 373
4.0636365890229476 4.3115553569322245 1.065183352412447 9 25 458
3.98791653269022 4.666416582082029 1.1026161843119944 9 26 377
3.9818359297202583 4.612334355142647 1.1004659106880696 9 26 392
4.0547438629595165 4.179953055325959 1.054933483452801 9 26 490
4.033890335734038 5.765161470640775 1.161401448338463 9 27 40
4.015732931745221 4.815955694984219 1.1026350137865046 9 27 334
4.007419887097804 4.733895641429902 1.0991377192737835 9 27 357
4.049683115111735 4.565151195772046 1.0780105220567244 9 27 397
4.062878384558791 4.281410132700556 1.0560716379991446 9 27 465
4.034256778789014 4.144317313245812 1.0536879254584668 9 27 501
4.020256313980322 5.749242276583973 1.16056531904847 9 28 45
4.005368959322224 4.797097356768426 1.1004572544774256 9 28 340
3.9990957643881826 4.76608129892323 1.0998671535807352 9 28 349
4.050323224922652 4.452785498654841 1.0668249925324234 9 28 425
4.080615657584659 4.184905234965013 1.0417651939476018 9 28 485
4.0543001968906545 4.178877145416016 1.0475814157070495 9 28 490
4.017175085744054 5.720807701431218 1.1564006229716506 9 29 55
4.001835860383748 4.724397950441855 1.0930439096116586 9 29 360
3.9895008788337556 4.70265202201307 1.0945158599514988 9 29 367
3.9790299625553303 4.6127387901768335 1.0909603237545156 9 29 392
4.025903730057042 5.751706306844654 1.153403152937726 9 30 45
4.030162237337116 5.700321571541998 1.1489062273057673 9 30 63
3.971848594439206 4.653005405453251 1.0919964395558974 9 30 382
4.0680682428241965 4.348579104453936 1.0483563231245783 9 30 448
4.051911173867355 4.174639103093934 1.040454399790508 9 30 491
4.075891152010885 4.31454931116286 1.040487593870023 9 31 455
4.069343116113697 4.172174102711258 1.0323706510981037 9 31 489
4.028367716365984 5.762251580220434 1.1475132979328397 9 32 42
3.9997446924311033 4.802247907182249 1.0886765682942392 9 32 339
3.9895701076968706 4.7096319971946645 1.084798582799252 9 32 365
3.9688395948334665 4.668705228240965 1.0870229782874674 9 32 378
4.037601344784768 5.700626894622932 1.1379949122212722 9 33 64
4.064859529231179 4.357133805925263 1.0387106302096885 9 33 446
4.0386176816331565 5.7307728233118125 1.1367747790118257 9 34 54
4.021701141517138 5.707760164400198 1.1393350086381369 9 34 61
4.03944162539726 5.651264263584302 1.1310565332722193 9 34 81
4.000633673608544 4.816502776451994 1.082682010990859 9 34 335
3.9977217367078217 4.758608156941619 1.0793811733246454 9 34 351
3.9692845493850553 4.638125392387429 1.0780103900355382 9 34 386
4.058504728645404 4.3221775837859795 1.03416897650239 9 34 455
3.81567290184363 3.7184725648161416 1.0519559930467284 9 34 635
4.0709019142777505 5.789676876069681 1.129846458562608 9 35 36
4.041121078675214 5.687820920026655 1.1301014001121354 9 35 69
4.008280709074623 4.832498883387373 1.0785201112058886 9 35 330
3.978480017824203 4.679519321047473 1.0752114740685341 9 35 374
4.051908051643408 4.1842654706034255 1.0224838825285283 9 35 488
4.0534464610083045 4.170298560475238 1.0211285367568368 9 35 491
4.012055029043837 5.736613047979353 1.1376774503599132 9 36 51
4.002114421685967 4.797643888730012 1.0742078787856222 9 36 340
3.9945351955065016 4.714797317780067 1.0702758478641123 9 36 363
3.9608280174012043 4.625932275508838 1.0724236598404464 9 36 390
4.086201554346534 4.36591980094171 1.022961089374021 9 36 441
4.0681348335972745 4.358212644441149 1.0269161209070203 9 36 445
4.172731186481767 5.85307125939547 1.1026411000022305 9 37 22
4.052759141468236 5.676650006710852 1.1171035360757524 9 38 74
4.002884513188917 4.752820747962436 1.0639996496470254 9 38 352
3.956885775592215 4.642102268588108 1.067722207427508 9 38 386
4.081267602962804 4.375883147608004 1.0174479671574268 9 38 439
4.061400807198702 4.26745255988102 1.0147469236806637 9 38 467
4.043018796299614 4.191903560783635 1.0140091804810618 9 38 487
4.015788983048472 5.7624786946720725 1.1294934340457605 9 39 43
4.0398147019244455 5.639731963759214 1.114621046199407 9 39 86
4.0421348670199855 4.247729879258266 1.0144765606288106 9 39 474
4.029695505321007 4.186255870668684 1.0132348784501464 9 39 490
4.070708025904528 5.787751726704075 1.1142604335902118 9 40 38
4.006746786766062 5.735820271591469 1.1268478131299113 9 40 52
4.040923427605104 5.619401005745542 1.1097488103329298 9 40 93
3.996500679602385 4.799132354839784 1.0620664269150184 9 40 340
3.9824168709473637 4.684713467761061 1.0574282000568704 9 40 372
4.037707725723113 4.321676063498527 1.0171958965446977 9 40 457
4.172051443579539 5.859444397913281 1.090306339715212 9 41 21
4.026910726825801 5.76599368916302 1.1208155095269827 9 41 43
4.036041045327029 5.682486395745108 1.112426135496973 9 41 72
3.9953016587298036 4.747552831063597 1.0552138569330838 9 41 354
3.954735188806331 4.67229858372791 1.0601844892729644 9 41 378
4.083720628363907 5.7947269074811665 1.1051647919022813 9 42 37
4.019164642574965 5.748058923082909 1.1184482029580245 9 42 49
4.02115975013205 5.716398361094355 1.1156272048304663 9 42 60
3.990918941591601 4.78967547806875 1.0559597694887817 9 42 343
4.041013426469161 4.318844643460459 1.0087302156205975 9 42 457
4.044729648161697 4.188196596883704 0.9982564279310634 9 42 487
4.008927367976609 5.732631972134767 1.1169157100607032 9 43 54
4.013662903660754 5.695514325555624 1.1129655042289484 9 43 67
3.9980191888746814 4.8389297612055655 1.0542864904697336 9 43 329
4.004329423065768 4.717973891431175 1.043785542489931 9 43 361
3.9786114025247103 4.685588309578833 1.0481000703999843 9 43 372
3.9511731570986957 4.650762613202686 1.0526831236451737 9 43 384
4.048098844589935 4.360871171998798 1.0062467771536578 9 43 446
4.027547924444631 4.257881954781896 1.0040459766963692 9 43 473
4.032477093265573 4.1513254948884315 0.9949588982305968 9 43 497
4.124753299267074 5.831154238098828 1.0908141573235506 9 44 28
4.050729160672678 5.784286530838821 1.1067259558517444 9 44 39
4.031456334443102 5.68992497895797 1.1048146734712065 9 44 70
4.002125102994019 4.830398632319735 1.0491520872636124 9 44 331
4.043959512738992 4.299233472199973 0.9990679081021534 9 44 461
4.024605196550215 5.757072138162542 1.1084741920498442 9 45 47
4.025954070108041 5.707582414570857 1.1044508316628732 9 45 64
4.0150949492575325 4.811791779780032 1.040910577425175 9 45 335
3.985301807731254 4.690367250524365 1.0397522234716308 9 45 370
4.03962279599938 4.279761251840233 0.9950188996735838 9 45 466
4.012539430210547 4.26945681890247 1.0013838294507456 9 45 472
4.048783888253075 4.161802350344882 0.9838641247369091 9 45 492
4.0275761282267855 5.720336121910502 1.1018618663414337 9 46 60
4.040895201588581 5.656701570707589 1.0935901107722699 9 46 82
4.000425004489836 4.726479156446956 1.0349506146633045 9 46 359
3.9654026364131187 4.663526284822106 1.0395316016806084 9 46 379
4.047620291536524 4.3174082852606945 0.991952101693751 9 46 456
4.050209558330231 4.307515323194887 0.9905287903481509 9 46 458
4.036274645561954 4.263953042760631 0.9909710909514982 9 46 470
4.025202195568609 5.691190846791685 1.097195271904827 9 47 70
4.039229564414361 5.614743026187147 1.0877245353848277 9 47 96
4.015239716129751 4.804215843012427 1.0333291268918896 9 47 337
3.9700593678455367 4.680482564265992 1.0360871070273037 9 47 374
4.041515338162142 4.349693729333844 0.9922405810681912 9 47 449
4.017579916684 5.743613047543676 1.1000647411320585 9 48 52
4.00799814408048 4.746365003309923 1.0274053328535173 9 48 353
4.004234477437347 4.732499954326144 1.0273682664057113 9 48 357
4.037608065007091 4.223195844984583 0.9800029375301859 9 48 479
4.031312040373635 5.630429087135635 1.0846750591534808 9 49 91
4.04079637316985 5.54523956477745 1.0756537232175174 9 49 119
4.000334047868767 4.838160873359091 1.0329157910617264 9 49 329
4.004544604130134 4.811046133458296 1.0297230212971575 9 49 336
3.986157840038214 4.704559507718687 1.0266017044255782 9 49 366
3.9701208581828493 4.6687314733997045 1.0282079192915208 9 49 377
4.042854351440933 4.394157501063995 0.9877608754144069 9 49 438
4.060737367701349 4.169403220594898 0.965885269202427 9 49 488
4.028819347616634 5.779128607126449 1.0935224657900677 9 50 41
4.019419643334956 5.7716007106024145 1.0954980090737432 9 50 43
3.985440602143165 4.790839069551667 1.0298696764656947 9 50 343
4.045126416890054 4.3758037117293265 0.9820043324714793 9 50 442
4.03819253397387 4.230245084081771 0.9727771632912154 9 50 477
4.097985810846561 5.8047534637432205 1.073499654945673 9 51 37
4.021818326310147 5.740751056924644 1.08937419056336 9 51 54
4.020257865966077 5.69632523563935 1.0863901337247424 9 51 69
4.037634685145229 5.6597791286873145 1.078842664564096 9 51 82
4.033935797969803 5.622946212099512 1.0770250087479503 9 51 94
4.039841283284163 5.555743877310155 1.070255177900496 9 51 116
4.000249433246323 4.752378087960322 1.019397550682056 9 51 352
3.9946731926943047 4.720232405651062 1.0184520194369824 9 51 361
4.038333169966083 4.177145793653592 0.964851771852015 9 51 489
4.130492875553722 5.8542046040880775 1.0651722042614886 9 52 23
4.029478827119359 5.64436558016914 1.0767056060671514 9 52 87
4.0003253954922675 4.849171172704802 1.0233225854395835 9 52 326
4.0085653207884935 4.802245101027461 1.0174378341497972 9 52 338
3.9827802757216615 4.77294419575337 1.022254910669744 9 52 348
4.043170184735681 4.303755218680329 0.9694553801889755 9 52 459
4.118305723618602 5.816360218799324 1.0623419601683788 9 53 35
4.038887592134007 5.786291788028524 1.0819403864543675 9 53 40
3.9757713745445495 4.658182249703943 1.0117850194635039 9 53 379
3.963517232208159 4.624620006092033 1.0125634844749418 9 53 389
3.9795794532604654 4.61044565085849 1.0070270812188653 9 53 391
4.043387327057253 4.366828727830599 0.970490870110321 9 53 444
4.040168387086044 4.266183022292735 0.9635657338016527 9 53 468
3.974689525168222 4.692708582510641 1.011239891795291 9 54 370
4.033629661653089 4.354486951882143 0.9684566608339871 9 54 448
4.037863432203048 4.223531895123788 0.9570551109503236 9 54 478
4.121921574231109 5.839931857138427 1.0566545588107248 9 55 28
4.012944101547875 5.71587763240655 1.0773656155193168 9 55 63
4.029844082765605 5.685665624799565 1.0702706026316293 9 55 74
4.0285768895201155 5.646321349045769 1.0675351006358866 9 55 87
3.9972282503688175 4.771811153667574 1.0076220919934635 9 55 347
3.98986965046178 4.702319966124396 1.0042214146769974 9 55 366
4.012196156931971 4.198925845091789 0.9584522077665365 9 55 487
4.016333802073852 5.7582497520679405 1.076613698983797 9 56 49
4.014178912345399 4.830349035789843 1.0039406502059411 9 56 330
3.987833245843471 4.733293692903392 1.003681185071299 9 56 358
3.97372804384872 4.677481395192128 1.003238237049092 9 56 374
4.034438884783508 4.3276025280315515 0.9585427637736448 9 56 454
4.031139940383095 4.199973135010157 0.9493908053057395 9 56 484
4.004577885041897 5.710172335339784 1.0729810266253628 9 57 65
3.9911503513294 4.81469288731095 1.0056595807591062 9 57 336
4.027265141545129 4.3478372300038615 0.9583720655620935 9 57 450
4.030049169958685 4.308101653484098 0.9544292120237486 9 57 459
4.049332799930182 4.2060926256954865 0.9408758662152803 9 57 480
4.1140396457671 5.816695860828905 1.0472147123855997 9 58 36
4.014390180585112 5.69162912085657 1.0655634655188142 9 58 72
3.9878580350307846 4.698745066210727 0.9938112737565457 9 58 367
4.025782846023091 4.258343457699498 0.9478537472383155 9 58 471
4.019641091396915 5.752353232784727 1.0657617143585751 9 59 52
4.002028980026564 4.750973070801112 0.9903751169327868 9 59 352
4.025606627165654 4.19686676126842 0.9391294463367809 9 59 485
4.033382222948823 5.779103692287569 1.0608047899522504 9 60 44
4.0090521565970185 5.727817699132546 1.0636619058202437 9 60 60
4.029716884400646 5.662071605575836 1.052407490337585 9 60 83
3.98867058057746 4.736309874497554 0.9894492260036752 9 60 357
4.053193461394915 4.37967398314973 0.9420853214403302 9 60 439
4.120962711753562 5.832766050616338 1.036642123659739 9 61 32
4.0276365529770555 5.523436029394803 1.0385228482358237 9 61 128
3.9902135121637294 4.814797191779715 0.991800965510113 9 61 336
3.9555883239885725 4.648933728722052 0.9883490023221599 9 61 383
3.9621404318873896 4.627103297892 0.9846804265371892 9 61 388
4.036789938734137 4.32366951183104 0.9384401055784984 9 61 454
4.02214925134872 5.701638629503978 1.0513788544526443 9 62 70
3.987305977528319 4.6050467474650425 0.9719684611693353 9 62 391
4.03482969167189 4.366803777647755 0.9386844652650366 9 62 444
4.007407739118477 5.726856380060507 1.054553763209903 9 63 61
4.017537328574001 5.710646990509109 1.0502583640477745 9 63 67
4.028411886468207 5.540426141025378 1.0330986644086506 9 63 123
3.997976158926834 4.789812173253575 0.9803707255100319 9 63 342
3.980027961968766 4.704575494398444 0.9786242199023124 9 63 366
3.976238803306837 4.690616534842125 0.9785869023965159 9 63 370
4.071562154871685 4.403289481845908 0.927097538440379 9 63 431
4.0314391002671615 4.35106133481393 0.9345508767366651 9 63 448
4.024217731789639 4.251815447539824 0.9285148538716851 9 63 472
4.03112541759438 4.208443810327753 0.9229319744007084 9 63 481
4.027902499130377 4.192747809945683 0.9225863148677509 9 63 485
3.9993326221796486 5.749755301996652 1.0556408864919256 9 64 53
4.0325980107126425 5.662224098797819 1.0386234549218858 9 64 84
4.027881618691022 5.652488386746036 1.0392077256070065 9 64 87
4.002383987142932 4.863390244368906 0.9815603741376411 9 64 322
3.9854616673620553 4.804869085464878 0.9817090559995886 9 64 339
3.9827996210250607 4.74540747508056 0.9775831021818541 9 64 355
3.96862027288622 4.677893679620807 0.9761820168729215 9 64 374
4.044782303660531 4.309136268249006 0.9233201802209803 9 64 456
4.036836092750937 4.287502615274345 0.9238726796489588 9 64 462
4.037829946696064 4.172755771159288 0.9141061377730461 9 64 488
4.048757873206392 4.400794163637023 0.9258619117812819 9 65 434
4.042062349989898 4.391391783613009 0.927063101723334 9 65 437
4.123830573646504 5.840710296733015 1.019844706496971 9 66 31
4.089305013420595 5.79738901968183 1.026505275498065 9 66 43
4.013181099877325 5.715188943114219 1.0423024758813713 9 66 66
4.030385261382902 5.561272370263777 1.0243339589195843 9 66 117
3.982665995825452 4.695470903086165 0.9662680863123305 9 66 368
3.965647937007854 4.667087731443228 0.9689643891974705 9 66 377
3.955217736818616 4.628663702365555 0.9688616674350035 9 66 388
4.018664226982055 4.279129077011524 0.9208004360136558 9 66 466
4.015366466608418 4.2593565500120905 0.9201315852560629 9 66 471
4.036323022186586 4.229816900290791 0.9114280739740084 9 66 475
4.028645544351557 5.542895263764297 1.019999910950613 9 67 123
4.00728233247193 4.839602152324153 0.9673698711420039 9 67 328
3.9769838320685444 4.7394104459890976 0.9680303796825831 9 67 357
3.977901247203253 4.704705224184129 0.9648430964566175 9 67 366
3.9895396202866453 4.602856877512392 0.952811661322192 9 67 391
4.033965622371317 4.3133080833327915 0.9152129789077846 9 67 456
4.047902911410679 4.204694979536233 0.9019256725209595 9 67 479
4.058985148154918 5.7873149089245235 1.0281676486892957 9 68 45
4.007450770554284 5.730633960713897 1.0388970210328456 9 68 61
3.9816634705611613 4.760533279362717 0.9648004378713017 9 68 351
4.0351124775247715 4.4019358389921255 0.9184528542554139 9 68 435
4.044222250791947 4.298522944253555 0.9069845936235773 9 68 458
4.009982761069636 5.704991035895993 1.0327456051367347 9 69 70
4.028401313000753 5.628402127702879 1.0206728584661393 9 69 96
3.984452832191022 4.748093276915988 0.9592917779370006 9 69 354
4.026958844232645 4.380131521319036 0.9152084970331772 9 69 441
4.014332311913083 5.765870112398073 1.0333826652316052 9 70 50
3.9928032529773 4.8511331753231826 0.9619125821397598 9 70 326
3.9824315351753006 4.816721704052616 0.9621343130693188 9 70 336
3.9900992696156177 4.780413575143082 0.9567035381995908 9 70 345
3.9549471572955746 4.643321758640374 0.9557095893802374 9 70 384
3.9567029737982695 4.623207537714054 0.9534595127566314 9 70 389
4.0371740749123495 4.186761297316146 0.8917393443007128 9 70 484
4.1012699421086 5.816046839617634 1.0078597264282856 9 71 39
4.019051230125485 5.740781070382111 1.0265693896229404 9 71 59
4.0140607875167 5.692047121297125 1.023917652870893 9 71 75
4.033657673223098 4.375750956366984 0.9050424559758131 9 71 441
4.0232655717658545 4.364022970921428 0.9072173597430044 9 71 445
4.024302318864377 4.30334974341924 0.9016970940104273 9 71 459
4.038446708079616 4.260614925761695 0.8937033691835149 9 71 467
4.03810856330105 5.662490296834914 1.0107114606310739 9 72 86
4.030506884331515 5.630696153394437 1.0103098346946613 9 72 96
3.9587484774590393 4.7030967270726745 0.9524226617277833 9 72 368
3.9436894840841767 4.670360659222643 0.9542348405086304 9 72 378
4.011382402878176 4.3398678840843345 0.904909402206031 9 72 452
4.033235026296132 4.223291831342877 0.8881338325702627 9 72 476
4.109620895975778 5.819392383324431 0.9988633371407607 9 73 39
4.01869189402022 5.685090053545194 1.0153607327652594 9 73 78
3.9878609070310604 4.874835490429595 0.9546741671260153 9 73 320
3.9945432725185377 4.740428703868606 0.9409568930322869 9 73 355
3.973770204535693 4.807871532857867 0.9496214092322903 9 74 339
4.004717156095438 4.316664363028552 0.8971916092800177 9 74 458
3.9916892097600942 4.77951710447095 0.9379155702388351 9 75 345
3.9809952395407358 4.702331711812798 0.9345000385713769 9 75 366
3.9442640419135606 4.646373912848479 0.941089626661235 9 75 384
4.034839695074583 4.330080482440083 0.8850473369969569 9 75 451
4.018532172577075 4.273783469977484 0.8852177221106811 9 75 466
4.011066653668854 4.212270941676495 0.8821650543947489 9 75 481
4.013894702433772 5.767575107430925 1.0142707041560568 9 76 51
4.009038770607564 5.553376853839801 0.9969361762879809 9 76 121
4.015828692031394 5.544414002828566 0.9940111385440515 9 76 124
3.9878269621679774 4.867430659132872 0.9432050187395762 9 76 322
3.999291963462582 4.830388438039482 0.936336799290064 9 76 331
3.9970150315031363 4.727620611896161 0.928003435045863 9 76 358
4.029426427585161 4.405326401398184 0.8894276331700111 9 76 434
4.0325597659647 4.2432112062184535 0.8741664194956894 9 76 471
4.039180869395981 4.226075285896789 0.8705747757945574 9 76 474
4.030748486800968 4.217662279681264 0.8724863614416194 9 76 477
4.065808771819111 5.7959875672716 0.9971135230260225 9 77 45
4.00459077008006 5.725095830265173 1.010198840383174 9 77 65
4.029682313570214 5.640272004042359 0.9947546035251644 9 77 94
3.94513304390347 4.668790764864761 0.9354965690983479 9 77 378
4.014135154287557 4.327095992381261 0.8834264141720213 9 77 454
4.026142300576839 4.277043022970463 0.8751982388681467 9 77 464
4.015014852718929 5.691271061552521 1.0006101506201046 9 78 77
3.978305726642742 4.802482249894944 0.9331922246751797 9 78 340
3.9895102291566804 4.764635850997419 0.9262616871047408 9 78 349
4.012406322654687 4.310192070148785 0.8785419334951798 9 78 458
4.018280239576374 5.555947898404501 0.9841570843873234 9 79 121
4.022063275437023 5.543535467757081 0.9818373810062129 9 79 125
3.9934356844052408 4.8471146764196025 0.9286928715673967 9 79 327
3.9896319592475313 4.833102055049775 0.9286554106035559 9 79 331
3.9913918436056544 4.783123861990361 0.923622141655758 9 79 344
3.946586891049095 4.64065056231122 0.925201120819078 9 79 385
3.973158949270549 4.614325583773078 0.9143515732999763 9 79 389
4.028238573384781 4.252624358871445 0.8643884144416561 9 79 469
4.018643590933381 4.187164123924782 0.8616002376061088 9 79 485
4.001802462203164 5.765596848293711 1.0049250031452288 9 80 52
4.0089546251153925 5.743060000629893 1.0005997853168567 9 80 60
4.026933402952687 5.651357107492306 0.9865755336022572 9 80 91
4.037226460698719 4.286657958872958 0.8605554965689197 9 80 460
4.04812974912107 4.262898674927341 0.8549147307850735 9 80 464
3.990485756380287 4.866740380514678 0.9240780138635287 9 81 322
3.998657534130737 4.769118159920859 0.9126138288112213 9 81 347
3.9402282583779815 4.6891094360739505 0.9242621844644807 9 81 373
3.953714815302 4.637362999068737 0.9152271799638771 9 81 385
4.0457751080359206 4.307818160057167 0.8556939054151114 9 81 454
4.019327382483826 5.77633789279024 0.9936819214044308 9 82 50
4.008456931608109 5.7325393213623155 0.9932339160986329 9 82 64
3.9951843198887262 4.880508995411625 0.9201350603455134 9 82 318
3.9960939577833035 4.846330406954806 0.9167342976547213 9 82 327
3.9950369774661842 4.812413235558091 0.913996143505025 9 82 336
3.961114945859391 4.649917543166334 0.9102523413311994 9 82 381
4.0241933288100125 4.409418982342751 0.8679109830445656 9 82 433
4.009585313251401 5.691143632550938 0.9857853614370451 9 83 78
3.9539619181323404 4.691387915868873 0.9126498221431212 9 83 371
4.023186110422332 4.181554520233362 0.8434829693828693 9 83 485
4.002611813740201 5.736117400657049 0.9888755388444759 9 84 63
4.000771961063078 4.882843144959923 0.9111546483478395 9 84 317
3.992797452602589 4.782299811028169 0.904543554415308 9 84 344
3.976201277289696 4.6986872901249175 0.9023171857081538 9 84 367
3.9840136964779505 4.750290295887538 0.9007561284123353 9 85 353
3.9781194927581414 4.717350858699735 0.8996623506036017 9 85 362
4.034988928669254 4.376800521632015 0.849472130251035 9 85 439
3.9968026762326714 4.865055152962063 0.9034154515772532 9 86 322
3.9512287312026153 4.6410915938770145 0.897766632504916 9 86 384
4.003143823769722 4.82897703182034 0.8942219071352151 9 87 331
3.9561252259044455 4.6781702559603175 0.8958472916975173 9 87 374
3.9981769220896353 4.220634401160763 0.8391753402511865 9 87 479
3.9916788943923045 4.816972958261189 0.8931898810067982 9 88 335
3.9850707308458753 4.71055302342464 0.8854356692612697 9 88 363
3.9537254054228708 4.643579184272254 0.8896705804723872 9 88 383
3.998038440923856 4.597902661552082 0.8705345190114717 9 88 390
4.011034062576623 4.194356023098136 0.8283719509131283 9 88 483
4.008965031698269 4.8922071975710955 0.8907035521415009 9 89 314
4.0057101699807385 4.250344115422637 0.8313640613869511 9 89 471
3.9991542866425487 4.8415470409738255 0.8854866547534352 9 90 328
3.9854002129681456 4.764814785256334 0.8828847309612728 9 90 349
3.9794564197436033 4.743348911659141 0.879093974413695 9 91 355
3.9771861830630963 4.7089481124914485 0.8765951903528812 9 91 364
4.0141415014479875 4.380132479794029 0.8327370651999084 9 91 440
4.00674396364387 4.881479771684203 0.8791768799916069 9 92 317
3.9853344423834978 4.78402863642671 0.8771899911927379 9 92 344
3.947495739290983 4.637201618630842 0.8761069051165162 9 92 385
3.9770301287519594 4.720468346838595 0.8701621831383429 9 93 361
3.950719479807529 4.682938045081977 0.8756090265870247 9 93 373
3.99053669757958 4.339604410493987 0.8289269868346172 9 93 452
3.978625263658619 4.165795627933095 0.8163279612396173 9 93 493
4.004709865809171 4.889682361023117 0.873124653951968 9 94 315
3.975868877261304 4.794559272627344 0.8739146698906097 9 94 342
4.016199505849653 4.390561455133732 0.8209632313253213 9 94 437
4.017373209790053 4.372633873423982 0.8188265073381118 9 94 441
3.970754171522287 4.319566656667474 0.8298248335339007 9 94 459
3.984857721532582 4.2899347921745985 0.8220867223024124 9 94 464
3.9958767368354744 4.274900319038206 0.8168246203632813 9 94 466
3.91713340479404 3.966272998427219 0.8142588526840249 9 94 546
3.9865524748511607 4.763952390193361 0.8634592762211284 9 95 349
3.963592081743389 4.705301900490003 0.8657494116463793 9 95 366
4.006689087148468 4.41207730481221 0.8223188389724364 9 95 433
4.002455390659977 4.366842355725842 0.8194014413931598 9 95 444
3.9774338531677476 4.2672549704194775 0.8184360485717241 9 95 470
3.981130039629422 4.203070103150494 0.8109236682943546 9 95 484
3.9396859102313027 4.157832894259421 0.8209399902331138 9 95 500
3.991861710571653 4.835839831072438 0.8648005701658633 9 96 330
3.98988911567596 4.824871194749146 0.8644201931204584 9 96 333
3.9669266766507207 4.762486383898673 0.8663594032494191 9 96 351
3.9829707352154555 4.717959974527816 0.8564125351320435 9 96 361
3.974144375263025 4.333836032139661 0.8220410417253496 9 96 455
3.9438752666999912 4.207522673976598 0.8202993948975854 9 96 488
3.978174520577566 4.7858923236410345 0.8609164797790598 9 97 344
3.93843219269667 4.702341030931377 0.866684380080988 9 97 369
3.9525751655794297 4.665704384521972 0.8581281864395732 9 97 377
3.948623077797707 4.64744803767739 0.8577269778294964 9 97 382
3.9617858798293426 4.6182920277573976 0.8502479904750135 9 97 388
3.965462986348588 4.299069152956196 0.8176760873133844 9 97 464
3.947901106985289 4.278742142605715 0.8218509127549133 9 97 471
3.9587519359881824 4.237371838324875 0.8139868694504193 9 97 479
3.949914174066884 4.682273273358238 0.8568831747352836 9 98 373
3.963107155800431 4.343033759039182 0.8188209637762632 9 98 454
4.005193280282202 4.901182563990659 0.8551276172484473 9 99 312
3.9917052504080535 4.8588741451814705 0.8557251308614786 9 99 324
3.9771887708369142 4.735285753004228 0.8486441413859112 9 99 357
4.0020808956048555 4.421082181050772 0.8087218480141214 9 99 431
3.9849308319620373 4.391113242893953 0.811839391892618 9 99 440
3.9143827753382983 4.1755005177879685 0.8155265280236852 9 99 499
3.9012749899097563 3.9685410982972105 0.7996956426578322 9 99 547
3.990365202969687 4.832316598109415 0.8497546044111335 9 100 331
3.9897005283495695 4.722964210126995 0.8391171985205754 9 100 359
3.8933024510589043 4.15772073421987 0.8172727446051424 9 100 506
3.9980436011241247 4.864820693540088 0.8464262337417102 9 101 322
3.9397313472179194 4.65000298160502 0.8458519458674609 9 101 382
3.9210847590464835 4.334574561684457 0.8210121024009316 9 101 461
3.9122191667871062 4.2798184909255275 0.818716753188117 9 101 475
3.899152852176101 4.23168322569166 0.8185880696689668 9 101 488
3.957704610654889 4.698366224838354 0.8404055462828173 9 102 368
3.906516117964277 4.38838729236849 0.8277103551499025 9 102 450
3.9765576930176003 4.801475416498386 0.8401397557548063 9 103 340
3.9723367592599503 4.7638743218371395 0.8378730770673671 9 103 350
3.918125106348719 4.4649319797618565 0.8273262725413848 9 103 430
3.888638606639547 4.359981016377804 0.8274066969323253 9 103 459
3.887776199203362 4.275949607733644 0.8192395889676996 9 103 479
3.8769322975519023 4.166172045912261 0.8120866443250037 9 103 506
3.991293246118671 4.882020739800464 0.8391087533697968 9 104 318
3.969697027421825 4.725360316340446 0.831078394294366 9 104 360
3.8646293745539824 4.147380009140797 0.8106854975766203 9 104 512
3.8966239431919165 3.9715238143743212 0.781218898840673 9 104 546
3.9727786396717812 4.75567905597528 0.8291696340227799 9 105 352
3.9564370686385315 4.710149105971298 0.8305034519373995 9 105 365
3.8732368841454314 4.605376698119158 0.8502372644196876 9 105 400
3.8380961064452572 4.26685528785409 0.8285906373580474 9 105 488
3.851339322869567 4.220278785214733 0.8190050039027799 9 105 497
3.9826214298903775 4.807219372010006 0.8269609075992743 9 106 338
3.9158538054651157 4.634535082010084 0.8338056787547627 9 106 388
3.849292335664312 4.638487504696389 0.8586580405152648 9 106 394
3.8227545575693305 4.35019089018313 0.8388906746264201 9 106 470
3.8055625232777883 4.323497969011214 0.8424725248295168 9 106 479
3.796240418265053 4.234193886236896 0.8367539226474114 9 106 502
3.9586724787079355 4.7562205794283585 0.8266842382367106 9 107 353
3.935736241507411 4.693687967080775 0.8287176044235289 9 107 371
3.871631873674588 4.640553311181987 0.8469132364769438 9 107 391
3.837056979835378 4.447295029743702 0.8397950548876711 9 107 444
3.974701116598531 4.7939301099530915 0.8207767314053489 9 108 342
3.9716303412328324 4.724110035353896 0.8146990795691612 9 108 360
3.9247866645481624 4.6502728142919665 0.8244427037166883 9 108 383
3.831775516322132 4.501433006776989 0.8435586766915859 9 108 431
3.760147455545079 4.219277790952456 0.8409634834501861 9 108 511
3.9774109683849934 4.866651991044557 0.8234410572511945 9 109 323
3.962295813295704 4.8401935714761875 0.8263273271476943 9 109 331
3.840847990267557 4.641193842932041 0.8509293684928818 9 109 394
3.807287044699901 4.590618206767204 0.8581865365693244 9 109 411
3.7963134303046493 4.56115140326879 0.8592166259670257 9 109 420
3.924681832266417 4.71678387707585 0.8236980815564303 9 110 366
3.9258742871553802 4.681034646078803 0.8195209720712686 9 110 375
3.9364975803933797 4.669079859930944 0.8142943110766612 9 110 377
3.814580993940586 4.497296511308204 0.8420349914056577 9 110 434
3.752229225785528 4.296791675232681 0.8444673427069893 9 110 493
3.869420615896071 4.655945052834125 0.8342788236588844 9 111 387
3.795477404545566 4.522077734016386 0.8480753895969485 9 111 430
3.9094221531217404 4.832873899563616 0.834009832841519 9 112 337
3.974291713938355 4.886715879619616 0.8112833516885587 9 113 318
3.9536812594634547 4.8617232779881006 0.8164714067873846 9 113 326
3.846635261766098 4.729325324347139 0.8431426294058145 9 113 370
3.790313849169755 4.627349875710975 0.8537551620379005 9 113 403
3.74601508498641 4.355010641570393 0.8417666243705539 9 113 479
3.740165250303342 4.322545617947743 0.8405537769726539 9 113 488
3.7178919671690305 4.280512590331442 0.8445702203766731 9 113 502
3.716688704813756 4.265166037526143 0.8434032265270024 9 113 506
3.7245481563885523 4.239546146521062 0.8377044536026734 9 113 511
3.778631663023167 4.620853187974423 0.8538640125937711 9 114 406
3.7830875358852585 4.491887338482938 0.8384478812356476 9 114 439
3.732653202196472 4.302457017267616 0.8375647085836148 9 114 494
3.8370926162572783 4.865436211873412 0.8539104598101278 9 115 334
3.9201349305265367 4.670306620840107 0.8011951815788205 9 115 378
3.761415102682864 4.583015722530109 0.8527772572720718 9 115 418
3.7483827878964586 4.455127769784163 0.8441146149518195 9 115 453
3.7550423210163677 4.439722423606697 0.8399131007425453 9 115 456
3.8079650082733782 4.841713276247758 0.8589516541882061 9 116 343
3.792595650099837 4.828618868920948 0.8634724011891837 9 116 348
3.8037458542342355 4.677458631544438 0.8429469557434544 9 116 388
3.776705026955688 4.628622432991789 0.848131526782325 9 116 404
3.7682743639380734 4.514141203495499 0.8390935889831295 9 116 435
3.761740074560337 4.486441697247464 0.8386398276528237 9 116 443
3.782695132593777 4.7813182050503755 0.8586197943650794 9 117 362
3.869645539392581 4.677698495740505 0.8137564040200338 9 117 381
3.7902168697731495 4.667714986766709 0.8434539651834445 9 117 392
3.760264475699873 4.756668536005186 0.8610811264542484 9 118 371
3.762939029832418 4.748422910796324 0.8591465227123133 9 118 373
3.759482387437497 4.601759890028292 0.8446014564569899 9 118 413
3.7608447547214134 4.566962367342785 0.8403008248162485 9 118 422
3.722454301146205 4.342281936286394 0.8309023845889969 9 118 485
3.710587756003612 4.305806259766217 0.8315699320229086 9 118 496
3.75876425378618 4.5522860905199085 0.8358420385111225 9 119 426
3.7369109051385907 4.43200357270026 0.8312970237482185 9 119 460
3.715840994856989 4.361616025845166 0.8318767774044036 9 119 481
3.745621982238699 4.496888744141579 0.831262929075339 9 120 442
3.752164577601018 4.607861538028809 0.8371741548892735 9 121 412
3.7457661021349455 4.465206130530061 0.8240280060602587 9 121 450
3.7318406690049493 4.4572093453655395 0.8286483817882337 9 121 454
3.7582877321311354 4.778409246020254 0.8499077909432247 9 122 365
3.7638775447664723 4.651201584543676 0.8336498087758486 9 122 399
3.7058824137379363 4.3618489106908145 0.8247231069714582 9 122 482
3.697684020329443 4.33525216862863 0.8250403111053287 9 122 490
3.8358048256904724 5.269297361718768 0.869844421659264 9 123 217
3.757344064985274 4.796593566150038 0.8487072678860488 9 123 360
3.7633833161370256 4.718008433853978 0.8375862730786194 9 123 381
3.749270889006368 4.539977483875093 0.8234716608072061 9 123 430
3.7294016491198407 4.437971649110245 0.8200815988535608 9 123 459
3.7617211816686202 4.834349186768524 0.8475704804554931 9 124 349
3.7277464161756475 4.500534768047647 0.8239938247384706 9 124 443
3.8248806412728324 5.293470522540058 0.869946444326027 9 125 210
3.727941363733501 4.76744631232541 0.8500908101294562 9 125 371
3.7380791098200907 4.510102596692084 0.81721450887697 9 125 439
3.7189866585655365 4.450548950724512 0.8182329294210993 9 125 457
3.863688834332675 5.439847289458025 0.8672348036729589 9 126 164
3.8240442720208128 5.261488903879142 0.863212202871713 9 126 220
3.825969446174183 5.04958610906245 0.838613355344167 9 126 283
3.72260065376297 4.754945838041547 0.8472810445124823 9 126 375
3.775298380601482 4.69777455587957 0.8195501166944734 9 126 385
3.762734807950756 4.673031140684383 0.8218477292563102 9 126 393
3.858405006106351 5.502699736111277 0.8729958656219532 9 127 144
3.859845052403875 5.468554861854053 0.8685551540236482 9 127 155
3.8186611476721994 5.119585465530457 0.8458748920480129 9 127 263
3.7535162890374614 4.854492426987435 0.8423983720575501 9 127 344
3.741482318953495 4.66311860913641 0.8256751238141959 9 127 398
3.727681621602814 4.590759503228168 0.8231092304998491 9 127 419
3.7352443111924525 4.571997292081012 0.8179188413989389 9 127 423
3.7114670996440924 4.434194826307348 0.8120147891760572 9 127 462
3.8495067050312732 5.46251482238376 0.868620739695589 9 128 157
3.8504527410929232 5.412259817559524 0.862533821639583 9 128 173
3.85564869931314 5.4027398287163 0.859333658933086 9 128 176
3.849808847140398 5.374061012355504 0.8584633235297183 9 128 185
3.807892444527776 5.302045927117682 0.86739808025162 9 128 208
3.8036203094938434 5.286307720967337 0.8673560061559918 9 128 213
3.8083734555484976 5.060195514042547 0.8397664936226523 9 128 281
3.742842822398436 4.8259515581691526 0.8399339856884809 9 128 353
3.737518944027969 4.817086496738237 0.8411007617634794 9 128 356
3.7145640866213805 4.764766957418692 0.844532461112324 9 128 373
3.729895722920196 4.649278997493016 0.8251754926721766 9 128 403
3.7338262460459504 4.8500334478201985 0.8427906224629326 9 129 347
3.7339684307240124 4.63223970850148 0.8179138634686947 9 129 407
3.8345424128885033 5.431995573171235 0.8643660799899813 9 130 167
3.812183809800958 5.263821487955367 0.8543235870954303 9 130 220
3.715352929754296 4.756942906689686 0.8361809946765251 9 130 375
3.7599128985941075 4.703006572040465 0.81165490005471 9 130 385
3.711183967544522 4.494890804594614 0.8079008953669072 9 130 446
3.8520173019060016 5.535445582736434 0.8655710449759833 9 131 134
3.8004136548626013 5.248909556444645 0.8539743758610552 9 131 225
3.7771638254380293 5.063255002529782 0.8422462458319213 9 131 282
3.7137879875918722 4.561915317213628 0.8108207605871802 9 131 428
3.7027831914749187 4.514231468686981 0.8098910222520475 9 131 442
3.71072068392282 4.479184225702422 0.8025768776690945 9 131 450
3.7249450347373387 4.820899313694195 0.8324095331399912 9 132 356
3.736378089433475 4.648945727510961 0.8077957465703652 9 132 402
3.7082398099392853 4.545286540739446 0.8075186268976848 9 132 433
3.67799367186701 4.419590445081582 0.8055722928540061 9 132 470
3.7886363398710867 5.305055840801799 0.8584053083326504 9 133 208
3.7077573375266266 4.5829680547311575 0.8083987793249363 9 133 423
3.7071965517096976 4.819680998231368 0.8325411380306464 9 134 358
3.714245723462952 4.760198202686454 0.8226516891815976 9 134 374
3.712644351475485 4.643924329785293 0.8097723928881453 9 134 406
3.6983891561515208 4.602090798537281 0.8108768659395866 9 134 419
3.8356175458799187 5.548854712954801 0.860220545227284 9 135 130
3.79268570031142 5.337345776067487 0.8535521141141786 9 135 198
3.7935094508202383 5.244347922494646 0.8423181259706181 9 135 227
3.757857812096936 5.0809990060656345 0.8382196109867782 9 135 278
3.7544985060142273 5.061510150379553 0.8373537878625034 9 135 284
3.7314756897382235 4.720608731752813 0.8071480460291955 9 135 383
3.7449775690855382 4.674315673860149 0.7960388687238376 9 135 394
3.7018910739427326 4.618734795813218 0.807689421141303 9 135 414
3.6895299083731126 4.526959678853081 0.8021548538370166 9 135 440
3.8312160842161624 5.521723288326256 0.8554562403819239 9 136 139
3.822638938314546 5.493678993439783 0.8557895854942226 9 136 148
3.7235824722224935 4.915578819286594 0.8297461491595949 9 136 329
3.705299454261021 4.84467282743025 0.8291483216939042 9 136 351
3.7053870346973774 4.777487073591607 0.8212110083277113 9 136 370
3.7597594150230687 4.682886543509111 0.7870693202346244 9 136 390
3.7159144408526115 4.649275468726711 0.8016782309171078 9 136 404
3.6872202699419914 4.554227263136242 0.8026489881835337 9 136 433
3.6914402278173912 4.498712053752197 0.7943346052355029 9 136 447
3.6730037221431937 4.46277122486621 0.7979132377356336 9 136 459
3.815126742572957 5.46931845139028 0.8526586998876959 9 137 156
3.7951042336021863 5.413303908918519 0.8545576075544741 9 137 174
3.8049844172927623 5.4071095088343295 0.8496242843418254 9 137 176
3.7992752239791754 5.3789786626287 0.8487296276922176 9 137 185
3.7752235529995573 5.329416901807378 0.8531041432647427 9 137 201
3.6913104118722764 4.796677912460326 0.8258668650010412 9 137 366
3.7087931012579203 4.761700641361379 0.8143008775143674 9 137 374
3.745556286247732 4.673523652702926 0.7882520793068386 9 137 394
3.6801318218043813 4.492844124389992 0.7947344742351622 9 137 450
3.660503038113613 4.4347309303907725 0.7962180696432429 9 137 468
3.7137260961496183 4.921804910090073 0.8275681824207468 9 138 328
3.713178532968283 4.852420432783019 0.8195706017269826 9 138 348
3.6883596220894956 4.537612690835093 0.7928256332425629 9 138 437
3.6751757926897044 4.510318616504492 0.7952196676203838 9 138 446
3.8177657882295053 5.531736191403324 0.8520492585934645 9 139 136
3.800190924873887 5.442198195245338 0.8489217262086046 9 139 165
3.7898175280109463 5.386273653761811 0.8467092377919666 9 139 183
3.782437638197239 5.256369798675618 0.834396635531993 9 139 224
3.7064613757538307 4.615199608961574 0.7905976914667303 9 139 414
3.808487096347518 5.504380526241998 0.8493344423532486 9 140 145
3.738051558335315 5.082141820550293 0.8291602947007595 9 140 279
3.7110273831302227 4.7349088173946186 0.7992499436479121 9 140 381
3.6674481159284955 4.475295107429852 0.7869630821476667 9 140 456
3.8030883994988987 5.477179999876135 0.8449581654767291 9 141 154
3.791399001779604 5.455324658541598 0.8473925263037756 9 141 161
3.732731586052683 4.66660104352024 0.777979184860339 9 141 397
3.7118387132020576 4.653255352300971 0.7854218222430753 9 141 403
3.7042836967425674 4.604215800289989 0.7827979329212518 9 141 417
3.6594775338263075 4.46389522394243 0.7853310236856514 9 141 460
3.7728392612530053 5.312561341915897 0.8347834755912353 9 142 207
3.7133611568931753 4.726240223808926 0.7898590148883654 9 142 383
3.7051972959903186 4.618486202993754 0.7803992404748896 9 142 413
3.6800846454784546 4.54009683998053 0.7818572822791721 9 142 437
3.7967926092227664 5.520576642646108 0.8460542999194209 9 143 140
3.7785655203458957 5.44990218002996 0.8454470141901194 9 143 163
3.7718013351703004 5.252153018795912 0.8244203245431853 9 143 226
3.699486254422441 4.650670648541782 0.7830712627702303 9 143 405
3.6859263146102315 4.597190012860212 0.7825099924223436 9 143 421
3.788745010618118 5.416676191918736 0.8334961386311395 9 144 174
3.748099622420524 5.270465002845558 0.8335249907232756 9 144 221
3.7138597086488074 5.077382596825181 0.8250334053470545 9 144 282
3.6813404747825103 4.7743648564703935 0.80239580938684 9 144 373
3.6938832208101102 4.62678187261491 0.7789145110524944 9 144 412
3.7832319625208366 5.508829569202334 0.8437193760480135 9 145 144
3.69844981273678 4.946596949042037 0.812311684525717 9 145 322
3.693335062469968 4.9171953026622335 0.8109694976794848 9 145 331
3.686566567297701 4.842984051595219 0.8048743887618659 9 145 353
3.6613709507101895 4.514342710443106 0.7757759709690362 9 145 446
3.6635844546535625 4.497858547149217 0.7727835202659015 9 145 450
3.7767837254367893 5.414481202939186 0.8315534743298069 9 146 175
3.7605752535970844 5.333674485453241 0.8288017320938343 9 146 201
3.759992109153332 5.254172990048646 0.819291419426283 9 146 226
3.681292808668049 4.820093168590373 0.8008033445552432 9 146 360
3.738208277124292 4.681676922147551 0.7585934676216849 9 146 392
3.6987156456077255 4.627606438327772 0.7694371697230784 9 146 411
3.673947116359675 4.568005764419528 0.7730814840679743 9 146 430
3.652516498818205 4.457412450926074 0.7689821777098292 9 146 462
3.7076973856292605 5.079005242923509 0.8174077844236827 9 147 282
3.771976737482256 5.399929277268902 0.8249433141549056 9 148 180
3.7411689494435727 5.303979019168798 0.826814250786328 9 148 211
3.751424661683553 5.271587085743989 0.818217814494385 9 148 221
3.781800367990867 5.541109236586452 0.8346228567357599 9 149 134
3.670699310408412 4.816377167070452 0.7942623399535831 9 149 362
3.679272751845912 4.781367022402136 0.7860571948206574 9 149 371
3.648244902956244 4.481301235385724 0.7626281269003196 9 149 456
3.776835197556347 5.4840503837319075 0.8262900963371274 9 150 153
3.703244866144236 5.0869048770470435 0.8098075901739066 9 150 280
3.6816972276996953 4.765939730865841 0.7793930286323474 9 150 375
3.7158688474941655 4.6712474741040575 0.7521535272958062 9 150 397
3.701181279174011 4.6626553397496915 0.7576991270073739 9 150 401
3.692179317672699 4.632994228949249 0.7580482068768635 9 150 410
3.684867503811917 4.602556687038641 0.7575384608909732 9 150 419
3.758245842795491 5.401380004752045 0.8208601199957936 9 151 180
3.6767008832971695 4.849152246026914 0.7884390869765803 9 151 352
3.6866771693608946 4.752997809495964 0.7718501049532099 9 151 378
3.6890854649576017 4.733889443463296 0.7683607130002583 9 151 383
3.7086393887671107 4.714988975750305 0.7571357475140306 9 151 386
3.6355817482557433 4.452845410413626 0.7572945042124208 9 151 465
3.7728095338343706 5.521245401624273 0.8258724723907267 9 152 141
3.762766892378502 5.463286380142071 0.8231302382189758 9 152 160
3.742757920116344 5.302229174314233 0.8119191766851374 9 152 212
3.755815429319835 5.26298584340058 0.8010337176718998 9 152 224
3.6911758177634955 4.6440309667796775 0.7523760289838171 9 152 407
3.6587183019990586 4.531447632643047 0.752937481098968 9 152 441
3.6305741622870187 4.424273277543699 0.7522197750915752 9 152 473
3.7725945218289336 5.509758638661114 0.8210640366208096 9 153 145
3.679110153137768 4.9245505846608495 0.7896465103666129 9 153 330
3.6703274206882046 4.78400198510697 0.7758585779493011 9 153 371
3.6757958893363654 4.5982296020802655 0.749835416280985 9 153 421
3.7400569260502747 5.340884628133989 0.811045616403213 9 154 200
3.744252451525318 5.251747419298681 0.7977847180515052 9 154 228
3.68696352036529 5.10694188781765 0.8056452446435214 9 154 275
3.7239788471830444 4.685474858437299 0.7350648564683204 9 154 392
3.653937692921334 4.52158222429505 0.746346994609791 9 154 444
3.6432365271420846 4.489132748104998 0.7471284046794522 9 154 454
3.7559642431658555 5.458560482930489 0.815248421917447 9 155 162
3.729177758490425 5.304157451355996 0.8078673431501943 9 155 212
3.7336539550903867 5.275371909496202 0.802128649880365 9 155 221
3.6760191673382407 4.763535501793203 0.7633057885490868 9 155 376
3.712561171997562 4.678741236447864 0.7356414327074974 9 155 395
3.6673898715335893 4.6202983623336165 0.7489862585073093 9 155 416
3.6601866464684587 4.593762253310398 0.7489153175895212 9 155 424
3.657485437069035 4.583811212426691 0.7488887147453507 9 155 427
3.65111113128586 4.556846301337817 0.7483811410614853 9 155 435
3.757096467687121 5.483425604603557 0.8144396146937458 9 156 154
3.7585223823001246 5.446930378847935 0.8090986579450091 9 156 166
3.6827613904530767 5.101658802017924 0.7963350384883787 9 157 277
3.6793746365550537 5.089182269650804 0.7963016840634267 9 157 281
3.6659639295349127 4.852110751857083 0.7719952044964006 9 157 352
3.6240861633346437 4.44066244544832 0.7384548960567138 9 157 469
3.747703492929778 5.4901223940181465 0.8127413897684664 9 158 152
3.663264767295563 4.835366376729568 0.7674492349658273 9 158 357
3.6697079654976044 4.765368582357939 0.7553870492771917 9 158 376
3.6954063154363035 4.655213949115836 0.7291434821857241 9 158 403
3.6474013649863073 4.526970014916525 0.734958031763576 9 158 443
3.758947329296639 5.524406045370582 0.8084622024196589 9 159 141
3.73067806328984 5.337034073239214 0.7973713061265095 9 159 202
3.6621587928547505 4.800245048240825 0.7597538990932522 9 159 367
3.6958355283168594 4.688489069573666 0.7294502660729247 9 159 394
3.641826105736274 4.475651146285079 0.7271163003594894 9 159 457
3.6265462396162826 4.4262970832057995 0.727866843815433 9 159 472
3.671952467444247 4.756859765307135 0.7458074480195749 9 160 378
3.6785287679152066 4.736051462851153 0.7399969628629017 9 160 383
3.691985153080193 4.7232677734665325 0.7319945280871691 9 160 385
3.7027981170560658 4.662639818676964 0.71899473411956 9 160 400
3.721338966639179 5.3163043920186706 0.7920239237073962 9 161 209
3.7245268944786574 5.300364281639596 0.7884283947542148 9 161 214
3.7312929289743666 5.287224011673109 0.7835080010414435 9 161 218
3.6638825698281363 5.121942152666387 0.7937248862564017 9 161 272
3.664906408553297 4.92846434475462 0.7678931609625604 9 161 330
3.7018455420705534 4.711572975620907 0.7220138075948438 9 161 387
3.6557928753442432 4.597286563288826 0.7288140546261445 9 161 423
3.6441020725845155 4.519613448423472 0.7241652747871835 9 161 445
3.739022098033619 5.274210212277295 0.774562391220736 9 162 222
3.6527258733199046 4.918276691869889 0.7687098248083435 9 162 334
3.6489276651196083 4.7832960196739585 0.7527548735356666 9 162 373
3.640938521288963 4.574110161739359 0.7290272256608952 9 162 431
3.7281508070182157 5.348167344721945 0.7859231952180796 9 163 199
3.6481465883344146 4.8082672668127024 0.7527443654411832 9 163 366
3.630821363342733 4.537255573375437 0.7252011031493069 9 163 442
3.6332008354160927 4.497678000731964 0.7188376236609013 9 163 452
3.6321983513361067 4.490531655530087 0.7183715192732147 9 163 454
3.631710512952807 4.471468953590759 0.7160856664219338 9 163 459
3.6190703881066977 4.4283570110741985 0.7164174116594496 9 163 472
3.7393523949516747 5.265200367927596 0.7660129248148417 9 164 225
3.6759543430551895 4.628066041244295 0.7118455195636229 9 164 412
3.6528593113720507 4.605075185693384 0.7198554617019798 9 164 421
3.738166527074402 5.481450834772737 0.7917780371603553 9 165 156
3.6138395447781093 4.465235563432697 0.7161866422135934 9 165 463
3.73796692436763 5.466819704601421 0.786416833774466 9 166 161
3.7288720952356975 5.457409016316041 0.7895505965580423 9 166 164
3.6661291183724085 5.112682687408377 0.7737368965681024 9 166 275
3.648115959368077 4.8501291333992835 0.7473122193863427 9 166 354
3.653588800666695 4.61902433516496 0.7137512331420965 9 166 417
3.6360835290848015 4.578630244893982 0.7168021657348891 9 166 430
3.6136779198646187 4.437575788867894 0.7087533937477146 9 166 470
3.6004830951756492 3.7418700210054885 0.6220535649206633 9 166 635
3.649068070732727 4.915735051633901 0.7519890016992278 9 167 335
3.6359334163258827 4.822650029913806 0.7458549286788939 9 167 363
3.6796130287102082 4.670676265937238 0.7042520918731658 9 167 400
3.673471985059949 4.658368544458434 0.7055773791743973 9 167 404
3.6403953104814937 3.7560211731044437 0.600400074501817 9 167 623
3.7387308718470167 5.531274601645926 0.7877009785764545 9 168 140
3.740288239626837 5.516404470433041 0.7849364108152479 9 168 145
3.6458321091352026 4.794063603973205 0.733503853419426 9 168 370
3.6649826665061322 4.624190372571226 0.7012597850103922 9 168 414
3.6486418403717362 4.601772823554416 0.706195428728395 9 168 422
3.6244546696597 4.522973087647339 0.707347201886618 9 168 446
3.728398697736479 5.486214614366743 0.7831552386049383 9 169 155
3.715637171358215 5.284811370392102 0.7621159408198035 9 169 220
3.6572422651582928 4.764339055253306 0.7201784303562209 9 169 377
3.693185558003158 4.69432850516322 0.6931124381808986 9 169 392
3.622621473996352 4.492701199142868 0.7003181555899413 9 169 454
3.611386948657475 4.441021325939323 0.6988132639845036 9 169 469
3.722989068380973 5.459318097235709 0.778646541362765 9 170 164
3.7046428782312795 5.330042588096179 0.7700748153354169 9 170 206
3.6533059231946883 5.0895133897957034 0.7625766965058295 9 170 283
3.6415055017927433 4.809564835885949 0.7302948219255745 9 170 366
3.6653445022284634 4.750016329321979 0.710484344582816 9 170 380
3.6751018261648127 4.727699292932332 0.7026555865461324 9 170 385
3.7297177741221113 5.535367576992886 0.7821951010967768 9 171 139
3.7131673522539 5.3237635793220255 0.7614581155358627 9 171 208
3.637358015062624 4.83565431733266 0.7321883688227544 9 171 359
3.652711180887044 4.590946228524253 0.6911914852337953 9 171 424
3.6347177010543437 4.565741928427528 0.696625415095619 9 171 433
3.6389149137839887 3.75614158207119 0.5839772032321895 9 171 622
3.65482595732649 5.115709235588828 0.7582430333704703 9 172 275
3.619206395241587 4.5467557620116565 0.6978583947161687 9 172 440
3.6139759019596394 4.534326542201809 0.6987448987487237 9 172 444
3.6112397612925324 4.462690483883174 0.6902756914409635 9 172 463
3.6039513399429124 3.7382023448778607 0.5945249970522337 9 172 633
3.6444579485108455 4.800849087492995 0.7164541172146757 9 173 368
3.648988678937817 4.759466492060874 0.7085013282296458 9 173 379
3.717399181836086 5.479399047044175 0.7700933434761595 9 174 158
3.642694244006827 4.941437789357769 0.733024407457695 9 174 328
3.6405000801809457 4.841220269895112 0.7202626105737262 9 174 357
3.694662417184114 4.696098261717943 0.6731381681027994 9 174 391
3.6521995826216234 4.631803352792212 0.6854602170626266 9 174 413
3.6620728738345205 3.7570670428010233 0.5595708850183965 9 174 616
3.7218750593674903 5.540124689022284 0.7727528343613297 9 175 138
3.7143046344733275 5.283853551904356 0.7409683442907967 9 175 221
3.6692374839501642 4.657656314031466 0.6766313306877381 9 175 404
3.6181919754359497 4.534373994471871 0.6851209993623711 9 175 443
3.6382378629973955 4.922048317299796 0.7252064753905223 9 176 334
3.642378685001103 4.801103408842883 0.7062590726083785 9 176 368
3.6121715714606966 4.502548265085279 0.6798527689390302 9 176 452
3.598180601482057 4.440792015055271 0.67829091045541 9 176 470
3.6316625158743236 3.7605594839805656 0.5665902375803589 9 176 621
3.620940656648769 3.7619211412530857 0.572181143779726 9 176 623
3.593394613535692 3.7523781983775244 0.5847268693840408 9 176 631
3.722458995676602 5.511459981215823 0.7614187919413065 9 177 148
3.650721764079461 4.750597934011923 0.6911976263728419 9 177 381
3.6619063159236234 4.648947159083003 0.6713104430866027 9 177 407
3.6372366392607605 4.622690231199141 0.6801138794843886 9 177 417
3.706747331036098 5.456930272985866 0.7581929243441082 9 178 166
3.6432468825197253 4.927409844659497 0.7160206482725391 9 178 332
3.6386019054371954 4.791382803732965 0.6992606535510225 9 178 371
3.676416455470601 4.706447728667365 0.6681146926789512 9 178 390
3.602513454052513 4.495351874568231 0.6759828270657404 9 178 455
3.5988827083113275 4.48197649562997 0.6759470696886204 9 178 459
3.6431468271209626 3.7650676148943085 0.5526974162465874 9 178 617
3.7106485394459496 5.484841951919208 0.7565942978643491 9 179 157
3.6427463751775173 5.112515983545904 0.7386825256327101 9 179 277
3.6329580734113556 4.821915768712911 0.7026631769677041 9 179 363
3.6348535239533346 4.774596239903565 0.6950182590859889 9 179 376
3.659211474243589 4.7319674893385795 0.6765781806605983 9 179 385
3.6681241763711183 4.683347848994795 0.6651705795306354 9 179 397
3.621979098293664 4.530322843587043 0.6671110403531559 9 179 443
3.6322960359910494 4.850363798544528 0.7032693585440057 9 180 355
3.6352071950458305 4.81023562797899 0.6960920990619515 9 180 366
3.6495304334500624 4.646029350311953 0.6654877683655707 9 180 409
3.6399806282933374 4.627799913850978 0.6677957511071839 9 180 415
3.623488400206818 4.594165349267251 0.6714765016279465 9 180 426
3.619151419141913 4.5849685279015935 0.6723945681116013 9 180 429
3.6011802180552577 3.7186813981363676 0.5588441425170516 9 180 635
3.7035773693942993 5.299571664938549 0.7267676433977166 9 181 217
3.618397399381315 4.565852312543193 0.6661832800343375 9 181 434
3.589659098158603 4.470142198299703 0.6673457165990362 9 181 463
3.7118908154738457 5.289772735606224 0.7174194783903655 9 182 220
3.636265298494501 4.78791116936782 0.6847807713200558 9 182 372
3.6350322359975857 4.614229620181295 0.6606065346105953 9 182 419
3.6147496986746326 4.53274449535398 0.6594402546691753 9 182 443
3.5877849132440085 3.753470463611031 0.5620432296133098 9 182 630
3.714099503195374 5.514397163675009 0.7448057387434763 9 183 148
3.7174769243016605 5.276787823630115 0.708973875603651 9 183 224
3.647801295722107 4.74302460553147 0.6685452890405633 9 183 383
3.6006474802563755 4.478078859771763 0.6549949949584108 9 183 459
3.6906750609264773 5.468613032255704 0.7468394999048944 9 184 163
3.6223085383817066 4.9264742944194495 0.7043627667848751 9 184 334
3.615872050116435 4.855507777192736 0.6974941951632496 9 184 355
3.643780525966639 4.806428376203024 0.6758951201829074 9 184 366
3.595359319494666 4.50718078437903 0.6541044327090276 9 185 452
3.591408369537174 4.458909528966061 0.6491904922852946 9 185 465
3.6337385916087825 3.7685608835559306 0.5272424840361689 9 185 616
3.646200724633046 4.73555252653162 0.6566519294805943 9 186 385
3.642417506686014 4.681199949312199 0.6507475047496969 9 186 400
3.6472130757054115 4.644978839982537 0.6429718073819701 9 186 409
3.6069782518108573 4.580956075833175 0.6547988411936833 9 186 431
3.590946866532045 4.478114498614049 0.6482848939841199 9 186 460
3.6169765245411423 4.927943500153511 0.6961966694989632 9 187 334
3.6177153809542517 4.829737487603376 0.6814933220745616 9 187 362
3.6623645907210687 4.694801950172387 0.6382914964628447 9 187 394
3.6020792322228155 4.5332718973281185 0.6465241041446343 9 187 444
3.619991773555183 3.764922481586348 0.5250926200948496 9 187 619
3.5876016006005957 3.759984450937578 0.5414456428805021 9 187 627
3.69161848752547 5.488882953094986 0.7350447985544137 9 188 157
3.6253719793347816 5.117134662603356 0.715704839313623 9 188 277
3.631857737300188 4.78480760322726 0.6636402891913186 9 188 373
3.636530531974186 4.768416192977287 0.6587685409738195 9 188 377
3.6957627824558634 5.447099683778816 0.7231283425158455 9 189 171
3.6332647642346267 4.673050377227508 0.6426144640763551 9 189 403
3.6122696519056143 4.622560607412922 0.6463532428585318 9 189 419
3.60022927340151 4.517781256922538 0.6373570603887007 9 189 448
3.5991825316763184 3.7687019976920215 0.5278564140770743 9 189 622
3.6152598351830827 3.6936551238577495 0.5082867710411467 9 189 634
3.7013533913832664 5.2934246740017805 0.693860291496394 9 190 220
3.62803507648237 5.107154767255224 0.7055037713307224 9 190 280
3.6149839088840157 4.844473370693528 0.673719440263628 9 190 358
3.66424863001927 4.700704075621836 0.6262262237407885 9 190 392
3.6125308301554604 4.583948797931534 0.6365984987814104 9 190 429
3.603299818242686 4.57341490677097 0.6399699897344666 9 190 433
3.5691233435154737 4.457571041334966 0.6411172813028315 9 190 468
3.621834610693505 3.7631675779914637 0.5105614090009636 9 190 618
3.701544296446328 5.274332515070723 0.6872034993033299 9 191 226
3.6118218130642297 4.9806461858838835 0.6917763852898007 9 191 319
3.6226294118211575 4.631923490242162 0.6343415943436645 9 191 415
3.6989889148967503 5.539609306116193 0.7242741140721423 9 192 141
3.6956768152663724 5.527407794141657 0.7242414948792864 9 192 145
3.6792067797421266 5.346286191695029 0.7061704338129497 9 192 204
3.6896762779029886 5.304557057469683 0.6943343447879969 9 192 217
3.638983263801318 4.669476359915465 0.6271743464987066 9 192 403
3.5881637521075973 4.519064368702393 0.6321459584716609 9 192 449
3.5857260906630675 3.7539436780513435 0.5196942580080683 9 192 627
3.688729122887426 5.488494327302405 0.7185918373310856 9 193 158
3.6807277446267266 5.47907035666022 0.7215064010938426 9 193 161
3.6839594539508926 5.33389895442006 0.6980903392476869 9 193 208
3.6614268728811386 5.204102146776191 0.6908839875541337 9 193 249
3.5586999445012513 4.481432467659717 0.6384865149414508 9 193 463
3.6190464786408216 3.7612845269399866 0.4983936204634456 9 193 618
3.692688208254757 5.406346631804516 0.7005247590046136 9 194 185
3.6868889274841536 5.378305523472037 0.6994669712388935 9 194 194
3.6389598897458733 5.165017142824945 0.6934915358995077 9 194 262
3.608257942556712 5.081958599652368 0.6976919605243633 9 194 289
3.604087840985103 4.532459861771946 0.6176007619759323 9 194 443
3.684010431360078 5.53130828190614 0.7203768916368273 9 195 144
3.695344163882903 5.456348164918372 0.7029277650847894 9 195 169
3.620965838778316 5.125654985116668 0.6936656971948939 9 195 275
3.6074380582983587 5.032469210013534 0.6870098938921394 9 195 304
3.608221194387564 4.831940521226255 0.6564117097763016 9 195 362
3.632007146347675 4.742829644307032 0.6300539656843052 9 195 384
3.5588448053290915 4.503317463339969 0.6338490832974719 9 195 457
3.6869630860219087 5.428975537066694 0.6997157613534206 9 196 178
3.688673881331196 5.3253566631930145 0.6831283739782649 9 196 211
3.6953437884565323 5.2733162265527245 0.6716214094568711 9 196 227
3.6839680501717194 5.254725455041005 0.6750314717221019 9 196 233
3.657009553543951 5.20870779456655 0.6828165280406389 9 196 248
3.6022398670682056 5.073559546038423 0.692340295262992 9 196 292
3.60535835090253 4.955140648144612 0.6727477976642338 9 196 327
3.5983272572011145 4.845964999441486 0.6600995943023313 9 196 359
3.61350385954957 4.811938925917908 0.6466637986804402 9 196 367
3.6383484909967856 4.683621959056549 0.6137000086160787 9 196 399
3.6133733144055524 4.638248481771057 0.6204982330505426 9 196 414
3.6010590576212156 3.7701392825255926 0.4960967463356476 9 196 619
3.698232864777616 5.4972935366414015 0.7002265585267283 9 197 156
3.690482764088232 5.438797343452943 0.6956089666806275 9 197 175
3.674809398610391 5.36109468132894 0.6924271577697768 9 197 200
3.63886142079124 5.178756123212293 0.6845043492859889 9 197 258
3.625181728882093 5.141670440409721 0.6863879849865929 9 197 270
3.5978752950730564 4.987839637630104 0.6780457377934068 9 197 318
3.60969439806387 4.795145761541048 0.6423368635963476 9 197 372
3.615856494023052 4.774592176787298 0.6358379860219391 9 197 377
3.598409187982913 4.607172951283235 0.6200241214936499 9 197 424
3.6039156107377344 4.577549509000869 0.6125096365699643 9 197 431
3.5769786178249667 3.716375762179351 0.49669514398167824 9 197 635
3.600490861351393 5.054298986910153 0.6829826324148625 9 198 298
3.5970880131930274 5.0384398597544156 0.6824431519991628 9 198 303
3.6534751314458385 4.7143979276006895 0.6020377709441507 9 198 389
3.6108773116998494 4.6272658908048605 0.6122444082807021 9 198 417
3.6812484003128123 5.4118360992446 0.6892392389087907 9 199 184
3.684072831219556 5.345884664585269 0.6775962368161977 9 199 205
3.687022609233863 5.320233007200409 0.6720435734806187 9 199 213
3.6629467803744356 5.2381795637847315 0.6728213639491774 9 199 239
3.6217661193611326 5.116351686814369 0.6769826095473531 9 199 278
3.6012910868868557 5.070801700835588 0.6813477744009534 9 199 293
3.596174549227561 5.028713977176393 0.677745411757294 9 199 306
3.60375538306379 4.615101887368127 0.6103322924774479 9 199 421
3.5386807743568083 4.4550486101756075 0.6218696746370849 9 199 472
3.678323269933488 5.467606641695063 0.6957349091982278 9 200 166
3.68529379743205 5.440227133358421 0.6876619493256885 9 200 175
3.6872550354252533 5.291593736517393 0.6637653713304925 9 200 222
3.6586990364475147 5.209608596480699 0.6670460689707242 9 200 248
3.641420811141518 5.179118374203246 0.671964394978688 9 200 258
3.6140293448786567 5.104739577063568 0.6757654348264133 9 200 282
3.59182487167544 5.0063593676622515 0.6730025089566694 9 200 313
3.618891964721195 4.668341363054351 0.6061008952199558 9 200 405
3.5939456504716434 4.56980931961481 0.6048375862881394 9 200 434
3.538226356574336 4.497189416108161 0.624642797179444 9 200 461
3.68404264805788 5.531902619560123 0.6987950416459605 9 201 145
3.672200187707412 5.4220268043706294 0.6884729156952681 9 201 181
3.673180206285967 5.366013567599076 0.6792977248144025 9 201 199
3.6917195594251324 5.278626224288482 0.6554974892562474 9 201 226
3.6241626326263354 5.162249345622187 0.6752430247248608 9 201 264
3.627682010147577 5.135465289674465 0.6691544366244787 9 201 272
3.611210925100977 4.826353962057273 0.6307217802022389 9 201 363
3.5748096420651487 4.510070499852041 0.6022983369002852 9 201 452
3.5235618837276936 4.443837912919643 0.6206736657399001 9 201 477
3.5626607287908483 3.729952782230347 0.48889819264979306 9 201 634
3.681339755749193 5.502223979270675 0.6920812960215696 9 202 155
3.6806615293316023 5.493108055993387 0.6910512398686599 9 202 158
3.680961234818195 5.480976970723399 0.6890073772291081 9 202 162
3.6736326032439317 5.397730458736368 0.6802364082721712 9 202 189
3.677995576177789 5.3410108199444775 0.6690220509016941 9 202 207
3.602842903198709 5.103859476699627 0.6744222921264925 9 202 283
3.6404722913891265 4.72631994892695 0.5949684696975539 9 202 387
3.6163783341085844 4.657412291471436 0.5978013714387398 9 202 408
3.5868847381696813 4.591773859862158 0.6041629436258886 9 202 429
3.5781505629962203 3.7456481067252225 0.4781999509510302 9 202 627
3.562867018501873 3.7522109435047613 0.4877716616739045 9 202 629
3.6810537730720716 5.517863793845486 0.6910129029291108 9 203 150
3.6722417574097355 5.376334858233219 0.6739932410564137 9 203 196
3.611333537413559 5.0924631395134545 0.6641572666522642 9 203 286
3.589221028407928 5.060577908537698 0.6716362483599929 9 203 297
3.593910064323693 4.975395761940623 0.655775773492689 9 203 322
3.596853632431227 4.8738682725910945 0.6383587448393688 9 203 351
3.5878708730859845 4.536713537816781 0.5910635165065681 9 203 443
3.523839227071682 4.492517641956914 0.6201936445511422 9 203 464
3.520388930957177 4.483112215768409 0.6206728059062008 9 203 467
3.6851122663462816 5.466952428500259 0.6771322763862879 9 204 167
3.6753554648090727 5.457419874617808 0.6811525172026263 9 204 170
3.67416449327226 5.426621702023309 0.6770244573104457 9 204 180
3.660234269823281 5.243250618566637 0.6563056738467997 9 204 238
3.5906596264767674 4.858191006807074 0.6355533796465455 9 204 356
3.6063086674717004 4.78048609563947 0.614611343058219 9 204 376
3.6164610463132063 4.761764101809139 0.6059641644754106 9 204 380
3.609067953776174 4.648693768337959 0.5925132944804505 9 204 411
3.60175326644265 4.598637801711868 0.5888394895396611 9 204 425
3.5813814561150563 4.520288575460501 0.5881243549000392 9 204 448
3.5173969698728964 4.449641368466947 0.6132211937600045 9 204 476
3.6763108243719875 5.533710823901763 0.6888605858807682 9 205 145
3.688982146517361 5.273711367244001 0.6410008564337797 9 205 228
3.678498118056403 5.261470151895156 0.6450253166805868 9 205 232
3.624911260908622 5.166286697904348 0.660492366803977 9 205 263
3.5858497935391753 4.939946622747798 0.6472086081977537 9 205 333
3.5992220196227285 4.840815524259715 0.6241219929113779 9 205 360
3.629170685198776 4.703821834083777 0.5857197562056213 9 205 394
3.5849238964607224 4.560605325342659 0.5883796684428886 9 205 437
3.6082406650389567 3.7825232648081446 0.4534270846873407 9 205 612
3.6757668964371533 5.525276341335143 0.6841935769734655 9 206 148
3.6784137318819456 5.492205938425375 0.6774936248330423 9 206 159
3.674294636865859 5.427622608857277 0.6696922804730893 9 206 180
3.6752495783493377 5.358673820959601 0.658319162232279 9 206 202
3.6428981530939213 5.213142634933105 0.6538615174396014 9 206 248
3.613749161564153 5.148580807094556 0.6603004015815084 9 206 269
3.611199831806166 5.132601502521836 0.6592405365280886 9 206 274
3.6085982329755257 4.65198533263311 0.5852287620617778 9 206 410
3.8189556100591515 3.460449064629122 0.2784212873995948 9 206 631
3.8112431012149273 3.4517997306215538 0.2814495431113553 9 206 634
3.6756566328408993 5.307893999923556 0.6463156562368264 9 207 218
3.605177867629487 5.1074799638473625 0.6549601002381967 9 207 282
3.5940762338274492 5.066582426668799 0.6548507658659202 9 207 295
3.5915567996412805 4.9520138941477665 0.63822411437102 9 207 329
3.635159456794387 4.7309763067665145 0.5784717994167685 9 207 386
3.6628234735848544 5.42538265693647 0.6684658395731922 9 208 181
3.6693684751905513 5.327892236703531 0.6492817185062291 9 208 212
3.6196104375617466 5.1873124631607785 0.65555468616022 9 208 257
3.5872776657236485 5.074774068568178 0.6562767057258119 9 208 293
3.603043831383414 4.817348949137332 0.6064898223711457 9 208 366
3.6277390640885927 4.711132809515732 0.575519201010102 9 208 392
3.594334023480628 4.604503519286695 0.5777913023406349 9 208 424
3.559824971028529 4.506953858331098 0.5821335521907391 9 208 454
3.614079527238548 3.7767362959316877 0.4354424995010042 9 208 611
3.815757422012095 3.4712995976841556 0.27147502052345485 9 208 629
3.666024591515037 5.450574588739281 0.6669143793335643 9 209 173
3.667425770119249 5.350685812032075 0.6502352259599972 9 209 205
3.6685885776869496 5.312292742418516 0.6434651735319993 9 209 217
3.6844386171962267 5.275481356388176 0.6284933539672699 9 209 228
3.6130383734289806 4.6907315333472095 0.5766680786659177 9 209 399
3.5766784103976823 4.543653187179912 0.5742233997773762 9 209 442
3.591064463322072 3.769378099994573 0.4429082945116227 9 209 617
3.641005443098204 5.230788263579362 0.6425984061164746 9 210 243
3.6203947119902367 5.194209326650218 0.6486723198877355 9 210 255
3.5999381391494754 5.141802697515081 0.6521323723436471 9 210 272
3.5868972687777063 4.942921890409982 0.6279424850379807 9 210 332
3.6417578925409764 4.71217994423852 0.5594367097581705 9 210 390
3.513109872104273 4.467789241085821 0.5947850341088343 9 210 471
3.505779739856094 4.43750633991543 0.5941897424957878 9 210 480
3.607704263666972 3.770227232720088 0.428855269482582 9 210 613
3.6755383480113535 5.522202956859357 0.665432682960017 9 211 150
3.672124658588921 5.512902770253698 0.6659235868650082 9 211 153
3.6015877614180227 5.128584484810898 0.6452979455811387 9 211 276
3.5990843426456256 4.850777507916956 0.6022643559302283 9 211 357
3.6039993784864084 4.816477266836521 0.5939207591128493 9 211 366
3.608225299050165 4.684651416609107 0.5703599413254634 9 211 401
3.554187228977163 4.508507305714525 0.5734992253789657 9 211 454
3.566473084563862 3.7480136789788707 0.44459341831266697 9 211 626
3.669229226975925 5.3487185949025635 0.6375128373064035 9 212 206
3.584418482418285 4.862881521206014 0.6088037388293244 9 212 355
3.671840521125288 5.492769256248673 0.6554232417208486 9 213 160
3.6056972567159864 5.124918109046916 0.6347327469132252 9 213 277
3.5995507385457084 4.788544923173308 0.5840471042366444 9 213 374
3.606565847430838 4.778439715957253 0.5783153837234736 9 213 376
3.5654531723103853 4.512603391920701 0.5594534469910144 9 213 451
3.5060563944850474 4.470263376341193 0.587345090063256 9 213 471
3.665358546714197 5.54427420312865 0.6638371854618063 9 214 143
3.665037011058888 5.29826627420342 0.6241765199469794 9 214 222
3.6265649486898397 4.706062308501004 0.5508276914763162 9 214 393
3.6069048637090932 4.672808174982564 0.5569793194970301 9 214 404
3.5747364514818454 4.5771524070855785 0.5603638630415737 9 214 433
3.6014583263651367 4.6635039853689735 0.5545734665007878 9 215 407
3.589933067529537 4.653651950555559 0.5597618534344067 9 215 411
3.563768742206993 4.567046562912701 0.5610947548902967 9 215 437
3.5451417012271507 4.5114690866467635 0.5630321650671366 9 215 454
3.5959251758941733 3.759494353753974 0.4108375743702075 9 215 616
3.5817636909504404 3.7594944888242283 0.41918115975328396 9 215 619
3.671395563048276 5.5279157156473016 0.6501980783564235 9 216 149
3.5703412023494137 4.9406833647188 0.6141164262224376 9 216 334
3.633083019873723 4.725622470273783 0.5419034407432128 9 216 387
3.634253929387221 4.713651077466086 0.5392568489489673 9 216 390
3.4963185978330675 4.505144158660386 0.5868067505211794 9 216 463
3.663087311427591 5.497617246218231 0.6464309673301853 9 217 159
3.655339302704343 5.312920205675393 0.6207689823707854 9 217 218
3.5754331962554495 4.868904799804267 0.5954624055389237 9 217 354
3.604557839022685 4.800524284335221 0.5669653269897157 9 217 370
3.6032194938950095 4.782581256122323 0.5648200328868374 9 217 375
3.582080585825745 4.629883757436292 0.5523520990065984 9 217 418
3.4906548917505438 4.485017793072215 0.5829007160373747 9 217 469
3.66312396607833 5.286858141934213 0.6080006830940798 9 218 226
3.617087813187009 4.701327163361161 0.5391366096162455 9 218 395
3.557978166188533 4.564809922292983 0.5519159672048248 9 218 438
3.484364556091837 4.469096713125361 0.5800517215679062 9 218 474
3.4980486500637484 4.513776402274182 0.5752558864940878 9 219 460
3.650825218596567 5.4956074768170575 0.6422053372422303 9 220 160
3.5908624637021056 5.132056780387995 0.6179734342636375 9 220 276
3.5890790832549557 5.112518699602202 0.6158066852070093 9 220 282
3.5887743157833625 4.874722133526135 0.5765805048924466 9 220 351
3.580299255022685 4.859711187140159 0.5791835521409652 9 220 356
3.588303576624681 4.824356454882088 0.5685163273237199 9 220 365
3.5551388794830627 4.549801294884462 0.5429364237425127 9 220 442
3.6631830932690588 5.509068492628053 0.6332502333109392 9 221 156
3.5965312152750712 4.810152025953874 0.5571721851608187 9 221 368
3.6085883880210092 4.6926493581148945 0.5303545933177467 9 221 398
3.571511342207688 4.594921562674932 0.5364541970640855 9 221 428
3.6577321796049236 5.301747041618665 0.5981585357913601 9 222 222
3.671453362531496 5.281131531140875 0.5864104226175375 9 222 228
3.606378442275001 4.750277570958282 0.5371561358475971 9 222 383
3.581752838781279 4.643384932586499 0.5342128056617967 9 222 414
3.550129816453306 4.5398276352694875 0.5360620620982215 9 222 445
3.5493275663849433 4.5206983387449915 0.5333533560622294 9 222 450
3.4678484497757096 4.492250530475578 0.5779233917159563 9 222 470
3.6507784355809187 5.321965086345171 0.6018744017670874 9 223 216
3.587567753030275 4.885549178771528 0.5671328969317913 9 223 348
3.591701510931788 4.684300629154562 0.530888311372707 9 223 402
3.5618873144522523 4.587391323985411 0.5327609439132901 9 223 431
3.5559093605342755 4.575062079133457 0.5343267954545787 9 223 435
3.575051253997865 4.6304624493108655 0.5278419671976222 9 224 418
3.6618291271818713 5.550786717632478 0.6259869181361559 9 225 143
3.667369387373218 5.542184427296506 0.6211417615549891 9 225 146
3.5603712570508645 4.967490541670758 0.5896006582186888 9 225 327
3.5673767602308417 4.948167748868649 0.5820477861971023 9 225 332
3.601499798527096 4.751515172190916 0.5279422271808816 9 225 383
3.613580802931489 4.712207102889614 0.5139063598359168 9 225 392
3.578241734441261 4.640045119070507 0.5233577628362893 9 225 415
3.568534864539285 4.594614930277975 0.5216289032213299 9 225 428
3.5474972865930283 4.5396792269463075 0.5252326151527453 9 225 445
3.4647815452171056 4.496072446441346 0.5685157923762987 9 225 469
3.6442704586510892 5.486481170200554 0.6221017371857195 9 226 164
3.6057737317393235 4.790840600695704 0.5278381976998439 9 226 372
3.5488524553145187 4.56182764877833 0.5240025495433411 9 226 439
3.652221998476093 5.297466794204397 0.581248237840754 9 227 224
3.586138389992806 5.144073358940198 0.595920750755297 9 227 273
3.601784015481323 4.7546599096906235 0.5200053743927029 9 227 382
3.467476009209886 4.523607955952451 0.5635582087503301 9 227 461
3.6630699412222043 5.543689606083008 0.6126505264689045 9 228 146
3.575040210710342 5.123020499234655 0.5953230386217365 9 228 280
3.6044997336601448 4.7721607423890635 0.517151178488553 9 228 377
3.61720297209029 4.709734102727622 0.4986210478186801 9 228 392
3.6031802192522298 4.69662552996166 0.5050672081850625 9 228 397
3.4585208866391666 4.5170854667010305 0.5639977994564955 9 228 464
3.556351605864461 4.961667682732349 0.5754081454858047 9 229 329
3.5759095289837153 4.863651899160603 0.5464450807041787 9 229 355
3.5739186189075083 4.84989967091466 0.5453252068987695 9 229 359
3.5800811290124317 4.814844065940489 0.535484025907202 9 229 368
3.536404805418906 4.532010097161104 0.514149803116086 9 229 448
3.650246858676414 5.516572303916208 0.6083576512775932 9 230 155
3.5631591213979377 4.945751530095421 0.5644806443704331 9 230 333
3.5941683182973674 4.790759455465864 0.5184574446001631 9 230 373
3.5962479538832053 4.69906335733074 0.5013805469669643 9 230 397
3.586800975293349 4.6802864660864545 0.5040450908314391 9 230 403
3.5689035581348962 4.665635266423649 0.5126933285198023 9 230 409
3.6515133626673766 5.4896700302801245 0.5991027386110335 9 231 164
3.640011133158639 5.319241529053923 0.5768713665615672 9 231 218
3.542220627405034 4.523600472596155 0.5007066049618929 9 231 449
3.5905677692060145 4.693263960850532 0.4955115060095687 9 232 399
3.545399064256817 4.568435931380276 0.5022735504634279 9 232 437
3.526293229489733 4.520435224309171 0.5059659985226725 9 232 452
3.234411473300068 4.049527795257779 0.6078683828470324 9 232 632
3.565782513042047 4.8810083835885 0.5396037279402002 9 233 351
3.579998919646399 4.674667887541595 0.49472403313807334 9 233 405
3.559689839788561 4.638178869928359 0.5011936444781129 9 233 417
3.6407067201671 5.333356143347169 0.5670886899250491 9 234 214
3.6372096376898897 5.314092696618568 0.5659398214794737 9 234 220
3.654077763755728 5.290095821584156 0.551060944045793 9 234 227
3.5525271454475984 4.606534873478601 0.4960104610202962 9 234 426
3.530689211689677 4.53246575232195 0.49690975128826365 9 234 448
3.644041449679288 5.534327690529605 0.5962539537186762 9 235 150
3.58581104532211 4.800400119450723 0.5046216408930564 9 235 371
3.607180742684786 4.738914591368372 0.48025169931763356 9 235 385
3.5828401393017817 4.703417397546165 0.4895088996258783 9 235 397
3.569852119605595 4.655570564559907 0.4893809871937156 9 235 411
3.5623247313437636 4.643773506218573 0.49210013561988286 9 235 415
3.543061810631028 4.575996780806708 0.49246902795985714 9 235 435
3.6435314832169916 5.507461415572024 0.5880191479784416 9 236 159
3.639580978659181 5.31148452436753 0.5560565076689357 9 236 221
3.566135980258263 4.891323763648627 0.5290100418922274 9 236 348
3.5794954554113056 4.810041164197169 0.5061788905819875 9 236 369
3.574557441449544 4.664535090460135 0.4837276290080299 9 236 408
3.573351860430148 5.138174219852618 0.5639095732478328 9 237 276
3.570444294891182 4.857233263513191 0.5161543550340528 9 237 357
3.6150613339961444 4.719577489349363 0.46325229834555715 9 237 389
3.5806315446982926 4.669040776619241 0.4763889122069549 9 237 406
3.568674266308144 4.835814184040816 0.5093796379554765 9 238 363
3.587553135116117 4.787870242314243 0.4887378686944517 9 238 374
3.591645185524267 4.679101599660892 0.4668245956379382 9 238 402
3.5449316206776254 4.608627776625316 0.48437774661560273 9 238 426
3.533605382732097 4.579604531302444 0.48651781783289905 9 238 435
3.49626456401022 4.55000963985445 0.5052890179399272 9 238 448
3.6562335387878777 5.562202247802158 0.5779568774074058 9 239 142
3.564154399274517 5.150039343345444 0.5640703457875138 9 239 273
3.57011340482038 4.889704545215772 0.5139032847410783 9 239 348
3.5832348079318903 4.766766843572639 0.4835583781357411 9 239 380
3.57798001501743 4.661771027673582 0.46826962728228727 9 239 408
3.642253122440917 5.5524412812476776 0.5813934961698883 9 240 145
3.563208813565793 4.8810803893430394 0.5127241834284675 9 240 351
3.5635495703679494 4.866495395402288 0.5098987569569178 9 240 355
3.576698063697874 4.642479454895046 0.46137309789125225 9 240 413
3.637412421951057 5.516145772866442 0.5741749818243391 9 241 157
3.633290960322209 5.330086910209308 0.5435066759750251 9 241 216
3.5744244234471676 4.844256193700385 0.49471663232389274 9 241 360
3.5472869751180864 4.617709168501834 0.47176213498293373 9 241 423
3.5728100504273534 4.852026605895386 0.49299539434740147 9 242 358
3.563254020600456 4.62086177922206 0.45764791266143656 9 242 420
3.5255581836899434 4.60525924487858 0.4794521784256749 9 242 429
3.493247146012466 4.584208534271215 0.4967606479621387 9 242 439
3.551185684645415 4.962857122627423 0.5230042481275552 9 243 329
3.571320695141443 4.819202622194637 0.4838708136247778 9 243 367
3.6270466397890484 5.508064377636881 0.5678529236222183 9 244 160
3.5922537003297257 4.761850989291587 0.45550644582564526 9 244 380
3.5793518451982056 4.667023124443079 0.44680774171979576 9 244 406
3.6285523743303423 5.318910455102121 0.5285635302270668 9 245 220
3.567307169590807 4.879117895501349 0.48900512126676365 9 245 351
3.5610450783546312 4.63243039882107 0.4482696580603298 9 245 417
3.644017241892282 5.5685949125940635 0.5598675809138258 9 246 141
3.621931241287408 5.4966690954071655 0.5613728900959116 9 246 164
3.636482399532665 5.289168646883284 0.5138498978126051 9 246 229
3.556590088446776 5.1427066696082475 0.5400548172631094 9 246 276
3.5490232006587803 5.127414487501908 0.5422775062814502 9 246 281
3.570150944720656 4.8560577383131704 0.4787390770439144 9 246 357
3.573296078085316 4.81416475722574 0.4690070914070572 9 246 368
3.5993109589877172 4.7275416680418205 0.4359542459996477 9 246 388
3.4764775240880614 4.599055842173886 0.4938966728946166 9 246 437
3.590385477954254 4.696061444650123 0.4317613594713694 9 247 397
3.5725894172622548 4.680776716021313 0.44079756706044737 9 247 403
3.5711113268402803 4.6501946501245115 0.43617734273496467 9 247 411
3.6236136870214253 5.50406970127264 0.5537942296899556 9 248 162
3.578179520082922 4.796880511793366 0.4540789858673311 9 248 372
3.6337145602490892 5.551308344348551 0.5518232528419786 9 249 147
3.6346779526556325 5.53918330205521 0.5489398685622644 9 249 151
3.6336888730615042 5.3004336657331335 0.5055380785073711 9 249 226
3.5589259080152456 4.8996230028744625 0.48165934971323954 9 249 346
3.5694703810629695 4.86323350357115 0.46787763082406997 9 249 355
3.5980324057873005 4.7427524747151075 0.42650263936672483 9 249 384
3.631398218271344 5.496436307938112 0.5392930475352562 9 250 165
3.550227296782774 4.959449583219473 0.4944148746714443 9 250 330
3.571692576635267 4.847531759825683 0.45924719477553233 9 250 359
3.583712002193576 4.779092633904235 0.4384861400964366 9 250 376
3.5820506870864435 4.726007193526836 0.4297700976750909 9 250 390
3.6115693891085643 5.4897603642535 0.5474727130011134 9 251 167
3.552327818184417 5.127661234014514 0.520144567815092 9 251 281
3.573719391143303 4.706090599463676 0.42733013974498646 9 251 396
3.5332309083032993 4.647627390641701 0.4437922055220975 9 251 416
3.5131645596427417 4.626869298008795 0.4534784707979125 9 251 424
3.4998369448566775 4.6184269462513186 0.4609055060708347 9 251 428
3.626146440222252 5.331687699356608 0.5041734202778898 9 252 217
3.570465006363608 4.873546709483913 0.45641588853723625 9 252 352
3.5756535767796715 4.845806014520704 0.44772448797909536 9 252 359
3.5768706059993747 4.800311805124629 0.4384113256541897 9 252 371
3.486507781095943 4.617356769860544 0.465497110532177 9 252 430
3.56201510030616 4.909137420670364 0.46457381721129365 9 253 343
3.6294026753282527 5.544939891088514 0.5338572770106103 9 254 150
3.5555017456048486 4.705538657398749 0.42653658541094264 9 254 398
3.6320137407795405 5.53657734410661 0.5265272016727183 9 255 153
3.624461682707463 5.303328731377455 0.48770441048419055 9 255 226
3.5586696154465316 4.967579572722646 0.46944348463752195 9 255 327
3.5623582168725894 4.778852968747059 0.4313184517921482 9 255 378
3.566704801963298 4.738840117410691 0.42079357324520417 9 255 388
3.5530783174828393 5.128380297495093 0.4995385745010261 9 256 281
3.5663707580325337 4.863356713917787 0.4402290621147158 9 256 355
3.558862510326666 4.813934429834783 0.4360353547125375 9 256 369
3.5283178127961783 4.6827577870016945 0.43220353096524966 9 256 407
3.468327260445262 4.632743154562396 0.4639812844283737 9 256 428
3.6259551551668388 5.518839452223229 0.5193569257090427 9 257 159
3.4990249493499888 4.650676191143344 0.4420042056136375 9 257 419
3.622326903637553 5.565157046197539 0.5266997289997271 9 258 144
3.566649747685773 4.907237689252477 0.43981202942724407 9 258 343
3.552931076014005 4.766757532573203 0.422527298891352 9 258 382
3.558640011412229 5.151572608403953 0.487854792029363 9 259 274
3.551968230594502 4.860589258513969 0.436809259999164 9 259 357
3.5496872405076774 4.824307246162638 0.4314518069987894 9 259 367
3.5259610990401296 4.690435751120752 0.42232625688166214 9 259 405
3.6274399076989248 5.576128115100539 0.5172896947006924 9 260 141
3.530429007710608 4.745361380313717 0.42542003805065076 9 260 390
3.627460879384018 5.512050413677632 0.5009299056974805 9 261 162
3.6092725313863774 5.3492458172290505 0.4822861300435408 9 261 213
3.6141111088302003 5.33925799064715 0.4769731151855854 9 261 216
3.553070043652995 5.136019743554591 0.48054136862055596 9 261 279
3.5435964044624635 4.807538903756308 0.4238629435189505 9 261 372
3.5235279471112015 4.736698402991145 0.42426088972149456 9 261 393
3.622296560153322 5.5463324834675385 0.5071417316789015 9 262 151
3.5309710724381604 4.885801033543753 0.4435514071213009 9 262 352
3.5318035360652322 4.856130600092895 0.4329581853379232 9 263 360
3.4708433563626206 4.662387701625021 0.43834267328773135 9 263 419
3.630777275287644 5.5791623679906 0.49948206574907883 9 264 141
3.602356796041873 5.3081856126820375 0.46680747306404013 9 264 226
3.540755356728302 4.979636550921683 0.44640404628270125 9 264 325
3.5284475853402477 4.752621276867371 0.4108885632787471 9 264 388
3.51338499308502 4.740241516134008 0.4191389470399436 9 264 393
3.6127558954965577 5.535117585216168 0.4996337032446392 9 265 155
3.6101926144761984 5.525674661525961 0.49960845878726245 9 265 158
3.6166711086295438 5.334254458010613 0.4575795365757258 9 265 218
3.6160831001205143 5.5205331064634935 0.4903658492436147 9 266 160
3.6170606879748393 5.321394608763268 0.450594191580038 9 266 222
3.547251294870243 5.1379460987995795 0.4643726288366241 9 266 279
3.555469222449541 5.115999164659171 0.45420681823413434 9 266 285
3.5058286181830174 4.897381295991016 0.44248962392534263 9 267 351
3.505575978926081 4.795202828765612 0.42254954442791814 9 267 379
3.484951204558315 4.740699507934221 0.42657559005484136 9 267 396
3.4689413371210582 4.703197137695477 0.43064708556430964 9 267 408
3.4985760120696776 4.856471529864563 0.43538910765404837 9 268 363
3.6126743859683073 5.336118540339521 0.44403225857166273 9 269 218
3.4936181692247072 4.836310732619112 0.4307194467346085 9 269 369
3.4483600758717277 4.67876534363521 0.4320947079036028 9 269 417
3.611480140834201 5.507076777262457 0.4747088725577808 9 270 165
3.560595923149784 5.163715900334361 0.44317742074787025 9 270 271
3.510847410839893 4.97738954474815 0.4420790792922473 9 270 328
3.4817244835603285 4.83341862815672 0.4344909596162565 9 270 371
3.61755202306332 5.554783877993378 0.4757304440903265 9 271 150
3.482914245609611 4.872537293007629 0.43720299139269114 9 271 360
3.4769256827371935 4.816889410392669 0.4304355268199811 9 271 376
3.4529053218483368 4.713133787314451 0.42714966373080854 9 271 407
3.5029630272532106 4.976069718190554 0.43491264203205837 9 273 329
3.4699400007902303 4.775221953609337 0.4186570527755693 9 273 388
3.464068829466494 4.744455250684626 0.4167611006304539 9 273 397
3.6095477097885516 5.524991064199118 0.46328609755739647 9 274 160
3.4393530317986345 4.718517453516589 0.4253763521954319 9 274 407
3.592009703690169 5.34282643229767 0.435176937863464 9 275 217
3.5917377806050554 5.329670485115204 0.43271201386005353 9 275 221
3.4588707661282116 4.779429022735703 0.41909246416981505 9 275 388
3.602656607859351 5.528823764524542 0.4609054214764621 9 276 159
3.454347008513855 4.927836601154204 0.4483392635012231 9 276 347
3.460326457316995 4.804194192530217 0.4187834251223739 9 276 381
3.356524159837278 4.591743427029314 0.4523116558592897 9 276 453
3.6049913084065275 5.517148552652608 0.4526710837604162 9 277 163
3.467976997444519 4.954808092623736 0.4395722073588202 9 277 338
3.4469888630592287 4.898707050658176 0.443694262103987 9 277 356
3.393571926847094 4.695861186737573 0.44193140876499837 9 277 419
3.604203443175649 5.536420381890686 0.45305788886348175 9 278 157
3.5758088286967125 5.334940436954707 0.43294406607418234 9 278 220
3.451117620524643 4.939163285421365 0.4447322644381517 9 278 344
3.409056723696811 4.720638926434233 0.43130180899283177 9 278 410
3.3817844588609955 4.668608469547666 0.44095034450584003 9 278 428
3.093228777846161 4.132358513147557 0.545956976495299 9 278 635
3.519172612706228 5.178789710585839 0.43896196227373796 9 279 269
3.5131618096780493 5.159670222944857 0.4395240357691246 9 279 275
3.496387432766194 5.119040502495509 0.44370750721230223 9 279 288
3.488595548503451 5.063122401342239 0.4380395533927708 9 279 305
3.457578244812605 4.982117842657784 0.44456776280958166 9 279 331
3.3566988301160148 4.619557230737842 0.44543799101229387 9 279 445
3.615091794447678 5.5573501548405275 0.4409210344026422 9 280 151
3.4452268804575708 4.916481367077426 0.4361348012672921 9 280 351
3.432409950912067 4.896444557697147 0.44161251935728885 9 280 358
3.4430923428321907 4.976021634398519 0.4458753335289716 9 281 334
3.4219681186173845 4.8650223876420995 0.43880230937162246 9 281 368
3.413749174212861 4.768386243731212 0.4249914748151853 9 281 396
3.364083132825425 4.6547951266696135 0.4388563458041297 9 281 434
3.564557952690301 5.337105053057296 0.42498904508440605 9 282 220
3.585077154446422 5.510081357737588 0.4412632601013933 9 283 166
3.470014941659278 5.131334527903633 0.44953405018843307 9 283 286
3.432104997239737 4.934508697689064 0.437249016756988 9 283 347
3.4099491850717856 4.819790604865774 0.43013453378863753 9 283 382
3.4878975817442077 5.168102832851408 0.4394981198254886 9 284 274
3.466021470778803 5.075492043995246 0.43676920950570275 9 284 303
3.42771605950215 4.997486867336934 0.4495874366779735 9 284 329
3.4298254531162193 4.9661902986951025 0.44143958549316076 9 284 338
3.5724086478552115 5.510443367830511 0.44267978159097066 9 285 166
3.5416714527380444 5.310166912538749 0.42411347849884606 9 285 229
3.4344909620709414 5.029378724261777 0.4469894661739533 9 285 319
3.4178717574701403 4.932137232909431 0.43926847892926624 9 285 349
3.396567751197809 4.901678753190316 0.44913513408507466 9 285 360
3.392247252485054 4.861750485430596 0.4440543499147218 9 285 372
3.394364565260171 4.761497154968105 0.4214031878502771 9 285 400
3.323803211868842 4.624615464784455 0.44652916592023106 9 285 448
3.5902332056527118 5.565087795711979 0.43639059916865097 9 286 149
3.56235859747947 5.435420113275801 0.4304353060930659 9 286 190
3.446270230233734 5.106686463794779 0.45012162654699983 9 286 295
3.4404132584449183 5.058129647683239 0.44438309878306304 9 286 310
3.4193018230621997 5.013332474006589 0.45111841336487735 9 286 325
3.409486690839051 4.96218542712297 0.44786574894756104 9 286 341
3.359183205069003 4.734902304331271 0.4385334898158837 9 286 412
3.5790698166596386 5.536940016245799 0.43485985357121515 9 287 158
3.4432692465432124 5.08756104500933 0.44427706898427477 9 287 301
3.35968543819652 4.701798867608873 0.42700567359540975 9 287 421
3.5658053153580447 5.468143219520188 0.4263396517948457 9 288 180
3.5376121198372887 5.379233586870835 0.4292322182879966 9 288 208
3.4688171484109533 5.191586490656397 0.4425036751441547 9 288 268
3.4335644430227665 5.109564419834856 0.4523012457445885 9 288 295
3.4097824279634943 5.015972692380094 0.45079895302986683 9 288 325
3.393990161031886 4.93985286023113 0.44683912034519135 9 288 349
3.531421298041299 5.408223729945989 0.43601439060750313 9 289 199
3.5192168614482435 5.3483302039426315 0.43271685485371036 9 289 218
3.5131114664046095 5.319865144358048 0.43138580488489464 9 289 227
3.488338204175841 5.2315888704886575 0.4317772481988118 9 289 255
3.3926834223400304 4.980751251561287 0.4524411530780317 9 289 337
3.376954549144419 4.800353711910327 0.4262320254984664 9 289 391
3.312539819775427 4.661615152424828 0.4465680994539165 9 289 439
3.560709322441263 5.570787178212084 0.44382557784204124 9 290 147
3.546258946554772 5.508604165170858 0.4417725759008331 9 290 167
3.53537258161868 5.4834145028601435 0.44484981546669 9 290 175
3.5443131598809945 5.474589113615993 0.43602135032345823 9 290 178
3.523829076283873 5.396144621660194 0.43518276773324827 9 290 203
3.502454425875757 5.272657582849649 0.4254188980279672 9 290 242
3.457536375178641 5.193688989950071 0.44344632492373814 9 290 268
3.4013055175635927 5.028300746092938 0.4518090520413771 9 290 322
3.369914359751677 4.879845420500303 0.44449406754636067 9 290 369
3.322351226343446 4.698660749264216 0.44275187595834087 9 290 427
3.501627228744628 5.321284730597299 0.43230084263750346 9 291 227
3.4165965692924276 5.100395935167769 0.45125116636454976 9 291 299
3.3451084480659814 4.7506404358600225 0.43203598008647237 9 291 409
3.0845092091870616 4.127271067197869 0.5015989822184181 9 291 634
3.5495785638074606 5.53759494375854 0.43714694882310146 9 292 158
3.4711848415342983 5.227969462025196 0.43189667471008586 9 292 257
3.4447391047773985 5.196008171147869 0.4457104802213485 9 292 268
3.4267438136653716 5.150543828559938 0.45001139146581504 9 292 283
3.414613702472937 5.123710991277651 0.4537303755117992 9 292 292
3.4056568940379215 5.066910233415898 0.448524260031131 9 292 310
3.389499280444692 5.0282157488495365 0.45284326963134824 9 292 323
3.3537581415925253 4.854890116162965 0.44353492146564455 9 292 378
3.5385704474340542 5.509874802605592 0.43567321710565565 9 293 167
3.5208329932526228 5.447503080246549 0.4361396428680755 9 293 187
3.495389616601508 5.303250107973367 0.4249893791021675 9 293 233
3.4353814940951177 5.165397174773294 0.44235085200903757 9 293 278
3.3600730305756215 4.947404028768719 0.45443235367326884 9 293 350
3.3615200971691594 4.813057435302408 0.4243121553657909 9 293 389
3.511445380062784 5.416830035999846 0.4327613006590323 9 294 197
3.5104770849928832 5.404358360951288 0.4308240045425591 9 294 201
3.50280212186521 5.373116104123286 0.4301058055586322 9 294 211
3.4115915403423447 5.143957493550857 0.4523404839246363 9 294 286
3.397436696973521 5.059162265408053 0.4451326527197217 9 294 313
3.3755698655680257 5.0320335589600935 0.45648377997381084 9 294 323
3.3646289978112223 4.9857920204555715 0.4550908811932439 9 294 338
3.3486790121766754 4.921097289539027 0.4536486501460406 9 294 359
3.342665325758853 4.893007095745541 0.45230427668061157 9 294 368
3.339660031453636 4.78398645578868 0.4310694737089267 9 294 400
3.3323128824470283 4.762856393063977 0.4322822630687846 9 294 407
3.499438704495181 5.4387694004844125 0.44287836163778405 9 295 190
3.505009780133827 5.429648212421525 0.4364931863236736 9 295 193
3.473221581688228 5.324400708064588 0.438756106545408 9 295 227
3.4794209627588204 5.273127264960979 0.4227170560660303 9 295 243
3.3949133900730892 5.089279879285583 0.4495769797887279 9 295 304
3.309984907126389 4.734907811392431 0.43972453402925793 9 295 418
3.5361783280770642 5.5661192603673655 0.4373967354854671 9 296 149
3.528589518605085 5.532241245745668 0.4360311587549386 9 296 160
3.525228256508798 5.519858623151456 0.43599805538583913 9 296 164
3.431896824089007 5.211562051535749 0.4428239886106313 9 296 264
3.3939085513240244 5.121949069100345 0.453422103041359 9 296 294
3.307291599805372 4.728840176029714 0.43643338433573886 9 296 420
3.468934782511549 5.277912656527853 0.4237614287207019 9 297 242
3.4421197192684456 5.2264411148999566 0.43384696475439677 9 297 259
3.3997159051955723 5.1530264432769535 0.45154115453051014 9 297 284
3.334793247510582 4.925684607991094 0.4534891315848071 9 297 359
3.524443305818432 5.557214369541445 0.4365721833490781 9 298 152
3.475703740500994 5.436728744887679 0.449057617224462 9 298 191
3.4814844048240747 5.375330294746122 0.43096290934664294 9 298 211
3.4731847897084807 5.265014707448376 0.413377835094604 9 298 246
3.418957594398157 5.201100412264641 0.4426643337321474 9 298 268
3.3605649130239685 5.00665981350313 0.446627144127157 9 298 332
3.3474091650003994 4.961148576649209 0.4471458829948971 9 298 347
3.524309064334325 5.54582217204157 0.430059184288929 9 299 156
3.5183930000299433 5.518128628857926 0.4287015455658336 9 299 165
3.5083947711455066 5.49014497182613 0.4305521783952051 9 299 174
3.4579779453459736 5.298514157770863 0.42875627419599494 9 299 236
3.4146941139197478 5.189203961504134 0.43937479222407805 9 299 272
3.38874787845136 5.158512699570835 0.4534126116344015 9 299 283
3.464034990996235 5.407194693952266 0.4437726523818213 9 300 201
3.303019012448533 4.760997459083712 0.43046675462733774 9 300 411
3.4539270359868564 5.364915288704932 0.43847795148054236 9 301 215
3.4513890364414332 5.258471263634003 0.41691911000007464 9 301 249
3.4945381765075565 5.530080366722128 0.4382491013546872 9 302 161
3.429732668168809 5.332481518988515 0.44676631555514246 9 302 226
3.391022756780881 5.184000258901538 0.4450771708175021 9 302 275
3.2862057258518265 4.853695217996065 0.45647022475446875 9 302 386
3.2936807749020676 4.79601467339419 0.4375788688825235 9 302 402
3.4517380921552077 5.405551757826673 0.44113957972865525 9 303 202
3.3199831761507173 5.00235280470333 0.4581928071452128 9 303 337
3.4811888157150896 5.491431198997564 0.4322879001608473 9 304 174
3.445220469173764 5.39996286167565 0.4411290303366433 9 304 204
3.3549894587646554 5.175205842765935 0.4523688329735025 9 307 280
3.481125536867249 5.538547360331778 0.426573283164867 9 308 159
3.422325412148499 5.365677384113262 0.43593167725731363 9 308 216
3.3251686696908616 5.125092415819346 0.45764738426753215 9 309 298
3.3977431957888977 5.300886115135449 0.42935347068392327 9 311 238
3.3759530578144332 5.235139120126247 0.432472706517526 9 311 260
3.426605124320268 5.469763930271922 0.43591366774418683 9 313 182
