0.6454015154967958 7.171018512318655 0.9427826982387639 9 5 196
0.6147496560487051 6.91762098211572 1.0313709752212257 9 6 134
0.6146611461850782 6.930215027117727 1.026736749659577 9 6 137
0.6155058098489423 6.958841367000931 1.016263142780637 9 6 144
0.6209804938721952 6.981392037883396 1.008288439439803 9 6 151
0.6258048407219928 7.005865164724534 0.9995697866733048 9 6 158
0.6291097155332557 7.043586779448364 0.9858942418439725 9 6 167
0.9702502442515196 6.9142886088921 1.052996143305699 9 6 270
0.9967103325959733 6.901652963366528 1.059158985338185 9 6 279
1.127119350296126 6.942053971845914 1.0517924207165839 9 6 340
1.133980268060696 6.960782976203113 1.0453019818059397 9 6 345
0.5910747643084164 6.73079047436473 1.096576881498665 9 7 73
0.590437183497717 6.760023093958476 1.0857475344273955 9 7 82
0.5957707566299196 6.776208266791441 1.0800805588897284 9 7 89
0.5965149124874353 6.805824384202688 1.0691895415120989 9 7 98
0.6058356150281224 6.825216832944333 1.06256906306759 9 7 107
0.6029427146318826 6.8548737598765115 1.0514526258137624 9 7 114
0.6025920211417961 6.882085347022633 1.0413860217692983 9 7 121
0.5761390021473884 6.620236682314272 1.1345892022783872 9 8 28
0.5802419882359525 6.633965109715334 1.1297375428966177 9 8 35
0.5795053344472054 6.658939709225004 1.1204334482821756 9 8 44
0.5868365183392896 6.675662349290178 1.1146596331140433 9 8 53
0.5882084241422246 6.685485233331788 1.1110970481958211 9 8 57
0.6116539350590345 6.901582733379994 1.027548974583249 9 10 130
1.130961689520495 6.953605134574937 1.0388289635048862 9 10 343
0.9951799429581721 6.902833854143765 1.0475584043796808 9 11 279
0.5972168127497498 6.762612704829492 1.0743229855895557 9 12 87
0.6229465983928877 6.9629464214486045 1.0002672818173541 9 12 149
0.5881641466562951 6.722053727337837 1.0869605462941203 9 13 71
0.596252483063834 6.79885778850923 1.0560866058041254 9 14 98
0.6117650129523783 6.905265560552062 1.0165255238622746 9 14 132
1.1218914675611007 6.942663980674381 1.0334192734966865 9 14 338
0.6043791131327994 6.855723315424397 1.032586304033528 9 15 117
0.6128047988087907 6.940273028967985 1.0007775420083154 9 15 141
0.6268789456861628 6.980601919356277 0.9862235097685342 9 15 155
0.578943764342934 6.65159938472064 1.1070407095466301 9 16 44
0.5867293847651086 6.684943320931866 1.0947188710788898 9 16 59
0.5918238643290646 6.72689532814578 1.0789248121752806 9 16 75
0.5908002951690451 6.7567548094168455 1.0673953134431249 9 16 84
0.5963304947994865 6.77284187034072 1.0615604298452126 9 16 91
0.6057073543057466 6.815982442206179 1.0455752377907885 9 16 107
0.5780129648728447 6.609427624978159 1.1212154869569946 9 17 28
0.5802370676526346 6.622503575547325 1.116311335130617 9 17 34
0.5959037967067276 6.727175665038003 1.0704423526397444 9 20 78
0.5974905231848993 6.777276308512588 1.0509700823486394 9 20 94
0.6047164258383663 6.884809921156281 1.0094194715508724 9 20 126
0.9935537243225439 6.895479463326943 1.0300592242663393 9 20 278
1.0094017241313111 6.8916013099408255 1.0325854722128105 9 20 284
0.618127258181154 6.934373353534312 0.9884041488484941 9 21 143
0.5795551627104994 6.642201072158221 1.0985239559185342 9 22 43
0.6022785132948257 6.793011037458036 1.040568546555701 9 22 101
0.6033234095379308 6.845941484289604 1.019779039056995 9 22 116
0.6080610718724239 6.884779768811523 1.0023414642902562 9 23 128
0.6114573110720603 6.896031914259754 0.9981100264643946 9 23 132
0.589722863597713 6.6998457952297485 1.0721893356494385 9 24 68
0.6171727643867562 6.911353426018853 0.9899328729574495 9 24 138
1.0175895641062045 6.886562159182896 1.0260821732164314 9 24 287
0.5812967992623989 6.6620763943116685 1.0845601351430327 9 25 52
0.5820485078280666 6.672570320784416 1.0804214702843473 9 25 56
0.5924139676109672 6.7453873595023435 1.052043998649698 9 25 84
0.618875179205382 6.920382006154792 0.983949548583675 9 25 141
0.5798915980322855 6.598598050818834 1.1078188290525102 9 26 28
0.6031043937668308 6.819750234714778 1.0207218624576602 9 26 110
0.579550395375634 6.6453537048596125 1.0869866043747007 9 27 46
1.1340506249212126 6.929569469098003 1.0097821161601617 9 27 342
1.1562114959065282 7.017808737009369 0.9757499871661273 9 27 360
0.5867579061422533 6.726887279132505 1.0524410970459288 9 28 77
0.6058616528917256 6.839803451885071 1.008086872449071 9 28 117
0.5943206339835327 6.735646508817158 1.047185197683072 9 29 83
0.5955170442142889 6.763618082074434 1.0359115525513864 9 29 92
0.9740795515385754 6.902468762003014 1.005301780685872 9 29 272
0.5895802194874105 6.690870526023375 1.0628827223007702 9 30 67
0.5788296620371589 6.617973039260422 1.089822392893264 9 31 37
0.5983022842205348 6.771460341592693 1.028330261572112 9 31 96
1.1220067702434893 6.920898295979589 1.0032837056345485 9 31 336
0.5853341919765723 6.644891528607496 1.0771613605561052 9 32 50
0.6072504941446909 6.8682445591201455 0.9868610844522443 9 32 126
0.5905738123871676 6.7457709048744725 1.033786205726066 9 33 86
0.6013492115634103 6.796646929692182 1.013536327962472 9 33 105
0.9212520975183103 6.92415098670448 0.9832748951583209 9 33 255
1.0002248363041497 6.882901826495935 1.0058283177835692 9 33 280
1.0182572580913116 6.879756101394726 1.0083883663427786 9 33 287
0.5779293597807368 6.621849954253381 1.0778563843518132 9 36 40
0.5901175055424996 6.717616075586693 1.0386915769083376 9 36 78
1.1542323546383635 6.962507185415245 0.9765906193606235 9 36 354
1.160362879246426 6.988573560469068 0.9661312763863052 9 36 359
1.1626351264694703 7.011538583612584 0.9566929859822171 9 36 362
0.6021935771460062 6.823876834849154 0.9927125360237449 9 37 114
0.6064210035478943 6.848371890441285 0.9827335092722946 9 37 122
0.9872597304623245 6.89526148299594 0.990424424038594 9 37 277
0.5851963065398892 6.636215678540894 1.0681652201413354 9 38 49
0.5987358732155034 6.753404562741649 1.0197447447463313 9 38 93
0.9345074022730542 6.919517142989995 0.974019453698849 9 38 260
0.5831675373189558 6.66557154070882 1.0534813930582412 9 39 59
0.5881933606562755 6.686186238908694 1.0451213865821718 9 39 68
0.5972000762958046 6.759931197742881 1.012235069602298 9 40 95
1.1262565276008232 6.91182147519817 0.9864746494349617 9 40 337
1.1372849499222846 6.923975512100811 0.9821173436198971 9 40 343
1.1680926227312212 7.009634706901142 0.945474118632466 9 41 364
0.6047942674696035 6.779022777551046 0.9999475160071251 9 42 104
0.9139985069612377 6.922293621382397 0.9615240335920782 9 42 253
0.5915669501015312 6.732913447234679 1.0141242617766095 9 44 86
0.5875307555537326 6.708134366602108 1.0222608785727325 9 45 77
0.6052424785492334 6.807453878706737 0.9805079152549228 9 45 113
1.0870123619456553 6.889948977635351 0.981229649713983 9 45 318
1.1566880823430685 6.931381746608356 0.9685329132635353 9 45 352
1.1692558073255506 6.959977228051513 0.9570777256383203 9 45 360
1.0157821679503438 6.8726016234391825 0.9810037279754386 9 46 286
0.5797523539394195 6.616739001779855 1.0570962365646892 9 47 43
0.6008875783247573 6.747838900878856 1.001365834787085 9 47 95
0.9103454796329111 6.9208910093404405 0.9494221510315737 9 47 252
0.9434257321358236 6.9040236897864204 0.9593414216444739 9 47 262
1.1069135273588497 6.894296500662013 0.9761508534780288 9 47 327
0.5833531887493781 6.63631803125356 1.0466502706183667 9 48 52
0.5852998871679188 6.653869617651051 1.0390908362439855 9 48 59
0.5861908396124093 6.67913335432755 1.0280620906746165 9 48 68
0.6030317568073513 6.774867455455013 0.9873105303349217 9 48 104
1.0695931090130533 6.883346729475592 0.9757174614206905 9 48 310
0.5885373044528133 6.71525543541233 1.0100745824657074 9 49 81
1.1443353593880876 6.913491614216299 0.9658717417991217 9 49 345
0.5962247946605342 6.756157127118581 0.987872611499431 9 51 97
0.9121827548991748 6.919624312856142 0.9400761577509142 9 51 253
1.0260651742214124 6.8614999393543075 0.9748946823994105 9 51 289
1.1445395470108417 6.912093992025912 0.9569345815024943 9 53 345
1.081217313284954 6.8819789793725485 0.9629982983192455 9 54 315
1.1560029182799556 6.923596617816651 0.9502705901231958 9 54 351
0.5972254706573636 6.753985921716309 0.9793457971702222 9 55 98
1.0640798071603605 6.8676855226517874 0.9656833050445959 9 55 306
0.5801808939074341 6.6178296679466735 1.0373351893930731 9 56 47
0.942525438258869 6.899744103124785 0.9388745074777363 9 56 262
0.585438801840093 6.624766726901232 1.032432297626626 9 57 52
0.5858545073148727 6.64962590923907 1.0211406004218335 9 57 61
0.583556090646234 6.6786805541003185 1.0077154125152445 9 57 70
1.0330685090969656 6.8588679731982864 0.9624006514196037 9 57 292
0.5890051888965248 6.689541296942599 1.0009080571207019 9 58 76
0.5907391404454708 6.699907955077402 0.9963087798289919 9 58 80
0.5937632144615436 6.718541030401899 0.9880344010019813 9 58 87
0.5944922631328716 6.720919009842407 0.9798921097577804 9 61 89
1.0328283663935622 6.85735187492904 0.9534883741051146 9 61 292
1.0454319352301789 6.855925441082128 0.9552057334146431 9 61 297
1.072097774876144 6.868981783519825 0.9465675086110334 9 63 310
1.0912050215831712 6.87723242354708 0.9443391840222922 9 63 319
1.1114435666455718 6.8818670566004645 0.9438944132475675 9 63 328
0.5836647240435386 6.622889598748815 1.0132786762866572 9 66 54
0.5851058104127588 6.6467819464104965 1.0021193099207466 9 66 63
0.5868613625965017 6.667274519126699 0.99027669616649 9 67 71
0.5891638645053555 6.676712352405323 0.9860018998868536 9 67 75
0.5868568178917172 6.691714116842151 0.9786880190090557 9 67 79
0.5867165383570621 6.626929957678104 0.9912685171545798 9 75 60
