4.027725975848584 4.3757807977910925 1.0497430293216663 9 4 481
4.021715432374538 4.321557416636221 1.046509742924688 9 4 494
3.906802506373314 3.817182029841215 1.029090741806221 9 4 621
3.8880318465215176 3.8137269435327488 1.0290775276520696 9 5 625
3.9944906949505956 3.8745873617920203 1.0072943832596828 9 6 593
3.9018330949023987 3.783635669901792 1.0159815643983903 9 7 628
4.016287184889661 5.7387306973080925 1.1534424522264723 9 8 115
4.0274555072511635 5.493151145715021 1.1300651771838228 9 8 191
3.9003030197362603 3.827681889649972 1.0162633040732705 9 8 619
4.034629772543802 5.543263513972541 1.1295141882899014 9 9 176
3.8927591076849475 3.813845532644848 1.0129613153643495 9 9 623
4.049705749146778 5.583038776977894 1.1263240501375686 9 10 164
4.015887319959405 4.156318668617194 1.01111536974379 9 10 530
3.984342466113782 3.843817084612035 0.9912757385720462 9 10 600
4.030386221737917 5.728840346252812 1.1400278123055785 9 11 119
3.9158614334323065 3.7452123165906723 0.9942306161978851 9 11 632
4.0398423729259 4.377227421582589 1.017214453141058 9 12 478
4.05242765986525 4.22308310032954 1.0009625581718795 9 12 510
4.038046115387349 4.386658694987934 1.0146596333325433 9 13 476
4.046099435933945 4.235817478277461 0.9996422169724493 9 13 508
3.98577426542545 4.193498389141464 1.0097021887455333 9 13 526
4.018522916753797 4.1566119967429085 0.9990102676186776 9 13 529
4.0031569139896535 4.148776054292455 1.0018299526181735 9 13 533
3.9099670319910427 3.738031180606593 0.9871914548215043 9 13 634
4.086972775014688 5.775253028785068 1.1215949647467625 9 14 106
4.040170596216028 5.582207887871577 1.1153852626840526 9 14 165
4.046359179204324 4.21159363046452 0.9935866278132525 9 14 513
4.025406159132275 5.750177580259821 1.1303596745443036 9 15 113
4.037478512522755 5.542940072692512 1.1092758785132824 9 15 177
4.034774364046667 4.369494804752364 1.0063155481209556 9 15 480
4.059695758645239 4.295071105628452 0.9939863132510123 9 15 493
4.0544410559635375 4.247484926649611 0.9910000688557834 9 15 504
4.0533583817047685 4.289157159657796 0.9910583985428358 9 16 495
3.908969922670847 3.744784686667966 0.9763502360289128 9 16 632
4.0111641665249085 5.722578026177096 1.1248800517936255 9 17 122
4.0283260853551575 5.577584237898597 1.1079321379127092 9 17 167
4.036160684326806 5.533997023191512 1.102210849071386 9 17 180
4.041964124112752 4.221573065074962 0.9838221000593234 9 17 511
4.020813964610939 4.1938366940550775 0.9863014459862439 9 17 520
3.9129178669477147 3.72958313390854 0.9701690656381048 9 17 634
4.065106747739595 4.257078550330373 0.9776511839883512 9 18 500
3.896656712686532 3.8081897039147257 0.9771249639643445 9 18 621
4.048481994879677 5.763710691599707 1.1133727724073443 9 19 110
4.034683183766017 5.565208618360307 1.0987671505390257 9 19 171
4.041201372698248 4.372279126524834 0.9897731830420731 9 19 478
4.0553072638380625 4.350218024974121 0.9844397421138029 9 19 481
4.059490989571012 4.283231446543375 0.9774137147302385 9 19 495
4.025978355611845 4.253869256091061 0.9827193670805124 9 19 506
4.011820195443567 4.179720804969431 0.9793995751739395 9 19 524
3.904090016409096 3.79008792068917 0.9698623839716363 9 19 623
3.912661935545853 3.72698991758232 0.9621455760174012 9 19 634
4.034307061530324 5.5857097426909545 1.0974168446055268 9 20 165
4.043902106548494 5.5520195742172165 1.0920761281452847 9 20 175
4.03876215734754 4.309422092529186 0.9808215711585098 9 20 492
4.022265846889875 4.190422578561685 0.9739884136041984 9 20 520
3.905565587714771 3.86615265357737 0.9724997865349204 9 20 607
3.9114691235346783 3.771901581837991 0.9625584340178062 9 20 625
4.026255313427739 5.506272147655229 1.0888326633905927 9 21 189
4.037026877052735 4.253716535639126 0.9683884882450174 9 22 504
4.03502126284547 5.5539858677598835 1.084431911955794 9 23 175
4.0169777089327425 4.20100362714375 0.9645115846131176 9 23 518
3.8978029653038213 3.82024910398197 0.9585357149161462 9 23 617
3.9129897242516365 3.7763897600446286 0.9508093527212992 9 23 623
3.8977815701815572 3.7355521597869386 0.9507589523851369 9 23 634
4.031079843873275 5.588037584028774 1.0852145073191866 9 24 165
4.048598238843358 4.309820102322435 0.962899282030801 9 24 490
4.050254680300093 4.252982659225984 0.9572454500888543 9 24 502
4.206658467980349 5.95160215662111 1.0723558469543644 9 25 58
4.0355857397887425 5.551676495874385 1.0774179540985247 9 25 176
4.016537280526818 4.392385420289204 0.9745426258125919 9 25 476
4.062023731925795 4.28681570067631 0.9535338604250095 9 25 493
4.058781547573234 4.33917691816769 0.955260360796 9 26 482
4.05700102539068 4.237718524548253 0.9462413900523606 9 26 504
4.041120592839743 4.172543747576231 0.9441034825799259 9 26 520
4.029804782035463 5.5864348826249355 1.0754278375490958 9 27 166
4.019592821396171 5.48929497822999 1.068874629881364 9 27 195
4.026861745862183 4.223974986025594 0.9484945814965948 9 27 511
3.8818354577424605 3.809917301493162 0.9458983068174225 9 27 621
4.111889827167305 5.800240956719926 1.0716114169044504 9 28 102
4.1077395033003095 5.793407482572292 1.0720104843089429 9 28 104
4.075507023117886 5.77499987300312 1.0783736776203912 9 28 109
4.032995368190608 5.556759711061065 1.0685022402062467 9 28 175
4.05940713827769 4.2957405066655365 0.9431275798618595 9 28 491
3.8967017723600277 3.868900854508292 0.9438054871135978 9 28 606
4.003988469871231 5.7429120763090715 1.0900929199935065 9 29 118
4.020600744898438 5.510595494366737 1.0639119885714168 9 29 189
4.01766971795754 5.500597651340382 1.0637068163881929 9 29 192
4.060998103331469 4.3498032881496 0.9438657503237713 9 29 479
4.056333896776778 4.315603977454729 0.9418086784502401 9 29 487
4.013826992477903 4.188900856611976 0.9405637677783817 9 29 520
3.895403339252352 3.79958599385472 0.9336586606182525 9 29 620
3.900901727936211 3.77444494431876 0.9298900316885184 9 29 624
3.915394241193152 3.7507195997819247 0.9239820362760149 9 29 626
4.013051989018801 5.480981147937141 1.0596527965639704 9 30 198
3.9478194411088783 3.8807452378627016 0.9240908225964916 9 30 594
4.017728521565738 5.719445453917427 1.077867848011122 9 31 126
4.035770370829917 5.5582823878395455 1.0578531509866516 9 31 175
4.037857799767462 4.218222977015886 0.9292870531693108 9 31 510
4.021870908722537 4.214803383245045 0.9330513388265835 9 31 513
4.00235739976305 4.213957750988506 0.9379639974636246 9 31 516
3.925817983096294 3.8689083573293566 0.9245835161757054 9 31 600
4.009366627544596 5.745237949106761 1.0792215662295477 9 32 118
4.059170240021292 4.408767384389915 0.9380923792382299 9 32 466
4.01490786476656 4.297907231652611 0.9388457229618554 9 32 496
3.9997507462293225 4.275384967658732 0.9405860383278399 9 32 503
3.8882657670084715 3.741916912484946 0.9180754032467608 9 32 632
4.010253979965581 5.7332554048217945 1.0745791167512764 9 33 122
4.062399623947078 4.3880208138946735 0.9313008989961582 9 33 470
4.024042644529377 4.319128899171253 0.9345915324873281 9 33 490
4.08914641504113 5.783540281922065 1.0556213989807928 9 34 108
4.0369100875998 5.583519043142064 1.049847789171765 9 34 168
4.041802210038789 4.293359954953557 0.9235177671031558 9 34 493
3.9992359101686774 4.213688630073408 0.9268893486223989 9 34 516
4.10858447553321 5.7987525578411105 1.0486280298590527 9 35 104
4.061252133913518 4.364458263565515 0.9213471692494647 9 35 475
4.006787061167261 4.273229868144184 0.9267436340866823 9 35 502
3.990021246559076 4.205130899296147 0.9245074390071081 9 35 519
4.004189636006003 5.747726687457135 1.0677659488616311 9 36 118
4.016405392520825 5.713099514343795 1.0611547916187969 9 36 129
4.033476058041383 5.567872022985808 1.042439582285023 9 36 173
3.9050320354538686 3.7709514092526337 0.9004774061107893 9 36 622
3.866170704705776 3.7473880033806273 0.9084232331133183 9 36 634
4.017207646886004 5.497736285851496 1.0364577093277827 9 37 194
4.013598328132806 4.327586327442681 0.9223594914789232 9 37 489
4.025209039447616 4.222007538050054 0.9088969503415292 9 37 510
3.955337351904788 3.8856739036892005 0.8943701114611257 9 37 590
3.899045949516982 3.875141017478842 0.9082738227172723 9 37 602
3.885109030375547 3.8069423128543862 0.9012707490951928 9 38 618
3.9035006253048636 3.7645215184011787 0.8921695500555807 9 38 623
4.112770597481509 5.80541418543749 1.0344913563546603 9 39 103
4.026477366514477 5.579891283998968 1.0352826288183636 9 39 170
4.051444658642324 4.386318590092387 0.9101013427169352 9 39 471
4.034173771622955 4.3781215195844485 0.9139263692827413 9 39 475
4.007933351406454 4.375554717120433 0.9207193330256871 9 39 479
4.043002924798936 4.256094370652001 0.8994424396727785 9 39 500
4.027113900519106 4.238121130950786 0.9019259260434085 9 39 506
4.004516538993996 5.747332910405487 1.0545086113275204 9 40 119
4.018583111716062 5.509418722837097 1.0269808197522665 9 40 191
4.042273713227451 4.298269166263145 0.8997917888642568 9 40 491
4.026802709851134 4.1803557195193255 0.892212263010935 9 40 518
3.8845090746269193 3.8397440170333734 0.8966883661486933 9 40 611
4.050417904887632 4.399563145790427 0.9036872323596016 9 41 468
4.111330592060977 5.807616371732887 1.024770228540047 9 42 103
4.010352462759514 5.524578041607601 1.0238831371969086 9 42 187
4.006519319469412 4.388222852945026 0.9105330583145316 9 42 476
4.0202621812809305 4.33396941151903 0.9013141136491499 9 42 486
3.906225992046199 3.771619390443164 0.8758784064258812 9 42 620
4.00447877661855 5.746221927845475 1.0444893518597103 9 43 120
4.039258178936082 4.255562484787556 0.884155486146772 9 43 500
3.9095402071614096 3.751748975117284 0.8688710515754481 9 43 623
3.8441001144002858 3.7486350379778024 0.8865522415965637 9 43 636
4.023302527070204 5.579428276542358 1.0190143634171989 9 44 171
4.020538136085477 5.559184569354805 1.0177219586384423 9 44 177
4.022168106136186 4.317508032119231 0.8910974902161022 9 44 489
4.022930068761584 4.222779583679007 0.881260840844734 9 44 509
4.021211781696094 4.180871176183885 0.8774775992552181 9 44 518
3.8987934098881407 3.8714393074307347 0.8798971847707981 9 44 601
4.0075646647604835 5.536492368627026 1.0155746075578016 9 45 184
4.009985681418371 4.3383554645234215 0.8925842242730688 9 45 486
4.024825798119877 4.29174400735411 0.8836967366626215 9 45 494
3.8674293285367316 3.7584596534928254 0.873046582492566 9 45 629
4.043197620935187 5.773107657794356 1.0264340308675484 9 46 113
4.003447009342134 5.741847765260426 1.0343520545589011 9 46 122
4.025200603124675 4.402182313786166 0.8908632491180578 9 46 470
4.040862368902459 4.351273819254768 0.8812589597891793 9 46 479
4.027443226694036 4.251536683241667 0.8747848754958055 9 46 502
4.014307511563828 4.1743513880878345 0.870544475533719 9 46 520
3.9153516073387817 3.8691879578695025 0.8669384507689322 9 46 598
3.849381525268213 3.759284996584465 0.8741280310703499 9 46 632
4.088124004411126 5.793218792871287 1.0124718450139985 9 47 108
3.994964739328726 5.726777805047452 1.028508062604894 9 48 127
4.01956654963141 5.530634679025995 1.0012394968361944 9 48 186
4.025503574165978 4.373193407234724 0.8797453954652745 9 48 476
4.035274149465719 4.334710760613272 0.8729958274648503 9 48 483
4.009330916822565 4.27135098979841 0.8737815179283048 9 48 500
4.030264560029242 4.2242691116872235 0.8629815759317203 9 48 507
3.989606688954739 3.898876083511709 0.8408083613029719 9 48 579
3.9588272201208423 3.8944212969610144 0.8490607614983103 9 48 585
3.8582015209537417 3.7630243289540175 0.8639458312570251 9 48 629
4.000013623610207 5.743757572844307 1.0254903372222648 9 49 122
4.037228727868401 4.407214058837022 0.8759029752722313 9 49 467
4.0176142089597695 4.404873338022929 0.8812442867108758 9 49 470
4.0114732477243 4.3301221475549925 0.8752191588303878 9 49 487
4.022698306674583 4.214171396701939 0.8599650324784737 9 49 510
3.9026250411625747 3.7651396941388358 0.8474566062014192 9 49 620
4.062434000826731 5.777276427193861 1.007764941837345 9 50 113
3.8157527729362704 3.77122465349206 0.8688284301575518 9 50 635
4.011966101298706 5.755447165095216 1.0165628898339942 9 51 119
4.02240910390177 5.583436146121599 0.9955027143546968 9 51 171
4.029273683362298 4.396854362659726 0.8689931253255135 9 51 470
4.0394378592072275 4.334868367986713 0.859560458664673 9 51 482
4.025975483277277 4.195870930510226 0.8488496140711524 9 51 513
3.948829116337518 3.879023310889618 0.83781366634894 9 51 589
3.8362080249853276 3.759779532961706 0.8577327873359661 9 51 633
4.125058023045252 5.8298963779017035 0.9882774435370338 9 52 99
4.026088280250157 5.5531041878298675 0.9877594740124147 9 52 180
4.0155750839784545 4.2404969748322365 0.8524149067683034 9 52 505
3.903033105594762 3.7707805956113964 0.8354876597822164 9 52 618
4.024007455129524 5.764037430786814 1.0071986942695985 9 53 117
4.008866733278317 4.201110070037274 0.8460756556461354 9 53 514
3.894641433248962 3.8079099164778283 0.8377014102763228 9 53 612
3.911224124203713 3.782300373001061 0.8301589998833726 9 53 614
3.8792661713310634 3.766182706443062 0.8377603482848853 9 53 623
3.875284625152322 3.759747377482392 0.838238474989416 9 53 625
3.842993632627441 3.76035710908062 0.847708463607557 9 53 631
4.193465799606621 5.952910645624385 0.9742477158871544 9 54 65
4.1276140116260684 5.921025210824029 0.9901442667660542 9 54 72
4.020314077573893 4.216563865651648 0.8402289522862156 9 54 509
3.995234691553515 4.195263534353631 0.8453088473186915 9 54 517
4.059375714372026 5.777502171710808 0.9913945597039404 9 55 114
4.027155703198041 4.391089133298172 0.8527090435604419 9 55 471
4.035373136318425 4.258664614105342 0.8361352919790569 9 55 498
3.9454209376876426 3.876954728161037 0.8218356902051082 9 55 589
3.899881815789695 3.8713773352181997 0.8346537336811157 9 55 598
3.8767943962643536 3.7605340412116703 0.8296077810818188 9 55 624
4.099456295097246 5.81094157273677 0.979637622932001 9 56 105
3.9856094388504015 5.725385338251476 1.0041752320932216 9 56 129
4.0092458975512155 4.391849834008177 0.8540033112138523 9 56 473
4.005417459516937 4.343169750390375 0.8499109789102731 9 56 484
4.026375246867364 4.297107711399968 0.8387576908989257 9 56 491
3.887965546827341 3.860608161564021 0.8328933391068503 9 56 602
3.817505204968401 3.755625271286444 0.8424935683170737 9 56 636
4.122909539185868 5.827028604546462 0.9708549325578342 9 57 101
4.0216698481685125 4.407009092621161 0.8478667704856732 9 57 468
4.006901479468068 4.406453340127036 0.8522058702909624 9 57 470
3.9026370794967256 3.876433727562671 0.826102155320792 9 57 596
4.007743012574748 4.2505904985115865 0.8310009190232116 9 58 503
3.9868813674292585 4.168765523419038 0.8283852211920396 9 58 523
3.969286804807503 3.9949890980885865 0.8148296019891651 9 58 561
3.919846260283088 3.8903362608792116 0.8183010421836718 9 58 590
3.887872394917234 3.7919364767846178 0.8172181570979862 9 58 615
4.132004506739312 5.92598218614718 0.971737089823877 9 59 72
4.065088423279944 5.878853569070488 0.9867628754238373 9 59 84
3.9820337989120587 5.730506710605332 0.9956348602022025 9 59 128
4.002259846050936 4.3895670661509385 0.8436224669233866 9 59 474
4.005491622966134 4.308253481461122 0.8338005811353123 9 59 491
3.8623218772506513 3.77372702738194 0.8187545830895616 9 59 623
3.9889551842982605 4.256760768142844 0.8290504111670751 9 60 504
3.8751511093740207 3.836640199169117 0.8175938579929077 9 60 608
3.8427504902121123 3.775791033499787 0.8207551812609323 9 60 626
3.9768227187261753 4.1635882170848015 0.8183793712481561 9 61 525
3.991318672238089 4.352570368649188 0.8306137490778303 9 62 483
3.9722070606135342 4.223645748541379 0.8222469153725569 9 62 513
3.8912071546234124 3.8446683590835784 0.8052522952699097 9 62 603
3.85440020060361 3.7616084818961912 0.8073618794583005 9 62 626
3.8036330385262893 3.765480152380148 0.8233333290567071 9 62 635
3.9857880261833376 4.419919835100809 0.8356681078589471 9 63 469
3.861047550740456 3.79987586873934 0.8053845777047569 9 63 617
3.9634374701880497 4.175312596113803 0.8112943259439032 9 64 524
3.880906165950114 3.886727468866942 0.8047307032015523 9 64 596
3.9582241317424396 4.226036401045132 0.8144196788653567 9 65 514
3.867652035777458 3.7547043191063185 0.7899308736172423 9 65 624
3.854003821186549 3.7575717361455303 0.7944990050808511 9 65 626
3.9595745279848003 4.415406601433499 0.8311143485170612 9 66 473
3.815786233170255 3.762715414945088 0.8028385415790891 9 66 632
3.9581195950319783 4.3094856502131496 0.8155717463854254 9 67 496
3.95351531675352 4.279688243919708 0.8136605562372032 9 67 503
3.9376288774087502 4.214929762341491 0.8113568125435223 9 67 519
3.8754784508519124 3.8267788811927606 0.7871448173864516 9 67 608
3.9921054134977543 5.887334112669272 0.979392765156025 9 68 81
3.973980295600389 4.382512005763841 0.8147092939411379 9 68 478
3.9656962919987975 4.322579197917519 0.8105422352740175 9 68 492
3.863311814885429 3.800886101120323 0.7838452491745534 9 68 615
3.9528486169854355 4.385589186910236 0.8176640352037879 9 69 480
3.956128443400483 4.365133835883672 0.8142944375676345 9 69 484
3.9011617913305727 4.17764052034598 0.8104467663462216 9 69 532
3.8866377537186394 4.145677812606882 0.8114296193223322 9 69 541
3.8696316545568665 3.8802280747581595 0.786644061926906 9 69 598
3.864945530188283 3.8642435284596113 0.7863160327456848 9 69 602
3.8535922494877894 3.8290335980716232 0.7859212856394963 9 69 611
3.848687811260755 3.7876919713714683 0.7827784699942496 9 69 620
3.8483783853796565 3.772572876183619 0.7811571614156763 9 69 623
3.999419365850737 5.880420472401968 0.9694623047932119 9 70 84
3.90737632442803 4.3265800777368595 0.8213737197235513 9 70 499
3.88568886089666 4.220991484171808 0.8162442103193231 9 70 525
3.6686549460288616 4.201209041795964 0.8796637376233847 9 71 566
3.8589730181470654 4.177873427493817 0.8117750396865461 9 72 538
3.8597207618947422 3.8088623942129223 0.7690085089087835 9 72 613
3.795170259955527 3.7639430407007426 0.7846875397025301 9 72 634
3.865417055140058 4.274587120016863 0.8168215594399082 9 73 516
3.835958697594325 4.226629322309186 0.8208388673429634 9 73 531
3.674316315775199 4.172510130230032 0.8670760915904057 9 73 571
3.856690047152113 4.392878702233684 0.829396642674912 9 74 491
3.8468659032581396 3.7821656612711303 0.7616131191382899 9 74 620
3.7151040570722733 4.190496171120975 0.8482826946880111 9 75 559
3.8689169380227737 3.8729471928844577 0.7607248331608952 9 75 598
3.803741938060461 3.776440150951256 0.7708500901289936 9 75 629
3.7923226992881522 3.772435133207554 0.7741306017351243 9 75 632
3.7864762821030364 3.7629767982668003 0.7749453195097948 9 75 635
3.747940081909988 4.22642712798093 0.8378362234833554 9 76 545
3.6811596722226287 4.159227058649241 0.8519908234579905 9 76 572
3.686445057452757 4.145836457212126 0.8486768922490782 9 76 574
3.680213913601137 4.110616755890158 0.8466033103510187 9 76 583
3.678819400131646 4.070949093947353 0.8424123864602906 9 76 592
3.8833419594389653 3.8224966027460336 0.7458002764936074 9 76 605
3.880952954927448 3.8143476185923486 0.74563304593543 9 76 607
3.825186013771206 3.784714904242419 0.7605585898245902 9 76 623
3.800049544253671 4.352684494702477 0.8315491597889382 9 77 508
3.8598854273470966 3.78603972149999 0.7449782985741643 9 77 616
3.7602681331713734 4.339818889311689 0.8393850236908684 9 78 517
3.8779108501043296 3.8143602072377734 0.7380224692487651 9 78 607
3.8079601698232994 3.788279796673089 0.7582592305124582 9 78 625
3.7553980262716813 4.320506706201154 0.8348722717014958 9 79 522
3.704781863576337 4.234864468464522 0.8416633164282703 9 79 550
3.8868083089448273 3.794228310246516 0.7283286281625113 9 79 609
3.858434299883816 3.7948962948889013 0.7379167315924511 9 79 614
3.779849536150526 3.763510247197307 0.760524589704967 9 79 635
3.7381287139560193 4.3145520501239645 0.8361188865766486 9 80 526
3.736107771486181 4.276367126438065 0.8322450986056147 9 80 535
3.6618979377119985 4.131017878695896 0.8399063865132586 9 80 581
3.7354837987942346 4.354916345670906 0.8380081512664727 9 81 517
3.6851192308333074 4.235221382079535 0.8407235001644283 9 81 553
3.684598669251378 4.209131622163504 0.8377745869137374 9 81 559
3.669304025828691 4.1639080241520325 0.8375361098895525 9 81 572
3.661722072839983 4.089419144238807 0.8311806230274925 9 81 590
3.904617913164957 3.837736745094786 0.7187901001277004 9 81 597
3.883726345109635 3.8359415629098423 0.7256487871338989 9 81 601
3.8993166968740782 3.784920726419993 0.7142584650047266 9 81 608
3.8641517298921504 3.7761188202898586 0.7251107116498632 9 81 616
3.815779787878042 3.7813140734928457 0.7421113928394726 9 81 624
3.706678185729206 4.274731969186134 0.8343418128419245 9 82 540
3.7907294900727257 3.763382518253076 0.7442233643904443 9 82 632
3.6560503937576687 4.078494864121677 0.8241310134859188 9 83 593
3.8626651136929517 3.7745904922019102 0.7167393134430317 9 83 616
3.715652443140928 4.327573486816776 0.8300138958813288 9 84 526
3.6456306605254234 4.140667226120185 0.831413755714698 9 84 581
3.875530209446606 3.83411656875496 0.7151784227506115 9 84 602
3.6713635366686597 4.229116627981223 0.8294968956975888 9 85 556
3.6385868129161185 4.1899563578320596 0.836052711830696 9 85 571
3.6422374186192847 4.102093612404453 0.8240866304659404 9 85 590
3.8742481726268974 3.7658127291025565 0.7029397123814966 9 85 615
3.807832087232728 3.777945376987767 0.7273695748221969 9 85 625
3.675380818956011 4.246963686648464 0.8264774119871441 9 86 551
3.6562904742510054 4.209490951748743 0.8285233792666734 9 86 563
3.7742332888716366 3.7686348980803364 0.733621104388567 9 86 633
3.631488615271893 4.104848573891513 0.8205256635303404 9 87 591
3.697894705611888 4.3458623744887355 0.8231457849689058 9 88 524
3.68559423100679 4.324596035455859 0.8248375834297154 9 88 531
3.6494586502680635 4.1909906907783 0.8210316726464078 9 88 568
3.633599680971214 4.164482658531199 0.8233252528016319 9 88 577
3.8845318868345053 3.830695146665713 0.6941036535300962 9 88 600
3.8641722377539445 3.81297522371826 0.6990605583566231 9 88 607
3.800187372633155 3.780938178476141 0.7175569048069637 9 88 625
3.680784095982341 4.288202997279257 0.8182177726893755 9 89 540
3.624295889269452 4.140303754713271 0.8198121795507316 9 89 584
3.8336685964917114 3.7831085781367726 0.7017291874055748 9 89 618
3.8155654742172214 3.7902567184584113 0.7089982391422168 9 89 620
3.771293117144271 3.7977089216549653 0.7255326159123123 9 89 627
3.689212460267186 4.324555307767209 0.8159284692984659 9 90 530
3.8010997319583675 3.7873584745600573 0.7094421944776756 9 90 623
3.6918518393446513 4.2999069275971955 0.8080798561291536 9 91 535
3.625689475723636 4.2329788451106305 0.8195104548905747 9 92 562
3.6415696942833247 4.197855545029228 0.8094200005282692 9 92 567
3.6307064155712956 4.184840338576725 0.8116754963785816 9 92 572
3.6399226432771665 4.06860331661059 0.7937941544688885 9 92 596
3.871540326698498 3.83181055024247 0.6811836988943065 9 92 601
3.855235036219192 3.8208382528969307 0.6856433625428261 9 92 606
3.8621959644498673 3.7827656122658757 0.6783754034253984 9 92 612
3.658572643037967 4.235989311852162 0.8042814856965003 9 93 555
3.610687317066655 4.134403375209757 0.8087089396817615 9 93 587
3.8420911173903933 3.784728833519429 0.681419029605926 9 93 615
3.6595557749773766 4.260661286036935 0.8032024562220579 9 94 549
3.643654960247073 4.23384006822833 0.8055576583960418 9 94 558
3.6164989202399322 4.154918324746182 0.8053908632496296 9 94 581
3.8489034792519545 3.8029825080694364 0.6768575079328278 9 94 610
3.7931181446265363 3.794336896470768 0.6959300410204049 9 94 622
3.613493688499997 4.183033338805342 0.806234009105985 9 95 575
3.6065706968354023 4.149147806112397 0.8044447408089921 9 95 584
3.6226991154393913 4.0748914275775014 0.7852722412169817 9 96 597
3.7924037237886274 3.7816416959580943 0.6859135328360582 9 96 624
3.776426160382253 3.771601816706225 0.6904659648402998 9 96 629
3.7539399313834774 3.763302681236674 0.6976165792539166 9 96 635
3.6536626429429466 4.236014164834766 0.7906594957799346 9 97 555
3.63341014200365 4.221596605899782 0.7962429958248896 9 97 562
3.619840164709748 4.062563662368582 0.7808532007357178 9 97 600
3.657922964773272 4.288887396883761 0.7920206452412653 9 98 542
3.61286080787605 4.206850789771651 0.7980835174252068 9 98 569
3.6228848949319152 4.176197487457459 0.7904458528591694 9 98 574
3.591775502388317 4.158819535285172 0.799680057794137 9 98 584
3.5902688406538665 4.1468539921678405 0.7986967152583619 9 98 587
3.787771027898401 3.772759182576289 0.677774244049599 9 98 626
3.7575314950179415 3.772000067342325 0.6888249867261613 9 98 632
3.6351432835240867 4.266508925531475 0.7937144561141096 9 99 551
3.755297276251736 3.7711283986424124 0.6809181434263294 9 100 632
3.5867879430867182 4.164285061703959 0.790818129019994 9 101 583
3.614782647904069 4.076050353969262 0.7688582903195873 9 101 597
3.6207417996381026 4.052147058984998 0.763517050186821 9 101 601
3.877966569392938 3.786371358771225 0.6326909458899442 9 101 606
3.831248822003321 3.793729080607833 0.6511253589075912 9 101 613
3.8512021899781024 3.788970417953344 0.6385453324105679 9 102 610
3.6380292729174952 4.299733102945717 0.7815995463994985 9 103 542
3.615065292407169 4.190844937477792 0.7759812621708522 9 103 571
3.5958633567058724 4.176275021794091 0.7813217968289451 9 103 578
3.8718491359171257 3.810513631356371 0.6290686765802431 9 103 602
3.7673961575373807 3.7801620727412617 0.6645386464718493 9 103 627
3.587450465516571 4.124581398818374 0.7738589387045594 9 104 591
3.830078110054237 3.795635118365629 0.6384204578014081 9 104 612
3.763107068612534 3.767302710637873 0.6601046898675746 9 104 630
3.789064279294882 3.7763143047295546 0.6470226767530027 9 105 623
3.7782309481523217 3.7766303887393793 0.6511959506468309 9 105 625
3.5852062097339794 4.142200379998757 0.7693245753353299 9 106 587
3.7343743425559253 3.777800616699691 0.6637498411989744 9 106 633
3.590362298896734 4.194385322716625 0.7704345067646015 9 107 574
3.5884245838405135 4.120155517598969 0.761278454585109 9 107 591
3.875995824370653 3.806144370855291 0.608667463872364 9 107 601
3.791422160306995 3.781378828895063 0.6379268623179428 9 107 621
3.8610439560493814 3.8080022736972983 0.6101112664195983 9 108 603
3.845831736040946 3.779754946851654 0.6122129566949595 9 108 611
3.814751175118499 3.7885714049978834 0.6254177173000577 9 108 615
3.7708899237287974 3.7740573582560666 0.6404420424215962 9 108 626
3.585545179498611 4.196369950471925 0.7648542686076877 9 109 574
3.5924578783296885 4.145723950664404 0.755356597367349 9 109 584
3.5990221178773654 4.192561937927113 0.7552147160764238 9 110 572
3.8699076324704844 3.7751595891705283 0.5930646282785448 9 110 607
3.8049085047552773 3.7792597047927945 0.6190034717368929 9 110 618
3.5800383432045133 4.158953110075669 0.7542107625859635 9 111 583
3.584428856399225 4.109960581651432 0.7458465765021568 9 111 593
3.787914606125253 3.7839153090700854 0.6218013018926222 9 111 620
3.747718005723831 3.759760399962463 0.6298840921840594 9 112 632
3.590160868658306 4.097717405612916 0.7340484485756438 9 113 594
3.846376800009632 3.782344104776839 0.5894657862574413 9 113 609
3.8155882744638294 3.7747549118851675 0.6006242173809813 9 113 616
3.7981995849302095 3.7759157704339685 0.6076705762422838 9 113 619
3.5854242360852955 4.186559531076943 0.744164673432067 9 114 575
3.588298158225639 4.166156980880764 0.740221905508166 9 114 579
3.567775137041991 4.13392512363652 0.7400633932902365 9 115 590
3.590898339404996 4.08540072614941 0.7241344520137694 9 115 596
3.8660655254705736 3.80365821744195 0.5753083346526313 9 115 601
3.7522603627408553 3.760782490617923 0.6149052363604676 9 115 630
3.567320581110544 4.146640367619609 0.7380920252603895 9 116 587
3.718491496055176 3.7781402780589497 0.6264091561899054 9 116 633
3.8431010722901533 3.790152152013646 0.573390434110584 9 117 607
3.7982103251936534 3.7909212237185574 0.5916136699171035 9 117 615
3.5856676889492953 4.077297171545104 0.7131541272710635 9 118 598
3.8745480858589154 3.7951269599850757 0.5519987226564156 9 119 600
3.776230085600636 3.7936010128952002 0.591832423009621 9 119 618
3.7687188837981513 3.7746563367591923 0.5922408884731094 9 119 623
3.7022394822215907 3.7849193087798394 0.6207556614500389 9 119 634
3.553362403959204 4.1668115388152165 0.7270278612244125 9 121 584
3.570851569396881 4.096547020740065 0.7099279890203225 9 121 596
3.844342446627818 3.775884906612135 0.5475864428400024 9 122 608
3.805084493852272 3.781740090473587 0.56462853679412 9 122 614
3.7915962196324298 3.778991822509291 0.5698098776080402 9 122 617
3.5687084281003942 4.17770196298841 0.7143667423562066 9 123 578
3.5631569809536403 4.1421452033041986 0.7116155072200001 9 123 587
3.5574692036978455 4.092826013535205 0.7069644871498382 9 123 599
3.8395159805976444 3.7774468870178852 0.540422211800125 9 124 608
3.580157361771252 4.178858384480451 0.7018166838757076 9 125 575
3.851178897982908 3.7864375485128727 0.5321227651829081 9 125 604
3.743028659748736 3.785730576359315 0.5773025789229822 9 125 624
3.276135609751209 4.223201480325208 0.8354595161310849 9 125 633
3.8344156411888903 3.7847020690969826 0.534191999883576 9 126 607
3.782613365829003 3.7869335108786757 0.5563007232563848 9 126 616
3.265178156109796 4.225448391386066 0.8370012056150037 9 126 635
3.5740394788751653 4.113701501190386 0.6869951107627148 9 127 590
3.5474773350336317 4.092606540895698 0.6951719861036707 9 127 600
3.8404292676775658 3.7703226595120096 0.5201237398010907 9 128 608
3.564152257992343 4.078879746905384 0.6780606429602951 9 129 599
3.7720721665191674 3.787327096378423 0.5469910356511267 9 129 617
3.559873581506962 4.1412987321834045 0.6849558433059514 9 130 586
3.8385637965704573 3.7853832331825528 0.5136110407951822 9 130 605
3.555093617522733 4.198562327207818 0.6913890596591986 9 131 574
3.9351286650672765 3.7250388200132214 0.4584610676040095 9 131 599
3.336209204044766 4.239632298682141 0.7915751039997008 9 131 612
3.755688253605174 3.795188764975116 0.5459427169578013 9 131 618
3.5611357244155317 4.091771630575471 0.6690704081444969 9 132 596
3.5618445856355736 4.203866390864012 0.6812593242574315 9 133 571
3.5588640675272583 4.178320943853455 0.6747547127251787 9 134 577
3.330979894828086 4.245278707991288 0.7840469899516065 9 134 611
3.529055998649717 4.244591332732115 0.6817856979423109 9 138 567
3.4018407281184286 4.317648828298122 0.7492507299988331 9 138 576
3.29674701404784 4.17305459982307 0.7526606358991585 9 144 634
3.4094678208812397 4.360293745883981 0.7227098053638188 9 146 562
3.306575956647424 4.165654159566058 0.7324878080138723 9 148 632
3.3037563644138994 4.156036424513621 0.7322904362714701 9 148 635
3.3014389067096466 4.1574058357707155 0.7078385445089248 9 155 633
