0.5826346569836066 6.621544278219174 1.0280213991938607 9 6 142
0.5839396292238997 6.63670694564319 1.0225729122601883 9 6 146
0.5908808255498386 6.652497313024232 1.017375542134443 9 6 152
0.5907759194743192 6.693619229190453 1.0022878007683826 9 6 161
0.5965968949697731 6.708019842300876 0.9975043752808849 9 6 166
0.6008697788368154 6.7451729066023365 0.984245777187936 9 6 175
0.5921355317809095 6.653642430942382 1.0019420930325118 9 12 154
0.5911738870736619 6.6758779915644855 0.9883241287342786 9 14 159
0.5843131081730663 6.618739665245043 1.0069124388453135 9 15 144
0.5954694590593913 6.686809672150031 0.9819501895622293 9 15 163
0.5960542489267375 6.695337704364515 0.9787498423512013 9 15 165
0.588146199082325 6.6330854224475875 0.9865353324714906 9 21 150
