3.6579049775860684 3.513489250849234 0.5110294758021672 9 5 528
3.632554139903016 3.455003258482243 0.5086148285273109 9 5 540
3.6137667952768107 3.386198650031415 0.502261987477779 9 5 552
3.574174932265641 2.9973355173381924 0.4451661757306167 9 5 604
3.540398741373041 2.9904836969373316 0.4546872102172377 9 5 611
3.5786859088301437 3.2712820681272685 0.48793207723020626 9 6 572
3.681220251673868 3.5549969633648724 0.5014816489540763 9 7 518
3.682849942142806 3.5299412161210064 0.49642117631857485 9 7 521
3.595203404854698 3.3187794370194617 0.4863212895632323 9 7 563
3.6430785929419995 3.0791924533182744 0.42756503896153575 9 7 582
3.6420092848857344 2.9510065199517963 0.404695561432187 9 7 596
3.565313560237378 2.996676136959201 0.43758870918155623 9 7 605
3.6770818971527337 3.5125258613785073 0.4902854038702733 9 8 524
3.6521426939826034 3.5151955785401157 0.498813092491601 9 8 528
3.627256494832051 3.4794673534221547 0.5003345475178058 9 8 537
3.559123624622565 3.2599317657903617 0.47743002681054003 9 9 576
3.637819213957165 3.476166769711038 0.48666938259194525 9 10 535
3.581263464136894 3.3323101368970898 0.4786120228877073 9 10 563
3.640241046084216 2.94420173659761 0.3880591482292539 9 10 596
3.5859570725942906 3.4841869203904263 0.5002488102447313 9 11 543
3.599436771730219 3.3767149234302476 0.47598132961875694 9 11 554
3.5838821101188323 3.2838527096605263 0.4638994621258008 9 11 568
3.763059690921982 2.9699789062888025 0.3473509367518346 9 11 572
3.611781570268684 3.5235520539548033 0.4943122826554496 9 12 533
3.5881918753900237 3.455119114736604 0.48933972462505526 9 12 546
3.586659029463168 3.425448239297012 0.4843307778256243 9 12 550
3.7289449860011645 2.954433681630624 0.3501456182203211 9 12 579
3.66571730169057 2.942901799838828 0.3687491706707866 9 12 591
3.6555143933532848 2.9311505580972916 0.36991387200549175 9 12 594
3.655566871948544 3.539029036381044 0.47798654830458154 9 13 523
3.587987664530602 3.3477677552170375 0.46454580690232206 9 13 559
3.610665625361336 3.27997816495124 0.4444155863734103 9 13 563
3.638162393761412 3.212174685679243 0.42269480455050434 9 13 566
3.7380412715385156 2.974890914776257 0.3454778007429522 9 13 575
3.6467870046023165 3.6317891280358596 0.49345373362569944 9 14 512
3.707754273514735 3.217949651262649 0.3956167063726663 9 14 553
3.7013458725246533 2.9735457912486583 0.3518739421565815 9 14 581
3.6471686278752626 2.9481855781045763 0.36504554838499437 9 14 593
3.6022515536668207 3.6140087109461567 0.500147107558079 9 15 522
3.591147995486322 3.5049835428982874 0.4784673378502753 9 16 538
3.5946644042781415 3.4685363184728053 0.4703848427759405 9 16 542
3.6398916973587188 3.635203131653892 0.482113532257636 9 17 512
3.7221612850215733 3.117461631241241 0.35590043085022893 9 17 561
3.491881241083467 3.007446502992072 0.4121458309145578 9 17 614
3.569056567985664 3.5833514995371463 0.4865249359499073 9 19 531
3.6782518740330046 3.333876388492034 0.40159921497515527 9 19 543
3.735543147561466 3.179040469677676 0.3470600919964615 9 20 551
3.7242589815541587 3.151167903632075 0.34550231467014747 9 20 556
3.65838821671184 3.1439060974241224 0.36646701592306785 9 20 568
3.731333166601802 3.338056429371192 0.37401096595676053 9 21 533
3.622463187535243 3.6560269022148253 0.46815553273126675 9 22 511
3.7711625784159404 3.364864673164654 0.36036518606642365 9 22 523
3.7414021190083684 3.3255569957452655 0.35231080508857904 9 24 532
3.8479024821611088 3.3148582866216794 0.30794479294061095 9 25 516
3.8255985446828973 3.3189209508808197 0.3164865501459351 9 25 519
3.7208951496729794 3.2579016862026995 0.34071122628205797 9 25 543
3.56941963119087 2.9574241612019803 0.33370019561044684 9 25 602
3.7318500544324174 3.325755162791597 0.34505744719051634 9 26 533
3.6590130239680843 3.1530212801892343 0.33602630370433495 9 26 565
3.5991752957588465 3.0465599316965806 0.3356663433937024 9 26 587
3.821707732038721 3.387133422607678 0.3205944251426116 9 27 511
3.816746471349051 3.334839473281688 0.3118637366753101 9 27 518
3.6706362343229695 3.282787587480949 0.3525562629018122 9 27 548
3.7751755689333653 3.337726831825285 0.32160413369899254 9 28 524
3.7204613265685698 3.328542839428798 0.3389770667558052 9 28 534
3.716130968228949 3.3005254367030954 0.33486344727149464 9 28 538
3.6276990280981347 3.141994802092375 0.3340445167585959 9 28 571
3.5721305013159825 3.0384348327494113 0.3327368962947248 9 28 592
3.838017370094817 3.3532343903970054 0.2971783813971709 9 29 512
3.732976778365847 3.334163358990179 0.3303779517359857 9 29 531
3.6751612117713726 3.296967928075321 0.34325572201472454 9 29 545
3.6168519308177682 3.110621480014685 0.3261648419190837 9 29 576
3.593800585826971 3.036494321793591 0.31931555702690484 9 29 588
3.8237846718724855 3.3591977710428473 0.2924802622407692 9 31 513
3.780669352883501 3.3405034210425364 0.30400250956690966 9 31 522
3.609865824686241 3.1433614450016885 0.32453208976721637 9 31 573
3.6154161686596322 3.0696835018555255 0.30752299683938045 9 31 580
3.766719890768975 3.3402186192516 0.3034913175255507 9 32 524
3.6520249230223634 3.2098722695018393 0.31773437167404506 9 32 558
3.6081591208058947 3.1703914950585723 0.3253082422442679 9 32 570
3.5913146255781063 3.030939950869841 0.3027313222118917 9 32 588
3.781879741663383 3.3767165038740314 0.3001452594540672 9 33 517
3.7800077307993596 3.3454176148231847 0.2943681329492538 9 33 521
3.7509659260251205 3.342515824454556 0.3041875392340514 9 33 526
3.8156381147895555 3.3719456989201326 0.2815706381267069 9 34 512
3.6004960954802394 3.1947660573163867 0.32238307422022006 9 34 568
3.5905757482028093 3.1744609433777287 0.3217526837081792 9 34 572
3.6018494670150925 3.13815177499475 0.3101751082664661 9 34 574
3.5796010598405905 3.044138332992657 0.2987258467895495 9 34 588
3.581737977718737 3.1124811867639237 0.30670199335087345 9 35 580
3.7782486510311406 3.341055139548179 0.27768953345486946 9 36 521
3.597317994473393 3.1850149058902133 0.31078821111387533 9 36 569
3.6129422568314213 3.2532598689603205 0.30869476374672855 9 38 558
3.603287569049952 3.169695047280099 0.29459754015960193 9 38 569
3.593702821740847 3.1021573787307224 0.2838565602838172 9 38 578
3.5864780942774734 3.0859460096275395 0.2830815803053257 9 38 581
3.5971081269077327 3.090330011216137 0.2691010939590237 9 40 578
3.5151616003203454 2.9613548090447246 0.2718850910744395 9 40 606
3.6340998800525055 3.2214607334830343 0.27792484532772543 9 41 557
3.617854390841199 3.165212688134438 0.27190966886642665 9 41 566
3.6231582179488786 3.1291492090514565 0.2622248979942816 9 41 569
3.6098425470603983 3.06942035127872 0.2432054342143113 9 43 577
3.593797729150223 3.076857686433743 0.25080984892652225 9 43 579
3.587799429338833 3.0678045436368473 0.2510961847890729 9 43 581
3.5112297322221075 2.9575146519859192 0.25589107833111413 9 43 606
3.629428023326602 3.156541480145637 0.24915784054080037 9 44 564
3.6383417274768313 3.0769051040685658 0.22852663962059294 9 44 571
3.614739172623602 3.2040907365012927 0.25950122187923474 9 45 561
3.5579512603077044 2.9762829031865374 0.23122421015500816 9 45 595
3.6383525915136152 3.207204017421641 0.24019346001969333 9 47 556
3.6139539623482486 3.1721294987272772 0.2417433466354022 9 47 564
3.6290028374322594 3.0635862292520426 0.21213373839326732 9 47 573
3.637754379762976 3.1778844642817226 0.22837424102171067 9 48 559
3.612490059746116 3.177764004100266 0.232418430674044 9 49 563
3.550429797801339 2.9653782328063283 0.20900590564646304 9 49 596
3.5122343809355216 2.963598555406225 0.22324104851623439 9 49 603
3.538845855006299 2.8850432721929 0.19559558190380688 9 49 606
3.630278379981646 3.1745398271728793 0.21927665431595345 9 50 560
3.51127131028342 2.95797398448926 0.21104712146437654 9 51 603
3.5340059830361117 2.896496097013399 0.18848326673509597 9 51 605
3.629648480695198 3.233739716611498 0.2215917461506529 9 52 553
3.6332493431711574 3.2009045747054703 0.21279928704206896 9 52 556
3.569636845470825 2.9709494125987743 0.18566363677583664 9 52 591
3.5853356608321088 3.0969460988995308 0.20229588924624098 9 53 575
3.555784839773446 2.9515735166069037 0.18090247491585787 9 53 595
3.5156891312581027 2.9727178944302066 0.20129567921514502 9 53 600
3.602341651395715 3.1604760723102894 0.20441506835519796 9 54 565
3.544887239438746 2.9470814041581055 0.17835933440422203 9 54 597
3.5969849354786163 3.100050824716319 0.18706668623664635 9 55 572
3.542934085989576 2.522768662784653 0.07644102418373944 9 55 636
3.628567111768309 3.159571647225924 0.1825593671463719 9 56 560
3.557511209817263 2.977889768800295 0.1688738388966955 9 56 591
3.526731944598863 2.941821905526516 0.1727260428448112 9 56 600
3.551070931555711 2.6239243164189388 0.0840463330317549 9 57 625
3.5501897745803395 2.591472299362297 0.07691586565979858 9 57 628
3.589989465800943 2.634575234432167 0.06488145133357315 9 58 617
3.591918717038374 3.1431952458052717 0.17615963130768852 9 59 567
3.553074016131104 2.622320802641793 0.07051161554992458 9 59 624
3.537755245816483 2.549181083328156 0.05961013952349914 9 59 633
3.5215282942043613 2.547112436704036 0.06559942327037449 9 59 636
3.6133504152318325 3.1528874565806593 0.16412225622906496 9 60 562
3.532078178072945 2.9301393070428556 0.13287460941723062 9 62 598
3.5420534219777364 2.653053011298554 0.06353039571379271 9 62 622
3.613918009285307 3.1617312729556115 0.148664717747248 9 63 560
3.6083371490696443 3.2234178891025667 0.1598137115636762 9 64 554
3.5920814087391424 3.221168822806197 0.16589055308518552 9 64 557
3.515316323589772 2.963024475004508 0.1357111579697643 9 64 597
3.4599835382242166 2.6720852863063054 0.08901383089256898 9 64 634
3.5172411179713574 2.9418113331566413 0.11809387539363803 9 66 598
3.534663906835636 2.889444912170466 0.0983833398303573 9 66 600
3.5091133586265073 2.794582841341947 0.08003049826001796 9 67 613
3.507632527890167 3.012550252988412 0.1273464492553209 9 68 592
3.5098384710959007 2.9681164224062684 0.11567548018761009 9 68 596
3.5045758099641047 2.943089433342516 0.1058664178047155 9 69 599
3.4902679632090363 2.800530241814487 0.07712798666888832 9 69 615
3.4355341326982987 2.721328515329171 0.08056948445011658 9 69 632
3.5123977790851995 3.096121072581922 0.1340570092752822 9 70 582
3.4992443521780356 2.8652678923013535 0.08313654917857871 9 70 607
3.535527441316895 3.1597554546379674 0.13420179514013797 9 71 571
3.5314232006248956 3.099176791119948 0.12105254057167869 9 71 578
3.5018283806127615 3.001824570359809 0.1095370179776749 9 71 593
3.4890480826987122 2.98423485298291 0.11056410922157633 9 71 597
3.453449073602422 2.8200376211663176 0.08515601079243229 9 71 619
3.436139343889886 2.7667200087408705 0.07930967363553654 9 71 627
3.486329107487706 2.954615374274656 0.09850747382865199 9 72 600
3.42461758390826 2.791961145789118 0.07830446294948068 9 73 626
3.420759912195921 2.7776621220178646 0.07639011145313912 9 73 628
3.417838223970868 2.7613854078801965 0.07359175895073689 9 73 630
3.4948508827624254 3.033515404852948 0.10262662125388311 9 74 590
3.471942418792379 3.004019624673958 0.10498324249102575 9 74 597
3.426356548717571 2.838705656619813 0.08316141910890096 9 74 621
3.450485337004184 2.9783378377975573 0.10178983666526653 9 75 603
3.4194732217257213 2.890945767759777 0.09313404402348402 9 75 617
3.533860097277549 3.2595074302527136 0.13087501190575224 9 76 559
3.520563180069365 3.1685013738530303 0.11371565599747013 9 76 571
3.441667756534919 2.9599098551897525 0.09502740298193268 9 76 606
3.430323054417886 2.833003721785559 0.06803047983212229 9 76 620
3.528005448135044 3.2099561099726355 0.11515359267918868 9 77 565
3.5136151716356943 3.0094287406949447 0.07079114733639491 9 77 588
3.494105371769229 3.013720304222896 0.0802223500486492 9 77 591
3.5267688600407014 3.2986452569790514 0.12660808692406955 9 79 555
3.5044595668822476 3.098391117854536 0.08533608488773092 9 79 580
3.449677329290739 3.056092781897352 0.09821465731727663 9 79 594
3.444506355679426 2.9944435594936794 0.08477689618806838 9 79 601
3.381493822397644 2.9380408276401466 0.09762073622919676 9 79 618
3.5391250838188015 3.3036076689014413 0.11679350990112303 9 80 552
3.5115606118074347 3.261795925706031 0.11229500978471352 9 81 561
3.433670623085937 2.996535053157266 0.07814703444865301 9 81 602
3.334673133634881 2.852154610477747 0.08416359586278332 9 81 634
3.536987230300701 3.3284777323046164 0.11259400181596857 9 82 549
3.519292877844801 3.2179551985969885 0.09185748905748436 9 82 564
3.4251844412648014 3.028981563420277 0.08426444949987921 9 82 600
3.3637194162759263 2.981474321637891 0.09885237774981182 9 82 616
3.3362214377473336 2.8880053964340733 0.08678462640816509 9 82 630
3.4921911638091494 3.1836423715032014 0.08900380897122151 9 83 572
3.4903606503123017 3.167485948072751 0.08562763704148013 9 83 574
3.363891626214314 2.934752293610593 0.08084099819229751 9 83 620
3.4410808990749584 3.1130938035070237 0.08729620515473835 9 84 588
3.4007751434612414 3.005441741200439 0.07706058162396667 9 84 606
3.3248375744366356 2.9025351210817907 0.08372546685513171 9 84 630
3.4920248387479713 3.25335444753176 0.0955273431358874 9 85 564
3.493707181306441 3.1840829966377426 0.07671617423951904 9 85 571
3.5204724465197015 3.342839772064951 0.10055336435763085 9 86 549
3.4218738339595856 3.1106311106577853 0.08341373160531207 9 86 591
3.3721464103387366 3.062264434759212 0.09277827797951343 9 86 605
3.337662148631157 3.03690442926732 0.10141527834917974 9 86 614
3.33767810341069 2.9318504257158704 0.073888101616014 9 86 624
3.5002790767158563 3.2988416473432784 0.09218773136003744 9 87 557
3.48432444805582 3.2597692652837478 0.08900503628011847 9 87 564
3.478046900503662 3.165339066730403 0.06695383292984003 9 87 575
3.398532638994282 3.1785932592349178 0.1058097757878329 9 87 588
3.4771664440427736 3.2870894584152053 0.0936004077067123 9 88 562
3.4032134601552615 3.087297678874476 0.07383295020449676 9 88 596
3.482335663137596 3.1900385804391336 0.05973987932575486 9 89 571
3.404144864237883 3.1119043275969913 0.07405410165572968 9 89 593
3.376420181495028 3.207722639328175 0.10618364936491753 9 90 588
3.351734187329815 3.1157016760111333 0.0927684422096593 9 90 602
3.333182657786666 3.1109347274855286 0.09984522919490235 9 90 606
3.513186759796684 3.3940218836444807 0.08853258134518605 9 91 543
3.5181578845478105 3.3683773390979397 0.07942414793867325 9 91 545
3.50503091427216 3.3435928545881985 0.07872009901260713 9 91 550
3.485764021838855 3.3559480585917734 0.09072879323578587 9 91 552
3.4650351943933346 3.352837594147273 0.0992587588075331 9 91 556
3.456958214226146 3.2644080600913203 0.0792407005796405 9 91 567
3.446174887939156 3.244818052692886 0.07886829988624555 9 91 571
3.414587700487886 3.203773784095622 0.08215046204360066 9 91 581
3.3821243070288114 3.1150000961651605 0.07305469838989609 9 91 596
3.3850173299309625 3.135832627076765 0.07147429951881268 9 92 593
3.5255367521690735 3.332947243021689 0.054862063852073595 9 93 547
3.4605937777288167 3.3357725259199773 0.08518097613791098 9 93 558
3.435498912321971 3.2846717506491645 0.08280917833812751 9 93 568
3.3642050730877266 3.1307808610588044 0.07371868215712585 9 93 597
3.339272729031227 3.147705005609547 0.08963374273758706 9 93 600
3.3172385760490304 3.0995706804057677 0.0866696618200864 9 93 609
3.448020856744419 3.2885448227020233 0.0723428513044011 9 94 565
3.461238377705519 3.374320708852334 0.08380302559086905 9 95 553
3.4875796987739935 3.4550501242119642 0.0879794478064948 9 96 539
3.4942281712587437 3.4272073575648854 0.07730778562648077 9 96 541
3.478296107177179 3.368436286589171 0.06275769169550172 9 97 550
3.3812165161540193 3.2515208392108903 0.07551917900415672 9 97 580
3.484149753500912 3.4724184268497718 0.08287555726070162 9 98 537
3.448283036064005 3.37722005910077 0.07326680519228956 9 98 554
3.3256888313609583 3.20368878094912 0.08228883707591317 9 98 595
3.4757179524884387 3.41188770462473 0.06430631858066294 9 99 545
3.4906185514477572 3.370397271645351 0.04588271140038547 9 99 547
3.4688533228814173 3.481657147187427 0.0811030158963193 9 100 538
3.4594689877440574 3.398680370117833 0.06242038034178421 9 100 549
3.315474809910432 3.320616717067664 0.1080107835683175 9 100 584
3.4574033019959143 3.452683556020009 0.07265624217153421 9 101 543
3.3084439662551204 3.2442244653408965 0.08433514566947586 9 101 593
3.4050023625735077 3.3537785791298824 0.06384437718807767 9 102 563
3.347233698690753 3.3659816908153797 0.08878744329873456 9 103 572
3.3290732508404206 3.3140913554499294 0.08276239850175271 9 103 581
3.4201120974357933 3.467550130315571 0.07723280672797195 9 104 547
3.3241204058661884 3.2623618823247806 0.06476563453984285 9 104 587
3.4442493394582887 3.5232655466203067 0.07583692438157774 9 105 536
3.397654084662685 3.4024762336893137 0.06373554387244296 9 105 558
3.3912725168273194 3.3765655586096956 0.05941887414670055 9 105 562
3.397244080710945 3.489456595912933 0.08295629918822911 9 106 548
3.38702386077486 3.4350127957483982 0.07232140462908854 9 106 556
3.3184670028014063 3.3786881606666497 0.08903398503218263 9 106 575
3.3737605187588358 3.4715845084626045 0.08342592731031151 9 107 554
3.368015207030046 3.4093325785350297 0.0683627353365659 9 107 562
3.339343336353682 3.4274516152404058 0.08163944402826306 9 108 565
3.323935279439134 3.3993317901886293 0.0809766641205516 9 108 571
3.390193349572712 3.5443961670561404 0.08513384854126826 9 109 542
3.4165945113014047 3.485456960173572 0.05536069505933572 9 109 544
3.374247901143453 3.508993520001235 0.08262296394062085 9 109 549
3.366868376511314 3.4946170682412268 0.08204045563855522 9 109 552
3.308046753455951 3.3685913390867737 0.07409764126575702 9 109 577
3.3068565396026273 3.413440160340004 0.08196436653306804 9 110 572
3.4043937295048097 3.5684264528944167 0.0739028646268074 9 111 536
3.3411050355829643 3.4422163967905792 0.06799257534529124 9 111 562
3.368223729125692 3.5877436305129105 0.09155395448512316 9 112 540
3.3595794763882103 3.532756234901071 0.07971027751956683 9 112 548
3.360171552860194 3.484998753895079 0.05975616737979572 9 113 553
3.3514292189724864 3.463749221056564 0.05780991778544964 9 113 557
3.407316510865852 3.5816561386246124 0.059296176018428515 9 114 533
3.314016574332192 3.4698000695179934 0.0722828520072456 9 114 563
3.3560227892170675 3.598783220457655 0.0840083613964917 9 115 540
3.341339041280736 3.5187765230825025 0.06759567326643023 9 115 552
3.3801200350362866 3.6010894491807846 0.06713108682911617 9 116 535
3.3186098447133414 3.5239753382515104 0.06909309455796997 9 117 555
3.3132581924094646 3.4886543189520998 0.061222065233206724 9 117 560
3.3925778112334166 3.5936939048597427 0.04734697361979401 9 118 533
3.3697094418346905 3.5431742768050576 0.04364506413567848 9 118 543
3.3854010384927506 3.6079466217261973 0.04379702632752824 9 120 532
3.359402817826087 3.6309621608132003 0.06383641199548351 9 120 534
3.3289432080495347 3.5594496964771425 0.05757829282566651 9 120 548
3.3288918380582366 3.5970289065389833 0.057668970025285926 9 122 543
3.366834553492763 3.6285547533282148 0.042326064936035745 9 123 532
3.338977058161308 3.6294381594428193 0.0567774659272029 9 123 537
3.304970667865379 3.612737522309329 0.06336979319777925 9 124 545
3.320180146936928 3.6508711079027805 0.05606598265917917 9 126 537
3.3110573959275618 3.7071571283195555 0.06147304013739108 9 129 531
3.3081908674962928 3.7146943586244046 0.05414506565397259 9 131 530
