3.686064658157197 3.3710455895370575 0.3141424816855034 9 4 485
3.6871181389648986 3.3420373993136625 0.30728235066561327 9 4 488
3.6357952036764853 3.260266055874311 0.3046750080999532 9 4 505
3.6197698675592394 3.2662186195106 0.31095445098919416 9 4 507
3.6367353390468944 3.2008248407165807 0.2909933006660843 9 4 511
3.617285421436124 3.0925819319236405 0.2726000262472561 9 4 525
3.58590326577523 2.2459035738220043 0.09151561692544186 9 4 601
3.489575330291079 2.150660346911321 0.09974175050255218 9 4 623
3.5719926063897387 2.968458541879994 0.2530122577530207 9 5 544
3.519556195514625 2.9442758121524397 0.2637654454462859 9 5 555
3.6372997176854036 2.390434783062954 0.101952672676479 9 5 582
3.5922094815208094 2.282848986817618 0.09155223463718043 9 5 597
3.5565601874504926 2.277561952380486 0.10138778592508069 9 5 603
3.5328490351937982 2.2884371100775405 0.11118752258402531 9 5 606
3.4737448766753105 2.123933899024717 0.09223940863474134 9 5 627
3.6403430004927255 3.1804546573876378 0.27439510523131605 9 6 512
3.611572766795353 2.3993059102935583 0.10566387606607441 9 6 585
3.6158586703864786 2.3504528485500353 0.09322023317140626 9 6 588
3.6091438037910617 3.0672964837536743 0.2528046199380882 9 7 528
3.519150417986233 2.949518100803233 0.2539759026731314 9 7 554
3.652477721454391 2.4814763522224816 0.10540231996728511 9 7 572
3.5769020684578767 3.0466866509442614 0.2526157487117251 9 8 535
3.5593646491286677 2.960217747116073 0.23825803660938183 9 8 546
3.6065087482862213 2.3067991987665355 0.07344870340448972 9 8 592
3.556228070497082 2.332715559643229 0.09515861019014138 9 8 598
3.5264811222350794 2.3567148681037358 0.10999257012885022 9 8 601
3.461807072153686 2.266673594254384 0.10958835573488379 9 8 618
3.4570641778362416 2.17677639159415 0.09043334909431144 9 8 625
3.6252463082068593 3.284493475113813 0.2867062654198913 9 9 503
3.486537187924925 2.232309855790715 0.08762833185732033 9 9 616
3.3782617699723048 2.187343052913244 0.11133410427163182 9 9 637
3.6194517018924826 3.1645062836727975 0.2553531616427005 9 10 516
3.6129590984779645 3.0837542213404037 0.23868817262456332 9 10 525
3.6283648278911658 2.567428561630854 0.11414208226264577 9 10 568
3.587689876731898 2.418043381046665 0.09237315381941769 9 10 586
3.5905943643819604 2.3313445219031044 0.07135959212693876 9 10 592
3.4881842897339537 2.3773439087084394 0.1143909142339461 9 10 605
3.4853013237428145 2.3564100691917647 0.11044999292209723 9 10 607
3.432833862106199 2.1799665431260884 0.08613666330868641 9 10 628
3.4173329312695264 2.143632877694546 0.0826145207183624 9 10 633
3.6319642588874204 3.269555116914292 0.27033573169416214 9 11 503
3.610376306046284 3.2163248329671354 0.2647918546619241 9 11 512
3.56342920511454 3.04042612374392 0.2387306616770788 9 11 537
3.5337176753584503 2.9646302644827207 0.23051028947641772 9 11 549
3.691560995729281 2.516826671508625 0.07612736774720297 9 11 562
3.537216760622115 2.3869642525466093 0.09487541476694705 9 11 596
3.450732711587623 2.305133616646164 0.10326964130728844 9 11 616
3.620667357482522 3.226886057681436 0.2585292018478733 9 12 509
3.5931959189678855 3.070158486677146 0.23061617794137912 9 12 529
3.647547013744409 2.5473463668978376 0.09097091437838856 9 12 566
3.5980672904750977 2.5438192364176944 0.10591683709354305 9 12 574
3.5458487865801036 2.5480058231207376 0.12354048273754459 9 12 582
3.549313896445855 2.383230337818296 0.08388379244652744 9 12 594
3.490015242524895 2.3771964604015805 0.10137290050088787 9 12 604
3.4358706448283023 2.277945759881324 0.09540943430643867 9 12 620
3.5148398990294734 2.949029300911822 0.22161953042300286 9 13 553
3.5737514302601 2.3804190774742757 0.0691038188210269 9 13 590
3.4679778092098887 2.2686793184588128 0.0766935443820993 9 13 615
3.3804188968742244 2.2328090551899145 0.09628731633935361 9 13 632
3.644937994786508 3.213173000720664 0.23653957469073839 9 14 506
3.622527217061001 3.1290946305515694 0.22388670452320447 9 14 518
3.541322080049429 2.8739879317113908 0.18974102664032344 9 14 555
3.5750956943750056 2.787572703523746 0.15847768514159832 9 14 557
3.518488914055267 2.4269737760966033 0.09151249458444455 9 14 595
3.3731414233720427 2.200733560468643 0.08480038243522348 9 14 635
3.6134970810059452 3.231138060053569 0.24540758988216282 9 15 509
3.624178855464984 3.1843678709103944 0.23086315842266814 9 15 512
3.610692006276979 2.5824269816619987 0.09239852021337436 9 15 568
3.4553148313201 2.259014826469939 0.06581462732207277 9 15 617
3.379926309706814 2.251994497385783 0.08848134964819399 9 15 630
3.3840888188495852 2.197267751682785 0.0741532866465171 9 15 633
3.592185705060997 3.123009865390081 0.22104745190537445 9 16 523
3.5649978451825977 2.9797877969938584 0.19572006683012733 9 16 541
3.5551477135934197 2.9756258469374846 0.19792049083338004 9 16 543
3.5266291605513977 2.917240013168468 0.19324638479356504 9 16 553
3.5564354790010526 2.8388614880411254 0.16490327500925384 9 16 555
3.556367914710049 2.547958075481626 0.09558396654211831 9 16 579
3.4698736424454104 2.509990687547082 0.11456718686408585 9 16 596
3.6163228109245416 2.674885400382185 0.1002819842460081 9 17 559
3.6237388815813487 2.599149372085053 0.07973181453576794 9 17 564
3.5848773351905097 2.587833183731327 0.08966962614856944 9 17 571
3.6279421143059967 3.170845350140202 0.20966247224117263 9 18 512
3.6161895352375826 3.1596380035740452 0.21080705898123897 9 18 515
3.57256271451457 3.07816425190817 0.2054637790884546 9 18 530
3.5578102315469256 2.94253933503346 0.17765647977682608 9 18 545
3.5377388965410983 2.5777293048821788 0.09645025421234266 9 18 579
3.590961628532745 3.075349425108353 0.193098463680363 9 19 527
3.531803486524617 2.5473272696737426 0.0848942555509522 9 19 582
3.6208345672891413 3.085048259045407 0.1799207731782091 9 20 521
3.5479708484422576 2.9429266023480345 0.16942338979246685 9 20 546
3.585015834268427 3.0693445332152405 0.1822099852353678 9 21 528
3.5650823320127305 3.082520009310565 0.19201946938213643 9 21 530
3.5936288793976656 2.6298107904837567 0.0721488495405318 9 21 565
3.578567867863612 2.630562001550189 0.0711187255178849 9 22 567
3.559678629062322 3.0755801620139485 0.18075500356640317 9 23 531
3.5583886019761737 2.947733448552384 0.14971450363464012 9 23 543
3.5330648773823428 2.960476211465794 0.1612997973453556 9 23 546
3.524741749623416 2.608914863880409 0.07753585947349717 9 23 577
3.6156329308868926 3.18576112143003 0.18355653691222762 9 24 511
3.5626237993681045 3.0540070763284572 0.16299099768404557 9 25 532
3.5535816015408637 2.812804475056903 0.10611475513398982 9 25 555
3.5584728925466518 2.779894822087642 0.09629430668786654 9 25 557
3.548699961663518 2.677766598359968 0.07421168177776982 9 25 567
3.6024936934008513 3.1893828466494925 0.17187897509508154 9 27 512
3.6086324677837616 3.1640584663069475 0.15198953435221751 9 29 513
3.604698872255474 3.1499713415233535 0.14977113465474345 9 29 515
3.577663046942961 3.1014979368462567 0.14675353987112816 9 29 524
3.55799367679637 3.0929691317220884 0.15132123740763248 9 29 528
3.581181195053766 3.1936813251195844 0.15749759157655996 9 31 514
3.5697873432919267 3.1921270673215294 0.16102826733948916 9 31 516
3.5534206476348 3.1133952560986726 0.1408156031151251 9 32 526
3.6079794437985386 3.1829314194251896 0.12820724090235247 9 34 510
3.562720444085725 3.206150403978331 0.15000436949415197 9 34 515
3.5648748202104246 3.2252634400965094 0.13709042043762287 9 37 512
