2.9043022921740103 0.8436418154136451 0.8357731675593387 9 4 377
2.883217689828933 0.8504213852847782 0.8358172737996008 9 4 384
2.8022656860542154 0.8496257749697342 0.8352029593311724 9 4 411
2.784739890505595 0.8556411939222757 0.8352507266312855 9 4 417
2.7145956886513107 0.8351991964853827 0.8341413836722649 9 4 440
2.7035870629062217 0.8439737842180333 0.8343173414116706 9 4 444
3.6096282591991327 0.8987872395049077 0.8397230252366225 9 5 145
3.607136691218105 0.8888002919564351 0.8393986788036438 9 5 147
3.5913851034541002 0.897140356185363 0.8395417112657821 9 5 151
3.5685363851967353 0.8820616786138222 0.8389151792918469 9 5 160
3.5362949050771317 0.8932517246632772 0.8390274685381729 9 5 169
3.415326147977618 0.8801620911024712 0.8377586188218945 9 5 209
3.3574408944781338 0.8879524578062423 0.837582752921463 9 5 227
3.249855755745674 0.8717324265314548 0.8363137739733103 9 5 263
3.0195665160665732 0.8487739916644976 0.8339584164692507 9 5 339
3.0003993581326776 0.8654829005364293 0.8343337935237481 9 5 345
3.8506684215389235 1.1559222765923682 0.8468749112662203 9 6 22
3.8551124435167226 1.084782419126677 0.8446179165894682 9 6 35
3.814416983388668 1.0128195272008138 0.8420168914213902 9 6 62
3.821181534820773 0.9765756659186677 0.8408986734705474 9 6 66
3.831361653000998 0.9265487095411791 0.839361142133269 9 6 71
3.759706336773238 0.924415989700347 0.8387884454147092 9 6 94
3.742370879739061 0.914179387548222 0.8383372233886253 9 6 101
3.7343136004494175 0.9190246049815671 0.8356312550174179 9 7 103
3.6855978992675102 0.885379172331032 0.834163058166039 9 7 123
2.910035397953958 0.8651954730028355 0.8281314334541843 9 7 375
2.8830828312738723 0.8649288261301793 0.8279364487940699 9 7 384
3.623347190886571 0.9069965124846746 0.8316489665956032 9 8 140
3.5808525098864643 0.9031603460731972 0.8312266230351246 9 8 154
3.464547399001725 0.89590853583123 0.8301847672295002 9 8 192
2.779369545331746 0.8741089084672233 0.8247818795014166 9 8 419
3.1843983129505484 0.8805098698498142 0.8249519193351426 9 9 284
3.832867183118338 0.9154149455109166 0.8276969490008615 9 10 73
3.728841083000281 0.9341334934429355 0.8277338275216137 9 10 103
3.6432512372808974 0.9296503651227257 0.827006723122555 9 10 131
3.1008090212620263 0.8936554378481474 0.8221097294792593 9 10 311
3.0012608934506115 0.9041291731326118 0.821861646308035 9 10 344
2.9333725215283044 0.8947572031310105 0.8210633706978986 9 10 367
2.9245583673817235 0.8885558691584738 0.8207698527980894 9 10 370
2.8978535508957433 0.8883073496641125 0.8205868061318158 9 10 379
2.8858978917861777 0.8764167746622042 0.8200561493141585 9 10 383
3.22105254725058 0.9003266433071597 0.8203666957312759 9 11 271
3.8124963808540944 1.0110859952243438 0.8258184962003571 9 12 64
3.729438283690296 0.9485224255168434 0.8227315665551882 9 12 101
3.685618866318281 0.9348491463763557 0.8218969768933599 9 12 117
3.599714254869256 0.9326379394709039 0.8184820603375944 9 13 145
3.5427351453384546 0.9361263101256843 0.8182831301500318 9 13 163
2.8738766106457665 0.8886938429579891 0.8121865722392844 9 13 387
3.8328278125078428 0.9505935570809396 0.81787040642153 9 14 68
3.6668816106063686 0.944239377596972 0.8166011151132802 9 14 122
3.5710799476656025 0.9355909747171824 0.8156489673509268 9 14 154
3.443905829715084 0.918718935916105 0.8141475146744925 9 14 197
3.4142170296021512 0.9257436171517786 0.8142799528912252 9 14 206
3.34253191525829 0.9192723124760676 0.8135674932206792 9 14 230
3.2427789430224983 0.9167369531303433 0.8128610737386052 9 14 263
3.1527553227543925 0.9140016752415729 0.8122038546959388 9 14 293
3.0877857695526316 0.9049016750218697 0.8114156367494478 9 14 315
3.0805063419742527 0.8869917520258088 0.8105832845834722 9 14 318
3.06812121722658 0.8901868595982885 0.8106501915985724 9 14 322
3.8278820554866493 0.9966339013495225 0.8171377850524927 9 15 62
3.479519961811143 0.924237129342727 0.8118104733575001 9 15 185
3.167821475191639 0.9144179753455268 0.809546937887645 9 15 288
3.7276958374990614 0.9360199237708484 0.8109812731795193 9 16 104
3.6247816076486985 0.9516380511316775 0.8083518018132011 9 17 135
3.5969733105797483 0.9437467613428987 0.8078142306806233 9 17 145
3.8108009350339795 0.9234022173982839 0.8051653081721623 9 18 80
3.8067222514961836 0.9122792365478698 0.8045865947995341 9 18 83
3.573355999361769 0.941759899017292 0.8047966626457834 9 18 153
3.8392809972575472 0.9250711197364665 0.8025485302681017 9 19 71
3.71117632922567 0.9478993947545564 0.8030480386237467 9 19 108
3.590612528708919 0.9380903086885031 0.8019051794036748 9 19 148
2.920780997412889 0.9066408536494162 0.7967436209525981 9 19 371
3.7467312807250117 0.9598537360871373 0.801058580132854 9 20 95
3.6300404975023923 0.9493195879868965 0.7998988208476591 9 20 134
3.559747122055149 0.93867758250496 0.7989722842958804 9 20 158
3.5417887457924557 0.945648956730458 0.7992496119048862 9 20 163
3.830108661909544 0.9632350285287743 0.79886386141451 9 21 68
3.7876790702929988 0.9347174526273387 0.7970953861496262 9 21 86
3.6934408886765597 0.9476773739365281 0.7973298880422409 9 21 114
2.7814860971946134 0.8932589215319113 0.7897886536224099 9 21 418
3.847649950270666 1.1762834811067449 0.8080861324415632 9 22 22
3.8103322249750615 1.020712529849687 0.796461151441531 9 23 65
3.7266212920355186 0.9659898865310725 0.7929137443736486 9 23 101
3.7145090409497334 0.958464862837749 0.7924230835298377 9 23 106
3.6655894028446867 0.9636961563360789 0.7924923081784954 9 23 121
3.645182707701613 0.9532783646093974 0.7917957768809065 9 23 129
3.6018883061770905 0.9450822696050662 0.791118631548751 9 23 144
3.1595916768023407 0.9137299642226584 0.7872164750830027 9 23 291
2.7896792477195227 0.8878400752856352 0.7839720092529595 9 23 415
3.791455665124697 0.9302115938342452 0.7883020894115497 9 24 86
3.3492902433925162 0.9386458006963676 0.7839744649016349 9 25 227
3.150036013960695 0.9185171474260985 0.7818643774151945 9 25 294
3.0120478477182 0.9199773626270025 0.7813362958864762 9 25 340
3.8489387289740375 0.9325450926835681 0.7829662147319192 9 26 68
3.647498352325453 0.9582232304569338 0.7836886871572621 9 26 128
3.6368014320136814 0.9540480686120365 0.783383015620836 9 26 132
3.6240423219811633 0.9625246476951144 0.7838542711285965 9 26 135
3.515847212279421 0.9463385505489699 0.7823802407842217 9 26 172
3.235743885398042 0.914633477084482 0.7791976515463395 9 26 266
3.808013116661628 0.9258242473167604 0.7794919772369667 9 27 82
3.526730305527437 0.9603025415056106 0.7805061374651305 9 27 167
3.405348644066825 0.9365155019176483 0.7784833826264196 9 27 209
3.8465959355567225 1.1837749735596403 0.793571504012291 9 28 22
3.5910794642043324 0.9619830318619473 0.7780843989602795 9 28 146
3.1642420294128666 0.9266559629616955 0.7740510064189166 9 28 289
3.0622958537877376 0.9260002131194394 0.773594676488216 9 28 323
3.0468910383130687 0.9320884356014258 0.7739288446540545 9 28 328
2.899335835167006 0.9038102769772465 0.7714877867176237 9 28 378
2.8785548677839006 0.9051395647026916 0.7714900835887815 9 28 385
3.6915847665083397 0.9530543128103297 0.7750807434819578 9 29 115
3.563394409337133 0.9628363459107576 0.775230499560998 9 29 155
3.552630353238252 0.9501197884110728 0.7743404260373604 9 29 160
3.386453310486707 0.9287120149014174 0.772261692876135 9 29 216
3.2246227689472797 0.9279831525136086 0.7715787717888039 9 29 269
3.1564046134922554 0.9186216737244135 0.7706871978999065 9 29 292
2.8668901813750023 0.9202465049864095 0.7696607303906408 9 29 389
3.62371375057337 0.9673631350566418 0.7729664797132166 9 30 135
2.943984178083093 0.9017332452643925 0.7659197512801419 9 30 363
3.7531992561413885 0.9718961358955664 0.7681277929294353 9 32 93
3.730890246199077 0.9794724644193604 0.7685894160584883 9 32 99
3.6752704190504124 0.9648611851605993 0.7673532785256004 9 32 119
3.6064751735050966 0.9661098603239275 0.7672010332865951 9 32 141
3.58755818119407 0.9590742005419022 0.7666333832376505 9 32 148
3.4751138943338855 0.9446610944111378 0.7652121212000416 9 32 186
3.446220543792079 0.9484462346121898 0.7653805190782287 9 32 195
3.3730892795858973 0.9354509205486918 0.7641981251413582 9 32 220
3.2281137879048627 0.9276913441414547 0.7631368905017767 9 32 268
3.8318725306635706 1.0079086919332514 0.7681895492249028 9 33 62
3.723144054572887 0.9704063258097333 0.765093737057922 9 33 103
3.3320078444311503 0.9414862295563933 0.7616713824627057 9 33 233
3.2491407127351666 0.9457191153801321 0.7617003601418536 9 33 260
3.180479037951767 0.9224826976703706 0.7597778416658137 9 33 284
3.7940764563035385 0.9290808996226798 0.7594253928334892 9 34 87
3.593167369482048 0.9705379660969162 0.7618574515256725 9 34 145
3.5186684252807887 0.9638126456401117 0.7611170259334491 9 34 170
2.9284717758072154 0.9222392048189065 0.7561211693261183 9 34 368
3.81666679570512 1.0036287160206991 0.7622465284255645 9 35 68
3.7228125332542286 0.9664423143551564 0.7591357540596103 9 35 104
3.4472307179531816 0.947945303602773 0.7568808161965833 9 35 195
3.206746122621321 0.9304896186457277 0.7548133613847022 9 35 275
3.0262447577894225 0.9301470856578811 0.7542293907003408 9 35 335
2.8781123930423176 0.9231554513401403 0.7532411397134393 9 35 385
3.61376127837222 0.9673904009812253 0.7560473119043161 9 36 139
3.464717973592709 0.9422452064090361 0.7536613105646646 9 36 190
2.925439939303973 0.9169431818912832 0.7501109544590076 9 36 369
3.567394410178239 0.9516811597403827 0.7518499771607868 9 37 156
3.524635162709875 0.9584418121297522 0.7522632569714569 9 37 169
2.898593371365303 0.9125470678743492 0.7468794335875132 9 37 378
2.8837577347711227 0.9165180829036255 0.7471511074793686 9 37 383
3.7130745226999835 0.970307523898553 0.750889915424648 9 38 107
3.6800094515011414 0.9673226064326286 0.7505612902986574 9 38 118
3.647799620856318 0.9697216510872666 0.7506681830886582 9 38 128
2.922507379715313 0.9000012380893523 0.7431180822628227 9 38 370
3.8007516637993706 0.9274777447582827 0.7447559069156774 9 39 86
3.7441149509261296 0.978579123620736 0.7488031039740298 9 39 96
3.581902293043943 0.9565110432892105 0.7465820365698747 9 39 151
3.1937801063685276 0.9384440551407063 0.7441163214896988 9 39 279
2.958603110119518 0.9002433096914453 0.740387228420615 9 39 358
2.928285361025619 0.9123555081759784 0.7413036747214141 9 39 368
2.8082655885724117 0.8909143900429806 0.7392410007034762 9 39 408
3.3716606309801938 0.9122622616060412 0.7395304656430991 9 40 223
3.2631506949112175 0.941684331813464 0.7417288120168377 9 40 256
2.88045191785746 0.9124362608269396 0.7383680794751163 9 40 384
3.7518196965954704 0.9711305416798215 0.7425044158609775 9 41 95
3.6848906958478485 0.9375485034076787 0.739495543401759 9 41 121
3.60437291980731 0.9726492521472327 0.7423009678217658 9 41 142
3.586420491619215 0.9710286139779649 0.7421225433163512 9 41 148
3.5842222005745263 0.9358754781970504 0.7391260243595469 9 41 153
3.551144457294882 0.9403040167727721 0.7394282614417493 9 41 163
2.796943979184781 0.9071739819632967 0.7349071301470881 9 41 412
3.8214511303924468 1.025222828803221 0.74447946752188 9 42 64
3.8112729138272075 1.032772231998485 0.7451120772164277 9 42 66
3.6638656183745364 0.9506608750462313 0.7376851736198449 9 42 126
3.2472350725914967 0.9469228812590311 0.7364794645442426 9 42 261
2.90111742638361 0.8701608079792671 0.7290954962138867 9 42 377
3.8345573436643328 1.0191434833117985 0.7411800957939265 9 43 61
3.762000817189378 0.958644668557769 0.735700667582965 9 43 94
3.635179383277533 0.9524850831469271 0.734906722729354 9 43 135
3.703167221688152 0.9281474532727569 0.7299675448859969 9 44 117
3.0898970338901965 0.8960415413893505 0.7259597560249286 9 44 315
3.0764164005505883 0.8757965285041556 0.7241179447309558 9 44 320
3.0486270041397887 0.8743450310453409 0.7239366370488483 9 44 329
3.0366949984151614 0.8679823150264872 0.7233436511394727 9 44 333
2.9286291929456376 0.8635123441791268 0.7227440100744454 9 44 368
3.7950573957430906 0.9324201343359739 0.7275826348012666 9 45 88
3.587276358128684 0.9728217318998327 0.7309192427646707 9 45 148
3.4828702635654087 0.9031812844020495 0.7243834249902203 9 45 189
3.386582379817744 0.871248064190211 0.7213043565897967 9 45 222
3.1464629187553625 0.9118995872741462 0.7246089396690452 9 45 296
2.7279600279884297 0.8403145237025291 0.7173628621851533 9 45 433
3.838678803911159 1.014687122306468 0.7323491640321645 9 46 61
3.656997720350219 0.918052753335306 0.7230925936930642 9 46 133
3.622940723111882 0.9624848106810726 0.7271658181307288 9 46 138
3.5813216198498523 0.9650619392105999 0.7273404091251107 9 46 151
3.5723414369333204 0.9558056331224831 0.7264668514351338 9 46 155
3.5576103236984533 0.9185820313028823 0.72298715688163 9 46 164
3.4766872694205717 0.8933297722668616 0.7205162291174394 9 46 192
3.443443331064551 0.8977185856786345 0.7208720896378983 9 46 202
3.4365120484553544 0.8886473679424081 0.7200189071211853 9 46 205
2.9192382999721005 0.8641206121669911 0.7169366482164763 9 46 371
2.909998461349606 0.8643422454156457 0.716942858499945 9 46 374
2.700657873502306 0.8443884746265837 0.7147642343191715 9 46 442
2.689428456809404 0.852876129352443 0.7155349766968533 9 46 446
3.717871530947231 0.9828379478959757 0.7263480397784052 9 47 105
3.7097634903993657 0.9662809651232813 0.7247731853928653 9 47 110
3.6962863950352105 0.9102046654288154 0.7194591452276006 9 47 122
3.5696238691618087 0.9473001066264541 0.7227826778192615 9 47 157
3.547713642663911 0.9115622703118855 0.7193771561635284 9 47 168
3.5118607639969452 0.894610737797993 0.7177257970701453 9 47 181
3.4098110775787243 0.8938382785430647 0.7175084922367418 9 47 213
2.9620533500132877 0.8755723071499717 0.715150311948276 9 47 357
2.7208029143760437 0.8337486930590656 0.7108598517887431 9 47 435
3.850572409749021 0.9348947713030391 0.7190558426342131 9 48 71
3.7863606495772473 0.9269895661160419 0.7182152679941516 9 48 92
3.539761611758091 0.9078909637993984 0.7160679764856471 9 48 171
3.36910346135302 0.8798335357270572 0.713157493403579 9 48 227
2.9284048017915634 0.8600813055344594 0.7107002339127076 9 48 368
3.8389790359247797 1.017294878659149 0.724123888332441 9 49 61
3.7741976263927857 0.9398031131836644 0.7164912704229112 9 49 94
3.6671844839995886 0.912231746063517 0.7136805077233744 9 49 131
3.3869529637415217 0.8858804837503509 0.7107925789223136 9 49 221
2.9005019663585276 0.8577704349770408 0.707499519197862 9 49 377
2.697209343247221 0.8467934338650509 0.7061984752793823 9 49 443
3.7994526876845844 1.0402077194714794 0.7235254885333221 9 50 70
3.8463235828780737 0.9201996627313247 0.711677416551859 9 50 75
3.716100302508738 0.9126553314985966 0.7108005769078803 9 50 116
3.5083756805279833 0.8886388159775098 0.7082142802975576 9 50 183
2.745794694932075 0.845066628394618 0.7031397175512784 9 50 427
3.839455070572935 0.9219101972338715 0.7088565488014711 9 51 77
3.613211543830782 0.9761903091779578 0.7141293237808874 9 51 140
3.5507957816437834 0.9684514740117005 0.7132971234275406 9 51 161
3.376139124835569 0.8800847963340475 0.7042517723554801 9 51 225
2.9434201731556278 0.8736387897510856 0.7032350642132953 9 51 363
2.93124007394738 0.864121868267993 0.7022665313196846 9 51 367
3.798820899289947 0.9258285939421027 0.7062408328456713 9 52 89
3.706973321014103 0.9059710061336284 0.7041453274443832 9 52 120
3.689616351174203 0.9159702585080483 0.7051554773003141 9 52 124
3.677009850542064 0.9074720073396412 0.7042775909658607 9 52 129
3.5415500397746786 0.9068095141199062 0.7041139346463974 9 52 171
3.237215748842447 0.9266519606464401 0.7059273665104219 9 52 266
3.8267517486895524 1.0325976839215327 0.7143620751942645 9 53 63
3.712763878856033 0.9865818843371639 0.7095200214367479 9 53 107
3.6497839737742543 0.9273078272040574 0.7033303305314035 9 53 135
3.5816087136423564 0.96318361181652 0.7070164758296738 9 53 152
3.5604181961018577 0.96967673141647 0.7076786156874969 9 53 158
3.20456535741045 0.8818623652161723 0.6983599535456411 9 53 279
3.0474561925655674 0.8907960938978838 0.6991985306907772 9 53 329
3.603301344183068 0.9884290947988998 0.706792425064174 9 54 142
3.5424346400510975 0.9335819771806402 0.7009858765435951 9 54 168
2.9713552537419092 0.866277590431874 0.6936499823481933 9 54 354
2.7352441358039306 0.8386625385238631 0.6906392962010028 9 54 430
2.7177255654250634 0.8486316628621942 0.6916825846365807 9 54 436
3.596426916724455 0.9753882995358631 0.7025342209265568 9 55 146
3.5838346316696255 0.9343764719366987 0.6981435048659393 9 55 155
3.4602520716943608 0.8822957107786147 0.6925374284039048 9 55 199
3.2585909402160134 0.9459397503057316 0.6992888007962961 9 55 258
3.237441052524365 0.8936619601650333 0.6936905166519249 9 55 268
3.1191271195718167 0.9406952914946451 0.6986884783427724 9 55 304
3.1162225905567507 0.8869165285617546 0.6929347724969448 9 55 307
3.730881982623853 0.9845619360211149 0.7006640649117898 9 56 102
3.7169265945445935 0.9874967496965275 0.7009806977968465 9 56 106
3.7143531174644395 0.9725834389012045 0.6993614795568023 9 56 109
3.427181608521475 0.8973733946924036 0.6911573059031297 9 56 208
2.9649163209129896 0.8703237085659279 0.6881565992267512 9 56 356
3.592481396338732 0.9471029739053549 0.6936458266200396 9 57 151
3.5290574112163515 0.9476650684421735 0.693707939008303 9 57 171
3.441957856159359 0.8915973812000455 0.6875334034127754 9 57 204
3.1626779459533783 0.8915360661913889 0.6875275667999358 9 57 292
3.123938279807298 0.9519626982955636 0.6941825725320055 9 57 302
3.081893439212327 0.9198729139485902 0.690648612758713 9 57 317
2.9492474435276255 0.8743646693531655 0.6856371543524232 9 57 361
2.896761980124733 0.8780100646737943 0.6860387995542844 9 57 378
3.751616875738007 0.9763336585649196 0.6939513614920529 9 58 97
3.5650980831056107 0.9364569449766695 0.6895238331408059 9 58 161
3.2302598041235653 0.8831907077279555 0.683622182120075 9 58 271
3.118581755185975 0.9212814461624024 0.6878937666490482 9 58 305
3.0648660864380437 0.9394713498971654 0.6899336812392398 9 58 322
2.915190493858958 0.8715037675078317 0.6823626282693841 9 58 372
2.744583675458671 0.8487718562589195 0.6798480877016513 9 58 427
3.801654745336581 1.0511627718337546 0.6994978156428175 9 59 69
3.8470926685217908 0.9411941071575145 0.6870254016508204 9 59 73
3.792965256225605 0.9321217853026713 0.6860131737862658 9 59 91
3.5939129856181578 0.9936879459649073 0.6930460809816237 9 59 145
3.508861011375467 0.9253118958744417 0.6853237772887182 9 59 180
3.053212978028992 0.934411594070186 0.6864865163284706 9 59 326
3.857992310160774 1.0114280717991853 0.6920990555009505 9 60 58
3.8067347751618303 0.9252273939505813 0.6822180500391974 9 60 88
2.893606743241267 0.9160025756861137 0.6815530908804399 9 60 379
3.761673924803251 0.9652902484827148 0.6838961841366891 9 61 96
3.7425517472754932 0.9917818288230336 0.6869927710275221 9 61 98
3.708889521470672 0.9187209777806982 0.6785024772151038 9 61 119
3.67936547947231 0.9191910639472369 0.6785742305946895 9 61 128
3.6681028646097054 0.9150390016038186 0.6780971092614384 9 61 132
3.593185023263823 0.9072307105382078 0.6772307871429292 9 61 156
3.526073477038599 0.9691042453680181 0.6844760792851189 9 61 170
3.255687098452604 0.9499209015707406 0.6823974165917402 9 61 259
3.159101235913267 0.8973071861680497 0.6763249119481655 9 61 293
3.8428199769968336 1.0239991564324895 0.6878213022821659 9 62 61
3.72489803964453 0.9277130584325883 0.6765381449516872 9 62 113
3.654018506464973 0.9265364712747544 0.6764502252890945 9 62 135
3.3067652769785574 0.8857889801178473 0.6718892114300192 9 62 247
3.2346033924856012 0.9147842724639361 0.6753644502023114 9 62 268
3.2282361187971405 0.8797442846661083 0.6712320431803745 9 62 272
3.1781202221124003 0.8752201203467527 0.6707339543432715 9 62 288
2.955233838198654 0.8728540228869563 0.6706149557759434 9 62 359
2.9209701000348014 0.8833381073955207 0.6718774075726226 9 62 370
3.6005878897052948 0.9887386920241255 0.6809411325435116 9 63 144
3.493287696296629 0.9665278603187837 0.6783760598968169 9 63 181
2.9771159737570283 0.8698336880784958 0.6672514323759896 9 63 352
3.79383218732834 0.9291878845564208 0.6706304243308768 9 64 92
3.251016373953038 0.960495746259362 0.6749733598403502 9 64 260
3.6778605119905983 0.9116617044065611 0.6655886046527258 9 65 130
3.5966430308616553 0.9022453396483208 0.6645253191247701 9 65 156
3.5165142991703884 0.955464051670663 0.6711555304196114 9 65 175
2.973791750862368 0.8731173658441551 0.6616641282828157 9 65 353
2.9205042160833448 0.9089558736320766 0.6661282659364944 9 65 370
3.8060996025009017 1.0443064073968835 0.6788924212386409 9 66 70
3.84754558506013 0.9355578162999938 0.6653049425898633 9 66 75
3.7015945090154823 0.9109249894103069 0.6624285192788041 9 66 123
3.59352512761661 0.9938692462786312 0.6728909820051581 9 66 146
3.5994750036835335 0.9464939348315036 0.6669874108086701 9 66 150
3.580030341111574 0.9041171455440595 0.661738814102143 9 66 161
2.948609500788732 0.8804466885562221 0.6596112639971667 9 66 361
2.887171055202619 0.9342700568449926 0.6663892023619994 9 66 381
2.716287014627086 0.8594739998086114 0.6573022713497227 9 66 436
3.8288611413530766 1.043403500032119 0.6758979730903518 9 67 63
3.630655993106631 0.9651402772042088 0.6663182597242188 9 67 138
3.1738058321245206 0.8864274256517257 0.6570544394106063 9 67 289
3.0831217481837467 0.879281799995437 0.6562843477424087 9 67 318
3.053337422689124 0.8974103917972103 0.6586123929828721 9 67 327
3.0385827061713693 0.8867106692038964 0.6572849272062637 9 67 332
2.743637011229866 0.8580030210855718 0.6540911355453156 9 67 427
3.8442475397826357 0.9503061597467553 0.6611327128689443 9 68 74
2.9671681354021517 0.8804900586843409 0.6536106853251102 9 68 355
3.7511772184847967 0.9889139417200337 0.6632721642861891 9 69 97
3.2750315497207816 0.9220228725356401 0.6554495522262385 9 69 255
2.910915144956635 0.9400858337196747 0.658414415399168 9 69 373
3.724506976670904 1.0126786821799074 0.6634916892372459 9 70 102
3.714363859590472 1.0076080791264312 0.6628471215796907 9 70 106
3.721404030335618 0.9511123536535386 0.6554403160894511 9 70 112
3.555531794004425 0.9039371561571312 0.6495775750230273 9 70 169
3.484276316014145 0.9722945997731931 0.6586571565227199 9 70 184
3.168326250787213 0.8824862988122832 0.647496477387246 9 70 291
3.0732142935018576 0.8853264372338279 0.6480465428532838 9 70 321
2.705885681214009 0.8563211433654923 0.644939517360605 9 70 439
3.7178686078989434 0.9385658169592526 0.650784148572485 9 71 115
3.6756389030890046 0.9233351858266943 0.6488517241687688 9 71 130
3.2472323742715226 0.9697807228247692 0.65587058780973 9 71 261
3.232591620216657 0.9497742662925466 0.6532497070046852 9 71 267
2.9077823049512492 0.9308328357691287 0.6513967156907161 9 71 374
3.835199190533201 1.0313464039016897 0.6599462690471289 9 72 64
3.459204824108247 0.974582396328431 0.6531491528043764 9 72 192
3.2353243138194796 0.9688945689008746 0.6528714682194258 9 72 265
3.238615074287134 0.8830926508792674 0.6413588809211002 9 72 269
3.209931245417745 0.8825780156143366 0.6413520124457688 9 72 278
3.1185893861455156 0.9542070198266066 0.6511548615262528 9 72 304
3.0667181656355447 0.8883216550215476 0.6424324525167322 9 72 323
2.7144166720962866 0.8534059459120502 0.63851371742578 9 72 436
3.8474600295731882 0.9434876863724897 0.6450984348174064 9 73 75
3.1813764810307115 0.8823209568599599 0.6383377183229613 9 73 287
3.716291369354769 1.0209828445596163 0.6530187477903926 9 74 104
3.7171160387420006 0.9506143972449737 0.6433533610021441 9 74 114
3.584891923833853 0.9169235659429606 0.6390517894499843 9 74 159
3.507303292369833 0.9161349126953406 0.6391342126868775 9 74 183
3.1176086360991224 0.9379314762310316 0.6430853610638883 9 74 305
3.6738388759631793 0.9241683112691452 0.6367738148957333 9 75 131
3.5959576180757225 0.996849415594492 0.6470752800335333 9 75 146
3.598319655677525 0.958759664930668 0.6417767690217359 9 75 150
3.457187781977969 0.9739699384666747 0.6442577070881556 9 75 193
3.214010999029361 0.879552118604189 0.631772189315026 9 75 277
3.8596889711365874 1.019821090986843 0.6466497310010383 9 76 59
3.7925886197531544 0.9382442910691993 0.635367385945522 9 76 93
3.71699944504729 0.9314205511033149 0.6346161248364239 9 76 117
3.641625955854261 0.9556517062144434 0.6382295307375806 9 76 137
3.315889842353081 0.8859002269704443 0.6293208561472554 9 76 245
3.2432526172373954 0.8958951812484397 0.630925610514204 9 76 267
3.230252369665713 0.8792039459402894 0.6286151514248673 9 76 272
3.087595931614237 0.8694292047877945 0.62763356299816 9 76 317
3.7919437969993592 1.0707649230375431 0.6511551982718146 9 77 72
2.7130443613798176 0.850345479644711 0.6229397262904446 9 77 436
3.8559082354322425 0.9392998575575402 0.6292080315742691 9 78 74
3.737477110316234 1.007124048685951 0.6393227176683391 9 78 100
3.716706892339426 0.9628919971542067 0.6330246868648017 9 78 113
3.4314265078802544 0.9898265986061654 0.6377667151048749 9 78 200
3.387185495241768 0.9000856801380668 0.6249952483350147 9 78 222
3.1053921593116165 0.8831621486752956 0.6203650170028714 9 79 311
3.077092943200112 0.880607464188599 0.6200837584686267 9 79 320
3.7832342102680787 1.078724636830784 0.6438060491636834 9 80 74
3.719083924782721 1.0213491764178937 0.6355817553108387 9 80 104
3.7058897221981293 1.0160313931044713 0.6348436925813976 9 80 109
3.6856801927562666 0.9172285670193827 0.6203798232280087 9 80 129
3.4512210203377736 0.9878829980335107 0.6315539364400138 9 80 194
3.8562493152150124 1.02568052687732 0.6328203726028085 9 81 60
3.841233370482413 1.0356657873453257 0.6343575872339373 9 81 63
3.719260041777968 0.9463002399526044 0.6214934856966636 9 81 115
3.704764056241988 0.9274650223583478 0.6187430905296065 9 81 122
3.6009386803338286 0.9500526628636128 0.6224639184262162 9 81 151
3.5777898496625133 0.9170335755731809 0.6176344476429769 9 81 162
3.412807359865662 0.9928660548181416 0.629486308383371 9 81 206
3.2428119957857606 0.9847367104990263 0.6288699585752305 9 81 262
3.2355340402614265 0.9748009445654389 0.627417812006131 9 81 265
3.7925901768458212 1.0747418657566692 0.6374830606097527 9 82 72
3.545706698615401 0.9071863034959562 0.6131894790272423 9 82 173
3.2054182679201695 0.8981027303038593 0.6130601755629155 9 82 279
2.9100522105312607 0.9023471251610733 0.6147714072532963 9 82 373
2.7348409147823176 0.8618034936654209 0.6093125931666623 9 82 429
3.7158257613376264 0.9701709446271713 0.6190218936138987 9 83 113
3.570673131271095 0.9117664705706408 0.6106944825908831 9 83 165
3.302181785559611 0.8957652222165084 0.6092777963803329 9 83 249
3.2442155614319623 0.9790750680280167 0.6221582800864487 9 83 262
3.159222364542215 0.9106580675783007 0.6120817174405648 9 83 293
3.721222029712292 0.9307687861794951 0.6099249522651891 9 84 117
2.708556437908751 0.8516976614512766 0.6017569440057072 9 84 437
3.6695989119842953 0.9294581629429388 0.6068394452526911 9 85 133
3.60175816960335 0.9603474589603183 0.6119119008827238 9 85 150
3.233894451915908 0.8839563958518468 0.6015513013092313 9 85 271
3.1776456699197997 0.8943008848366429 0.603386717438932 9 85 288
3.1168937443537987 0.9751816036311187 0.616191915777567 9 85 304
3.1160322565864833 0.9041612094582776 0.60516883492524 9 85 307
2.753034833077664 0.8631667187839835 0.6002840499947171 9 85 423
3.716931031343297 0.9709835641093076 0.610063674167098 9 86 113
3.250391065312904 0.9812669414835069 0.6136485644526349 9 86 260
2.853209923902383 0.8683533042943063 0.5976103467365022 9 86 391
2.7397715991540923 0.8560577776442573 0.596160477738165 9 86 427
3.6522295383723558 0.9417681708376902 0.602680429787325 9 87 137
3.563972188287989 0.9163461419832142 0.5990358321627873 9 87 167
3.319004030178954 0.8962854557218294 0.5969267512722942 9 87 244
2.721487614573233 0.8628800408967308 0.5942439740306746 9 87 433
3.2211033303172214 0.8856641736276158 0.5925657783828832 9 88 275
3.2114034576000074 0.8858144874366296 0.592633730551285 9 88 278
2.924675857333888 0.9368830917208608 0.6021116716572634 9 88 368
3.6983478021108773 1.3494030866171802 0.6622820674251477 9 89 53
3.734791497200294 1.0625250491128098 0.6156810209368513 9 89 94
3.73542479593286 1.0359237773701473 0.6113726860390163 9 89 98
3.7252988784022856 1.0309082864986068 0.6106082443972647 9 89 102
3.7248062572694094 0.9283309413976832 0.5940085556646704 9 89 117
3.7070103802701695 0.9236484287313047 0.593333839936709 9 89 123
3.5958212703551826 1.0192198200990712 0.6093214001923459 9 89 145
3.2890125295106802 0.9023193644285694 0.5918346398066807 9 89 253
3.7284464198512572 1.1809916650435008 0.632182986292083 9 90 76
3.7282146332308335 1.1071979185822616 0.6201187207621708 9 90 89
3.7155953449213874 0.9851534016775241 0.6002251078583571 9 90 112
3.238905112583815 0.9134312326688017 0.5907966471353625 9 90 268
2.8529456458743487 0.876539773369986 0.5866256265465333 9 90 391
3.5736090626372743 0.9121615458688139 0.585848495811258 9 91 165
2.8971212865988467 0.9719143591315915 0.5990796304280239 9 91 377
3.6119394245695955 0.9251106862271994 0.5846811344754799 9 92 152
3.5420345423570527 0.9372178673014595 0.587058713302353 9 92 172
3.4646936896517406 1.0059534968861947 0.5989207908299148 9 92 189
2.947267321296501 0.8763633941347282 0.5799526816143474 9 92 361
2.9378641586145 0.8714216255777167 0.5791764713414379 9 92 364
2.928321696702713 0.8736298388472916 0.5795936922294858 9 92 367
2.8534893077384322 0.9057563635641768 0.585336010256094 9 92 391
2.748953664164494 0.8676696471986907 0.579517856299463 9 92 424
2.7326719290823647 0.8600606515555247 0.5783319348642755 9 92 429
3.7115998393892595 0.9251799737275384 0.5810478127623309 9 93 122
3.610810366284047 0.9457339360343737 0.5850417873774217 9 93 150
3.591842291334267 0.9184589361538671 0.58054662515559 9 93 159
3.7216962786427783 1.175692687931112 0.6204753839119725 9 94 80
3.761108581612012 0.9953271108337531 0.5895750924944174 9 94 97
3.1924555320688874 0.8877937361714625 0.5743619662364043 9 94 284
2.9758910644747005 0.8723307217918637 0.5729049569967615 9 94 352
3.724134647391941 1.2811970110743378 0.6358596383018755 9 95 59
3.72359392818524 1.2423467752071267 0.6291881666206828 9 95 67
3.611367090879845 0.9381415797972863 0.5775507560538096 9 95 151
3.225939763301093 0.8819045720347025 0.5700361921828632 9 95 274
2.841403929368445 0.9247938157978934 0.5795465859660615 9 95 395
3.703909664449834 0.9232977080238007 0.571335474869044 9 96 125
3.165815806804808 0.8951294649302288 0.5695275564112047 9 96 292
3.062500594179865 0.9429442852944079 0.5784128991462982 9 96 323
3.854452871766698 0.9381960071450473 0.5699068236880973 9 97 78
3.6053899982818445 0.9218302051310512 0.5685029538415052 9 97 155
3.089028992103024 0.8956097473366995 0.5669426184714909 9 97 316
3.7149407120816687 1.3192138041827457 0.6349575921749876 9 98 55
3.852052182242529 1.0228431128935593 0.5817313551553618 9 98 65
3.8021191956101186 1.0794736843664177 0.5920447683604306 9 98 71
3.8146657386433427 0.931836585045859 0.565865891833994 9 98 91
3.792130714605132 0.9501816653696713 0.569245150151578 9 98 95
3.7474319831114915 1.0144175226636243 0.5808717107761837 9 98 99
3.7180612548807264 1.0423353418045915 0.5859846663125655 9 98 104
3.7057753205332964 1.035112369946156 0.5847815826073066 9 98 109
3.498121351782574 1.0051578849108924 0.580735979908179 9 98 179
3.311846803233961 0.8945967557804297 0.5623097795060396 9 98 247
3.2892834186096542 0.9088634428837565 0.5649681189361337 9 98 253
3.24238438720601 1.0004129680920741 0.5814371864009442 9 98 262
3.710380911664701 0.9990849665422141 0.5753470788752464 9 99 113
3.7237599316913634 0.9269776360573052 0.5623947017741902 9 99 119
3.583826038843531 0.928600886746231 0.5635482964061229 9 99 161
3.410157689794528 0.8956126791962671 0.5587326643842714 9 99 217
3.6015976346841523 0.9599965202457341 0.5659519785782359 9 100 152
3.301050694363138 0.9450757240532961 0.5651647783008604 9 100 247
3.1152844936623314 0.9964822009162599 0.5756009318375785 9 100 304
2.981932202827344 0.8755651801130466 0.5546603210609558 9 100 350
2.7256671661686265 0.869729678646618 0.5552298270668972 9 100 431
3.7938669654251926 1.08641976441763 0.5846005603191511 9 101 73
3.422274871893418 0.9013636001411338 0.5533573733331207 9 101 213
3.1197022844749034 0.8811670863826959 0.5516444738826718 9 101 307
2.9404913289596113 0.8710901465422618 0.550972747475553 9 101 363
2.7529932159406303 0.8612818701613159 0.5504035432381114 9 101 422
3.8362915465166987 0.9400488318973248 0.5545425783546215 9 102 84
3.6762023606655543 0.9245808624584166 0.5527650284026209 9 102 134
3.241321384287449 0.8924353918664827 0.549748205395019 9 102 269
2.7380219611215466 0.8724041462335237 0.5494080083506928 9 102 427
3.524315434888507 0.9893537844940752 0.5626166942533781 9 103 173
2.7211622303119474 0.8620161419568164 0.5444792244708964 9 103 432
3.271229262497674 0.9697934133721491 0.5576694552368635 9 104 255
3.6462944884698643 0.9673888943468016 0.5515141099254712 9 105 138
3.5869055595439354 1.0025887755128176 0.5585725408987556 9 105 152
3.544368744015334 0.9622438222998608 0.5512659761164015 9 105 170
2.9850782200640174 0.8732213978561985 0.5384411024860766 9 105 349
3.811994204280973 0.9461364960938363 0.5431610900701518 9 106 91
3.7249111173665557 0.9321951882345962 0.5411388100975021 9 106 119
3.181673940271554 0.8821417279846364 0.5355469353714201 9 106 288
2.936938589280833 0.8732216590285418 0.5356209242148225 9 106 364
3.8572354786688567 1.040638756720906 0.557790881717181 9 107 62
3.845934048186723 1.0436690564829716 0.5584560739504357 9 107 65
3.851239387869855 0.942886542964231 0.5390712715952298 9 107 80
3.7923108956000946 0.9598442979132258 0.5427618436988084 9 107 95
3.7089869926570627 0.9239691170340045 0.5364912023868609 9 107 125
3.550846878013249 0.9188067623281921 0.5366688785825577 9 107 173
3.299275505128856 0.9872317140920615 0.5516623562526952 9 107 245
3.7796153697880257 1.1087470239002386 0.5685382502142007 9 108 75
3.8426875311133712 0.9474760392321349 0.5368326131250192 9 108 82
3.704483704088989 1.0483334939528706 0.5574059497399582 9 108 109
3.4107248166721216 0.902409531295937 0.5313637126939541 9 108 217
2.9754495390312568 0.8701987990610198 0.528409301078228 9 108 352
3.8566394056534907 1.0552114451198098 0.5545836149565129 9 109 60
3.824770055536651 1.0725584817877154 0.5582175471864717 9 109 67
2.736597182403035 0.872193416789496 0.5274515705073418 9 109 427
3.8526576289547982 0.9499875005701344 0.5308702248676282 9 110 79
3.8158308711346534 0.9496945072519167 0.5311015569662698 9 110 90
3.721636723556868 0.9290651941316417 0.5277760112894858 9 110 121
3.579549381128449 1.026382460033695 0.5480671935814413 9 110 152
3.430357928869757 0.9061079984069449 0.5223354997638872 9 111 211
3.242990250612664 0.9083794833052492 0.5242864446804623 9 111 268
3.004129874809714 0.8757089983661948 0.5197048731039484 9 111 343
3.4109149135613137 0.9056694310992093 0.5191984482874318 9 112 217
3.202528595578256 0.8989665112726302 0.5195546048858277 9 112 281
2.9776953945309836 0.8907788649132347 0.519747300199455 9 112 351
3.847748752877664 1.0583505116828227 0.5432236685130388 9 113 63
3.5827253916816075 1.0293839069777708 0.5395704161008289 9 113 151
3.2268502726844948 0.9095288855738031 0.5182984219542306 9 113 273
2.967700575968801 0.9012600240726698 0.5187805635208123 9 113 354
3.708386246647162 1.0530539843434343 0.5403026612380009 9 114 108
3.7064249951486987 0.9299412393270101 0.5152206703764348 9 114 126
3.641832840153193 0.9875934058509066 0.5275208104394966 9 114 138
3.6029740930906655 1.0425302867844424 0.5390495573632595 9 114 143
3.576235649693397 0.9383418983751113 0.5180353554976882 9 114 164
3.4409207106104347 0.9069806924485742 0.5127873079434149 9 114 208
3.234970849328822 0.9367568955004546 0.5206010782769804 9 114 269
3.124650379199543 1.002373104617949 0.5349119179832267 9 114 301
3.4009691002498057 0.9208050048559755 0.512752270686647 9 115 219
3.1995386874954397 0.8996001567957341 0.5101292730150132 9 115 282
2.9394004468511303 0.8821582505848371 0.5087858934152777 9 115 363
3.581437490241598 0.9615486864408298 0.5164185842980764 9 116 160
3.5552336157943376 0.9793082798792208 0.5203299257986207 9 116 166
3.540517219484663 0.9387357095998781 0.5120486872402483 9 116 175
3.132089482725539 0.9934347663849423 0.5269710413707567 9 116 299
3.696094830287744 1.0144187672618277 0.5232864966123545 9 117 118
3.606728198353461 1.0365177746586924 0.5287033463271905 9 117 143
3.5055124582480266 0.9841419557320903 0.5186601584726049 9 117 181
3.4368782082564397 0.9990626586806055 0.5223915595360887 9 117 201
3.1713248550046265 1.019334348596321 0.5289997030183153 9 117 285
3.081507593267396 1.0082095083940812 0.5274765235111099 9 117 315
3.8348136288811197 1.0583497266434772 0.5281938211293287 9 118 68
3.7796460945416546 1.1076311490160389 0.5390798970527804 9 118 77
3.848735801158309 0.9601269634693343 0.5073691878629201 9 118 80
3.6529354426331127 0.9886741214525134 0.5151635670023074 9 118 135
3.4754623880242064 0.9887304555141656 0.5167876761473919 9 118 190
3.0542531656089933 1.007982251471427 0.5246709809577522 9 118 324
3.8154586486883177 0.9473890322736407 0.5017590943306635 9 119 92
3.528635325387865 1.0382104476097376 0.5206725107385978 9 120 168
3.706663809678105 1.070560891434355 0.5229206575942503 9 121 107
3.8487271886922434 1.0775990560295103 0.5200613210648558 9 122 61
3.7730342287584913 0.988600369960674 0.5014277161078882 9 122 99
3.582357389395852 1.0395245737236276 0.5143610480063208 9 122 151
3.698111532132113 1.0642335900137398 0.5155888610481454 9 123 111
3.677517021545894 1.0473547646124766 0.5120895201510407 9 123 120
3.66880938125819 1.0455674506699173 0.511783349065354 9 123 123
3.653137436265279 1.04515392102504 0.5118472178061806 9 123 128
3.6393652692891476 1.054925128568822 0.5141264324114185 9 123 131
3.554197268847426 1.0482380287980315 0.5134996241512049 9 123 159
3.851586850598335 0.955246572114546 0.48692507356254305 9 124 81
3.5261601306939525 1.048943592215212 0.5109012182503224 9 124 168
3.6956338015554873 1.0514779963101264 0.5067072885418413 9 125 114
3.62472162940784 1.0470763616548673 0.5064481370350291 9 125 137
3.513284280013688 1.0510150009064392 0.5084598135474683 9 125 172
3.8457083870713 1.0982439744163384 0.5125979323726699 9 126 59
3.847310665901075 1.0843998496359741 0.5094724968850337 9 126 61
3.7848938149871723 1.1177338144248263 0.517603055171546 9 126 75
3.586849319771909 1.0558909890084962 0.5057619308447253 9 126 148
3.825343502027405 1.0736630859084435 0.5042418434064057 9 127 70
3.603473929578565 1.0316673484086252 0.49706560257221033 9 127 146
3.5795510589657695 1.0115349565368383 0.4927605357139585 9 127 156
3.0182735190854504 0.9059492998214589 0.47475426167688517 9 127 338
3.007203885016124 0.8739969944249637 0.4676394681240468 9 127 342
2.990617281262067 0.8794890352516176 0.46905633991879736 9 127 347
3.6919412801570806 1.0069828297246104 0.4874052147203244 9 128 122
3.646065898410605 1.022797073483998 0.4915000775235451 9 128 134
3.1651823613253556 0.8985655489258277 0.4682899251321891 9 128 293
3.156690183161493 0.888818953442599 0.4661576716160939 9 128 296
3.3375330843803894 0.9114569677946704 0.4661331182666639 9 129 240
3.248931474542056 0.8914935640472414 0.4625030727803949 9 129 268
3.1902112845468307 0.9071312493489498 0.4667309908580506 9 129 285
3.8463962573453236 1.144042278585158 0.5111410066347082 9 130 51
3.7023779184743315 1.0692662947327685 0.495406291633405 9 130 110
3.632972491372582 0.9477444699566293 0.46477614466665945 9 131 148
3.2701271948671096 0.9199672648912904 0.46233131084336215 9 131 260
3.1396579158871427 0.8952456603614689 0.45801498848349675 9 131 301
3.128470178255379 0.9061836056910562 0.4606911293902739 9 131 304
3.1001934097814976 0.8966613447837752 0.45878415206395634 9 131 313
3.0091836088832697 0.8954151254955112 0.4595055712629931 9 131 341
2.98050016523557 0.8848604439590648 0.4573622628177395 9 131 350
3.782106134640533 1.1177392001926048 0.49979160400278394 9 132 77
3.677366226334176 0.9471010478566151 0.46086565592656437 9 132 135
3.2234176365513303 0.9071162780349271 0.45658784784300094 9 132 275
2.9513225233076334 0.8815581516337174 0.45364969676691175 9 132 359
2.7901685329647656 0.8819344492540817 0.4555558917755326 9 132 409
2.7705216528832923 0.8751860730942369 0.4541913390468484 9 132 415
3.8515905962775925 1.1331744137310538 0.4996635122185525 9 133 52
3.8540292080415224 1.051866105871943 0.48038190901331995 9 133 66
3.853374981953937 0.9493993344277376 0.4561253829031318 9 133 83
3.7129713992093007 1.0093046820206226 0.47191684018853736 9 133 116
3.7213832228928565 0.9404666739161127 0.45551986721529564 9 133 123
3.6252479982455483 0.9357651046585522 0.4555061402376534 9 133 152
3.2927145717973074 0.9236424619402241 0.4564390451560627 9 133 253
3.840390935268049 1.0995857895896202 0.4888040921761934 9 134 62
3.329396338013464 0.9083989609220235 0.4491210605301953 9 134 243
3.172123986845356 0.900162649633061 0.44898007949177304 9 134 291
2.751326192193546 0.8800593117958901 0.44906417524023423 9 134 421
3.7110460052761267 1.0762293407300532 0.4816735792911337 9 135 107
3.673905850617359 0.9348722176188804 0.4481396478945757 9 135 138
3.8524448721688627 1.06939533519585 0.47527145340705895 9 136 64
3.7269459800270863 0.9538923585191328 0.4488057815817954 9 136 120
3.7187163515956625 0.9422360864200845 0.4460820850422907 9 136 124
3.855378663401934 1.0481083728386584 0.4669433263842372 9 137 67
3.855189415567028 0.9697688118124776 0.4478428632625234 9 137 80
3.8469754938784186 0.9660530157230878 0.4470359595115691 9 137 83
3.2746052768530416 0.9193399597856424 0.44255609101569005 9 137 259
3.176844587821153 0.8926690725925206 0.43723289547999983 9 137 290
3.851378206679045 1.1282718624878403 0.48353699696735414 9 138 54
3.344870895057557 0.9032275484181338 0.4344595878348558 9 138 239
3.2045691256411857 0.9064134527224674 0.4369585092527374 9 138 281
3.1270058078905874 0.8954485619802803 0.43521427711108884 9 138 305
3.2941395673873073 0.9069164031887123 0.4326769939180023 9 139 254
3.237443026070236 0.8899180791236325 0.4291745566394557 9 139 272
3.8101615821113324 0.9617584814227182 0.4365493238601735 9 140 95
3.7683098979780736 1.141211124451471 0.4788078537375192 9 141 79
3.7261043652606523 0.9466016071457619 0.4305106117287388 9 141 122
3.856402175164759 1.107882900188642 0.46626833402494605 9 142 57
3.831804534738784 1.0804990424888437 0.45344924567656714 9 144 70
2.992387460233628 0.9011411215093732 0.4185615160696481 9 144 346
3.093791695418586 0.9017605597219733 0.4140674365082489 9 145 315
2.774478155593413 0.9192662192986971 0.42285013976446156 9 145 414
3.0152568128200414 0.89994128503905 0.41133696855336016 9 146 339
3.2080083153686076 1.0075413872294143 0.4303799269066244 9 148 275
3.1972684725124703 0.9583727888288858 0.41757598142772734 9 148 281
3.114206412140101 1.0315340845791394 0.4379988267945382 9 148 304
3.0887270853981414 1.0115281846772164 0.43308131565606545 9 148 313
3.833471676077068 1.3208352274400499 0.5015528053556981 9 149 22
3.785255365618812 1.1309373581481532 0.44882308563194606 9 150 77
3.868501873878772 0.9537910305713573 0.4003408620305013 9 150 81
3.1550172941129913 1.0485049271768634 0.4357398951213455 9 150 290
3.1282104983857417 1.0431383421328675 0.43468663983369116 9 150 299
3.844155660368987 1.1384510244983042 0.4469559635106488 9 151 57
3.2105695156229968 1.0645685907107927 0.43617323175326816 9 151 271
3.84837939257146 1.1586822082802692 0.449326540670701 9 152 52
3.402466622054143 1.084098894378132 0.43560420937416394 9 152 207
3.1351141865204086 1.0609447851028966 0.43321251928805793 9 152 296
3.472423600002474 1.0886993192713845 0.43275833597951385 9 153 184
3.205820695186566 1.075413379848143 0.43304590204763105 9 153 272
2.5319371723911255 1.075543415486034 0.44000563777066604 9 154 502
3.849463046819723 1.171407240397508 0.4407721719966902 9 156 50
3.4111564634652347 1.1289055054922537 0.43560066871607717 9 156 200
3.245869264695939 1.1474325273584003 0.44030126791924185 9 157 254
3.308331513528866 1.1571748722276485 0.4391220013124497 9 158 232
3.4152287492546245 1.183610926325879 0.44198835827242233 9 159 193
3.4639279769090328 1.1959939464609928 0.4418241177970923 9 160 175
3.4910805775362572 1.2025241411072105 0.4403492259674025 9 161 165
3.7108555667719987 1.4065853882783295 0.49282700354210185 9 162 50
3.433054745382992 1.2110983384637553 0.44084960787321104 9 162 184
3.7162815242502147 1.408144274494202 0.48803238311715 9 164 48
3.422680723345213 1.2437157294181165 0.4419363293046993 9 165 184
3.4587958897672566 1.269459008196776 0.44611193553425776 9 166 168
3.7015833877613726 1.408162577708391 0.47012792799715464 9 171 55
3.546205833624011 1.370918295314229 0.46149288300898417 9 171 121
3.5866744434353373 1.3601468718485976 0.4548115611251238 9 172 108
3.7074499010665267 1.4348932645780372 0.47306516771749085 9 173 47
3.8321822594106516 1.3478527118717354 0.4384137138920522 9 175 22
3.690854345132368 1.3939339984265562 0.45541691067395484 9 175 63
3.4986431429877967 1.3978032059792491 0.46014548242827524 9 175 135
3.705163248145161 1.42421650542262 0.4620346264893503 9 176 51
3.648111781474165 1.4277410711567429 0.464197711502476 9 176 72
3.631867494189028 1.4147081528536718 0.4603961121465262 9 176 81
3.4692922166765134 1.4125622284055723 0.4627238314833282 9 176 144
3.5960310173681522 1.439499449784924 0.46375456069447885 9 178 90
3.558763403082024 1.4216982123382889 0.4587865901142568 9 178 108
3.703223040072667 1.4386359487602691 0.4588850419620675 9 179 49
3.6826245465572605 1.4425470231489945 0.46052884036519437 9 179 56
3.5764626170982323 1.4483515035714472 0.4644030906954548 9 179 96
3.6052084329996554 1.4432908175068935 0.4596797189333741 9 180 86
3.5288030453331523 1.4373544904641922 0.4592300242212677 9 180 117
3.5128148556143413 1.4387943447522453 0.46000012043000726 9 180 123
3.6501447033970855 1.4608633969095073 0.4594076161090421 9 182 65
3.6346976264682636 1.4565901067060592 0.4583156544108987 9 182 72
3.6165706213139925 1.457865378940788 0.45654221767910613 9 183 79
3.832738559807487 1.3557192708594457 0.41602613365823893 9 184 22
3.683903048807042 1.4534373816157402 0.45120070123067696 9 184 54
3.5761272282854066 1.4532903828943669 0.45328939257540757 9 184 96
3.554213637288759 1.4513121545665442 0.4530715991051055 9 184 105
3.643554068761015 1.452710938808954 0.44919696789182123 9 185 70
3.7069036446516144 1.4431633500587295 0.442166472813176 9 186 48
3.610702660733658 1.4478743332462152 0.4456783327065475 9 186 84
3.557782542100916 1.4459674788628925 0.4461097996706319 9 186 105
3.8270611349291004 1.3670601440444694 0.4115929675273159 9 187 22
3.6872230724155535 1.4472313503341723 0.43873697718858323 9 188 55
3.624921316562919 1.4387969443451631 0.4345670051097087 9 189 81
3.5281221780409733 1.4357866977140026 0.4355482237346821 9 189 119
3.6049248204612248 1.434248359335297 0.42820997387513615 9 191 90
3.588569601205876 1.4356317707465842 0.4290285394891625 9 191 96
3.6711127047341146 1.4383806845768756 0.4256124921489376 9 192 64
3.51369525778156 1.425122595315128 0.4243765921591288 9 192 127
3.7076044903869176 1.4398365746959607 0.422710432142077 9 193 50
3.6550957093976626 1.4361156548234162 0.4199096333274267 9 194 71
3.633633003031224 1.4322757168080156 0.4190327416067024 9 194 80
3.610116142705915 1.437826701170637 0.418850431483759 9 195 88
3.571049027635084 1.4276466812227577 0.4161286493157311 9 195 105
3.5489215050646337 1.4257201325117637 0.41329173461136703 9 196 114
3.7087079381044425 1.4459112879140648 0.41427870371921144 9 197 49
3.6028653752373265 1.43452926988183 0.4099367115241962 9 198 92
3.6347489847645984 1.4309252025451897 0.40262134919357606 9 200 81
3.4931858740309503 1.425721022676009 0.4039443553794645 9 200 136
3.7100452618442326 1.455780746914161 0.40724590868798777 9 201 47
3.6909773746762697 1.4483820667568268 0.4049994075993696 9 201 56
3.6582612268423595 1.436912630507702 0.4015887648411429 9 201 71
3.5360651505711598 1.429666431646003 0.401745630390539 9 201 119
3.5219062486700516 1.4264958396747964 0.4009192589347604 9 201 125
3.6009603298659973 1.431818608803437 0.39838489954505296 9 202 94
3.4701497479647014 1.426628359031143 0.3994956571045708 9 202 145
3.6544077690112355 1.446246149401644 0.3971135188269723 9 204 71
3.5772921440544456 1.4336199799548273 0.394261668827056 9 204 103
3.563384011580453 1.4351967520142515 0.39516614847259424 9 204 108
3.6999536501810133 1.4477636229850166 0.38861555882669796 9 207 54
3.678455032168559 1.4439389212727356 0.3876972885067469 9 207 63
3.5282265972802658 1.429435170478072 0.3858518856634341 9 207 123
3.6366399951650337 1.4403328208859676 0.3819876572041774 9 209 80
3.50003664444461 1.429882194244016 0.3813409103705896 9 209 134
3.703357370212605 1.449261687563171 0.381070099941327 9 210 53
3.557720157006268 1.4361144283670866 0.37962264963187353 9 210 111
3.550187197702492 1.4354343977190132 0.3795477815124191 9 210 114
3.682987708852799 1.439995300801648 0.37534846569441427 9 211 63
3.6138714267077257 1.4403300567794572 0.37717192494703666 9 211 89
3.598305781868887 1.4398639691818993 0.3773758183756022 9 211 95
3.476507565990458 1.4316862344369803 0.37724117209922403 9 211 143
3.4539398370623773 1.4296489544372313 0.3770168773224878 9 211 152
3.710959804038861 1.4567736388718509 0.37571807712908234 9 213 49
3.5755528823166034 1.4398612069775956 0.3725634002157663 9 213 104
3.7005696820421807 1.4531096739651792 0.37187614528337354 9 214 54
3.4983399251323806 1.4264202031367743 0.3665959717181746 9 214 136
3.6665895750216477 1.4398310403348193 0.3648675590529443 9 215 70
3.638670546295743 1.438344063697438 0.36227956524914373 9 216 81
3.5448833149971395 1.4354912849551928 0.3635465665873887 9 216 117
3.5293247750870105 1.4350224188003378 0.36375847024278785 9 216 123
3.6660531432580825 1.4334351968060715 0.3569283377019107 9 217 72
3.707214720768261 1.4503354984565178 0.35981851485697247 9 218 53
3.6541650075164966 1.441909536032269 0.35513078931386655 9 219 75
3.6852647399170384 1.4532135181882904 0.3561104824234579 9 220 61
3.626815476596232 1.448869796553582 0.35590237939990366 9 220 84
3.617648561621064 1.4415127120004556 0.3532014312285121 9 220 89
3.5925114921404155 1.4439074675202561 0.3548157786466043 9 220 98
3.5698191654226976 1.441858939575016 0.3545902455249066 9 220 107
3.489819513394595 1.4271746573533741 0.3508124558203273 9 220 140
3.5547739650584833 1.4359373146013898 0.34989316972688556 9 221 114
3.7167616240599264 1.4599764981935461 0.35257658400493186 9 222 48
3.6661503327579132 1.4387517124396823 0.34260334740234366 9 223 72
3.691578839162703 1.456137913821731 0.34353373804160037 9 225 59
3.546019163185947 1.4411391477449353 0.34132560318112026 9 225 117
3.522415186722183 1.4408668279761039 0.34185246458351504 9 225 126
3.677950896112795 1.4531525296951822 0.33994715353301586 9 226 65
3.68660645284686 1.4495092677536106 0.33271702896982847 9 228 63
3.64231133037629 1.4380933839074084 0.3291930219688344 9 228 82
3.604779956435377 1.4430495385378714 0.3322892191911846 9 228 95
3.5900052912906046 1.4407886909061014 0.3317569351990828 9 228 101
3.550105902396763 1.4408953488856973 0.3329022472556631 9 228 116
3.5281415046248727 1.437058265577636 0.33191301798749206 9 228 125
3.5818463216236918 1.4420161452713118 0.3297428774331653 9 229 104
3.5022758830007654 1.4366859667490997 0.3297261831183963 9 229 135
3.481410089433638 1.4301701326797152 0.3275835568662895 9 229 144
3.732998026841301 1.4595851976805678 0.3273887671937862 9 231 44
3.7088353126211464 1.463879093509778 0.3298800663233863 9 231 52
3.571273391356975 1.4385103900657354 0.32304993562068585 9 231 109
3.5283637693476084 1.433711805182289 0.32223328807197726 9 231 126
3.7035758247765562 1.45611591456531 0.32399748422849295 9 232 56
3.6619631519590614 1.4449648996401645 0.32044964644468266 9 232 74
3.508306776856932 1.4386015603340123 0.3193450073438535 9 233 133
3.7055472034234964 1.4557158750654 0.31547576475809647 9 235 56
3.5412695011671635 1.4381192391412103 0.3126534667447278 9 235 121
3.632510833404293 1.4437118914467622 0.30963842660133334 9 236 86
3.680891879038032 1.4583320135849422 0.3117803276107701 9 237 65
3.6086084078618503 1.4490443064114291 0.3098628604292054 9 237 94
3.5470345756211237 1.4444066200511425 0.30965059690466257 9 237 118
3.508356349881632 1.4363110397010468 0.3072677656498274 9 237 134
3.707337046901399 1.4599168088078613 0.3089206533138539 9 238 55
3.547837748555439 1.439202175144618 0.30178953539924824 9 239 119
3.722470370033987 1.463361029999377 0.3044247633116949 9 240 49
3.6984767291350353 1.4630323434891819 0.30499513028693626 9 240 58
3.6501691664456053 1.4540780792236299 0.30249290610606894 9 240 78
3.5887182946793574 1.4439373153861423 0.2998600540013926 9 240 103
3.677179656211099 1.4548036715681205 0.29921545800433913 9 241 68
3.6623372378199823 1.4571355938237778 0.30069192722759 9 241 73
3.5651647017319967 1.4437736228694638 0.2976961503250204 9 241 112
3.6413255208339184 1.4526102496434556 0.29652648916027136 9 242 82
3.5399478945290332 1.4416239910745912 0.2947037727188365 9 242 122
3.501556279117809 1.4381582249585325 0.29432220845799983 9 242 137
3.4936664250914036 1.4405800408885057 0.2872364457775882 9 245 140
3.6456525133259685 1.458088441854889 0.28765291536611626 9 246 80
3.618524311774055 1.45381052031535 0.2865554610420421 9 246 91
3.517045931007634 1.442820816943725 0.28471910900263764 9 246 131
3.555392947460838 1.4473279516143802 0.28276286814127716 9 247 116
3.6911576975375433 1.456064286716236 0.27968955696231357 9 248 64
3.7092976471301666 1.4669616527599336 0.2812923340741953 9 249 55
3.7019039106943756 1.457171070446083 0.27703249711357847 9 249 60
3.595293528159046 1.4548453297079937 0.27932196641245943 9 249 100
3.5086293809780464 1.4406356451033417 0.27553019724040984 9 249 135
3.679101901534565 1.464366681034566 0.2782409472754077 9 250 67
3.6560516616235414 1.4531697864150384 0.2738097114364787 9 250 78
3.5826253658975973 1.4492761369225542 0.27434060029001006 9 250 106
3.532485312359386 1.4485307315016602 0.2727639839874766 9 251 125
3.5012555532822507 1.4476677238937958 0.2705380013646935 9 252 137
2.5540488628309275 0.8829956752316768 0.03441154744394681 9 253 471
2.5924562090679744 0.90969189036051 0.04185877815324979 9 254 461
2.576435911271169 0.8955226848695981 0.03572808173082265 9 254 465
3.687155473931546 1.4557808618680466 0.25980807295812913 9 255 67
3.775175997882692 1.245198263372766 0.15433984038080406 9 256 80
3.7587031802571604 1.2518775685451917 0.15804336507287509 9 256 84
3.760363010464113 1.227860028775369 0.14325843256294968 9 257 88
3.7071986321500057 1.4743432932709737 0.25942633230359524 9 258 56
3.7447937562359086 1.2050444836601548 0.12951232946602909 9 258 97
3.733187757202293 1.1596050181388717 0.10818740366467317 9 258 108
3.7240549124913915 1.1451911284188017 0.101603849190814 9 258 113
3.730613185749717 1.071494892979882 0.06617542843494917 9 258 122
3.7035470017795276 1.0699574093474515 0.06633924265340907 9 258 130
2.5580921617263193 0.914007172849854 0.029849617392475714 9 258 471
3.695250196939902 1.4507722451023892 0.24567827384963936 9 259 66
3.761343629525844 1.2394789062176945 0.14207228181942333 9 259 86
3.7372140172640966 1.190227619496047 0.11924215479187683 9 259 102
2.5940826509726747 0.9309106265538694 0.029179057968774624 9 260 461
3.775200982308518 1.261270322742385 0.14545314964260547 9 261 78
3.7153275220601736 1.1654816137512085 0.10109934891296013 9 261 113
3.7596968728301143 1.2231569235854756 0.12413132896425194 9 262 90
3.7517770897008798 1.2143138505729656 0.12010014220522136 9 262 94
3.7251524112697507 1.1730757443787199 0.10095137302768986 9 262 109
3.7060645431934467 1.0620737881896307 0.047622490412170926 9 262 131
3.5362442820125026 0.9753962421121452 0.011240588907761917 9 262 189
2.5623507613328496 0.9263134235644626 0.020445416083528012 9 262 470
3.706945604870094 1.1248877277347062 0.07453968573498526 9 263 122
3.718802209853221 1.0871538552902558 0.055705462195227984 9 263 124
2.5958400114876623 0.9469753080285419 0.025592570299234563 9 263 461
2.5349143669086573 0.9252316662967366 0.01705361826109919 9 263 478
2.505365448869769 0.9279787479740598 0.01940443275663184 9 263 487
3.709640420804984 1.471810447607641 0.2410221336589239 9 264 57
3.780327132101022 1.271698307462341 0.14043222760604246 9 264 75
3.737483265527036 1.183069176704703 0.09842785924508568 9 264 104
3.7040867124384316 1.4642510864622067 0.23462182562778156 9 265 61
3.7869509703261333 1.2825191715155055 0.14222544467394893 9 265 71
3.762729378813415 1.237985121728278 0.12112123486178583 9 265 87
3.720051222226351 1.0656432476658073 0.03768692330151047 9 265 127
3.517384493309815 0.9914849709895943 0.008150580754567094 9 265 193
3.1805922609444233 0.987704726958577 0.014113498644014788 9 266 289
3.7300417355186717 1.1880341610809169 0.09066768545863468 9 267 106
3.712909975937287 1.1639976644737062 0.07932085234836705 9 267 115
3.6962000388539304 1.4532279613985193 0.22072118393910545 9 268 67
3.715560387154124 1.0639575135445194 0.025754161974766432 9 268 129
2.587075499700714 0.9818603232609868 0.024408609292877248 9 268 465
3.728410521001642 1.199424321400876 0.0894397830349627 9 269 105
3.7032137781223575 1.1657132330845894 0.07343161735874293 9 269 118
3.7208828730804995 1.0828788350428642 0.03128640138369154 9 269 125
2.6298653205415823 0.9843882759686209 0.020443062244784205 9 269 452
3.7834377601717106 1.2936156129425707 0.1314220391395312 9 270 71
3.775978081324653 1.2696077086474344 0.11960106500656864 9 270 78
3.694389770881555 1.4634427347131531 0.21716654328077412 9 271 66
3.7632076574437243 1.2436682711407374 0.1035986482185598 9 271 87
3.758939137208953 1.234315211067005 0.09902242662056926 9 271 90
3.7514933798367007 1.2246753289698744 0.09441462729064742 9 271 94
3.689188483673854 1.0486639606852515 0.007653181249948626 9 271 139
3.7341173889212707 1.192102782836346 0.07505854882420337 9 272 105
3.697126187389111 1.1547129081858571 0.057402446804304064 9 272 122
3.7251797123668133 1.4773005575701836 0.2172874104773732 9 273 52
3.6961711681261593 1.1442937411962768 0.04853624292415837 9 273 124
3.6491574947501033 1.0693161500921884 0.012002421377877104 9 273 148
3.7819675128628947 1.2848690781384868 0.11379011444805665 9 274 74
3.762172301996953 1.2651890183229109 0.10443102140850247 9 274 84
3.693435512279886 1.1373108712447946 0.04144378344955879 9 274 126
3.6977829494829306 1.4528012549237515 0.19988431507839544 9 275 68
3.757393712529322 1.2525745443901037 0.09474635663117681 9 275 88
3.706031858017921 1.1862554979960975 0.0625167602579001 9 275 115
3.5854543610243237 1.0823999323934588 0.013509853459972243 9 275 165
2.559841751844358 1.0219958749240077 0.019865670097164556 9 275 475
3.7649281991194408 1.2691164632377603 0.09623342504712784 9 277 83
3.7060026793132996 1.1691882371494382 0.04658501189252107 9 277 118
2.6066630556216177 1.0360300875943673 0.018070439125351667 9 277 461
3.60702475565202 1.1000180025158803 0.01064618907523851 9 278 157
3.7559741785366794 1.25382921328523 0.08180680656613215 9 279 89
3.7303035119537267 1.2069557398093302 0.05825096424964238 9 279 105
3.784532513241598 1.3075102249914416 0.10550422765925271 9 280 70
3.775198245010218 1.3075580406009224 0.10587907255844842 9 280 73
3.689074939571378 1.125261702635962 0.013374663127442843 9 280 130
3.6734998606224436 1.1220748681528845 0.012284690700791634 9 280 135
3.7133071788872876 1.4820018962495884 0.19688610741465828 9 281 57
3.699936814513269 1.4727874559116214 0.19253063445780005 9 281 64
3.744939558111288 1.2241725433030308 0.059732751931889094 9 281 98
3.730375062701536 1.2210782448915636 0.058649608945466225 9 281 103
3.6603562953171442 1.1293452730644153 0.01291310341931795 9 281 138
3.7592479847373457 1.2569546289532332 0.07305356279514286 9 282 88
3.6426170110648375 1.1246324481471195 0.007401321359579605 9 282 144
3.5351904499051656 1.138937665999151 0.01904393105467017 9 282 174
3.0881661217843597 1.1110290742574094 0.02119163520704659 9 282 312
2.4838045078579705 1.0742509621492469 0.024600083743241408 9 282 502
3.7771359955594357 1.3024481426340877 0.09313007129452389 9 283 74
3.7733359779568434 1.2932220319402146 0.08836893407207058 9 283 77
3.7340029127571963 1.210612853168727 0.04594048877354928 9 283 104
3.680989052955754 1.1658537496026358 0.0241586869447713 9 283 127
3.077514576127151 1.1202586341299146 0.022884224914576534 9 283 315
2.5399924096411275 1.0770641575806474 0.020375942819871318 9 283 484
3.7039718576250418 1.4648043056828302 0.17927461695993152 9 284 65
3.754788529442038 1.2501568508757868 0.06272363833510963 9 284 91
3.70666201518262 1.2076458918592654 0.04186715219508863 9 284 113
3.5633142760923375 1.1378994994916458 0.010112140864325436 9 284 166
2.6204165685768017 1.0918343332541076 0.02159302876996816 9 284 459
3.7507851685779916 1.2412872064899234 0.054664453297789795 9 285 94
2.4910947073138168 1.1080583415630763 0.03168389388988635 9 285 502
3.770175038437783 1.2753089883410698 0.06874817428784119 9 286 82
3.7475057100941336 1.2192056884012545 0.039421623094144764 9 286 99
3.6603293390208838 1.1634822961818707 0.012793426548516451 9 286 134
3.1196180984586537 1.1448001959033525 0.023639826862938307 9 286 301
3.107559186076543 1.139280703469877 0.02113463025410811 9 286 305
3.0752623267572483 1.1425683544842475 0.02415311352121785 9 286 315
2.557400387094275 1.1055668573623136 0.02425400309116721 9 286 480
3.722961516384389 1.4812485471452557 0.17848892899223223 9 287 55
3.683372424831445 1.198751167309416 0.02732105871026269 9 287 122
3.5984328299827655 1.1609772566773278 0.0102027815733442 9 287 153
2.530156172212341 1.1088132554754855 0.023517942384075674 9 287 489
2.48012144405897 1.1158074545055312 0.029243045648794874 9 287 506
3.739363047549916 1.2183633928774034 0.03220504988882511 9 288 102
3.6784892799853983 1.189864154190534 0.01911409468171177 9 288 125
3.515106227969702 1.1627282463481166 0.01076710626774735 9 288 178
3.6892718029879212 1.2151171180360734 0.028854992914091104 9 289 118
3.0607316183282047 1.1619124483160426 0.024535301381309882 9 289 319
2.59847300864866 1.1325593741077637 0.026686367879019457 9 289 468
3.72805815016088 1.217244105879951 0.024938096340468396 9 290 106
3.0505489022873844 1.1702162811064585 0.025938714450082223 9 290 322
3.697632346643692 1.4858649769711716 0.170178403074014 9 291 64
3.613711364649424 1.204668803451757 0.019004842567716507 9 291 143
3.538062363146728 1.1987222449580437 0.01873791789758017 9 291 167
3.228591374110192 1.1813768784963574 0.021481801387380428 9 291 265
3.0983055155108565 1.1652022210042852 0.0177620955439014 9 291 307
3.037297818133126 1.1791129878500408 0.0278249904221618 9 291 326
3.742470387398913 1.229038237550209 0.023746373694023104 9 292 100
3.657053860845847 1.1975149040396096 0.009760678981941995 9 292 131
3.548731508533686 1.205374989249406 0.018414991879191933 9 292 163
3.068531450513578 1.1787822966550499 0.022886798943607456 9 292 316
3.692984325316003 1.2249610821215755 0.01992365972867649 9 293 116
3.370403388561527 1.1905529603334633 0.013788842645549138 9 293 220
3.820405828258772 1.393589424198185 0.10502339808172767 9 294 43
3.6367984228052164 1.2211610861667528 0.016520926021992288 9 294 134
3.54773622866837 1.2175237141901882 0.018084278186207725 9 294 162
2.4046485482530073 1.154836829427549 0.029249817508742337 9 294 534
3.711425161097103 1.4895970536766066 0.15983818920403492 9 295 59
2.581597987601885 1.1641285400052541 0.023823176602934648 9 295 475
2.5565802878620434 1.1724279105383846 0.029469915501802446 9 295 484
3.7009741796403115 1.4853210863724986 0.15489316425956456 9 296 64
3.697732617753639 1.4639296664138863 0.14303221881937622 9 296 70
2.5006735698015565 1.1747687496640273 0.02960526244028261 9 296 503
3.704646564006632 1.238129688241139 0.012617844906888886 9 297 111
3.656131280509226 1.244290884728958 0.018068950497619585 9 297 125
3.600262378282512 1.240125822587297 0.01800814912605586 9 297 143
3.571839900544882 1.2463440840557451 0.022670080642376744 9 297 151
3.52765469730624 1.2379632707370147 0.019758727864041203 9 297 166
3.496603245294237 1.2360384753037064 0.019944521720733688 9 297 176
3.1939321852101994 1.2183776592735538 0.022375233133845818 9 297 274
2.5336956359682237 1.1912765954030915 0.03410769720844076 9 297 493
2.4742308544925242 1.17624594701726 0.028077812037539118 9 297 512
3.4886383767357505 1.2422105495162419 0.016750010133286142 9 299 178
2.458344624258696 1.1851585948301633 0.026911817077288402 9 299 518
2.438758858995221 1.1877754818981896 0.02920515978850502 9 299 525
3.4947111046366137 1.2518949456446335 0.018509236525319994 9 300 175
3.7173702151166514 1.4903830051587668 0.142130910844544 9 301 58
3.3279731336832015 1.2459662035979295 0.018579310292700102 9 301 229
2.5452510422987356 1.2094544787123527 0.03032966450666974 9 301 490
3.6978117054133754 1.4695632178108822 0.12799483867994288 9 302 70
3.822196754682 1.4259293079029047 0.09455610322519203 9 303 37
3.609801864314507 1.2800009188686117 0.019377098092491885 9 303 135
3.5098586464083246 1.2718527478220014 0.018887669745365154 9 303 168
3.4820465537534986 1.271090355585536 0.01961907517739636 9 303 177
2.450512911780202 1.2138106300138534 0.030027564197083745 9 303 523
2.4175819890860692 1.2090895050258232 0.02869244976494001 9 303 534
3.562930772145821 1.2804953565418045 0.01817892419893785 9 304 150
2.574571357263082 1.2288310874587218 0.030092242993769336 9 304 481
3.6998086088285267 1.4825964772998441 0.12631981427529304 9 305 67
2.513049683011518 1.2253487478688059 0.027307825513508077 9 305 502
2.5612629016865696 1.2381964675265578 0.026001652763931515 9 307 486
2.5009653484765395 1.248747002238683 0.031435757889416216 9 308 508
2.4493492406782624 1.2362517117295124 0.026316459239992485 9 308 525
3.7242577572198856 1.4884475417443255 0.11349862028628865 9 310 58
3.8292517835598057 1.4069406639416626 0.057377617297737826 9 311 41
3.695136474408629 1.4868965326595884 0.11079918184184412 9 311 69
2.657640077529445 1.290473477650173 0.03278278958071612 9 313 455
2.5339664898447074 1.274973434726657 0.02895507870133307 9 313 498
3.692730332415421 1.4847146459568121 0.10041753893209182 9 314 71
3.8295080771210155 1.410709104257897 0.04654761008589181 9 315 41
2.641338018415543 1.2965226309476614 0.03055573417462798 9 315 461
2.510230011500483 1.2829556163386695 0.028206960610156817 9 315 507
2.4789678085383247 1.289656116233164 0.033647836093519734 9 315 519
2.4425352488282233 1.287232833145615 0.0338085738363707 9 315 532
2.5477633593690974 1.290099413359203 0.027558564236143335 9 316 494
3.7284021697370884 1.4950712251052385 0.08973300513935789 9 319 57
3.8262549917974433 1.4248043779959993 0.03892795926939596 9 320 40
3.6991508142540295 1.48920049246375 0.08437213010729461 9 320 69
2.619690410616987 1.3230594890289282 0.02809942654801445 9 321 470
2.5069254965786367 1.3209072127225923 0.02869794315754126 9 322 511
3.811339735664909 1.4331995839895502 0.03174943495971727 9 324 44
3.713721617847258 1.4922748044567515 0.07320879232194888 9 324 64
2.5329851856844914 1.3401401337043917 0.03300837364934717 9 324 503
3.808861546699622 1.4312590183952794 0.02081267938855036 9 327 46
3.7396626127456374 1.4901606777291965 0.06130330716291743 9 327 56
3.708592347461712 1.5006667547387582 0.0631928982687735 9 329 65
3.7350733745752054 1.4966804636407045 0.053129422155368866 9 331 57
3.8128971936374096 1.4734739198661146 0.02807674991507436 9 333 36
3.7041294788470744 1.4735540596039554 0.02698896816367813 9 335 74
3.7818765681641136 1.483385387509047 0.026389494632110266 9 336 45
3.7557616267461507 1.487834784939455 0.030578231057931782 9 336 53
3.6947077650208726 1.4619025104908423 0.016626574567383923 9 336 80
3.673756986522254 1.468783614833576 0.018930563860821703 9 337 86
3.7063257734068897 1.5085151052818289 0.04024820317584721 9 338 66
3.701707348681682 1.494754559061191 0.028243388875349162 9 339 71
3.774790225749297 1.4984619527492433 0.020680828998092315 9 341 45
3.6137234958936153 1.492395089360297 0.024719334552839145 9 341 103
3.8001465327388475 1.5001589418665415 0.01733970600921686 9 342 36
3.758949824255309 1.5026180900150274 0.017867539750647032 9 343 50
3.717651562570318 1.5132704701993782 0.027097589544332834 9 343 62
3.6125716645979824 1.5012467173299355 0.024351946776434596 9 343 102
3.687036321738628 1.504831379366177 0.019814990179427783 9 344 75
3.588052611022821 1.500967014582548 0.02224325482185263 9 344 111
3.768795905538319 1.5278969556939916 0.024893646612489495 9 346 41
3.6559280847769293 1.516020349324182 0.02262824225621063 9 346 84
3.631115629580826 1.5154680013467463 0.02352527822879924 9 346 93
3.7210294042325005 1.5288810426876787 0.024869612903067884 9 347 58
3.5608426059447194 1.507675593813019 0.018690293483067166 9 347 120
3.6971586348142473 1.5330888789644834 0.022698331870024013 9 349 66
3.6019318215980825 1.5264069294376859 0.01992946654533967 9 350 102
3.7908266735030978 1.5411711543093822 0.017089022129526565 9 351 31
3.580239717919968 1.5364450975833344 0.024851339805625594 9 351 108
3.482582558562222 1.5312116460243719 0.023246249489194848 9 352 145
3.678099376736653 1.5490845873224646 0.02223291400553984 9 353 70
3.7128465802597725 1.555798061345163 0.021956321076484375 9 354 56
3.7526332856208073 1.5629623334269158 0.021739359785441836 9 355 40
3.733737783674545 1.5662812352999005 0.025067834696496538 9 355 46
3.6526204299676883 1.5564461067386146 0.02250349426653897 9 355 78
3.6293362651416796 1.5543441511779972 0.02227207902011419 9 355 87
3.6164006180161192 1.5531763980887654 0.022143514994322544 9 355 92
3.549915088778276 1.5515773623442812 0.02147213345054344 9 356 117
3.521253548847436 1.5598675164295088 0.028826348357332332 9 356 126
3.5164731155456335 1.5535788574117548 0.024665510631739496 9 356 129
3.503471355059248 1.5473846990009303 0.021010541284202433 9 356 135
3.449866585144196 1.554675830616821 0.022857708936938947 9 358 154
3.766867429748733 1.5820464637497875 0.018960941357355043 9 360 31
3.5802993848785887 1.577712825068347 0.026015748546158957 9 360 101
3.5703144572327723 1.571808060211616 0.022352930086982692 9 360 106
3.4717660518592774 1.5672856191001963 0.02142763484981225 9 361 144
3.681244971796471 1.5897319622659412 0.02297932404266123 9 362 61
3.613782495042453 1.5861393562852988 0.024100133758329756 9 362 87
3.4190435212876875 1.5745843462174531 0.023444660050297106 9 363 163
3.393966143100566 1.5781430091626718 0.027386134059289136 9 363 172
3.733283522495614 1.5981642609659943 0.020063354219612695 9 364 40
3.708261341574599 1.599229795415116 0.022215725868273695 9 364 49
3.654137302925842 1.5960059442724182 0.02287829566678079 9 364 70
3.63041506182253 1.5955265861309054 0.02384302100847835 9 364 79
3.5962065694987864 1.5949317134601249 0.02530380926700615 9 364 92
3.510656516310588 1.5872087647800335 0.024453549582446055 9 364 126
3.5373910821151435 1.5923099632476523 0.023626610468853837 9 365 115
3.485929436153376 1.5901554596862504 0.024920662058237286 9 365 135
3.43917108712838 1.5912972031308088 0.022299076215940516 9 367 153
3.480090123161821 1.6042944678369047 0.026489461699651606 9 368 135
3.7452713446223735 1.619316373272052 0.01956086667288104 9 369 31
3.5630706511959995 1.6152816361818834 0.02687228492872329 9 369 101
3.542549686856514 1.6101189639912843 0.024235757819608406 9 369 110
3.4272100458517363 1.5963965284086685 0.020656780095263616 9 369 157
3.364176814452705 1.5989818661723598 0.026111890709873742 9 369 181
3.460475281445969 1.6037240914285427 0.021152169010106747 9 370 143
3.342439473454729 1.6096054023412527 0.03217364577069315 9 370 188
3.281914382144308 1.5942194498156923 0.024255354860055256 9 370 214
3.6813391564130296 1.6288073686660094 0.0241359522837713 9 371 53
3.4049794734731824 1.613949831635502 0.025871115118764276 9 372 163
3.381849236756662 1.6143379869593004 0.027479837640672855 9 372 172
3.70886398870557 1.6399115329145 0.024805321361820343 9 373 40
3.654159947558472 1.6357978442327143 0.024876056288252513 9 373 62
3.63201273454585 1.6337985259023415 0.02465594090961476 9 373 71
3.6093682687572697 1.6325790828326014 0.025045380851283605 9 373 80
3.5887589764197148 1.6364916537989158 0.029141812416786483 9 373 87
3.5657972349157383 1.6360683332456605 0.030142596423865298 9 373 96
3.499905882999652 1.6251716658673296 0.025800881632614514 9 373 124
3.3184146251212985 1.61538553657511 0.02891284665401095 9 373 197
3.25522349062521 1.6088562534755626 0.02767030904960288 9 373 223
3.289301613309492 1.620345506239493 0.031325082883312594 9 374 208
3.4261520966355477 1.6322123135357265 0.026399218539316927 9 376 152
3.2515269632110475 1.6230290646372216 0.02961732742406875 9 376 223
3.587529654551065 1.6461291562344207 0.02454263788636335 9 377 86
3.47106540855426 1.6397249563736895 0.026489056465810457 9 377 133
3.5371170236651883 1.6499627355417428 0.027420778392690304 9 378 105
3.514905430103606 1.6487788376917203 0.02782241740030611 9 378 114
3.4140998009756114 1.638036241837586 0.025575748026531397 9 378 156
3.3909111948035657 1.6392277443381713 0.02783478531196626 9 378 165
3.3284501038781737 1.6327678971228348 0.02659160655867221 9 378 191
3.6650269974181224 1.6592152510726257 0.02398843721083499 9 379 53
3.569008532431891 1.6571110932912276 0.028025626150264826 9 379 91
3.4448098812399044 1.6483606598042053 0.028663094602143113 9 379 142
3.3496421612190677 1.643051491668023 0.03021306753365116 9 379 181
3.718336356629643 1.6650180016564107 0.022304088569331748 9 380 31
3.606134900063914 1.6598077476863846 0.024942041781710778 9 380 76
3.1783625160533338 1.631848173912527 0.028822339593523205 9 380 252
3.5090114865715765 1.6618550547223003 0.029297346034981464 9 381 114
3.167761957230484 1.6359634684884239 0.029668325810485396 9 381 256
3.692404828232106 1.6703862121919624 0.022018766250744504 9 382 40
3.634015635231971 1.6732988622789902 0.02772526886947646 9 382 62
3.48781254006247 1.6601005186335378 0.026272194406658178 9 382 123
3.3179297447051352 1.6504930681278358 0.028984530899916594 9 382 193
3.2458913256282846 1.6456265853491738 0.029525908355127806 9 382 223
3.2235254877794843 1.6468810607126412 0.03181839212485005 9 382 232
3.29440272776451 1.6550661474015254 0.03098624095953939 9 383 202
3.282263013942018 1.6547879468935012 0.031495878616869644 9 383 207
3.1445791724658108 1.643176371141121 0.030757765905858436 9 383 265
3.2078093386752653 1.6523021910402633 0.031119595222156793 9 384 238
3.5457617598018047 1.6796941476004257 0.0291539961246583 9 385 96
3.4160193638143967 1.6663492996148195 0.026597696062751197 9 385 151
3.1215175257654266 1.651190971121708 0.03253863945037061 9 385 274
3.458251672014964 1.6768403736761197 0.02929403252811702 9 386 132
3.438149747177045 1.672579142227988 0.02718930845198342 9 386 141
3.178300256421335 1.6556458385948183 0.029686738797419787 9 386 250
3.6730576334318576 1.690678035063182 0.024179045864693105 9 387 43
3.523371492591393 1.6812394432791984 0.025874245540351115 9 387 105
3.3950811504296 1.6704729339737872 0.025235733974346974 9 387 159
3.371020755753109 1.6748196131672808 0.03008924511371025 9 387 168
3.649412654618026 1.6927705092974477 0.02432668820188688 9 388 52
3.6275459072398357 1.6916106782970268 0.024747548269229758 9 388 61
3.568736477386106 1.6895581937969222 0.0267156564072224 9 388 85
3.4976077107403114 1.6880219301592276 0.029837701809476425 9 388 114
3.3074111740739474 1.670037952376679 0.02730920002504611 9 388 195
3.098559758861634 1.6609536294785874 0.03289135551692279 9 388 283
3.598669395006768 1.6981051029681424 0.028695860892564262 9 389 71
3.5927981614839997 1.6918810416617585 0.024159289353637536 9 389 75
3.4656597495734314 1.6894958823893955 0.027151609724523018 9 390 127
3.198519626143746 1.6726944796573673 0.030268388292217785 9 390 240
3.1532971152753864 1.6726756462806556 0.033025514218733676 9 390 259
3.5660089242062107 1.700324567642365 0.026650274737745727 9 391 84
3.332277497565775 1.6832847416638885 0.027541756160393338 9 391 183
3.2528335691809986 1.6834211719264363 0.03253828853474672 9 391 216
3.2394110929791795 1.680585371965931 0.031119033865349754 9 391 222
3.1187190377709983 1.6688780602665336 0.029276657531648875 9 391 274
3.4719634379595483 1.6976596679573301 0.027442510718219015 9 392 123
3.4361544422704897 1.6960496347185594 0.02837554853528812 9 392 138
3.281180691153463 1.6853047072892955 0.029413172995632952 9 392 204
3.1397782827827077 1.6814641276218736 0.0350970640633399 9 392 264
3.0751072984642844 1.6764373598225069 0.03509882146373522 9 392 292
3.0633490810613164 1.676998487436332 0.03627089369863201 9 392 297
3.2655442618902812 1.6897053954634416 0.031013123544516574 9 393 210
3.217426342132332 1.6837404198961874 0.02924279942950414 9 393 231
3.5376054526965603 1.7127801501661104 0.029662631246708315 9 394 93
3.4967504297569296 1.7074722382933942 0.02796133261407685 9 394 111
3.4116243676519726 1.7030270930279268 0.029705789279054984 9 394 147
3.3626562180635746 1.699416470752897 0.029866771806397407 9 394 168
3.634794927560173 1.7192636397655636 0.02591549249243641 9 395 52
3.5846399876240964 1.7131175995176864 0.0241186058518984 9 395 74
3.173552421139793 1.689763196321928 0.031069512728367332 9 395 249
3.135170316881182 1.6935809180619632 0.036530925624827515 9 395 265
3.0949224260306947 1.6850925244581307 0.032235683037936 9 395 283
3.514317291909148 1.7166132407268504 0.028452615689183225 9 396 102
3.387740938985697 1.709229077177513 0.030448565890995094 9 396 156
3.622981105625843 1.7305968844141215 0.030033764929102702 9 397 54
3.302704271705581 1.7081464018310444 0.03206960221090127 9 397 192
3.2815255775501786 1.7078500415899514 0.03316383956434332 9 397 201
3.1964243314665537 1.6937054083170884 0.027099055185651477 9 397 239
3.6027132174301792 1.728900264398396 0.02707629966960934 9 398 63
3.4838438305875186 1.72059066301596 0.027856754937235717 9 398 114
3.651709509185569 1.7399087129336819 0.030048328398730506 9 399 40
3.55311305177402 1.7310080126739975 0.029068403902446915 9 399 83
3.4605522223916463 1.7242649696763126 0.029459588073963983 9 399 123
3.17934162915975 1.70613615502057 0.03256444629074795 9 399 245
3.1550943365256634 1.7007218527697086 0.029701370791292314 9 399 256
3.3342326270164913 1.720241239670368 0.031371528821063865 9 400 177
3.2373789001887467 1.715526226673494 0.033694548732217444 9 400 219
3.2272777503831946 1.7105859911633057 0.030308532174313396 9 400 224
3.135542205818407 1.705527325146438 0.032025279926016226 9 400 264
3.113175509372265 1.7018969052103872 0.030488780613954214 9 400 274
3.529499456639894 1.73557786148827 0.028600735085968054 9 401 92
3.485246375314884 1.7331928324532644 0.029478276344077403 9 401 111
3.43860307638428 1.7265672926648472 0.02703861983840361 9 401 132
3.3860644461388034 1.721824418406014 0.02651645208379727 9 401 155
3.319245495896934 1.7230369846724714 0.03178059868825667 9 401 183
3.5129956818151262 1.735823951026302 0.027013912773427462 9 402 99
3.256031584961835 1.7238860986406064 0.03370372989210635 9 402 210
3.455664708649572 1.7364005686837305 0.02833363440650072 9 403 123
3.4144064595966936 1.7334795928292892 0.02858545797712808 9 403 141
3.179143059620884 1.7384715819747185 0.03397799257280543 9 408 242
3.5627200544695223 1.7612168902795633 0.02502132853489003 9 409 73
3.3317299390776705 1.754751835275862 0.0348094040013307 9 409 173
3.1322412305029506 1.7359438496171096 0.032155382922724574 9 409 263
3.1214802822354697 1.7333738415191446 0.030705803109714713 9 409 268
3.4214120842858486 1.7661490365265091 0.03569471288833359 9 410 132
3.38859152421807 1.762387659078772 0.03469566394845458 9 410 147
3.3719680231402576 1.7584911991597039 0.03251172503186184 9 410 155
3.3120210334435845 1.7530795423845187 0.03191592752326544 9 410 182
3.5122578401237368 1.7712640496601448 0.031205275418048295 9 411 92
3.454921496286195 1.7701837836397702 0.031311896091288594 9 412 117
3.4021497082864833 1.7646226458624892 0.030111318135291887 9 412 141
3.3303428506314487 1.7662134789791442 0.033473375208232126 9 413 172
3.1769021739777186 1.749972337442949 0.029915432251482854 9 413 242
3.497369399455508 1.7870638803298289 0.034519666020068396 9 415 95
3.4865929592297653 1.778140463834152 0.027604576176891826 9 415 102
3.284760667185533 1.7734362213890456 0.03717217693214847 9 415 191
3.2725562006914872 1.76994928085252 0.03500846800496804 9 415 197
3.19605850376268 1.7630435249177259 0.034248177330254315 9 415 232
3.427677030368845 1.7848447816098496 0.03455551943691282 9 416 126
3.3453220104843453 1.7758215763718557 0.032372274908436416 9 416 164
3.4079459813517854 1.783955697373364 0.03236476361236873 9 417 135
3.2504884138061407 1.7769770178456732 0.03428948777415208 9 418 206
3.2319880170335855 1.772135192823154 0.03136350403153054 9 418 215
3.206082628277628 1.77614004782989 0.03659026336403848 9 418 226
3.3115645631504558 1.7825848040815964 0.03222733953632273 9 419 178
3.1752811117613176 1.7679053233264366 0.02881157210854246 9 419 241
3.2894642806939522 1.787809127137608 0.0355336683502816 9 420 187
3.4544238541069126 1.8020005940798272 0.0338216617183833 9 421 111
3.434912284210963 1.7962851044411967 0.030176369592878283 9 421 121
3.1991857041218648 1.7860765607507312 0.03749735243560648 9 421 228
3.3274165961377755 1.7898378617925634 0.029201555722209283 9 422 170
3.42185739301732 1.8008265575349394 0.029549745806012884 9 423 126
3.279702813315366 1.798341020600087 0.03450291555565865 9 424 190
3.2615767934569226 1.7935499442207532 0.031542749970727035 9 424 199
3.4635524857789886 1.8126603892670734 0.03158864498521963 9 425 105
3.3546272847006673 1.8059792136523998 0.033292398707229554 9 425 155
3.3038568823081693 1.7998199934431915 0.03139463845347967 9 425 179
3.2063115520541725 1.79416621864653 0.03321157678631459 9 425 224
3.3954183549860715 1.8144724895616107 0.03523349302306 9 426 135
3.3652801913495995 1.8078153530817156 0.03144310352585533 9 426 150
3.3406503517910693 1.8079538024663386 0.03329284310028824 9 426 161
3.2376850083939304 1.8066103408454073 0.03661686484928828 9 427 208
3.280982081376165 1.8090272784069994 0.03300695825627864 9 428 188
3.436564614939851 1.8270810838030775 0.03542389601606266 9 429 114
3.3537890555997283 1.8243196544073892 0.03881869713800001 9 429 152
3.3376386123014146 1.8165803138573082 0.03303489557503525 9 429 161
3.473145886444994 1.8274114900255942 0.027681832869521084 9 431 98
3.4169487429731094 1.8278246260603463 0.03206575846728643 9 431 123
3.315363033779194 1.823356558834418 0.03529247795681356 9 431 170
3.2196726924895005 1.8179277070942983 0.03454080759133271 9 432 215
3.431540149669089 1.8386944317654668 0.03543691498748014 9 433 114
3.2577531480626027 1.821441307926667 0.03229125636061969 9 433 197
3.3932626159528905 1.836878052294379 0.033849970516131034 9 434 132
3.3020105759482865 1.8309852942160667 0.03507547283183454 9 434 175
3.2834795222658455 1.828530839315973 0.034180543154425314 9 434 184
3.4990846003840206 1.8465841982054203 0.0296424186296953 9 436 82
3.354174944659645 1.8476800790200663 0.035838496256043406 9 438 148
3.334418239497802 1.8482330172234596 0.03779352378827072 9 438 157
3.4201597240622625 1.851371315329866 0.031725950346427445 9 439 117
3.4742296163423863 1.8571021591013386 0.03036344085525511 9 440 91
3.4527367483679434 1.8598262537120815 0.034471463244738265 9 440 100
3.3167057441224435 1.8506558401692146 0.03600066200926921 9 440 165
3.3777298377495786 1.8594020326397698 0.03428582030747718 9 442 135
3.47025875581885 1.8654950737140967 0.030424369208315816 9 443 91
3.3941510759358255 1.8656021075392442 0.03619317657145471 9 443 126
3.4908815160356546 1.868200859133726 0.028742071613417464 9 444 81
3.425654869966562 1.8780369483657897 0.032271434397879384 9 448 109
3.441207229839984 1.8848999988904953 0.034971015228095315 9 449 100
3.4625206044311945 1.8939231671335375 0.03406063429043371 9 452 88
