3.9982179707897805 5.88197617856526 1.0046005757963634 9 5 175
3.9958424552549077 5.864059145289823 1.0043371353858204 9 5 181
4.0954937979395085 5.789277425946732 0.9713924996846398 9 5 206
4.087180586272831 5.773418332044572 0.9729643946403258 9 5 211
3.9965914485367526 5.691617273981753 0.9949388871827293 9 5 238
4.016182139892794 5.590017060351184 0.9838358629658751 9 5 270
4.018964015523551 5.576989697216689 0.9823337611686995 9 5 274
4.009567388214593 5.533428726574195 0.9827457398394697 9 5 288
4.012742682602475 5.5169446162404885 0.9809452598393819 9 5 293
3.9989948946299476 5.883357290016969 0.9956382214974073 9 8 175
