2.471331223144482 0.9076183818270749 1.0852635874132401 9 3 244
2.500595318314397 0.866627025159117 1.0908451032818391 9 3 250
2.486422223204006 0.8422727005209396 1.090562871977913 9 3 256
2.4688589609169265 0.8344019993597058 1.0889913793524926 9 3 259
2.5046670710090186 1.1738953985174567 1.0703578119182584 9 4 185
2.513193881186022 1.148798218750025 1.0726754647302015 9 4 190
2.505815689242314 1.1235067360397197 1.073211243758623 9 4 196
2.495255949004713 1.0990886241661602 1.0733412714233508 9 4 202
2.5034732833272333 1.0779793147868593 1.0754084658854168 9 4 206
2.488796429339314 1.0686698277743094 1.0742577586437394 9 4 209
2.4832191019157372 1.033054603560389 1.0755545793048786 9 4 217
2.504263549632139 0.9926471773625636 1.0801105443596082 9 4 224
2.5180285090699046 0.963687667593855 1.0832272943999102 9 4 229
2.506278165585188 0.9484553107561233 1.0827265715193353 9 4 233
2.4766237866875875 0.9155624597066578 1.081162913700308 9 4 242
2.4856788481425625 0.8278159138481362 1.0825802719445874 9 5 259
2.523789837078627 1.1600136860661765 1.0649342323503068 9 6 187
2.482297958514166 1.0434556290209014 1.062307945784262 9 7 215
2.499262244108957 1.0046076634788288 1.0661699194037169 9 7 222
2.4973186717878795 0.9279375304101478 1.0699409308508714 9 7 238
2.5055463155937314 0.8452863229555856 1.0751283145479604 9 7 254
2.5090932159450805 1.1510812526340868 1.0554705783972296 9 8 190
2.4732969486290868 1.0792357846205438 1.0553076451727867 9 8 208
2.491354583865253 1.026763638628129 1.0557068989308838 9 9 218
2.4931565910555675 1.011911770062851 1.0566483909185853 9 9 221
2.5039956759511313 0.9160140054083958 1.0626431013511461 9 9 240
2.483855329967025 1.0995231048583327 1.0470653107659127 9 10 203
2.5167738190151367 0.9654155886722935 1.0571931711860405 9 10 229
2.468334683103092 0.8606940263250702 1.0573376198208375 9 10 254
2.4975437550732935 1.118642555263893 1.0433678965550393 9 11 198
2.5123374303528574 1.1785549436980005 1.0377960771091195 9 12 184
2.5036616959205973 0.911785103745085 1.0498216008946692 9 12 241
2.485141391940122 0.879250859037914 1.0495061813398985 9 12 249
2.4735735277936075 0.8688917746261962 1.0488270398551764 9 12 252
2.5102793312678604 1.1657992491585951 1.0340344067193061 9 13 187
2.491121957170555 1.0182680998835092 1.0391402466332262 9 13 220
2.4964713674476458 0.9441126662238679 1.0432152201278868 9 13 235
2.4944990296306306 1.1295357764364333 1.029997167589547 9 14 196
2.500690273531429 1.113873008517666 1.0313481990464022 9 14 199
2.49416711184468 1.0834120951646382 1.0321308606361002 9 14 206
2.478227559823241 0.8373271394125128 1.0421067742464452 9 14 258
2.502905530267193 1.1910451323500493 1.0237948994648236 9 15 182
2.4909861839945533 1.0140072769539183 1.0308167549948035 9 15 221
2.4994527006491785 0.9139464004991948 1.0362759862353337 9 15 241
2.5033696750449295 1.07165548795183 1.0251263458224869 9 16 208
2.4935068500219937 1.1306311906562936 1.017300380531884 9 17 196
2.491137626309526 1.0239344252843956 1.021858558002548 9 17 219
2.4576214211301797 0.8859571399578443 1.0248491246650206 9 17 250
2.49361787317924 1.0470412651217054 1.0168098264968954 9 18 214
2.4976171587681546 0.9932384603561394 1.0195598717490366 9 18 225
2.4825316644528064 0.8513274071305561 1.0244033463481819 9 18 255
2.508159568348978 1.0042699176855345 1.0157614267234143 9 19 222
2.4794087233632567 0.9025557126746817 1.017512377430624 9 19 245
2.4770941842597294 0.8686932612989584 1.01876786400522 9 19 252
2.510779532597017 0.955036706983748 1.0137962250071237 9 20 232
2.4926369053104636 1.1551171365051593 0.9952301641523973 9 22 191
2.5079505206483574 0.9662462174367772 1.0043812506263905 9 22 230
2.4831260461114626 0.8519215830423388 1.002505241443659 9 23 255
2.50111022531265 1.1851009959749796 0.9863833925203739 9 24 184
2.4780175093921075 1.1462252219525313 0.9859470820695803 9 24 194
2.480774121673271 1.0947744079409785 0.988233321425959 9 24 205
2.4523245470660515 0.819299534566007 0.9967604847197689 9 24 264
2.4975853832926216 1.0476608619854726 0.9829919588582738 9 26 214
2.5023062969630434 1.0794481664725488 0.9778940863091224 9 27 207
2.4885136873772655 1.0603102279232408 0.9774855538570816 9 27 212
2.4816507758827635 0.9863258059000007 0.9797108882780228 9 27 228
2.495603442724718 0.9769962709949415 0.9725238249463769 9 29 229
2.500346213844177 0.9655667115108812 0.9733135539334818 9 29 231
2.468773415606237 1.155098688721555 0.9597641563653574 9 30 193
2.486634873597481 1.1913880131111936 0.9514958734489531 9 32 184
2.4843905015942793 1.1465337044622737 0.9528554877741675 9 32 194
2.4658290808741987 0.9841921404756393 0.9397229980635067 9 36 230
2.4695920675158134 0.9439381973907792 0.9412401461462805 9 36 238
2.4748928702882536 0.9519810864587099 0.9369964522666537 9 37 236
2.4805178250045437 0.9156029326128399 0.9340883159016133 9 38 243
2.5220286987049327 1.0952703951748792 0.9271969098772744 9 39 203
2.4999449778003378 1.1395689470540802 0.9201925367245206 9 40 195
2.4794706922899463 1.177825751623884 0.9135768903090719 9 41 188
2.4943640738176334 1.1136180879943294 0.916281437564157 9 41 201
2.4847728294438456 1.098127404200472 0.91181707907708 9 42 205
2.49212649449649 1.0583145011276314 0.9090057714595895 9 43 213
2.482352889501904 1.0376968846387633 0.9089560877157888 9 43 218
2.4886606964393656 1.153182779170855 0.9020619696465649 9 44 193
2.5019466970325173 1.08414160012147 0.9002599090452365 9 45 207
2.4954049650801604 0.9461278788831979 0.9032833185387401 9 45 236
2.4685546644866876 0.8462696798757636 0.9042020651966642 9 45 258
2.473110359602454 1.0414761109360537 0.8953279025162322 9 46 218
2.4785794161798504 0.9866802154415906 0.8969434749231328 9 46 229
2.475499716616403 0.9090837010035431 0.8986251876954591 9 46 245
2.464846479992701 0.8984044348070683 0.8938584077016228 9 47 248
2.478084814870007 0.9034802838209008 0.8900201227860223 9 48 246
2.4973315735447557 1.1148430951522712 0.8819845278403226 9 49 201
2.496554882973088 1.0442480472635391 0.8791023585040126 9 50 216
2.4639755196406252 1.1759169283396327 0.8704612693620235 9 51 190
2.4761482013767253 1.1495358780153164 0.8715927374814201 9 51 195
2.49359776255715 1.0882906315751408 0.8736886648977039 9 51 207
2.4751763231408854 1.0517476254872236 0.8691771241736799 9 52 216
2.4514508412287968 1.1618425697024712 0.861662162221019 9 53 194
2.472846447736354 1.043217305745611 0.8648792005447891 9 53 218
2.4870345048348685 1.0769215200904951 0.8605527783218593 9 54 210
2.4687453598656397 1.011237272296669 0.8609144380835722 9 54 225
2.4608722001102508 1.1733648860608732 0.8533900221617357 9 55 191
2.4894292367927706 1.1424037724659608 0.8508554441496083 9 56 196
2.46447555387514 0.8497264645337193 0.8546467061975204 9 56 258
1.8091396667680049 0.2591737326010448 0.8367724794518029 9 56 446
1.777024639278153 0.2591349494426587 0.8354182013530074 9 56 451
2.4889876845201755 1.1845987374971598 0.8415623033847399 9 58 187
2.505844895239454 1.1381513954500162 0.8429268838822794 9 58 196
2.4767478141274375 1.1281064866323467 0.8419314608675135 9 58 200
2.4466095922595814 0.877630665159844 0.8400576558598448 9 59 254
2.48028141055197 1.155432801164121 0.8330488233307701 9 60 194
2.497724772737793 0.9830210050505261 0.8360318462171696 9 60 229
1.8556638007707407 0.2579472229045088 0.8223679798207165 9 60 439
2.4981518519977675 1.1737156037893075 0.8291329947629209 9 61 189
2.4800355578190887 0.9992078128290411 0.8307378045130797 9 61 227
2.453699317053444 0.9251812623856104 0.8307612500020047 9 61 244
2.4604127445007538 0.8976696219859133 0.8313515065147455 9 61 249
2.4732792358106126 0.8571997118379362 0.8323251893267343 9 61 256
2.463928867057792 0.8507718945006626 0.8320782874165087 9 61 258
2.4608521610435092 1.0685833592599476 0.8204628278170755 9 63 214
2.462404601228558 1.0202684722089201 0.8210626486214717 9 63 224
2.4724495223340344 0.94336609517853 0.8222631913231887 9 63 239
2.4555046235445137 0.9248804125103476 0.8219234594170737 9 63 244
2.457142075237405 0.8793596298330557 0.8179997314671059 9 64 253
2.4799634643194106 0.9360181543206565 0.8136180825851628 9 65 240
2.448998774308004 0.8422062463061035 0.8136270470059093 9 65 261
2.4623808463683314 1.0924656675690416 0.8071986060434954 9 66 209
2.473463899901041 0.9086341020640412 0.8091926087916044 9 66 246
2.4548957385327483 1.0809444252540048 0.8027392789431551 9 67 212
2.4604190699848667 1.060195452904812 0.8030619287743689 9 67 216
2.457833623783797 1.0130864089992013 0.8033881115769919 9 67 226
2.4398461022359883 0.9218442724495031 0.7992168054450801 9 68 246
2.4607810558227388 0.8633970550249184 0.8001972536516034 9 68 256
2.4776144413787407 1.030988818705058 0.7949134894706003 9 69 221
2.501836311444473 0.9587669746291786 0.7959952647138819 9 69 234
2.507769688899301 0.936593796382587 0.7962912149577868 9 69 238
2.490457708021387 0.9329356494947234 0.7958998857204305 9 69 240
2.4682523873191737 1.000437132946655 0.7904559300835037 9 70 228
2.478848740112508 1.0407098947936981 0.7860159286314946 9 71 219
2.4919698074577408 0.9677032524158256 0.7866901479733688 9 71 233
2.4823675599108004 0.9363357624077577 0.7866558702232067 9 71 240
2.490185015259077 0.9788962354969676 0.7730858039804509 9 74 231
2.4205131889845766 0.7025660389640789 0.6229430915412056 9 106 291
2.4373697367321765 0.7326115412127443 0.6183431921731771 9 107 284
2.4407395140401618 0.7313145146112434 0.6086848125495222 9 109 284
2.433375463814647 0.7131066265588466 0.608500786307726 9 109 288
2.4294935069427517 0.7041866541945405 0.603644479856577 9 110 290
2.4423623392670395 0.9492199052845312 0.6045304145046974 9 111 242
1.615504588607704 0.28269533065869856 0.6175674544907817 9 111 470
2.454665158051429 0.7199253464060331 0.5935461571735074 9 112 285
2.4346778865136334 0.7019769549176404 0.5938305566073131 9 112 290
2.4384188182707307 0.9710690241966924 0.5960343689685093 9 113 238
2.440218969775617 0.8742151896893924 0.5933922908620668 9 113 257
2.4328528880863183 0.7192944402801085 0.5847787250185477 9 114 287
1.49901573056489 0.28612525559494273 0.6105690368680371 9 114 490
2.432645993165839 0.9785516574908122 0.5872852883710938 9 115 237
2.4396633028408847 0.8850618915136101 0.5843643300549132 9 115 255
2.442910360284626 0.8214966521565921 0.5824419632072253 9 115 267
2.4344198365347984 0.7777792173900777 0.5768168652741192 9 116 276
2.419501148713946 0.7040380703404807 0.5753314669464479 9 116 291
2.4654258900182824 1.0367243973390825 0.5783580468097702 9 117 223
2.4329266647061853 0.8364243891799401 0.5738682717876843 9 117 265
2.426707570468518 0.6898722378881657 0.5697987384670287 9 117 293
1.8455420239450109 0.28485188180437726 0.5837497103431376 9 117 433
2.4435582330070003 0.9852088840628825 0.5731957831950218 9 118 235
2.4385260798578035 0.7387591136341398 0.5659252958991211 9 118 283
1.5460616869265509 0.2918598087092654 0.5935004691747641 9 118 480
1.7483641292274958 0.28747186192648866 0.5798915728104808 9 119 447
2.443729803063105 1.0103604663899501 0.5647577317580962 9 120 230
2.445711960891144 1.0927126802713771 0.56275322926036 9 121 213
2.4449185368300586 1.0347668385063626 0.5608936968160084 9 121 225
2.406265720868381 0.753666297452209 0.5536319271469092 9 121 283
2.418020518662603 0.7214783127762383 0.5519826228440027 9 121 288
1.6728304783956929 0.28702665721260745 0.5754020498293361 9 121 459
1.469128579143853 0.29714962363010455 0.586029032229721 9 121 493
2.430955288762133 0.9508525622648816 0.549572482037818 9 123 243
2.428051054213592 0.7761813162921707 0.5437284907092368 9 123 277
2.4091905495433896 0.74723851450367 0.5437430493305154 9 123 284
1.8539665374475498 0.28747407128420455 0.5533299868320077 9 124 431
1.689238144056302 0.287927613321199 0.5623977453645856 9 124 456
2.4073890694993723 0.7536319172775219 0.5345269206764435 9 125 283
2.4260159032588127 0.7344577888898529 0.5327873565989012 9 125 285
2.4370015201340958 0.9944716682585304 0.5322466788800122 9 127 234
1.7789685065643213 0.29248606877834327 0.545003800958539 9 127 441
1.4837119625718156 0.29621102027687973 0.562673303078288 9 127 490
2.4339368362827614 0.8008714091007445 0.520389159912732 9 128 272
1.757561872454521 0.2936115896620186 0.5421340955780323 9 128 444
1.4103090900442081 0.2967568139673227 0.5633841776382126 9 128 504
1.468470230602693 0.29999020509244056 0.5562145729034145 9 129 492
1.527715279297633 0.2945445695368982 0.5484597726934766 9 130 482
1.518675020398809 0.29269028199043223 0.5489627139838396 9 130 484
1.6920481268451564 0.2882113338210841 0.5254070501421175 9 133 455
1.3006683364001141 0.29317860776978777 0.548801211964415 9 134 527
1.8277006139506988 0.30000953714887 0.5037216186030625 9 136 432
2.420353285964741 0.9164584413498491 0.3690744882411002 9 161 252
2.3779495527285444 0.8452847502005225 0.3691556222454956 9 161 269
2.389253401016732 0.8825818671085313 0.3607176090981792 9 163 261
2.394122520387047 0.8597743572144312 0.35865547233614264 9 163 265
2.421803732936586 0.9321218352108022 0.3506710582495466 9 165 249
2.420358962771587 0.9332584070473893 0.3364383629729208 9 168 249
1.184885060186809 1.8798568777533344 0.47755990888141564 9 202 47
0.8073083069367692 1.6115626265065195 0.48293281716249553 9 220 218
0.789668559771771 1.584632474138106 0.4834451371123309 9 220 235
0.8136990403240643 1.7545340243748464 0.47090534323332667 9 235 139
0.6088358739509966 1.5205856672057525 0.4827164071189017 9 238 310
0.586869005470352 1.5155540702132058 0.4772057931248095 9 244 319
1.0336176382334985 0.6854295173423053 0.245171797810822 9 248 493
1.020169464729741 0.6905036714548081 0.24609920051482836 9 249 495
0.5750415566228081 1.5109894759604188 0.46953447090022654 9 250 325
1.1981785909752012 0.6973121638625313 0.19917223182783939 9 250 453
1.1400637723089564 0.6903943437459685 0.2128204328586546 9 250 467
0.8752977013769643 0.6858971586730691 0.27877469366095253 9 250 535
1.0918342238221066 0.6935654132337417 0.22216032738331903 9 251 477
1.0110349591645837 0.6828224630200614 0.24110297911134598 9 251 499
0.7393251799748495 0.6814031163271674 0.3096813858008392 9 251 579
1.0737296282372553 0.6858080900290395 0.2224411640481505 9 252 483
1.038633311071671 0.679127384347826 0.2304382369687431 9 252 493
0.7732928936119319 0.6833059033573181 0.29863407754499416 9 252 567
0.8234866784737116 0.67898587067234 0.28242833740363865 9 253 552
0.7569515695093791 0.6806165008364788 0.29972280828959186 9 253 573
1.1526593779123535 0.694652123827245 0.19690361778358678 9 254 463
1.1297687858173135 0.6904327310188922 0.20220743213062675 9 254 469
0.9956456389152373 0.6813828851103394 0.2355286280221489 9 254 503
0.8987939691056148 0.693370543602762 0.2622427914237866 9 254 526
1.2420058208677225 0.7010678168508548 0.17127549765861938 9 255 443
0.8615341467498463 0.6876924824735529 0.265309983027157 9 256 538
0.8517130428043582 0.679434954057551 0.2666802939691537 9 256 543
1.0522888037254958 0.692900935370059 0.21301280171628956 9 257 486
0.7458625493226696 0.6778081748911942 0.29142735447086443 9 257 577
1.0889591373145355 0.6901487577574605 0.1997125500912864 9 258 478
0.9957134980070379 0.6840832733866509 0.22350915999819465 9 258 502
0.7907374840235416 0.6820570187933406 0.2774790163545842 9 258 561
1.2160332791814534 0.6923458032032608 0.16292790534095092 9 259 450
1.055151608988289 0.6894762173409921 0.20536558376040792 9 259 486
0.7068851910608409 0.6828240203882321 0.2971669714142142 9 259 589
0.6990872397767705 0.6742793271473855 0.29798299496249003 9 259 594
1.193536315427099 0.6946876014510837 0.16583916749634853 9 260 454
1.091216617167136 0.6999185728866741 0.19404623245398422 9 260 475
0.903716670542702 0.6896435077487042 0.24278572545766913 9 260 525
1.028124784943484 0.6868923498493442 0.20586337950109734 9 261 493
1.3316167003786201 0.6954266778674691 0.12160624409741128 9 262 427
1.2993402446920117 0.7039389071999347 0.13164617904210962 9 262 431
0.8328497671794088 0.6837190625445926 0.2552235528614001 9 262 547
1.1860510657760328 0.6963004802945121 0.15782362082506807 9 263 455
1.1430560457641938 0.6968350254863689 0.1696461926718683 9 263 464
1.1319408823921577 0.690178660323254 0.17167534682365138 9 263 468
1.0387845651742862 0.6879466803182841 0.19677849444106388 9 263 490
0.9493688819635382 0.6907119129306896 0.22161559964884914 9 263 512
0.9397787533898945 0.6889559105013161 0.22396913970961074 9 263 515
1.3632373352535418 0.6876405434126842 0.10439409689984891 9 264 423
1.2622184996902457 0.694940998882362 0.13326125489273566 9 264 440
0.8971116676884008 0.6912297800883516 0.23006649204856516 9 265 526
0.8704073037207818 0.6897984080002462 0.23722984013507198 9 265 534
0.7801954029133646 0.6766816633007418 0.26016207363430044 9 265 565
1.3059632503692715 0.6977064209745327 0.11439848922888196 9 266 431
0.9687240948539952 0.6933781082408295 0.20752644940845033 9 266 506
0.8212558876147253 0.6842617480236202 0.24713808006773097 9 266 550
0.7479969565966215 0.6826272951106696 0.2672615852975119 9 266 574
1.3008690006146821 0.6839844294138109 0.11006334732634893 9 267 435
1.0854138039569476 0.6951292551132622 0.17207279518777596 9 267 477
1.0731586051416913 0.6944222861544374 0.1753924153454548 9 267 480
1.0112528407486299 0.6856449745890143 0.19135543557582224 9 267 497
0.7890557060154144 0.6881772999033511 0.2539184728579518 9 267 559
1.5390592774585827 0.6406189682466581 0.03262309327305768 9 268 404
1.4972115371837575 0.6289139591778494 0.042580631485753084 9 268 413
1.4013683857193657 0.633392947942927 0.07025592490634969 9 268 428
1.2371054851976329 0.6979558419515863 0.12654209356767876 9 268 444
1.2272726804820744 0.6977336969034968 0.1292752774487278 9 268 446
1.1875014344565225 0.6980475045235277 0.14051902185385023 9 268 454
1.0630887377943856 0.6914332218151458 0.17450949250574033 9 268 483
0.9079747328762777 0.6859494887256992 0.21731780492217656 9 268 524
0.8545746575364026 0.695137239245905 0.23377903305005243 9 268 537
0.7177091238754578 0.6793185751889657 0.2698421148089942 9 268 585
0.7097897936064864 0.6745775704092085 0.27133333891226463 9 268 589
1.481998465161868 0.6308586936339211 0.043165655841786554 9 269 415
1.2098791297270783 0.6953049980612294 0.13030876363982657 9 269 450
1.4676051996026573 0.6322904249991199 0.04348725695096922 9 270 417
0.7949188236139337 0.6874349608182424 0.24378258219261134 9 270 557
1.5332809772713656 0.6444043791851009 0.02260502223652494 9 271 404
1.441863831215657 0.6285743521626115 0.046292644282803885 9 271 422
1.2459747926864384 0.6938063953324212 0.10919321976247631 9 272 443
1.1488096234267808 0.6934231615552005 0.13713718155128496 9 272 463
1.109989256709167 0.6913306472790088 0.1479928071307306 9 272 472
1.037471280576353 0.6947496906465778 0.16943839126957738 9 272 488
1.0063759417306581 0.6849023296370644 0.17683268166795607 9 272 498
0.961918938481908 0.6944903328048011 0.19117282019958326 9 272 507
0.9433671413383207 0.685944967475068 0.19515912600945973 9 272 514
0.6910729459812164 0.6714033267103092 0.2655599595286512 9 272 596
1.50108324988024 0.6489598938210865 0.024493557578176728 9 273 408
0.8892557968390631 0.6931377162769552 0.20894206529690862 9 273 527
0.7438326657958424 0.6849457523469109 0.249789749467191 9 273 574
1.513882622682098 0.6913505997892877 0.023552419946971992 9 274 397
1.5231598192479274 0.6561885109438594 0.015185040597573862 9 274 403
0.8521340330337446 0.6917003457183912 0.21657407203540535 9 274 538
1.442206272093875 0.6416720996195093 0.03250759577980733 9 275 419
1.3797452337118494 0.6354844668803166 0.049824889037784925 9 275 431
1.280708055686824 0.6454754800201281 0.08048944516066958 9 275 447
1.0616077403574669 0.6866002748509645 0.1514089344050421 9 275 484
0.8247283665861649 0.6882406295711552 0.22114913667248204 9 275 547
1.0212178985138367 0.6932642471759469 0.16114376702825906 9 276 492
0.9196116645780683 0.6942903632211272 0.1912831031501271 9 276 518
0.7874412911020173 0.6863743320176976 0.22898232306945515 9 276 559
0.5688028293901115 1.5071938820568138 0.42543980637369 9 277 329
1.0768214751681868 0.700487493456468 0.14263671133840217 9 277 477
0.8960346866644027 0.6960234057876793 0.19554151514835927 9 277 524
1.3929101670242334 0.6381020375040527 0.034768343580219074 9 278 428
1.3337531169569135 0.6359457926915097 0.05206439931027318 9 278 439
1.2052540066264876 0.6710457120646527 0.09618416011983211 9 278 456
0.9503228054110513 0.6966698022775308 0.17646817737109965 9 278 509
0.775462969293856 0.6809740020559514 0.2260580873057858 9 278 564
0.7445667018820121 0.6895341261778605 0.23668609652332973 9 278 572
1.3175067141567451 0.6356721119320228 0.053112221145868554 9 279 442
1.0551291427030023 0.6833859098174897 0.13974351711674482 9 279 486
0.716795484646402 0.6831870613535163 0.24123587354652531 9 279 583
0.7088735417649115 0.6783878588970633 0.2428185901220502 9 279 587
0.6923883478170081 0.6817116819774145 0.24831559777629125 9 279 592
1.0968956597316775 0.6930226293157606 0.1254743344967152 9 280 474
0.8648010107815902 0.6945167290639651 0.19576322897532383 9 280 533
1.4349875418586682 0.6649021796609234 0.014831092583953653 9 281 415
1.0239674337799098 0.684740085757086 0.1428856459388519 9 281 493
0.9973820340157113 0.6912256535703063 0.1520390263601622 9 281 498
0.9021593873773617 0.695725058143728 0.1816897761800279 9 281 522
1.343484493229899 0.6360716045130688 0.033965924739680076 9 282 437
1.1787359113817513 0.6589340312872998 0.08809046780442165 9 282 464
0.9655007657548307 0.6954567742149405 0.15931051310103328 9 282 505
0.7385506362949339 0.6800008177930446 0.22597041358184283 9 282 576
1.4541067569310915 0.7332182280359816 0.01263819275073863 9 283 397
1.4397715516127156 0.7163447671771941 0.01418309040888488 9 283 403
1.4116330795723153 0.6594260481838772 0.013189856656471655 9 283 420
1.261132063400789 0.6243052828058211 0.05343510917319649 9 283 455
1.4079943914940247 0.6989534937672406 0.017123342166678657 9 284 412
1.116834000659336 0.6771741061626113 0.10326864181262618 9 284 473
1.0958145745566228 0.6759195919886554 0.1095416809748071 9 284 478
1.3879221716605077 0.6592513843348708 0.01269008050551479 9 285 424
1.3375075384357251 0.6449871181482068 0.025894785913477936 9 285 436
0.5719750326301442 1.5091883290194694 0.4094875460872818 9 286 327
1.2609039801371071 0.6237017613319464 0.04233129640653255 9 286 455
1.2101588544908728 0.6288923910581636 0.05905640709283233 9 286 464
1.0500151387963992 0.6778741770778316 0.1174419729306676 9 286 488
0.9559096594660366 0.6961014953245845 0.14993672849789497 9 286 507
0.7909211391204292 0.6816671201131494 0.19893342585745966 9 286 558
1.1931076404091774 0.6309178584562003 0.06114959485616611 9 287 467
0.9387847413354737 0.6896837505545135 0.15109038419104492 9 287 513
0.9049425718080786 0.6904082933303806 0.16183254182052131 9 287 522
0.8386900896462157 0.6865071218822385 0.1819431379494404 9 287 542
1.3297182650982913 0.6645220496460267 0.020316968936088364 9 288 433
1.1812955631371298 0.632712167196271 0.06160866681936228 9 288 469
1.133570052762205 0.6294148486774034 0.07609008269091255 9 288 480
0.7536501176077348 0.6849496475183305 0.20557625960226922 9 288 569
0.7139945731285102 0.6827543599378219 0.21770357707202648 9 288 583
1.3691983067827096 0.7588082409724441 0.020474862455336917 9 289 405
1.061210524769151 0.669989147608532 0.10264264115499055 9 289 487
0.8063309522618711 0.6890288712830857 0.18680183704431552 9 289 551
1.2922702276889062 0.636278773969376 0.019725286538589293 9 290 446
1.002291688095174 0.6914917094200836 0.12188081440247567 9 290 496
1.1729664931799793 0.6307276475385593 0.05323804887877204 9 291 471
0.8855949294768544 0.6945642658489191 0.15662813100791728 9 291 526
0.7245010839323295 0.6867383800650975 0.20689104105128198 9 291 578
1.3750306947273325 0.7978089268583153 0.014188775817015165 9 292 395
1.3259153187752273 0.7516195416390758 0.021826391751504692 9 292 414
1.2168560382100169 0.6387969259566979 0.03333615637750875 9 293 460
1.1490881040025915 0.6216748205675326 0.052241995866464164 9 293 478
0.7891589319939013 0.6808550207402164 0.17941799349163368 9 293 558
0.7650629201543147 0.687684662515416 0.1884432460083474 9 293 564
1.3413210921341825 0.7744766176421642 0.013472509656859977 9 294 406
1.3072094889085422 0.7263884920411028 0.01596698912482486 9 294 423
1.1784580310912824 0.6246417748310282 0.039674577096772246 9 294 471
1.0663464481604086 0.6243019589243035 0.07613358883513965 9 294 496
0.9875376284890927 0.6805482545339983 0.11188440984452463 9 294 502
0.9212186849955895 0.6941485437314245 0.1359246729432877 9 294 516
0.5702817752795816 1.5101530772450558 0.3947445573498744 9 295 327
1.2486637979832684 0.6503436027533271 0.01773021340969183 9 295 451
1.2020277620058788 0.6427942077997593 0.03164239592237439 9 295 462
0.8427499976854651 0.6904711346690775 0.15788265406658442 9 295 539
0.6952751085466561 0.6816386384040438 0.20458550571215073 9 295 589
1.3299261965599163 0.787012379405029 0.012036045513168947 9 296 405
1.2808289708916951 0.6987308804168748 0.012216857339826026 9 296 434
0.7885791316300019 0.6802811678993552 0.17092407368538054 9 296 558
1.2484513220640228 0.6858384175726142 0.016886595038869134 9 297 443
1.189955445364966 0.6399127697143521 0.027888077977416215 9 297 465
1.0992410062629316 0.6294666375279818 0.05600706904989605 9 297 487
0.7601469674016464 0.6803683762231647 0.17748349259573803 9 297 567
1.0613060091323365 0.6277582511996014 0.06147015724948146 9 299 496
0.6868595495572725 0.6875004853155322 0.19766013156379714 9 299 590
1.2855732903746628 0.7813687651841159 0.011069066859048626 9 300 414
1.2070178097865232 0.663681005933058 0.01573431652961199 9 300 456
1.1847754428230695 0.6438502772925365 0.019547360512109035 9 300 465
1.1236571683381746 0.6308626511057083 0.037691374230417796 9 300 481
1.0527720035368384 0.6274872365251056 0.060893753302621145 9 300 498
0.9690880896569618 0.652000425583243 0.09354949817709834 9 300 513
0.732784477995666 0.6793383187098725 0.17802543316462383 9 300 576
0.7216809361170791 0.6784466069841542 0.18159283464758658 9 300 580
1.2709383169271997 0.7797387697611318 0.012065603149898907 9 301 417
1.0819921189923307 0.6322684454016625 0.048525668978049774 9 301 490
1.1541139599250752 0.6319133731774762 0.020534403755008257 9 302 474
1.104826616493282 0.6310850450906538 0.03711738022739253 9 302 485
1.0919056285689854 0.6307496800177412 0.04144265788665269 9 302 488
0.8130073810915834 0.6833537558855944 0.14596777696554486 9 302 549
0.6683762267627589 0.6769616250404202 0.1938906055255637 9 302 599
0.704572222823564 0.6845574113145716 0.18028376060760043 9 303 584
0.5729804436500957 1.525389950391337 0.3811174102631853 9 304 318
0.5710430862286048 1.5097843000129114 0.3788417551471397 9 304 327
1.180022471745707 0.7042921147332262 0.018155313439911613 9 304 452
1.2567526358348222 0.8443983897422636 0.014678451563642891 9 305 404
1.2474492001233108 0.8348833750513012 0.01608480361151199 9 305 408
1.2155496477083103 0.7848888856598211 0.017618172135151156 9 305 426
1.2018378317653413 0.7750600486288219 0.020485158327623543 9 305 431
1.1307339269931225 0.6533685374590998 0.021961524426133527 9 305 474
0.9047006565462719 0.6550206229839142 0.10021282990346192 9 305 529
0.8480926249600029 0.6841454471997666 0.12524630563344752 9 305 538
0.7409271306866366 0.686004275765101 0.16254997399860815 9 305 571
0.6804068274783388 0.6818659210812448 0.18263441911080425 9 305 593
1.1885398608774447 0.7479271292586112 0.01640813585642653 9 306 440
1.1702951780425708 0.7295703717185107 0.019238210225512087 9 306 448
0.6565423974083455 0.6802584539593741 0.1878983977263089 9 306 602
1.1221527178417654 0.6827341034407857 0.023537670536226685 9 307 469
0.954074005447705 0.6276424723732423 0.07154590503039615 9 307 522
1.1345997540428385 0.7139208100126246 0.021695904731454885 9 308 459
0.714455806159878 0.6844374175779238 0.1631005231774596 9 308 580
1.1342360733776227 0.7011305900085998 0.015882035253653393 9 309 462
1.0971083225007148 0.6452678879886444 0.01815878497245227 9 309 483
1.0082132228707072 0.6233871639786341 0.04520727703708305 9 309 509
0.9321998591797902 0.6217409534196501 0.07163042367810368 9 309 529
0.8304879886155858 0.6752281896179291 0.1177378602731669 9 309 545
0.7366502153681564 0.6898079140773867 0.153563989873172 9 309 571
1.1983066863747307 0.8551962383157179 0.019629520776102805 9 310 412
0.9902412617839098 0.6251526546348578 0.04856451035332254 9 310 513
0.7212605151585271 0.6856722691480361 0.15261896229250693 9 311 577
0.5792036403827995 1.5333371660038442 0.3648245500041365 9 313 312
0.5747573308371318 1.5190237375898374 0.3636032501189421 9 313 321
1.1407310298802005 0.8318132419161066 0.02529837370280874 9 313 429
1.0865283589773211 0.7061080073713837 0.02000971634741966 9 313 471
1.0709010970476325 0.682484682612498 0.017561089308055 9 314 480
0.7933058901189438 0.6865538684056889 0.1184553246520581 9 314 553
0.6932608742207108 0.6751108556161931 0.15226504580234734 9 314 589
0.6830001405350257 0.6776521112172464 0.15646710711566592 9 314 592
0.665038854523678 0.6756407502557007 0.1625455425252108 9 314 599
1.1295700699738787 0.8123915943486979 0.0187003792394006 9 315 436
1.1103649559329303 0.7921595753703716 0.021639575297980662 9 315 445
0.8033974531843249 0.6653946772811441 0.10767720107928413 9 315 555
0.9634589374568805 0.6307888527598564 0.03953640143614712 9 316 518
0.9046320144869013 0.6252823090669457 0.059854974708598796 9 316 535
0.7103147340703038 0.6783214393659458 0.14118784889848557 9 316 582
1.1490220872920949 0.868347793197735 0.016010835572807358 9 317 418
1.1312368144128395 0.8468064954194865 0.018197781799601076 9 317 427
0.8878608617629056 0.6191925930696913 0.061591677116108245 9 317 541
0.8531361734471488 0.6232725473372107 0.07511352338799249 9 317 550
1.1554713624604538 0.9218428452292184 0.021033717286843667 9 318 403
1.083405670316595 0.7784631253517582 0.018639221142829676 9 318 454
0.8349564904160551 0.6243801917020009 0.07892772615599575 9 318 555
0.7648554156341292 0.6807590195387712 0.11605561011915189 9 318 563
0.7337051263698365 0.6855822339339102 0.12847830610597755 9 318 572
0.6645074152035404 0.6783038847772369 0.15244934444420766 9 318 598
1.1252372160795776 0.8944701531871138 0.023312685986719872 9 319 416
1.1150865661790546 0.8595545949454997 0.019994932728827686 9 319 427
1.0208862111697385 0.6923890439236957 0.020954491480386195 9 319 489
0.9655588565234057 0.6359012848648573 0.029957318370334995 9 319 516
1.0872983825597708 0.8110394801010818 0.01710411757786945 9 320 445
1.0566761975015486 0.7613947057053005 0.018374098691257723 9 320 464
0.7442178511407914 0.6702064264662746 0.11293206589852423 9 321 572
0.6367876692478501 0.6818519737598923 0.1553724378155561 9 321 607
0.5764777106583449 1.5403804522952682 0.3514980160123143 9 322 309
0.577804674254246 1.5231088386931657 0.34745620456831017 9 322 318
1.131721949132996 0.9237098442029421 0.016902605640778612 9 322 407
1.098996814123235 0.8720812021247053 0.01856826892113539 9 322 427
0.9644546712001563 0.6488388064893533 0.023162316073046307 9 322 513
1.0205140397974009 0.7578912740912864 0.021262099345224494 9 323 473
0.6921755804906015 0.6761241098896549 0.1280066691923255 9 323 588
1.0613140766239062 0.8678791593665818 0.025330781032741 9 324 436
0.8817484925427328 0.6192193175161225 0.04174532300158884 9 324 542
0.8147704050244653 0.617727157886125 0.0667689234955895 9 324 562
0.8026134731997696 0.616597664446366 0.07113301860686683 9 324 566
0.9104663336785157 0.6274753303124747 0.029382524375078933 9 325 532
0.7110317595908826 0.676950535707471 0.11546124276843006 9 325 581
1.0893327806401623 0.9061674575295569 0.016129680025681048 9 326 420
1.0263623683781047 0.7799146169259588 0.013782709612691013 9 326 466
0.89718755410619 0.6298295834954719 0.03172994817982755 9 326 535
0.8191670400809561 0.6153505050325634 0.0584901257259518 9 326 561
1.0343395722416484 0.8202712700223382 0.015916762707497867 9 327 454
0.9277331753959293 0.6494654285413264 0.020945139273279234 9 327 522
0.850844878419057 0.6173319769330861 0.04368958683604385 9 327 551
0.6658309827415512 0.6796941717467271 0.12774582698241 9 327 596
0.6551416735240927 0.6793194791418609 0.13176710512516954 9 327 600
0.91738947176168 0.6395810964740161 0.01961595038895636 9 328 527
0.7509802249265347 0.6164947976793931 0.07887065773719315 9 328 582
1.0307116464756547 0.8581971102604824 0.01883569963061482 9 329 445
1.00399063811999 0.819790065559409 0.021043448907720697 9 329 461
0.81854825410715 0.6189599814362845 0.050286270797556765 9 329 560
0.6957380818915624 0.656013797551287 0.10567830190327543 9 329 591
0.832641468016663 0.6175085601404309 0.04142563602253235 9 330 556
0.5771915803196 1.5420472967007535 0.3357457382570078 9 331 308
0.5735392695084683 1.5273107806304485 0.3340227551174557 9 331 317
0.9274612001741764 0.7068193465630697 0.020370051397870625 9 331 508
0.88765523484578 0.65167699294851 0.024135278637462676 9 331 532
0.8236646927433844 0.6199514983307122 0.04235450901303828 9 331 558
0.8713607865506503 0.6325239959238895 0.023248996544102174 9 332 541
0.7866240231018363 0.6168325163465718 0.053137417366839745 9 332 570
1.0329937279528025 0.9163463048619747 0.017567474999691912 9 333 429
0.9002013700890263 0.6824715859557802 0.019487794192115437 9 333 521
0.7707750426037576 0.6121978578625233 0.05536186503067331 9 333 576
0.983015369602497 0.8453368986168956 0.015632188249299683 9 335 459
0.9643493547084736 0.827927494550174 0.019270953535562407 9 335 468
0.8938302886759875 0.7012686313474403 0.019771414280323807 9 335 518
0.8804590536184906 0.6584596900680859 0.015777727876266634 9 335 532
0.8250782660709115 0.6289951941096721 0.03140090271490348 9 335 555
0.7047616493063464 0.611025779043338 0.07535989531864651 9 335 598
0.9124467730581194 0.753589935863686 0.02061870295845991 9 336 500
0.8147926728569401 0.6289257045871761 0.03240513094826669 9 336 558
0.8789576071850584 0.6844111824924484 0.01574795523500494 9 337 526
0.7657691321455684 0.6164371885341509 0.04326605742849765 9 338 576
0.7576253351524556 0.6148572842278399 0.04620174483563355 9 338 579
0.6281708585100609 0.6617694710059614 0.10874427669194364 9 338 613
0.8329440722481252 0.6384060125281534 0.01791512719187205 9 339 550
0.7885352639455466 0.6235374995015905 0.03261102522742543 9 339 567
0.5771096565680925 1.542288091517715 0.3198648329115652 9 340 308
0.5750472303937021 1.5266566283537917 0.3172283631739816 9 340 317
0.8816903815773669 0.7492665693863867 0.019623399966730348 9 340 509
0.6776066866609074 0.6105553656267986 0.07181269410483182 9 340 607
0.8384685435616186 0.693116778011136 0.021654382332905175 9 341 535
0.883809557741934 0.7893310439769854 0.01848446160985584 9 343 498
0.8008573197327764 0.6392790094736274 0.018887098421299542 9 343 559
0.6568695932591777 0.61511975783124 0.07280688186802564 9 343 613
0.7333111590028663 0.6116553746013 0.03754603173138804 9 344 587
0.7156553752902852 0.6156188166059255 0.04575332465112736 9 344 592
0.6902166108286181 0.6147296112528546 0.05608573495602853 9 344 601
0.8344282324007104 0.7481264311088593 0.02049930753700524 9 346 522
0.7841116244168955 0.6594092302073138 0.02127857531564392 9 346 559
0.8272405483268426 0.7361711640985367 0.017748904133614296 9 347 527
0.7930237520383929 0.7085359456662348 0.02277951903299047 9 348 544
0.5745826157044834 1.5419036155612362 0.30473820184684874 9 349 309
0.5749163641706971 1.524977103546795 0.30068667337249555 9 349 318
0.7219703204030498 0.631766720382017 0.02327390117420003 9 352 585
0.8035529134554258 0.7842464846766273 0.018064951518640626 9 354 521
0.5738661479453125 1.5256196330689948 0.28857994801413733 9 356 318
0.5749661396641912 1.554791564468178 0.2914461187509841 9 358 302
0.5753337840275811 1.5380072417989772 0.2872601795727328 9 358 311
0.5691803432308079 1.5186741316890948 0.2853297686418199 9 358 323
1.0155411614961773 1.2747383143782571 0.021970676026117797 9 361 325
1.0083420388865971 1.2515125477433715 0.019538167778689775 9 361 334
0.5747151252555329 1.5606530447282134 0.27676532864674885 9 367 299
0.5758139228263159 1.5472544676150204 0.27293323121153773 9 367 306
0.5736307629974776 1.531553022159001 0.27002585210081387 9 367 315
0.5717851244074805 1.5193024534536475 0.2622848851449143 9 370 322
0.9701695232405847 1.293432345898606 0.021508792839744717 9 370 327
0.9661511054649838 1.2839489865109777 0.020978721047375082 9 370 331
0.9586367956551409 1.288108057620026 0.019897415051721268 9 372 331
0.5697626890345757 1.5336716849187213 0.2576571657061734 9 375 315
0.5737291847411699 1.5632263236164463 0.2615509405646434 9 376 298
0.5695254586640642 1.5206024330576808 0.24513107506333237 9 380 322
0.9228228898438471 1.3276342449957252 0.022218097919536772 9 381 324
0.9182489375188752 1.313278541300606 0.020655919790531163 9 381 330
0.5747778398260602 1.562985887508455 0.24635853439057598 9 384 298
0.5726006865905856 1.5473944408477447 0.24328146120852517 9 384 307
0.5700069617173711 1.531885945898749 0.23111160936876185 9 389 316
0.5781016823827609 1.6663552639345687 0.25820916152581486 9 392 238
0.5730343413395278 1.5604135489579356 0.22992672987630847 9 393 300
0.5704769059767478 1.524108753711384 0.21558777422294173 9 396 320
0.5720563825117395 1.5480021855857635 0.21767161103008714 9 398 307
0.5761660863653738 1.5756846245985796 0.22144418199557736 9 399 291
0.5693776467855707 1.5324665345673971 0.20147258454229378 9 405 316
0.5676897972997228 1.5633891088782894 0.2075029846292369 9 407 300
0.5698747509657249 1.545694895004192 0.18796376977351503 9 414 309
0.5713289144639029 1.576714642838914 0.19260401287457107 9 416 292
0.5670475911728703 1.5300229923488304 0.17911904097764353 9 417 318
0.5734763387642069 1.5666007762750356 0.18272685110450848 9 419 297
0.5695489290890666 1.5554562931274587 0.17774397270809938 9 421 304
0.5675402727702527 1.5395117860026826 0.16441782578152264 9 426 313
