2.2135412759841935 2.04523906796085 0.9580542915876826 9 3 251
2.2197071525990095 2.007137820107523 0.956411816664946 9 3 258
2.2298659937845313 2.0020513178453565 0.9569696399749914 9 3 260
2.47698562850991 1.271780797779327 0.93622191128434 9 3 416
2.4816975518974167 1.1355954994271709 0.9289089518878781 9 3 444
2.2192775028832608 1.9952658372453134 0.9464905692182426 9 5 260
2.2705658400955255 2.018072114004335 0.9518830439860153 9 5 262
2.2114288403386704 2.0021317298284274 0.9416284644980766 9 6 258
2.2154971491487494 2.035681174542021 0.9344892652077257 9 8 253
2.3141183744348837 2.0114167734714856 0.9360038414896643 9 9 268
2.444878481640811 1.0989060383174878 0.8981702095683977 9 9 449
2.46658749167619 1.0303143122244327 0.8962217109405852 9 9 465
2.220552727493983 2.0093302373500563 0.9242005850925508 9 10 258
2.483725087573595 1.1882290377673324 0.9013703484704898 9 10 433
2.4700880934070994 1.3083914282856262 0.9020848067887313 9 11 408
2.483798370205917 1.2677884259786736 0.9010187263411873 9 11 417
2.4746555953029814 1.083732522423343 0.8910006059813367 9 11 454
2.460751656792147 1.3559770087425629 0.8993288325872197 9 12 398
2.4962251922894367 1.1575623391870584 0.8919229930452373 9 12 440
2.4895150900984304 1.1408139500671473 0.890604789353757 9 12 443
2.4794919481447733 1.0944378018844283 0.8875658199846301 9 12 452
2.463195283163527 1.0706423852052294 0.8852099573343637 9 12 456
2.4692374246103146 1.03956618007441 0.884084758396364 9 12 463
2.4758889745332633 1.0274415955415352 0.8839524338243441 9 12 466
2.4906874708496405 1.2851533344917587 0.8934315430988327 9 13 414
2.4593309470223996 1.2286737014017235 0.888445141318138 9 13 423
2.4756607540442923 1.3720231430971195 0.8921322188002896 9 14 396
2.4625586584546957 1.3357733810380574 0.8894677266496578 9 14 402
2.4683069323222817 1.1627145490986508 0.8814446433341898 9 14 437
2.501938512042524 1.1103186266601968 0.8812089332441091 9 14 450
2.4773825286337625 1.325905405347127 0.8854994945708201 9 15 405
2.491728505596565 1.2396506796781308 0.8823339081512229 9 15 423
2.48121302270647 1.358308366845311 0.8827700833900443 9 16 399
2.4813148259312023 1.291370407974182 0.8796177654014676 9 16 412
2.4692000498314615 1.1576991372004943 0.8725081496429912 9 16 438
2.4767316062650577 1.0594183154210646 0.8683679893294743 9 16 459
2.496062674562208 1.266056305742968 0.8749010015659093 9 17 418
2.4842129622637312 1.118630089886968 0.8672825860659981 9 17 447
2.4998952395474325 1.0894638841225641 0.8625654088329404 9 18 454
2.4845141612033474 1.3435587485461644 0.8686643564602252 9 19 402
2.4977857898039884 1.2815932251436397 0.8667000697731366 9 19 415
2.4393290263462 1.0377673617297882 0.8392748437687558 9 22 461
2.430926778368651 1.2765666770170365 0.8445688606977215 9 23 411
2.4615393465410733 1.134270557508852 0.8403190215775949 9 23 442
2.4724732714209776 1.0943794891789538 0.8392613055731261 9 23 451
2.4894111298425474 1.2070226744781358 0.8404906517703521 9 24 429
2.4390871071228517 1.037174222426599 0.8306723802885658 9 24 461
2.4600184582699387 1.0012367366560158 0.8303476594982149 9 24 470
2.416373136119486 1.2708276455487293 0.8346477995687478 9 25 411
2.471290556042729 1.1175453045794483 0.8313946906366289 9 25 446
2.4639372044805645 1.2078766920497939 0.8302167364471063 9 26 427
2.445259259895713 1.0337403460871517 0.8222824552194374 9 26 462
2.459660891210781 1.080011521324702 0.8205349411822688 9 27 453
2.4560993898188803 1.0178798372846893 0.817918250977625 9 27 466
2.43595564528544 1.1978873033774307 0.8195173494077218 9 28 427
2.441743418582365 1.1851247510470522 0.8193171845028928 9 28 430
2.457840002842546 1.1513580766896045 0.818826893822947 9 28 438
2.4713477975788356 1.1023969457083964 0.817622846292981 9 28 449
2.470837966826504 1.0828342415302585 0.8124658447049716 9 29 453
2.4624341473576807 1.1329418273900576 0.8095350436220794 9 30 442
2.4563061138671105 1.0357948083375281 0.8056536463052705 9 30 462
2.4625860437248672 0.995610220076163 0.8044666072016928 9 30 471
2.4671483887677272 1.057464384231849 0.8026050490586194 9 31 458
2.463606941334454 1.094268756644968 0.799384140390557 9 32 450
2.466865867437522 1.1385134883333108 0.7966683572983861 9 33 441
2.454594384728303 1.076998981243974 0.7939976726276395 9 33 453
2.4548543367655853 1.0345832606609537 0.7925350865336331 9 33 462
2.4702023847290824 1.0154362471592706 0.7925365749371082 9 33 467
2.4154870323671576 1.0368672758831623 0.7823164566633704 9 35 459
2.466109644469378 1.0372178163432804 0.7843911781232702 9 35 462
2.457163355493391 1.0435729304600707 0.7755118972831007 9 37 460
2.453059241200808 0.99542786894379 0.7694971223499032 9 38 470
2.0283727752778042 1.877190991852639 0.6697307337716742 9 63 260
2.0482626970645272 1.873580880719135 0.6697364289901482 9 63 263
2.383589553714414 1.1050442332887762 0.6567086984406418 9 64 441
2.45088557571052 1.17025442881802 0.648393103413343 9 66 432
2.4451869585249493 1.1582274131762116 0.6437204766970236 9 67 434
2.3997636704388587 1.0998292717174922 0.6433176554452047 9 67 443
2.4125714651032846 1.4455521924692831 0.6322453962839699 9 70 376
2.4198978250027956 1.1148535831042112 0.6253792844685774 9 71 441
2.4199204781135406 1.085350909446846 0.6162072691426277 9 73 447
2.4342418187724997 1.1235544776204098 0.6116722983195834 9 74 440
2.439779361469202 1.1445538173366236 0.6025221457959045 9 76 436
2.4217406908507337 1.0945890629553257 0.5981615578431142 9 77 445
2.429639115327781 1.1162699244853251 0.5935063912306926 9 78 441
2.421728705207754 1.1429717304701756 0.5891044582404383 9 79 435
2.416435952537905 1.068386080186332 0.5892050447230065 9 79 450
2.4360214725761784 1.1227101979880407 0.5842421440454023 9 80 440
2.4518792117773933 1.1075198541181859 0.5747258880491523 9 82 444
2.4331758555682557 1.0920081093732912 0.5752100709088199 9 82 446
2.4329221445022706 1.0773735897836776 0.5752492360701972 9 82 449
2.4461763600960174 1.1301479732695427 0.5702001236486762 9 83 439
2.442815781496558 1.0839376498189508 0.5520973585594116 9 87 448
2.432437024663954 1.0662800904271088 0.5525282049980043 9 87 451
2.4067416885925788 1.1360975087107863 0.5483158593922335 9 88 435
2.4266881739183366 1.0883010442210295 0.543420023718022 9 89 446
2.446895662900304 1.1037763835523646 0.5333648875723175 9 91 444
2.4230786597685694 1.0670581503958911 0.530010091486066 9 92 450
2.434269616210304 1.1139132756443035 0.5198554760422519 9 94 441
1.5581025513519726 1.8787057687090063 0.5429479867255217 9 95 196
2.4120906016682664 1.0486038753439484 0.5169694465548262 9 95 453
2.4203168634933068 1.0743984151859758 0.5025204474800646 9 98 448
2.444248962481487 1.1106279427152908 0.4915336948001239 9 100 442
2.443632672487267 1.0803658523313333 0.48275386755619043 9 102 448
2.434579890923883 1.1217580301348253 0.4778109851781436 9 103 439
2.4201970206886263 1.0874815024706082 0.4745909168574679 9 104 445
2.4166986309316405 1.037685934729629 0.47115789214858617 9 105 455
2.4124477349710265 1.089512104198672 0.46571599599233393 9 106 444
2.431903148611096 1.0512018240645533 0.4607521592365982 9 107 453
2.427406958712199 1.0402199232843836 0.46126007572118644 9 107 455
2.4332640934529772 1.0274127347399378 0.4611900480761938 9 107 458
2.4062118699339843 1.0625362604906101 0.4528072417694704 9 109 449
2.4184892700980445 1.022430675110502 0.4483699475194237 9 110 458
2.409852554714465 0.9864351149445891 0.4452225196094963 9 111 465
2.3754857874260056 1.0335245598666356 0.4417315932150695 9 112 453
2.429044872774788 1.1121738618572372 0.42198149259470796 9 115 440
2.4240332567265663 1.0809805540565915 0.4232176907145394 9 115 446
2.412683184514332 0.9955422437104887 0.4264342598271569 9 115 463
2.3694375673226027 1.035492169027713 0.4238162258318412 9 116 452
2.3794702870822846 1.0193256792587138 0.4235551610021404 9 116 456
2.4001227488286725 1.0156242599229388 0.4221606165492705 9 116 458
2.410269010465333 0.9943160326077859 0.41743525088487765 9 117 463
2.431320181148736 1.082416469917097 0.4085395158153068 9 118 446
2.414280053453283 1.0626105414570786 0.4104339643560817 9 118 449
2.3969535381362226 1.0094159666586315 0.4133710601176034 9 118 459
2.40065764883102 0.9772305210066481 0.41407509916298724 9 118 466
2.385981749513581 1.0153255814456188 0.40482484049773015 9 120 457
2.431387297570694 1.0467681028837867 0.38614416034057397 9 123 453
2.4012502347803735 1.0044462660832432 0.39010789617921926 9 123 460
2.38788113311396 0.9865304379827596 0.3918365504351008 9 123 463
2.4105622782546305 0.9642153107315652 0.39072711970915064 9 123 469
2.417944823459359 1.0768584301435247 0.38150394248670083 9 124 446
1.0097533640458605 1.5350089589847782 0.4811382045515055 9 125 166
1.0707179642379343 1.546388732404562 0.4754904508474252 9 125 177
2.4093512685988223 1.015725526547002 0.3797360763515607 9 125 458
2.4118409096334563 1.0843550585414294 0.3723170741747064 9 126 444
2.4360163703071365 1.042398530293454 0.37175800881651755 9 126 454
0.9977370952832987 1.5447961055214494 0.4757860517076636 9 127 161
1.0148729325988533 1.5241111593234598 0.47504618399238585 9 127 170
2.4053918143997595 1.0966951261844455 0.36296748783127974 9 128 441
2.416152865369405 1.0264616475470667 0.3647084234386462 9 128 456
2.400523332422292 0.9790242219103121 0.3679518845045252 9 128 465
2.395924518712003 1.083673076517919 0.3596146949406417 9 129 443
1.1051533456560363 1.499413394920107 0.4585291696593716 9 130 196
2.3968015289595805 1.0012538254594308 0.3581343302841602 9 130 460
2.42843263309484 0.9667730220460097 0.3565723962497115 9 130 469
2.40337259721415 1.0706924749993747 0.3500069547703778 9 131 446
2.414930699045846 1.0496241248672533 0.34977702025948076 9 131 451
2.422371874729056 0.979198744421192 0.3519632361287521 9 131 466
2.4143320578490295 0.9341837078735096 0.34994225495514514 9 132 475
0.8910361077189097 1.509483008221679 0.4695550652193567 9 133 144
1.0394110189729255 1.4914913727220727 0.4558293012717455 9 133 184
2.4062038179415164 1.0029978374493904 0.3431645885131381 9 133 460
0.9066549333686111 1.4940066093950655 0.465828831701582 9 134 152
0.9169185067420831 1.4963267030952792 0.4647101660262276 9 134 154
0.9514530846981766 1.4943598770939253 0.46137113134301566 9 134 163
0.9707431293991198 1.4928434295118869 0.45952421088737677 9 134 168
0.9804724755333212 1.4940345991998971 0.4585076149032609 9 134 170
0.9961400556522315 1.4886068808187785 0.45719000114043706 9 134 175
2.408907571813466 1.081450914053375 0.334801275896172 9 134 444
1.0761828202484112 1.48802121043866 0.4461678032655047 9 135 193
2.4136425917600217 1.0384138334474895 0.3314753607453931 9 135 453
2.400192085186109 1.0103854594883268 0.33407078640946464 9 135 458
2.411641542437673 0.9895151489727024 0.3338430132515957 9 135 463
1.1535095589828135 1.479636476547423 0.4355352258484083 9 136 211
1.1306253923491585 1.4858040017934122 0.4343985768991505 9 137 205
0.8160880001539457 1.5031501641188076 0.4634480912566783 9 138 126
0.847825316920265 1.5019644617874972 0.46016780202405105 9 138 135
0.8685650390141939 1.5040357407998022 0.45789115129916286 9 138 140
2.3960319118260345 1.0325429489774853 0.31938893534723767 9 138 453
2.3620999489089343 0.9894581870957448 0.32496937066746284 9 138 460
0.9960643215631613 1.4901781143438781 0.4421331424674217 9 139 175
1.0667348550050664 1.4809273494875241 0.4350401731732892 9 139 193
1.1156371503338591 1.4819882684623777 0.429777084329248 9 139 203
1.154147213609328 1.4726246991890823 0.42611755210653 9 139 213
0.9233692166148497 1.4929755463698164 0.4468468088715744 9 140 157
0.9779856238364832 1.485672898816158 0.441297011607951 9 140 172
1.0222809090100304 1.4788333277592702 0.4307555573019428 9 142 184
0.7861353599896648 1.5033906377920485 0.4530413584733306 9 143 118
0.8516461802496187 1.4844668649012065 0.446629339018959 9 143 141
0.9490389665727512 1.4911704532048813 0.43532575517772254 9 143 164
1.078098076064575 1.4715553395103314 0.42179572108998376 9 143 198
1.00271322636376 1.4899026115398788 0.4263187609168567 9 144 177
1.0297170246061977 1.4699747054287924 0.42426819510184804 9 144 188
2.616310416623285 1.1098507194325307 0.2619069183763659 9 144 450
0.7517171752367462 1.5001100852691167 0.4517545382594758 9 145 109
1.0108833170687785 1.4815492449838292 0.42278030929386967 9 145 181
2.6018151655442243 1.0945473295550778 0.254140134156538 9 146 452
0.7354700687811497 1.501440665814873 0.44827035421447414 9 147 104
0.8095816577222361 1.495892111702768 0.43978429021508086 9 147 127
0.823592426072274 1.4954261539216587 0.4381484477013613 9 147 131
0.8553206004803748 1.4898267167256805 0.43468995312203546 9 147 141
0.8659290775980106 1.485115208846523 0.43368726873001384 9 147 145
0.9114921180940772 1.4877280075648982 0.4281440682691769 9 147 156
1.1136960205571869 1.4701683073219827 0.40512198785521814 9 147 206
1.0836515218061509 1.0861569125006636 0.42946902695356964 9 147 304
2.608375388188348 1.1066752250029959 0.24759302623410473 9 147 450
1.023585517645406 1.4737869851017595 0.4125494453125725 9 148 186
1.0926728382822832 1.4773328215548078 0.40406009608507587 9 148 200
0.7838521376381085 1.495642752185681 0.43741000623186127 9 149 120
0.7633293058426502 1.5001215261594423 0.4369590507106158 9 150 113
1.8530751983472085 1.4644089538691294 0.3048686973090498 9 150 319
0.9244793484799763 1.4820945224361348 0.415220639042509 9 151 161
0.9436231572512914 1.4847337292520164 0.41268426433774574 9 151 165
1.0479529525108382 1.4843192765530207 0.39971133297654604 9 151 189
0.6888102681923987 1.505576560692667 0.4406368240729349 9 152 89
0.7483979313497855 1.503255072615679 0.4332591522747157 9 152 108
0.8636497110253976 1.4807532331198168 0.4200388579557752 9 152 146
1.077044830977919 1.4773563575248438 0.39333153863315506 9 152 197
1.0738026881236635 1.0872608026043944 0.4164652001404251 9 152 302
0.7556126313655347 1.4926603896641284 0.4302805393402911 9 153 113
0.9648811775889512 1.4736783975031147 0.4047012234749746 9 153 173
0.9119596068510216 1.4788193624905173 0.40823619533642197 9 154 159
0.7098554123518463 1.4979223356148803 0.43055715114831805 9 155 98
0.8094355842008005 1.491638566252119 0.4151573536078278 9 156 129
0.834790376509605 1.4953437342300755 0.4115791158163451 9 156 135
0.8716033045631035 1.486483050789579 0.4072606340618293 9 156 147
0.8910283419428073 1.4864362410521839 0.4046969062771283 9 156 152
1.0780982357814357 1.0767981549342267 0.4052018893512753 9 156 306
0.7463395719445407 1.5031145243276396 0.420096053282337 9 157 108
0.9500836491006299 1.4810077490496063 0.3942463106943615 9 157 168
1.495438981054035 1.4807138323131417 0.32138088012815336 9 157 270
1.515352679253084 1.4756003620967013 0.3190386221783072 9 157 274
0.7712675723662161 1.4893112213206154 0.4149054159193936 9 158 119
0.9047277619351486 1.4850101354869496 0.3971386976402092 9 158 156
0.9589438875553793 1.4817730233620665 0.39001545770035284 9 158 170
1.5257990044443617 1.468807993600392 0.3142182316935644 9 158 277
0.6848141322459285 1.5040363165844606 0.42305523797700206 9 159 89
0.8494862945446631 1.4884159979691927 0.40154857903209457 9 159 141
1.024092973501183 1.4858419012499906 0.3778482078182591 9 159 184
1.4605719339548509 1.4711672229451458 0.3191303309417144 9 159 267
1.5756007522301076 1.473343253197519 0.30326874256984543 9 159 283
0.749659729400155 1.5005294384574719 0.4117143448235844 9 160 110
0.7934813303924186 1.4953848943094858 0.4059920775049888 9 160 124
0.8177725675653706 1.490950990819 0.4001219856963088 9 161 132
0.9685264014679427 1.4838184322533507 0.37952722541798806 9 161 172
1.4835416408757445 1.464226637412024 0.3088561471761158 9 161 272
1.0680789602048635 1.1010847966618793 0.3907776116141405 9 161 297
1.080952114998495 1.0821332746150218 0.3873619217122909 9 162 305
0.6502821336830028 0.45692687521303343 0.48981415187113536 9 162 495
0.7448825218000534 1.5002426200416346 0.40429213863533253 9 163 109
0.806734544616988 1.499431290933889 0.3955162201282767 9 163 127
0.9025587604416039 1.492661530091973 0.3822917505833586 9 163 154
1.5562140758864007 1.4661055820108153 0.29075954832921475 9 163 282
1.570092552854665 1.465681459276286 0.2888067089530684 9 163 284
0.640102383830845 0.47447624638018077 0.4883983883986114 9 163 483
0.6521295870692079 1.50402711219302 0.4147120077457107 9 164 79
0.8931222526102061 1.4915339511897798 0.38079031250453615 9 164 152
1.5213493864528658 1.4713827817912624 0.29151480480732855 9 164 276
1.0799543964719471 1.0950335703871472 0.38089117934785294 9 164 301
0.6117541628038069 0.48577906234546336 0.4900305754139931 9 164 472
0.6881738475754036 1.5071988635106142 0.4066668532419656 9 165 90
0.7467998754132064 1.4955896166306735 0.39891980463332255 9 165 111
0.8247624473646813 1.4922199339850781 0.3877837927777673 9 165 134
0.9412186956304549 1.4994435473330774 0.3703026414344884 9 165 162
0.8953671164600319 1.5025781197708084 0.37382909456937996 9 166 150
0.6579978830453483 1.505282394022923 0.4060320113905374 9 167 81
0.7604189560323729 1.4964957676626196 0.3914049303083611 9 167 115
1.5246108048251619 1.4647196822720856 0.2798776005654042 9 167 278
0.6269853346323218 0.43850523342487774 0.48613875913787263 9 167 503
0.6412404600943771 0.39390233059373236 0.48717268131596425 9 167 533
0.7468904256878435 1.5009170859782137 0.39038600633711373 9 168 110
0.8460387790764785 1.5042100450381666 0.3752366833417081 9 168 137
0.8573325696575904 1.5001646387128726 0.3738275828690288 9 168 141
0.6088299603643408 0.4458087238458317 0.486703267091844 9 168 496
0.6163648925123867 0.4051941504108609 0.4884780843569959 9 168 523
0.6721391459168937 1.4970901357551594 0.3992987655214161 9 169 88
0.6841282315735926 1.5041689445710915 0.396964188835064 9 169 90
0.7978075498741399 1.5118821417023596 0.3791318012919529 9 169 122
0.8299402984696196 1.5153088883985917 0.3740009688059665 9 169 130
0.893902909295671 1.514751112144482 0.3613591769532721 9 170 147
0.7139157035435617 1.5024837896007188 0.38720461255814104 9 171 100
0.9586960871158081 1.5104969015051604 0.34866410278401105 9 171 164
1.067118277551415 1.0878252378518398 0.3631895757731438 9 171 301
1.0848298380316852 1.078250516666685 0.36115367428275735 9 171 307
0.6264094348297559 1.5056336926517215 0.39798676659044785 9 172 71
0.686846388824794 1.5089621604776688 0.38827513848143924 9 172 90
0.5833551907630503 0.4842531152726671 0.4813061052031237 9 172 468
0.5914641039520254 0.4653450142822061 0.48145421315712933 9 172 481
0.5980414828700873 0.4182756027977998 0.4839535136200298 9 172 512
0.6031034085804232 0.40698511649424457 0.4840075252127579 9 172 520
0.6537899683272284 1.5222701933934157 0.389844139772407 9 173 76
0.8054294277823919 1.518107645405769 0.3661853803883034 9 173 123
0.8787397886842254 1.5164755682449773 0.354718676324046 9 173 143
0.9053200737199534 1.5113368814514239 0.35090592201040977 9 173 151
0.6363331849447891 0.3413448022826146 0.48214250413360515 9 173 567
0.6797468263970987 1.516696038155962 0.3835164781239402 9 174 86
0.6131751396015466 0.32604396598880836 0.4838885676226792 9 175 576
0.85723197023159 1.5112930368607096 0.34975664698127146 9 176 139
0.7990489206052283 1.5171895750165343 0.3530811521724331 9 178 122
0.8338707583981715 1.511320434752621 0.34777670593331583 9 178 133
0.6066742780507317 0.3125234330304574 0.4814243324186427 9 178 585
0.6447793106494966 1.5304024227307391 0.36974522854237213 9 181 72
0.7088701591930275 1.5286119904193516 0.3589671006427663 9 181 93
0.5639075844832693 0.47199633805347163 0.4709671134166774 9 181 472
0.5677703333567876 0.45879256749764763 0.4713993678842564 9 181 481
0.5733354221306087 0.409618443170076 0.4745129284965851 9 181 514
0.6192058255801127 1.5323496549473115 0.371356922224392 9 182 63
0.8170095631531109 1.5187750492439815 0.3384614488788975 9 182 127
0.5734325208091015 0.39620086257326836 0.4740574184980663 9 182 523
0.5812641854869165 0.3429148503915962 0.4771575212962151 9 182 561
0.7321297681351817 1.5219842718762537 0.35003900980544994 9 183 102
0.6492318658034718 1.529936345282807 0.36112145386459155 9 184 74
0.7174550794875412 1.5286439402682397 0.3492826305630474 9 184 96
0.5773536754259465 0.3297916908509208 0.4759272885501674 9 184 570
0.7476172356495818 1.5253447522293877 0.3414917367625715 9 185 106
0.7618330562522115 1.521982673900042 0.3392689842056875 9 185 111
0.5605371281501185 0.4426828221557756 0.46611258900034347 9 186 490
0.5722528573533503 0.34551296500462564 0.4724663704799048 9 186 558
0.6713017377815658 1.536231572786456 0.3486732087425997 9 187 80
0.754990365033724 1.522946105085512 0.33478953215248 9 187 109
0.5908320780236787 1.540621929052854 0.35762467525595315 9 189 52
0.645285408648038 1.531384036703102 0.34848860753342975 9 189 73
0.6907994553388612 1.5261652199369706 0.340628489988701 9 189 89
0.5719905109345945 0.30035513711181233 0.4720195388135445 9 189 591
0.5553238116079132 0.468919329338339 0.4583958363517097 9 190 472
0.5564172279847206 0.4567017870850284 0.4592974962532166 9 190 480
0.5561562961087452 0.4142346737616903 0.4631810268174332 9 190 508
0.6343121171653725 1.529872686658884 0.34536938511694976 9 191 70
0.6751065101746252 1.5352222067286696 0.33729027126616073 9 191 82
0.5837882910281567 1.5331135609916662 0.3493562357299674 9 193 52
0.5611298693021919 0.33096960298545397 0.465320466304719 9 193 567
0.6919921038528929 1.5262010316922658 0.3267950689501882 9 194 90
0.7339078784579376 1.529385322206259 0.31849885375092724 9 194 102
0.5543232928953533 0.43433432678061584 0.4554369846519808 9 194 494
0.559275908186521 0.34687492923173663 0.4611893037129029 9 195 555
0.595632483638823 1.535545186542933 0.33912795005346064 9 196 56
0.6866021697126599 1.5210258258997547 0.3201472142900438 9 197 90
0.6650660791457963 1.5260977128767799 0.32117308635758435 9 198 82
0.5566481992574323 0.45899173843345387 0.4462890156438753 9 198 478
0.5619497786656252 0.30880207750246347 0.45984566910750135 9 198 583
0.5761151604408915 1.5258470227188043 0.33617236340328094 9 199 52
0.5542052417317981 0.43511746554335906 0.4459348092672675 9 200 493
0.5551873610740221 0.4068782581304282 0.4485325835156476 9 200 512
0.6917900986577408 1.525508990107483 0.3077316564624357 9 201 91
0.5549190826827962 0.33440658233371356 0.45276751646067376 9 202 563
0.5581044564850659 0.296080724068222 0.4559787351891462 9 202 592
0.5551864979605369 0.34231904999923307 0.4489052406335229 9 204 557
0.5554720348829336 0.31134269874140014 0.4520194240134873 9 204 580
0.5514916343659017 0.47101936494504537 0.4332545221531944 9 206 469
0.5522636026937351 0.4585314198720079 0.43278570909746206 9 207 477
0.5503541342783892 0.44393191267435206 0.4315341054931895 9 209 486
0.5519400912175971 0.4066124104033391 0.435179911151755 9 209 511
0.5547141238937461 0.3289191316477 0.4398754453570573 9 211 566
0.557008349449571 0.2984362638345315 0.4426851969374745 9 211 589
0.5535255392072628 0.43038531460071516 0.42592999872818427 9 213 495
0.5524545560330623 0.34341021725312654 0.435762218597453 9 213 555
0.5510224505246678 0.47952740890498735 0.4177879596961928 9 215 463
0.554605855271205 0.4659889142497054 0.4168688836627073 9 216 472
0.5508631177963429 0.4507532327168665 0.41620291884187716 9 218 481
0.5739014343125299 1.5502454080546455 0.2821436561915305 9 219 48
0.554115714979306 0.330171750187213 0.4262573405507435 9 220 564
0.5555272172576795 0.30343288005701247 0.429044819252888 9 220 584
0.5713601517624932 1.563901929565381 0.27586832757434787 9 221 44
0.5508420301822379 0.4409996313687561 0.4108769841911579 9 222 487
0.5554746153544682 0.47987641447699086 0.4035287839734637 9 223 463
0.5552360172040884 0.46528268420903707 0.40367752433958926 9 224 472
0.5525695805780819 0.4018139228923306 0.41193439111557695 9 224 513
0.5499895319982434 0.3413216683570064 0.4182834827906954 9 225 555
0.5570217369181808 0.45114027112209465 0.40002703318669586 9 227 481
0.557615543456379 0.42798556553629574 0.40272433517362866 9 227 496
0.556441407573255 0.4140731560809388 0.4047179666923233 9 227 505
0.5550472477739993 0.302239605184579 0.4187838674793137 9 227 584
0.5735121715980724 1.535691935628541 0.2576108574866142 9 229 53
0.5528070064580499 0.32863548272511395 0.4130327290668573 9 229 564
0.5539502840370227 0.3165289715457861 0.4142580511321549 9 229 573
0.6516592648791941 1.534366553121071 0.23293618479707967 9 231 80
0.6561824078563039 1.5241191446637194 0.23309915740287385 9 231 84
0.6769291764366026 1.5263504031436255 0.22762753479165532 9 231 90
0.5688276127762432 1.59168857523877 0.24372207036189653 9 232 38
0.5554259104568666 0.4773210765387089 0.38886072570659425 9 232 464
0.5553961818462838 0.3352759326382704 0.40693849139817434 9 232 559
0.5535183111937185 0.3978193058917537 0.3978558558855374 9 233 515
0.5573807567539335 0.4408912668232966 0.38806582538700296 9 235 487
0.5559348119148788 0.4625510202725517 0.38395687257591277 9 236 473
0.555967043157142 0.42654161659074663 0.38865905239689374 9 236 496
0.5538453695408927 0.4124337217530758 0.3910526710486824 9 236 505
0.5668667363677944 1.575519357460113 0.23285197869377944 9 237 42
0.6559178084070632 1.5269799460328102 0.21609324409292624 9 237 84
0.6942267620505072 1.5313606187596762 0.2026941797254569 9 238 95
0.5553868820999746 0.3219690256289938 0.39940621356924044 9 238 568
0.5686729435026892 1.6169926671432018 0.22145103109452074 9 239 33
0.6629197735854859 1.5289517959940415 0.20839309929667243 9 239 86
0.5538035538928349 0.3837932558080631 0.3900246973798668 9 239 524
0.5637272544556411 1.5571254103483398 0.22539134115126191 9 241 46
0.5595406296540835 0.47907309197218495 0.3724023877078663 9 241 463
0.55483784203688 0.4537800280492189 0.3770790168344994 9 241 478
0.5585793312166532 0.3095064124891874 0.39560644841603987 9 241 577
0.5885127285248182 1.5323098026089887 0.21944205761213653 9 242 61
0.6640493837123653 1.5320021075602945 0.19922260514065643 9 242 86
0.5659069277053818 1.5779368787569807 0.21658235153641286 9 243 42
0.5540240002021217 0.41156188124777865 0.37975316554976457 9 243 505
0.6091029251759009 1.525491869099407 0.20938311015644334 9 244 70
0.5566461502884734 0.43966075886355527 0.37353128375213057 9 244 487
0.5564000636823672 0.330715755867201 0.3886384604084143 9 244 561
0.5679046686963313 1.5453477535282691 0.21514253211635515 9 245 51
0.6606826405545689 1.529301419149596 0.1920254324839864 9 245 86
0.5610883933060332 0.4644066079832362 0.3672166033906995 9 245 472
0.5597821287157544 0.45287218669149093 0.3691763440295491 9 245 479
0.557251753156139 0.42567753028339633 0.3736467203524897 9 245 496
0.5790206233360984 1.5334813716178513 0.21105774544372513 9 246 58
0.6723168159294237 1.524358190488829 0.18669048711796443 9 246 91
0.5628293901472438 0.6132554337204916 0.3442240366813546 9 246 387
0.5989145087892699 1.5294341402004998 0.20342674737328248 9 247 66
0.6800542809010244 1.5264990916076846 0.1814031271312055 9 247 93
0.5620997763494435 0.6691407249949897 0.3347237301327083 9 247 358
0.5638262601251451 0.6560643267825194 0.33608729036366974 9 247 365
0.5613929646583331 0.5612063961578797 0.35011477996608864 9 247 415
0.5596590544288211 0.31811942360702467 0.3848173930144484 9 247 570
0.5640890294987421 1.599292469369659 0.20048392619433825 9 248 37
0.5606260899140568 0.5973101536759633 0.34342602858882443 9 248 395
0.5589430732352674 0.5269393290008736 0.35386561294313684 9 248 434
0.5568076948100605 0.3859389857908518 0.37443908993256136 9 248 522
0.5673828516590107 1.5798201448867064 0.19959852567640624 9 249 43
0.5610508420755841 0.6887348125882053 0.3284491763646634 9 249 348
0.5925047951988038 1.5344505187692472 0.19630686825372928 9 250 63
0.6125908309828174 1.5295615111138743 0.19135405140200734 9 250 71
0.5606293353991819 0.6428113453756998 0.333253012248609 9 250 371
0.5636698539082982 0.5817517242609577 0.3411606592300485 9 250 404
0.562321417743632 0.5703302977861254 0.3431795268325011 9 250 410
0.5629328655183491 0.4839570521466583 0.35540413706174867 9 250 460
0.5612082189180004 0.44149726899251107 0.36198370132468183 9 250 486
0.5718881126412858 1.550653330250064 0.19707042535379088 9 251 52
0.5611831552638165 0.5119252046459962 0.35013615754076116 9 251 443
0.5615843259068404 0.3982356289727992 0.3664439171452764 9 251 514
0.6778635948671652 1.5223068219572733 0.168285718449889 9 252 94
0.565064123341199 0.551390261302529 0.34154591509516996 9 252 421
0.5612795599852854 0.5325398505204962 0.34536398633718923 9 252 431
0.5641323238504866 0.41840192889223266 0.36114205155387713 9 252 501
0.561156600612795 0.46840646877603564 0.3530110970504074 9 253 469
0.5589029767531865 0.3477962613004672 0.371298889032163 9 253 548
0.5565557444149833 0.32238005675232906 0.37568914437883094 9 253 566
0.5879509708433194 1.534530954340298 0.18665269277772778 9 254 62
0.6161832772602813 1.528576755408567 0.17939262026416464 9 254 73
0.6454731586644467 1.5226732622202892 0.1718202938425979 9 254 84
0.5630032948507873 0.45417176474545184 0.35286220663765555 9 254 478
0.5642217493698205 0.44007906127834995 0.35458537683274766 9 254 487
0.5607878403591771 0.625334449269966 0.32644971862552935 9 255 380
0.5627674702072266 0.37255055973321877 0.3633158071147834 9 255 531
0.5578390097645939 0.30440843592683897 0.37483699145112837 9 255 579
0.6236754585047071 1.5275655220471078 0.17179583055708653 9 256 76
0.5622394849298872 0.6710439860302604 0.31735514921634367 9 256 357
0.5620302624666866 1.5771014493152102 0.17964636107334392 9 257 43
0.5604603982956592 0.6080108921886254 0.325423002394717 9 257 389
0.5636079960474057 0.5923955962851509 0.3268415712277541 9 257 398
0.5599254609517762 0.5161367978793139 0.33935649371556703 9 257 440
0.5639008743523642 0.39628615292644614 0.35616254175504086 9 257 515
0.5815593516509663 1.5245702735980413 0.17634014011913296 9 259 63
0.558300646178381 0.6512898650274788 0.3157988230407515 9 259 366
0.5615930378851348 0.58411169989597 0.32501969985606843 9 259 402
0.5618982682017372 0.5677678727187503 0.32741009713355723 9 259 411
0.5621835003702097 0.49620402252478896 0.33818859787741046 9 259 452
0.5589807017884254 0.4803343377806818 0.3415474703729856 9 259 461
0.565057459925778 1.566905095146589 0.172064145658403 9 260 47
0.6297433686695812 1.533807693719307 0.15782461889772825 9 260 77
0.5584679413747661 0.5502730284204121 0.3274936540749317 9 261 420
0.5621968159866483 0.5355904592589174 0.32863103545001277 9 261 429
0.5620111667181021 0.4531313076009384 0.3413561114894196 9 261 478
0.56404793262542 0.4297049607704396 0.34434449056620026 9 261 493
0.5622067374520082 0.41531878785785364 0.3471071308092345 9 261 502
0.5568365561197646 0.6330105572027693 0.3133994302848891 9 262 375
0.6437193521041573 1.5212436717395543 0.1470538575479609 9 263 85
0.5605719236791743 0.6172619128259441 0.31284183826399725 9 263 384
0.5596655159958336 0.4653088593785176 0.33674500575653166 9 263 470
0.5629901821066368 0.4434941593034386 0.3391286295796313 9 263 484
0.5954625356847708 1.5351603821303232 0.1539698504338019 9 265 66
0.6550569598926484 1.5288263983488006 0.1366876939239705 9 265 87
0.5561888612425907 0.6821519607785134 0.30023947179272387 9 265 350
0.5598031216933971 0.6657276771374303 0.30171531733141066 9 265 359
0.5612895000502864 0.36793390431540984 0.348118209854871 9 265 533
0.5637249127549135 1.6366588270650737 0.14490932737473516 9 266 31
0.5667510282722489 1.6154131829234433 0.14733884804803365 9 266 37
0.6915492218647663 1.551122581734276 0.11902530924857846 9 266 93
0.5585381701298483 0.6531857792123044 0.302175867113825 9 266 365
0.5606832670885402 0.6001208686997546 0.30991354979346364 9 266 393
0.5636886199712873 0.5356569091002616 0.3191901900777675 9 266 429
0.5609194523643879 0.5190764076154444 0.32266865116258736 9 266 438
0.5621515726017066 0.4008251620914477 0.3410057853710999 9 266 511
0.687658744354984 1.576188300438977 0.11327678507824979 9 267 86
0.5674015485355988 1.538371918304383 0.15384614426715792 9 268 56
0.558723920579617 0.5917697730527955 0.308145513397938 9 268 397
0.5565689557598607 0.5780208985887454 0.31101926534590196 9 268 404
0.5599248942220125 0.5031592943979106 0.32196156375532325 9 268 447
0.5634330405605323 0.4889080669575576 0.32314995339027586 9 268 456
0.5585115762463616 0.4743095007789473 0.3270223999328637 9 268 464
0.5601624477596767 1.5696451260328352 0.14833072639892492 9 269 46
0.6197195917847602 1.5337174435765384 0.13544614745452055 9 269 75
0.5644294930667064 0.4193505513340497 0.332279628692291 9 269 499
0.5632085863031568 0.5638450026013617 0.3075540592132889 9 270 413
0.5598163012632191 0.5464838680669883 0.31143604212238185 9 270 422
0.5598854710392489 0.45806544476556865 0.32573900795906224 9 270 474
0.5597026058416334 0.6358736371584288 0.2950929453464935 9 271 374
0.5611813735316538 0.6057240073395312 0.2995370541103546 9 271 390
0.5993517568335684 1.5405589138778217 0.13230022080375226 9 272 67
0.6711568901727025 1.595868962374945 0.10035739946339017 9 272 77
0.6951018486908289 1.5973011407387996 0.09249335224501998 9 272 84
0.5574680607115141 0.6271153569763879 0.2953414321110366 9 272 378
0.5610429596750655 0.4324408178741025 0.32610589661567907 9 272 490
0.5645778557759238 0.3005585762900065 0.3465926293249025 9 272 580
0.5612348309281913 0.3860692304550412 0.33197471676604395 9 273 520
0.5745241497178968 1.5317326451841555 0.136124124325822 9 274 61
0.6977758359655808 1.5890057028683278 0.08693934565980355 9 274 87
0.70759558663323 1.5887273627646135 0.08382316961053604 9 274 90
0.5563784169527648 0.6720024751037916 0.2844724802388641 9 274 355
1.0050257043941206 1.3325059415284273 0.027189583950518625 9 275 226
0.5560888975242143 0.6538289006488454 0.285662579021261 9 275 364
0.5608399349191937 0.5375405351864375 0.30350898918427033 9 275 427
0.559075333064478 0.521188368713437 0.3068060768822095 9 275 436
0.5610977260424267 0.40400328752659526 0.3256853533936926 9 275 508
0.5645085499168854 0.3938721523971928 0.3262699074417979 9 275 515
0.6192381376224125 1.666435316477334 0.0904658896019842 9 277 45
0.632937677375484 1.637553720010903 0.09085244137502102 9 277 56
0.5573438290249124 0.5907373362446235 0.29205048685135143 9 277 397
0.5561855512635784 0.5791651087858698 0.29438021818330895 9 277 403
0.623936825457087 1.6561919308284292 0.0876736210105793 9 278 49
0.6342797099908917 1.6138933316551518 0.09144220919293411 9 278 62
0.6405156764638587 1.596664938193459 0.09231173900525924 9 278 68
0.9974605529915761 1.3152803964308495 0.02261521332888483 9 278 229
0.5597124273579615 0.5638793467422363 0.2939599670576607 9 278 412
0.5605194290828561 0.4236908818819364 0.3174586304825905 9 278 495
0.5580966399646796 0.6154936802159718 0.2819580549766008 9 280 384
0.5587773163972779 0.598639325972087 0.2846207038819508 9 280 393
0.559060054982788 0.3580653508438863 0.32576140787475594 9 280 538
0.6359377005368614 1.5922182653051768 0.0857260861419219 9 281 68
0.6634096389597657 1.5909083173257015 0.07677487343261602 9 281 77
0.5568322504124515 0.636240549534316 0.27690982043999846 9 281 373
0.557144600213898 0.4464570755807205 0.30951384205613963 9 281 480
0.945454596411043 1.3324566288555333 0.023858576038507384 9 282 214
0.5593442580439265 0.38298439538313594 0.31803899363200505 9 282 521
0.5555653708795244 0.6714748124800078 0.26736738063203147 9 283 355
0.5579064200150968 0.6544286197339046 0.2676097901568789 9 284 364
0.5578565346724486 0.4130228868723396 0.30991741738088463 9 284 501
0.5589568911713434 0.3993318414578158 0.3119426170990095 9 284 510
0.6287745743473301 1.6862332540437621 0.05977181923714914 9 285 45
0.6476102648065131 1.5935036486174345 0.06968252291283505 9 285 72
0.6813450607437908 1.5826206944645367 0.06009736533750709 9 285 85
0.6285931860630251 1.6595671429235912 0.061512012659993176 9 286 51
0.6515590212715805 1.5865769700113723 0.06656730443750059 9 286 75
0.7051395220969443 1.588128968186465 0.04793124999170817 9 286 91
0.5585823274429208 0.5148383297251193 0.28821591470844077 9 286 439
0.5594802937637658 0.4995830567054336 0.2906096479642295 9 286 448
0.5584084768965878 0.48402742880570526 0.29373158372474695 9 286 457
0.5612336894936437 0.4730411966968613 0.29470890358596313 9 286 464
0.5580599892424909 0.4574258929615861 0.29856169035999797 9 286 473
0.6289889290547435 1.6474315632050118 0.060514587626606775 9 287 54
0.6298040388798571 1.626501302162135 0.06396014220242252 9 287 59
0.5584421043651818 0.5646348506432621 0.27758648872750125 9 287 411
0.5588383930337955 0.4316899850012581 0.3011186713146927 9 287 489
0.6306963139937489 1.5979340110466127 0.06576888071476239 9 288 66
0.7130087914554342 1.5819885798656819 0.04013025625720368 9 288 95
0.923370403034385 1.2471225267846302 0.027249276140719925 9 288 232
0.5607226029091351 0.3748119658161194 0.30891126036732774 9 288 526
0.6614434810453649 1.588784056058393 0.05374567078943926 9 289 78
0.5556413391020947 0.6026195511946264 0.26800130812820444 9 289 390
0.6716128784506341 1.586272360188264 0.04458411139368901 9 291 82
0.6179186559687879 1.6436627097037526 0.050010231232047064 9 292 52
0.6788476362805431 1.5791424459615508 0.04029010385636622 9 292 86
0.9121190864790516 1.2353798331447656 0.02076035324920411 9 292 233
0.5601793658039415 0.5485024373954799 0.2705955402720198 9 292 420
0.5580268121796351 0.41667722811820734 0.2954534877626581 9 292 498
0.5587757928394684 0.3474375637198264 0.3078461396446399 9 292 544
0.5591191053616698 0.531953425112735 0.27215391040068837 9 293 429
0.5607391030038097 0.40301518061897784 0.2952725182376066 9 293 507
0.5589130930246984 0.388899662743639 0.2985143249163995 9 293 516
0.8848592508932032 1.2544550028406078 0.02069496448623287 9 294 222
0.5544653930588975 0.4638573368877523 0.2845486741298487 9 294 468
0.5580306121456278 0.44186095227297545 0.28734040708156644 9 294 482
0.6177034520658105 1.640955454603175 0.04155866043144241 9 295 53
0.5579744259827348 0.586196206641689 0.25880427974567993 9 295 399
0.5584067083604248 0.5157062975446525 0.27173755900521235 9 295 438
0.5575363516564639 0.4998673180454898 0.27499034345240086 9 295 447
0.5556032006860416 0.48402948296231435 0.27862376278817313 9 295 456
0.6530356601650213 1.590352671921113 0.03526601303351762 9 296 76
0.6859292870928262 1.522653064656006 0.036056260955692254 9 296 102
0.5542458650764555 0.626767805887254 0.2506776901679507 9 296 377
0.5581054296444505 0.569419120785891 0.25999111344290016 9 296 408
0.5576118845175893 0.42711924105311944 0.2867268758609171 9 296 491
0.6987958190217074 1.4975159842830148 0.03309317848263493 9 297 112
0.9782158480395637 1.0229969926759135 0.021003577928963457 9 297 307
0.5587260775769927 0.3776977319646393 0.2938492015841552 9 297 523
0.8522964781424598 1.2430907609182378 0.022229495089920004 9 298 218
0.8555909558544683 1.2061565318590226 0.027995826260773793 9 298 229
0.5550713468642889 0.6134460859684838 0.2490240717941028 9 298 384
0.5541596255029568 0.601576415332495 0.25159368003952576 9 298 390
0.5566986424600743 0.6615736317021259 0.2373840017847449 9 299 360
0.5543354378399707 0.6504251214354502 0.24036026949334482 9 299 365
0.5605522507543462 0.35221657844763227 0.2929209651080761 9 300 540
0.594997836953175 1.6162979576018002 0.03652267194099734 9 301 52
0.5571517433035564 0.6739900551048207 0.23088618910958986 9 301 354
0.5572294244691641 0.5522615967285205 0.2541622402622899 9 301 417
0.556564904260868 0.4685549855306942 0.2704328493686564 9 301 465
0.5581396797394963 0.4155056748340919 0.28000816222835473 9 301 498
0.5553567455329264 0.5353442041802313 0.2562361373917406 9 302 426
0.5565009204818852 0.5197562265379919 0.2588114194453478 9 302 435
0.5562771121719292 0.45843887401140326 0.2706926983024092 9 302 471
0.5579955191373516 0.40129688954312376 0.2810507330536859 9 302 507
0.5571873983487494 0.38733859155106065 0.2840360217888335 9 302 516
0.5948766592345316 1.5785179337255308 0.03793141336151529 9 303 61
0.5535948716706425 0.5972886521998098 0.24305568296473962 9 303 392
0.5583304550449114 0.44406564746915644 0.2709226221044743 9 303 480
0.5555985646534602 0.5810119169907132 0.2435528298734928 9 304 401
0.5621475209696851 0.5054883633431512 0.2557804240494115 9 304 444
0.556686025842387 0.4884678664771851 0.2611318011463719 9 304 453
0.6029220489533273 1.5528874875370342 0.03403154987075263 9 305 70
0.6189937183536109 1.5370723184089288 0.031078816705910395 9 305 79
0.6470119904344855 1.5033324303029496 0.02713609422094332 9 305 96
0.6532819165605988 1.4745710724652967 0.030396694312538997 9 305 105
0.5543220995666249 0.6323525420348453 0.23209857612438123 9 305 374
0.5608428421388842 0.42981120182702953 0.2692072670843136 9 305 489
0.5574319200409206 0.3763285780539553 0.2809356390095818 9 305 523
0.6293640455227495 1.5223094375893984 0.027111869353462215 9 306 86
0.8091170453025105 1.1776248665429438 0.023939510094082905 9 307 227
0.5526559626361544 0.6139837139050588 0.23244022693130312 9 307 383
0.5533429953142145 0.6578025424058225 0.2215526821697108 9 308 361
0.5510379110332773 0.6447000806210713 0.2250287787891943 9 308 367
0.5583969917550295 0.45824247112901945 0.25918500337006317 9 308 471
0.6054123063838512 1.4803479629124476 0.03576955316132624 9 309 89
0.5422388222018864 1.5785432174378777 0.037539806628777095 9 310 44
0.5539859357308561 1.5705746975711339 0.03461483424395695 9 310 50
0.5790947002675838 1.5228851939481003 0.03449981351149556 9 310 70
0.5546071793464247 0.6705866730682907 0.21453437344690585 9 310 355
0.556144897823224 0.5640695260934411 0.23526516582439239 9 310 410
0.5540095719423066 0.47193022451802424 0.2545311461935305 9 310 462
0.5573104301935445 0.4236594205751861 0.26292382354071586 9 310 492
0.5545698990204965 0.41521043897961507 0.2656696437367665 9 310 497
0.7812118030051285 1.1797448285520025 0.02251408483554962 9 311 220
0.5535521006411668 0.546628047625378 0.23787271099840923 9 311 419
0.5557298070994384 0.5311409339939678 0.24014619023175343 9 311 428
0.5534978918669776 0.4469078729664637 0.2579527944763838 9 311 477
0.5563908227040585 0.401323000025473 0.2660040849046976 9 311 506
0.553820358025336 0.5968994516596452 0.22572358257647812 9 312 392
0.5532999153491499 0.34076106729980893 0.2776990754414371 9 312 546
0.5359502109634668 1.558404785350382 0.035470578160016086 9 313 47
0.5541365371024796 0.5799144885901439 0.22711479839564108 9 313 401
0.5542242840274343 0.5145586011232103 0.24035486454431398 9 313 437
0.5554689111869268 0.5027022505206606 0.24227742534991953 9 313 444
0.5537084947764633 0.48673593814116556 0.24620708904034733 9 313 453
0.6030328565761962 1.4441367458006273 0.02965475942742324 9 314 98
0.5518857363301348 0.6270362331420152 0.21645874423944822 9 314 376
0.5582855661503616 0.3873080343430132 0.26287586786832096 9 314 515
0.5566902765327287 0.37488412504457846 0.2660366232491432 9 314 523
0.5492291531825582 1.5291426783642894 0.03054788614416104 9 315 59
0.8716867924586595 0.9643455251061763 0.01941946104931591 9 315 306
0.5553954182281913 0.6108126029531601 0.21448049822761284 9 316 385
0.8514715480358979 0.9769825681745619 0.019091082530590442 9 317 298
0.5526015572813245 0.6511796909127557 0.20527321332145343 9 317 364
0.552172608136833 0.5295050228542577 0.2306336985248415 9 317 428
0.5559687906620272 0.463270337943518 0.24283803485392397 9 317 467
0.5693188037572485 1.441917016804907 0.03212324416798029 9 318 88
0.5534733720299863 0.4476942644523582 0.2452556122995878 9 318 476
0.5577021821980181 0.43233649303569655 0.24676264474449444 9 318 486
0.5567339224192357 0.3652569022934492 0.2611023191516488 9 318 529
0.49656503945391317 1.5443194998139638 0.03707837412513548 9 319 37
0.5395704232654615 1.481218916779957 0.03302719558779166 9 319 68
0.55255493559491 0.6777349675615003 0.19574610120275016 9 319 351
0.5530609242542814 0.5697791486503414 0.21810545522037383 9 319 406
0.5590632057461042 0.4212235091649335 0.24674674359138848 9 319 493
0.556649164301995 0.40651076714788653 0.25078930393125465 9 319 502
0.5523483394834646 0.5528282203833264 0.22002986906876082 9 320 415
0.46689155898777246 1.557165327563482 0.04080626180792657 9 321 23
0.5548751675759407 0.5929962467787244 0.20862789801767945 9 321 394
0.5503408521330208 0.4867069920926179 0.23288512926450244 9 321 452
0.556562602853441 0.5144274897397945 0.2226430093067543 9 322 437
0.5287505637076737 1.4604617266216897 0.03066301758257084 9 323 70
0.5441369985318929 1.4114360631502034 0.034824187129601336 9 323 88
0.5501127555051752 0.6338608330390575 0.19796293271968157 9 323 372
0.5547814564642523 0.5757641473317182 0.2084290160768611 9 323 403
0.5562775602723418 0.39185586807322886 0.24698002734772784 9 323 511
0.5578685089151385 0.3813271556161857 0.24857283482447878 9 323 518
0.5524231230954894 0.6590562708252781 0.189637703744856 9 324 360
0.4699181828087281 1.5151318792872837 0.037594152937492464 9 325 35
0.7197097731479558 1.1055290202601002 0.022798190202077406 9 325 228
0.7277843180188825 1.092715532301542 0.022228143199580885 9 325 234
0.5511440855003419 0.616462464121826 0.19729890911601144 9 325 381
0.5537554638244462 0.4993013668105789 0.22140414639841466 9 325 445
0.7923135701675903 0.9621480028419723 0.020970294020533298 9 326 291
0.7984143759945481 0.951027326183981 0.02084892583877418 9 326 296
0.5546017926819155 0.5367208897703444 0.21110913439448098 9 326 424
0.5545960162810909 0.4719933898592675 0.2250868962264917 9 326 461
0.5568718489369172 0.45732022348638723 0.225482212886369 9 327 470
0.5576407530406803 0.4425973928198642 0.22835634034887287 9 327 479
0.5564244893965719 0.4276871591367803 0.2320954959539866 9 327 488
0.5554247838149815 0.36670951127412155 0.24573689387695996 9 327 527
0.5515383400147741 0.5630394876461182 0.20283703042850243 9 328 409
0.5556000109688595 0.4129862078349312 0.23383909961354488 9 328 497
0.48464959307999733 1.4442915102774752 0.03602668858091029 9 329 59
0.5305285475182628 1.3815729966932415 0.03053683452632361 9 329 92
0.4429158511831417 1.5245930335332099 0.03323780400077292 9 330 23
0.5489829232757122 0.597881699057988 0.19238611696317176 9 330 390
0.5556892505127494 0.4906611308582183 0.21314109806174986 9 330 450
0.4604694728787444 1.4683345950841695 0.035551013856002456 9 331 44
0.5528121439023346 0.5195681859316761 0.20610076409948197 9 331 433
0.49051018271152147 1.419705190659692 0.03091814047460084 9 332 68
0.7405710127048755 0.9885611598072007 0.020469207950147505 9 332 271
0.5508002249372012 0.6398656559657869 0.17836621337912179 9 332 369
0.5532779244436541 0.5822094233194132 0.19010765404712082 9 332 399
0.5562704347082719 0.3983566280859196 0.22963128815978257 9 332 506
0.5537453317362507 0.3839809440935829 0.23389249399649825 9 332 515
0.4618221781957863 1.4325957618704 0.03758660508698086 9 333 54
0.5010449989207075 1.3781708179678582 0.03300147568786971 9 333 83
0.7758346901693751 0.9114211093911115 0.01992513817433439 9 333 305
0.5502069982543717 0.6701953969748804 0.16984401868351762 9 333 354
0.5564031037821268 0.3231646383599314 0.2445497097764417 9 333 556
0.43442365939407335 1.4773013088914186 0.03665631686708781 9 334 32
0.5528491215235406 0.6528872311308866 0.17054161793132538 9 334 363
0.5485572137837076 0.6208993977049895 0.1795399365104996 9 334 378
0.5538096982969564 0.5089528846824687 0.2023545319956182 9 334 439
0.5566205823164756 0.45643457108534047 0.2129093126697118 9 334 470
0.5548696753943693 0.3610456114593382 0.23501436304895523 9 334 530
0.4454150004148052 1.4596120388312444 0.03326462095151661 9 335 41
0.7502448996997519 0.9304880247892561 0.021235131443611333 9 335 293
0.5534089335943656 0.5465448544846496 0.19217910262596577 9 335 418
0.5530971037785095 0.5300604417881338 0.1960201634458188 9 335 427
0.5527164339719065 0.4739120443716819 0.2088104926291956 9 335 459
0.46697703865820206 1.4075004331906587 0.03307803859015879 9 336 63
0.7191667268260984 0.9743158276934505 0.022072403250036787 9 336 271
0.5542713637661789 0.4473395021290569 0.2122826986344435 9 336 475
0.5559490889743287 0.43291908688340136 0.2148158578133924 9 336 484
0.7260564772780962 0.9527324036115631 0.021315545550795623 9 337 280
0.5519705342357542 0.6606188769654671 0.1630526933246318 9 337 359
0.5516633200251256 0.604398712109272 0.17594145476429757 9 337 387
0.5535518143282231 0.5649956465261036 0.18406287649820935 9 337 408
0.5573920326118038 0.4217230484451127 0.21490488041435502 9 337 491
0.5573273698688805 0.4104847945267742 0.2174827172347752 9 337 498
0.46557311104580323 1.369820244739664 0.034385615411142934 9 339 73
0.6613141159672675 1.03948776565155 0.024433084349583134 9 339 235
0.5499080447812765 0.6867237824316264 0.15387843287367575 9 339 346
0.5510973866840959 0.6788842021598335 0.15515298541398348 9 339 350
0.5527909606748356 0.4924085222776355 0.19709625102911 9 339 448
0.41450330306594974 1.4652707985261435 0.03225019512882765 9 340 28
0.4460514830537312 1.4134328570313754 0.0303193227261499 9 340 54
0.5538626951957506 0.5876862564864492 0.17283535474744777 9 340 396
0.471645888663881 1.3426914713268703 0.03275227448753126 9 341 83
0.549707181381934 0.6451714978892565 0.15940730407688203 9 341 366
0.4156643485754401 1.4527608687825342 0.029406313307720477 9 342 32
0.42772251116177507 1.4213435242724324 0.03135516130728533 9 342 45
0.447114317388281 1.3897709029424 0.030093850691947477 9 342 61
0.46356833394034225 1.3503404787343252 0.03195530065638352 9 342 78
0.5501252723118516 0.6074388924222638 0.1659347572529769 9 342 385
0.5533351883443419 0.3581007352180959 0.2223402071536663 9 342 531
0.5543041548254697 0.3185845901812584 0.2310758531997581 9 342 558
0.5482704853171197 0.6323690085159107 0.1589489303083177 9 343 372
0.5515605308848972 0.5471406052460046 0.1773387310163307 9 343 417
0.5499852361108772 0.512282902574059 0.18615828993042627 9 343 436
0.5555370244248107 0.37954291695601816 0.21460961222056085 9 343 517
0.415141881842678 1.4376801572466804 0.02794574735762556 9 344 36
0.5231451011155422 1.237038824377879 0.026679294732736447 9 344 132
0.705419900031534 0.9142116210458279 0.020847777665989664 9 344 289
0.5535029223263828 0.5312301127068969 0.1782467087675832 9 344 426
0.42648683009071076 1.3873241964636862 0.03209357919426026 9 345 54
0.6425584989052691 0.9991174418669435 0.026466860702583972 9 345 244
0.5466804426015783 0.6620989474867875 0.14656070202842114 9 346 357
0.5511682106826483 0.5691676782643997 0.16646967954024933 9 346 405
0.5528772628416526 0.556635618682301 0.16865770847892203 9 346 412
0.5542293727889894 0.416685947738967 0.20107248914939346 9 346 493
0.45945919099993593 1.3150203072775848 0.029182761295316273 9 347 87
0.56137274556808 1.1259791546779607 0.02536878248512564 9 348 179
0.6105808946555185 1.021231210992922 0.027971740159430714 9 348 228
0.550473927209075 0.6679998293281245 0.13931049867185752 9 348 355
0.5560458664825736 1.1117376077245327 0.028634924802254824 9 349 182
0.5496521913268522 0.5894016140223194 0.15639196443373166 9 349 394
0.5997785745136812 1.036282230793318 0.024199064103513357 9 350 220
0.5487398713613132 0.6444797763644617 0.1415893744312794 9 350 366
0.5532785847475682 0.4031841325484665 0.1974312342783267 9 350 501
0.37886105305709683 1.4263269110573418 0.029092715244512624 9 351 25
0.4053323263005604 1.3592927668023926 0.03309340273929218 9 351 54
0.4175271075158473 1.3445766996426527 0.03103984924381531 9 351 63
0.4201515214854936 1.330401986443956 0.03325129048161091 9 351 68
0.4302451104555154 1.3232720984241866 0.03033414212125063 9 351 74
0.5655422231897919 1.0935533991258133 0.02356796526036109 9 351 191
0.5741686227568439 1.0740724876006178 0.024301856926442933 9 351 200
0.680622040410358 0.874392621222099 0.0235422417352259 9 351 298
0.711471001095817 0.8256731010696031 0.021117639783184594 9 351 323
0.5499681977892691 0.6148340594185208 0.14611509640203107 9 351 381
0.5541746011897575 0.43061803972635043 0.1885880553581979 9 351 484
0.5544452825402209 0.3643883890631019 0.20442825300673373 9 351 526
0.5556364848758792 0.3509480111546661 0.2071209310246771 9 351 535
0.5560926564719072 0.32006559784756283 0.2143555601622033 9 351 556
0.4473325309253293 1.270108289214169 0.032793250279580244 9 352 96
0.55002292858915 0.6267768400235113 0.14116841097025024 9 352 375
0.5548438157712753 0.3889778787277313 0.19650877188728844 9 352 510
0.382166673192611 1.3987942116340826 0.02917225356987363 9 353 34
0.45648027845457373 1.2483249359672945 0.031342364350019136 9 353 106
0.4669351507669659 1.2311437694952427 0.030678295570664038 9 353 115
0.48821887614886705 1.2036040644240904 0.02751850008627088 9 353 131
0.7123060568620498 0.8026375851855031 0.021236337574094266 9 353 332
0.5469492090739231 0.7044427983878433 0.12166680050592082 9 353 337
0.5513099589811574 0.5389010348159636 0.15988911655081783 9 353 421
0.5542365484681671 0.3778496826825251 0.19768388179882956 9 353 517
0.5976629377218434 0.9858697216846535 0.02727146241703915 9 354 237
0.60309939857524 0.9815852781860576 0.02579012515496537 9 354 240
0.6319317045458579 0.9327792398730379 0.02430110240403982 9 354 265
0.6410433059310686 0.9142952637524777 0.024577584734773117 9 354 274
0.6671008186128637 0.8742974932720061 0.022228269827778924 9 354 295
0.6785324557229349 0.8572097586584524 0.021085412419743932 9 354 304
0.5483355638366253 0.5713905929554265 0.15138089403749422 9 354 403
0.5520380354344788 0.5065146502442663 0.16549667502488546 9 354 439
0.5506594559265577 0.49027675368598866 0.1701013758530171 9 354 448
0.5534116537513263 0.47025939441402687 0.17370843379985546 9 354 460
0.5544584684389118 0.4552258014983845 0.17689167162682728 9 354 469
0.553560766163242 0.4399865100983385 0.18102905931901953 9 354 478
0.4298095400724907 1.2792397798919093 0.031192711781833138 9 355 87
0.503217227212271 1.1566749995713403 0.026975994004358683 9 355 151
0.5686048881561614 1.0431071462475452 0.0242970051268403 9 355 209
0.6933170576299961 0.8157791913228227 0.021816006766690377 9 355 323
0.551354745160321 0.5554432027312506 0.15189128434782917 9 355 412
0.5537094519836583 0.4218426698101283 0.18354233710418433 9 355 489
0.41635214494050543 1.2855671813903378 0.03344553746010637 9 356 80
0.5189809556027818 1.1172232142455045 0.026793314694993464 9 356 169
0.6081453836573213 0.9603114652960031 0.02363632096369772 9 356 249
0.6989567703339681 0.7854135780170041 0.024135010945487756 9 356 336
0.4847760067473439 1.1688657353488607 0.027621350945663314 9 357 141
0.580088977544791 0.9951272556110885 0.025725214223423887 9 357 229
0.6303240881737999 0.9073015238096962 0.023800419222023916 9 357 274
0.6709688113017218 0.831869413341412 0.020830808569193393 9 358 312
0.7040699242336841 0.7677902020911818 0.021101059551069 9 358 344
0.5478904494964018 0.595970897466937 0.1375179461256737 9 358 390
0.5472851908378396 0.5783649065344372 0.14217383109588988 9 358 399
0.5516020674341547 0.533077252226871 0.15137569555273173 9 358 424
0.5106556541425029 1.1096583412196837 0.025121346826209034 9 359 169
0.5635228963739698 1.0132908246437589 0.02406961673575103 9 359 218
0.5485882909081813 0.4701964939012032 0.16651189830194946 9 359 459
0.5568269457144222 0.4121713539443731 0.17706714521620498 9 359 495
0.5518618805651978 0.39691314557468105 0.18322457122508806 9 359 504
0.3759390913981453 1.3239839201538421 0.033135441289509626 9 360 53
0.4919066289341063 1.1182024758929323 0.02942525311495292 9 360 160
0.5268077520682881 1.071403591935477 0.024521531880338454 9 360 187
0.5351725406550867 1.067369304856683 0.021548817026394773 9 360 191
0.543528721624297 1.048399815813794 0.02231799810904711 9 360 200
0.6210382023992411 0.8959006858489896 0.023582347834195216 9 360 276
0.6475543939202758 0.8625173086063435 0.019313115451817908 9 360 295
0.6988544863706794 0.7428425313760587 0.024840538323451344 9 360 353
0.5516500613650916 0.55329968896861 0.14235908190477464 9 360 413
0.5499446658344805 0.36391589008229275 0.19056763752190198 9 360 525
0.5559835056629328 0.351039332678842 0.19091521069683792 9 360 534
0.5536674513775326 0.34031019283606767 0.19470301050490968 9 360 541
0.5549612494661282 0.3155256038063307 0.20028983112034426 9 360 558
0.346064055038533 1.375252833753279 0.032076374377639216 9 361 26
0.3589239896066856 1.3630182648105453 0.02900430052841252 9 361 35
0.4687096750047284 1.155427424950634 0.028697740548703554 9 361 140
0.6967719607962335 0.7247681048519803 0.02791576001959173 9 361 360
0.45632266879325756 1.186019367091808 0.024464539965833865 9 362 126
0.553521694142594 0.4506736603546324 0.1633731781688733 9 362 471
0.5501788451967222 0.38209556501722686 0.18228146735630757 9 362 513
0.5919461593103494 0.9244153710496551 0.022942695134476 9 363 258
0.5956145468043768 0.9028025170300504 0.02665139922915194 9 363 267
0.5482389987785942 0.515258708076847 0.14766207861698444 9 363 433
0.553194256434273 0.5006288676504864 0.1489816376214621 9 363 442
0.5531334347206622 0.43543850237983883 0.16552765810732895 9 363 480
0.5091576261703522 1.0497635106253065 0.028635468000573705 9 364 189
0.5323056886442801 1.0131629239525481 0.02675183258257907 9 364 209
0.6380478765744084 0.8334668023953092 0.021327614108728188 9 364 304
0.5472283452797779 0.5477533550973933 0.13793291207123182 9 364 415
0.5506179137454051 0.5322512086279366 0.1402373495129564 9 364 424
0.35468487576772056 1.3263063961687642 0.030561208115202354 9 365 44
0.5507585859263802 0.9782177448601369 0.024280307843712823 9 365 227
0.5683330137141749 0.9424551749522402 0.02488280848955382 9 365 245
0.661145550196921 0.7807293866851966 0.021132226217306926 9 365 330
0.5475307355170479 0.4641346504683068 0.15715945497365696 9 365 462
0.7013449369925324 0.6931035010596569 0.021568721931616963 9 366 374
0.555467484169302 0.420707781644754 0.16252719519541203 9 366 489
0.5543845956218363 0.4059178839350116 0.16684807560390735 9 366 498
0.6639592986083644 0.7599471519940018 0.02021636224869694 9 367 339
0.6694030607608286 0.7407161104817899 0.022504907373604666 9 367 348
0.3353900646740735 1.3296577792219562 0.03187224941999456 9 368 35
0.47994344960285673 1.0810474621644581 0.025148255828830735 9 368 169
0.5549914559668481 0.9516908055062728 0.02173109841020915 9 368 238
0.5505249178112228 0.4835255192959993 0.14496462635769247 9 368 451
0.35132003547052193 1.291894095422063 0.03141498321493852 9 369 53
0.3612120390128525 1.2757223694222772 0.030735472476914105 9 369 62
0.5376233953111362 0.9708917945174019 0.02288172004232858 9 369 226
0.5639709689293683 0.9154268276792992 0.024288336705264202 9 369 254
0.589251864436326 0.8805013683743284 0.02088924890192767 9 369 274
0.6177895275000138 0.6164950129228663 0.07534915904389317 9 369 393
0.5482887365460359 0.5646669082533358 0.12307084649288547 9 369 406
0.5524352312974319 0.3674355693657698 0.1722236510805789 9 369 522
0.5531565664940591 0.3568230214582345 0.17462279212806914 9 369 529
0.5534476763636275 0.3432755575863485 0.17799590570963075 9 369 538
0.5555747039290355 0.33010068418326227 0.18036708220100317 9 369 547
0.5537140483584552 0.31675647456424705 0.18474838751201406 9 369 556
0.32118478689692 1.3399657103904903 0.03140311955713804 9 370 26
0.4282864180677095 1.1465972033191196 0.028788075422118142 9 370 129
0.43822637773004836 1.1303368048163822 0.028106003423332027 9 370 138
0.5698579861774421 0.8959714992484984 0.02403425024947481 9 370 263
0.6681236699105828 0.7280018478451385 0.01917317103721894 9 370 353
0.551932730167333 0.4342843131818289 0.15323155157226853 9 370 480
0.3985295415420891 1.1828394088255811 0.03169320023181155 9 371 106
0.4116090985493771 1.1738574876932348 0.027544762503427744 9 371 114
0.6961522450516242 0.6719036033525347 0.01750983252805549 9 371 382
0.5495952182426873 0.44867931850303444 0.14873695434335654 9 371 471
0.5529241120284377 0.3906022591162346 0.16227952599182938 9 371 507
0.5519102430749564 0.3794481455239646 0.16570188020331944 9 371 514
0.4181152001346794 1.1477221693780622 0.02876969585541156 9 372 125
0.4786273613409614 1.0485577824839223 0.02463975675432417 9 372 180
0.5482783772330316 0.49833011142920186 0.13444818621824928 9 372 442
0.3516813113730115 1.2638348634332373 0.029022201859988384 9 373 62
0.4793393756322596 1.0237153583979635 0.028440064672124676 9 373 189
0.5894416224905201 0.8397173611926527 0.021845457922910372 9 373 290
0.6061969043917422 0.7998985090140318 0.02395892077381867 9 373 310
0.6163906253903486 0.5846450362176563 0.0756281373995642 9 373 408
0.5504484662276453 0.4673551127312401 0.13957781638871058 9 373 460
0.3201834840903396 1.3088519453008018 0.030550482393745804 9 374 35
0.32773079155291174 1.289531433388667 0.03187341758859763 9 374 44
0.363827780315917 1.2218788595772068 0.0316462990579478 9 374 80
0.5353637130056901 0.918471364156402 0.025778684879549818 9 374 245
0.6241242443020428 0.76594860433301 0.02155778758519189 9 374 328
0.5478614986950695 0.4580608399554977 0.14141155236563197 9 374 465
0.33080720039236544 1.2641281993287783 0.034709585786755204 9 375 53
0.4918780865020955 0.985351447916837 0.027563762136051162 9 375 207
0.5534278771065217 0.4190924508780275 0.1470478790271329 9 375 489
0.5533229827386726 0.4044570207082122 0.15099147820177816 9 375 498
0.4358897905897694 1.0787388383571024 0.028628791708566803 9 376 155
0.4437185597341059 1.0607636408763375 0.029461799879412 9 376 164
0.6291015880090854 0.7469233646691469 0.0193472338798113 9 376 337
0.6164636487573365 0.566208139883694 0.07397748195599108 9 376 417
0.4096113960811705 1.1272347249410841 0.02663606984672895 9 377 129
0.49373667763639784 0.9627817947997251 0.027938626599265715 9 377 216
0.5150371706368404 0.9295086123206985 0.02602681501552795 9 377 235
0.6181653662085765 0.6267467514774028 0.054728268968509464 9 377 388
0.6143967326964072 0.5836322950857885 0.06819575770425457 9 377 408
0.3445389700564043 1.2260908565121513 0.030886248257059767 9 378 71
0.4736781190300833 0.994393701020903 0.027321827812075705 9 378 198
0.5366153517086792 0.8963224825614853 0.021590591425628913 9 378 254
0.5482617200778107 0.858441150691334 0.025838076926543163 9 378 272
0.6136785213019736 0.6059822161978102 0.06036985891169233 9 378 397
0.5524592585857199 0.44004127194146275 0.13624011157129623 9 378 476
0.5505680694595315 0.3657792698813404 0.15718043702875106 9 378 522
0.5519340378167017 0.3521880726648331 0.16013935038193672 9 378 531
0.5532097479444689 0.33876140003956556 0.16310005931385452 9 378 540
0.2986674717075569 1.3047613428343674 0.030792956044572106 9 379 27
0.36538430143063416 1.1812992381149587 0.029965076063761087 9 379 94
0.4095474477375247 1.1007977299193767 0.029086503475145742 9 379 138
0.5734211022023115 0.8076329892269413 0.024328381178212455 9 379 299
0.5518007533528982 0.8384037946626401 0.02475798346274416 9 380 281
0.6168109114049456 0.5480240473240118 0.07005887692165369 9 380 426
0.5500418580193871 0.3888135538387841 0.14754107589147758 9 380 507
0.5494144476570865 0.42406345110593924 0.13641271548340195 9 381 485
0.4504826695244005 0.9984502794205965 0.028829988142451746 9 382 189
0.5307723949084994 0.866865132740967 0.02319797408672919 9 382 264
0.5545100311245821 0.818057402211294 0.024238779941221145 9 382 290
0.5488349642158501 0.45734058449312476 0.1257244714839545 9 382 465
0.2969752116723907 1.2733466989634818 0.030917941013294703 9 383 36
0.3382904515792744 1.1906563428167072 0.03212002687256987 9 383 80
0.4216107703424553 1.0369331926015815 0.030968500369642937 9 383 165
0.46782605583252734 0.9656062370276293 0.026507067916920146 9 383 207
0.5890931866995028 0.7519382619801614 0.022070541347376293 9 383 326
0.6140833034449196 0.5292616208418572 0.07015012335919613 9 383 435
0.5513671673756941 0.3317699320040098 0.15691298860534064 9 383 544
0.3015581080950238 1.2508568292167261 0.03240589434345975 9 384 45
0.5105780503383918 0.8956668731668969 0.021140315942478338 9 384 247
0.6192065279919501 0.513256172568883 0.06974644526893714 9 384 444
0.5512699932247445 0.4158114582652695 0.13201864597627044 9 384 490
0.34143251005327313 1.17695209882285 0.02964973066227372 9 385 86
0.3977619545614042 1.0632157062666099 0.03158516759341945 9 385 147
0.40716432797644675 1.0534488703798464 0.029360736219823047 9 385 154
0.5930681684079999 0.733009144598127 0.020569038159527375 9 385 335
0.6145739175467775 0.5647999734375195 0.0557948238133138 9 385 417
0.620747417887827 0.49641466460781797 0.07146146564980649 9 385 453
0.4690005627480216 0.943197544903983 0.02514900745180726 9 386 216
0.6196887608688679 0.6795714094535537 0.019085275412705993 9 386 364
0.6261489941020175 0.6622699364659155 0.02048971233994079 9 386 373
0.6302662983092121 0.6529228068844573 0.020918829305395126 9 386 378
0.6104749453201515 0.5876925629642867 0.04941763174308367 9 386 405
0.5481622274334643 0.3642033058500087 0.14417062899525968 9 386 522
0.32052193719939814 1.1960584456911545 0.03075393368294721 9 387 71
0.4447025784173648 0.969699371605415 0.028283509437069698 9 387 198
0.4731836792261154 0.9233061620711093 0.026178901131706622 9 387 225
0.5519883978364967 0.3507296835687009 0.1440625276423212 9 387 531
0.3022792697416572 1.2244203652601464 0.030197573353179852 9 388 54
0.3428849853839563 1.1522433663605547 0.028875415845169172 9 388 95
0.35049383198373785 1.1346941203984742 0.029752697129033834 9 388 104
0.3827655547046104 1.0703489170560379 0.030653695922491453 9 388 139
0.5909041223844678 0.7111879310369704 0.020855423564843933 9 388 344
0.5965418891455867 0.6935519297002881 0.022800567227300395 9 388 353
0.603043448673141 0.6853804317957681 0.0216425764135586 9 388 358
0.6221486174691729 0.4739282489219896 0.07063832098588785 9 388 465
0.5527800697694607 0.3280747879698138 0.1481394145528826 9 388 546
0.35635695480315355 1.1154428485255818 0.029757146786852706 9 389 113
0.40687684804721047 1.0288706535373509 0.02720411382195209 9 389 163
0.519196178215932 0.8370043704854783 0.021357695782959096 9 389 273
0.613245254763579 0.5460459921009446 0.05302644817790769 9 389 426
0.5490543097854509 0.40010196516384705 0.12809099428194548 9 389 499
0.5488797200746579 0.3857096611308331 0.13222241775289179 9 389 508
0.3133279703655828 1.1871592970346132 0.03022987973355329 9 390 71
0.41059390067323553 1.008023261776806 0.028812515185563603 9 390 172
0.4186815681276025 0.9969564312370556 0.02761631117380281 9 390 179
0.47819560695166297 0.899499831017805 0.023326360528044265 9 390 236
0.6145425425779921 0.5112913226193581 0.0599562231466052 9 390 444
0.3017191473103631 1.196098537368995 0.03164546394225398 9 391 63
0.35619786142784926 1.0894464407806703 0.03263901618370357 9 391 122
0.42557670778113477 0.9795121615458637 0.026584837650493354 9 391 188
0.4999151263069195 0.8458431596598789 0.02458667565133743 9 391 264
0.5127795206581178 0.8279039838967003 0.02277276403399986 9 391 275
0.6180418011870992 0.4633745003049011 0.0694953666709397 9 391 470
0.26481828823628484 1.252988645605175 0.03306322771305337 9 392 28
0.28396230607751916 1.2309425285917421 0.029035457627139216 9 392 44
0.4293982075388486 0.9566603183942848 0.02874713939878082 9 392 198
0.6049220886933563 0.6660833265598631 0.01691942621077036 9 392 367
0.6102968289177019 0.5369640862134641 0.05067696389256571 9 392 430
0.44467725277192494 0.931286839279845 0.025481588895784446 9 393 213
0.5867604272903386 0.6888067301443088 0.017951139344160483 9 393 353
0.548851517491534 0.4239950370559349 0.11382867052023227 9 393 484
0.5489042000128926 0.40922148237835576 0.11800888016750244 9 393 493
0.3097458923851235 1.1558784045229085 0.032013813573726346 9 394 80
0.5133198353678738 0.8068035261657167 0.021672058662485005 9 394 284
0.5609410043459628 0.7163311878699163 0.021773383978086036 9 394 335
0.6106741350089367 0.6421795724701033 0.016065080827302403 9 394 379
0.6106111160286609 0.5707819818158062 0.036514873386976565 9 394 413
0.6113551462700079 0.5529229895373049 0.04121893173182867 9 394 422
0.6181670424508838 0.49466488414132465 0.05419143096330714 9 394 453
0.6210469661753556 0.4472413158538308 0.06619352345447727 9 394 479
0.547922962814158 0.37051213943115047 0.1258375653732018 9 395 517
0.549727161853321 0.35989303881041296 0.12790558968901156 9 395 524
0.31044429635609294 1.1394192882666454 0.03189084081729621 9 396 86
0.44356903475117737 0.9077462852375717 0.026076557372291864 9 396 222
0.4563181103625452 0.8954963435581231 0.022657065612283644 9 396 231
0.5507479088373851 0.34606223804093206 0.1294745553071831 9 396 533
0.3149945407508219 1.1189663877408762 0.03308658069181647 9 397 95
0.3258381075671183 1.1065228102767017 0.03075356222934411 9 397 104
0.33436001390715187 1.0909889008874796 0.03058402916978642 9 397 113
0.35079330659986385 1.059203320357826 0.030786449076322553 9 397 131
0.5122569256073174 0.785020114603831 0.021751832176217456 9 397 293
0.5629976223011075 0.7016816252090234 0.018095831015656927 9 397 342
0.6087812086733045 0.6218873874463406 0.016126403891480345 9 397 388
0.6160291082713271 0.4768764874783909 0.05409296243482831 9 397 462
0.6167597638280374 0.4316116864510742 0.06678196711446982 9 397 487
0.5478678764232273 0.33203220050450155 0.1332583367695196 9 397 542
0.3535064324919812 1.0457676670216023 0.030971709487792598 9 398 137
0.5486308158376244 0.38273320559486157 0.11629471257768109 9 398 509
0.38947421609682653 0.980865153398871 0.02784556596924248 9 399 175
0.616450950901663 0.5031306823833354 0.041972712704270165 9 399 448
0.6210069942624176 0.41620148633037096 0.06478582392036691 9 399 496
0.28525479409968657 1.1513950715932335 0.03338231919741286 9 400 71
0.39354379019433594 0.9613134983885712 0.029090762249758484 9 400 184
0.40115033091593244 0.9529304901064244 0.02733649683345063 9 400 190
0.47488170569505117 0.8313234085669245 0.022129543369170945 9 400 263
0.48173053922375786 0.8170116875679436 0.02252762946005704 9 400 271
0.6155541997210361 0.45977408796365066 0.052992570312863085 9 400 471
0.617384591133328 0.3997869892418381 0.06951978940306203 9 400 505
0.2449567346042376 1.2218662419116058 0.03285692027298803 9 401 29
0.25230384804934103 1.2048210108546198 0.033782695118919515 9 401 38
0.2628029930809179 1.1802037023497343 0.03518176444869059 9 401 51
0.402590114304302 0.9363550858902652 0.029185057636923695 9 401 197
0.4079340877882649 0.9284404673257307 0.028542745368079547 9 401 202
0.5673175105240649 0.6598297959969921 0.018940319405188477 9 401 362
0.5493770760608233 0.31811943233617423 0.12917215204808885 9 401 551
0.30474487431853303 1.1044239044336497 0.03195675252587038 9 402 96
0.34402085502312096 1.0529099335104124 0.025261341979881613 9 402 131
0.41518546957311053 0.9122373023124041 0.0270714714895417 9 402 211
0.4437044330694263 0.8639032436761563 0.025428790416249347 9 402 240
0.5516554059695312 0.6762547773340002 0.020593037417199422 9 402 351
0.6190302634830922 0.44026962994365165 0.05258640786593727 9 402 482
0.4789087912358222 0.8058684587192244 0.020704902834989936 9 403 275
0.568358848006938 0.6409926043011829 0.019464732022811404 9 403 371
0.5808926651178734 0.6272673508688497 0.01651886391698465 9 403 380
0.6138064852306877 0.3884869479978615 0.06871594511156442 9 403 511
0.6128715312782667 0.5131077015574024 0.03023210151889666 9 404 442
0.41591107237457337 0.8983272437451839 0.024181158151725723 9 405 217
0.42012943945439296 0.8869934408647326 0.025182494620596296 9 405 223
0.6150528563331057 0.3731462270954819 0.06851396989712488 9 405 520
0.30939262963352054 1.065840718184416 0.032065685677478584 9 406 112
0.5779022446350867 0.6091778381316644 0.016926610702545086 9 406 388
0.584442642779958 0.5972558633882211 0.016796497361236007 9 406 395
0.6150287406994036 0.4905085752024528 0.031428416087460054 9 406 454
0.6134190939975398 0.48069393304943236 0.0352705848071595 9 406 459
0.5487266405409718 0.3290754265715299 0.11711389932619831 9 406 543
0.550009294547756 0.31581005723857103 0.12035417154953354 9 406 552
0.3358714412999366 1.0200758867042836 0.028615622483692427 9 407 140
0.43907589506057587 0.8392333127581454 0.024378663632594888 9 407 249
0.44668258483921075 0.8235476212193757 0.02477326280756942 9 407 258
0.5962826741279608 0.5708756023620634 0.015791517538381594 9 407 410
0.6152810309390015 0.3578662898076963 0.06891813332326024 9 407 529
0.2849892882263044 1.100768834804514 0.03107894841995007 9 408 89
0.4113767756713529 0.8776638164107738 0.026374066270037577 9 408 224
0.4951360053798106 0.7340815018351694 0.02196963207246494 9 408 311
0.6151322984461602 0.42257286685914086 0.04751155789681227 9 408 491
0.2595771086948577 1.1514101931783316 0.028111874044869145 9 409 60
0.265629930302265 1.1331046006796186 0.030188610017677364 9 409 69
0.29101328810068483 1.0831990931262097 0.03078221347896848 9 409 98
0.6130271734010795 0.4634992829766415 0.034263439199374135 9 409 468
0.614409208225545 0.4082545493808733 0.05016550882100135 9 409 499
0.6201428445019562 0.3432596382513616 0.06653026322557365 9 409 538
0.5279389329348729 0.6647307622454859 0.019841515467872273 9 410 351
0.5370162840304533 0.6500015449773006 0.019109947399841842 9 410 360
0.6133046919609667 0.4764167525671486 0.028060538659804957 9 410 461
0.31504838661559276 1.0244113472300431 0.03053302365866073 9 411 130
0.6147970095051182 0.4471505341540843 0.03396447609293296 9 411 477
0.45215052081178375 0.7860794188854809 0.02211739346275543 9 412 276
0.4592754717866976 0.7749067900247211 0.021421402174976678 9 412 283
0.537903991090722 0.6315810779666602 0.019857182513997818 9 412 369
0.546942846827116 0.6169199597815194 0.019123050320420498 9 412 378
0.588685382128771 0.5499058462621187 0.015521189781303013 9 412 419
0.6037325188801378 0.5115874585692137 0.01854760326294569 9 412 441
0.6144503682009983 0.39222514178397694 0.0488202585548807 9 412 508
0.6148538913791161 0.376969461240678 0.05324655310690596 9 412 517
0.3330928909736419 0.9838284069595116 0.028225773316535196 9 413 153
0.6155176737737785 0.3275284751881096 0.06597165962225149 9 413 547
0.5874701904057897 0.5317134603196344 0.017458780901338122 9 414 428
0.5504536833575634 0.5998710223656623 0.015821201501047488 9 415 387
0.5553638783181412 0.5836730849414283 0.01796062560479217 9 415 396
0.6164377821326038 0.31289855549704665 0.06596261062026032 9 415 556
0.33351570783183426 0.9615847121962193 0.028417602247526652 9 416 162
0.4066441904774972 0.8319064926999012 0.025840849314954673 9 416 242
0.4161345045931131 0.818229043987905 0.02453016794518348 9 416 251
0.5613948125923371 0.567932506224738 0.017152790237919935 9 416 405
0.6154025346228784 0.36626639830506663 0.048052471953755616 9 416 523
0.6139323672329376 0.3544592557220693 0.05256931805001064 9 416 530
0.342379746929961 0.9479359216123429 0.025329551468364464 9 417 171
0.6145982046105841 0.43001224086448164 0.02666550385612343 9 417 486
0.3907392961876043 0.8405839977478514 0.028220514719912715 9 418 233
0.6077941888911934 0.46663732484691284 0.01713114689125239 9 418 465
0.6139730957600593 0.4137718879965372 0.029986631855222545 9 418 495
0.505155417011661 0.6453830331773255 0.01964374227749477 9 419 355
0.393061681760452 0.828724900369987 0.0263309252741335 9 420 239
0.40839764602540674 0.7924476046299735 0.026534848191277716 9 421 260
0.5604547789475673 0.5495829452166731 0.012693633602483878 9 421 414
0.5610085960172373 0.5305165208397703 0.018375342609687206 9 421 424
0.576878765439902 0.5106165010864215 0.015213261443901782 9 421 437
0.5849418578435673 0.4959189273514151 0.015052855934835296 9 421 446
0.6141151549001427 0.3975989428160653 0.0287043046639206 9 421 504
0.6110145195174841 0.3833881533166144 0.035028014397946894 9 421 512
0.6127529424378195 0.33868837200191504 0.04808671516122409 9 421 539
0.589918191965283 0.48032391169520794 0.01488191720464438 9 422 455
0.6151828070924388 0.3241869387706698 0.04920652564575523 9 422 548
0.35683620281999295 0.8716184993092717 0.028045888021779763 9 423 208
0.3973605383154002 0.7937716695937408 0.02431605691665384 9 425 256
0.43687677395577007 0.7325500308359125 0.020074308209506397 9 425 296
0.5604593273139173 0.5054795283533338 0.018191741887828794 9 425 437
0.6104979042708174 0.3674280020912848 0.03217048131988465 9 425 521
0.6154430304733473 0.3530092307944603 0.03379991439576013 9 425 530
0.3559762472997652 0.8501154234904525 0.029167179688774025 9 426 217
0.43766319572048185 0.7138185131045458 0.023498881362522983 9 426 305
0.584203091499779 0.46181359165758434 0.013627171730495435 9 427 464
0.5921458389998153 0.44733538513383736 0.013469160338296815 9 427 473
0.6113402723322716 0.3439671400418603 0.0350992803933301 9 427 535
0.440109970511955 0.6963994334106407 0.023449505864883036 9 428 314
0.44091138499882265 0.6823495393098614 0.02750003715649063 9 428 321
0.4502619437060347 0.6649600084450695 0.023286802472444412 9 430 332
0.48197180757488933 0.6143442214622143 0.020318904392700454 9 430 365
0.5261841571928015 0.5373457259281775 0.018270853517093677 9 430 414
0.5513837202315637 0.4950041360409084 0.016601039124131356 9 430 441
0.5579033913365969 0.4802447252953591 0.015320732996498276 9 431 450
0.6124854233466912 0.3286865619862308 0.031226656982979994 9 431 544
0.5020003972264336 0.5720951801120736 0.017636038102672558 9 432 391
0.4034347059130544 0.7309631959180211 0.024352111302724078 9 433 287
0.4872492196712064 0.5853573218667609 0.02032774516209046 9 433 381
0.41706693422282504 0.7122205138029611 0.020009096024007134 9 434 300
0.5015090858950463 0.5547131731580317 0.01951103958111966 9 434 400
0.522945160052073 0.5192234658775725 0.01790277628178616 9 434 423
0.5323835398602369 0.505603407177889 0.016533192656863704 9 434 432
0.5826062030761902 0.42839436917973744 0.010806729117507352 9 434 482
0.5504168408583233 0.4616438939286651 0.015709330287099754 9 436 459
0.5651399157871715 0.44912768131591535 0.010662449923404593 9 436 468
0.5832463617289793 0.4125425965246362 0.011490721917400748 9 436 491
0.41380207320216034 0.6917134747036955 0.02267637943919021 9 437 309
0.4222005168281232 0.6781938248277076 0.021913363168751254 9 437 318
0.4417682243400233 0.6425253976805185 0.02152408720271093 9 437 341
0.5692715387435441 0.42693644592515184 0.011316941594807783 9 438 481
0.5837495771936968 0.3951812666372016 0.012821660201131735 9 438 501
0.6063653144555584 0.341440251565682 0.01655476392047439 9 438 535
0.4229078198988695 0.6604998281424633 0.023303507340822538 9 439 327
0.42881640834576606 0.6497295293513207 0.023185963092258843 9 439 334
0.4437997469779914 0.6277787868787457 0.02109015116551094 9 439 349
0.45454519616417044 0.6153398830558311 0.01847944908149879 9 439 358
0.494595222685267 0.5351877297214405 0.020079636374015664 9 439 409
0.5005511942010196 0.5207569970578707 0.021159616655595848 9 439 418
0.5259406757264316 0.4869858453808654 0.016459852734743263 9 439 441
0.5305713640131695 0.4721327128382734 0.016475599465958113 9 440 450
0.5382710482851886 0.4670276537164953 0.013317895444340144 9 440 454
0.5131667266263756 0.4992373134272917 0.016337102648151802 9 441 432
0.5940146490666853 0.3625760030502337 0.011113278850766073 9 441 521
0.5688653718033496 0.40736347457306465 0.009917065971510208 9 442 492
0.599378392014681 0.3481756392971717 0.010518574623437749 9 442 530
0.4711877714158268 0.5540474377186594 0.020464079485025488 9 443 394
0.5427439169707274 0.44322550141572686 0.012375624050797285 9 443 468
0.37075460215384215 0.7289541512519369 0.02322408404923415 9 444 278
0.5519311092571075 0.4208193676054345 0.010038225533634648 9 445 482
0.4733250333008089 0.5363601228370012 0.019082251443317988 9 446 404
0.5669904851814473 0.37630358048970447 0.013553527571937285 9 446 510
0.5565533432368802 0.396069920646443 0.01148034874702586 9 447 497
0.5888237251676007 0.34614063724483346 0.007775569050589404 9 447 530
0.3663276769100181 0.7097794150110133 0.024650830401252266 9 448 286
0.436104093194408 0.591478169118711 0.02019158887420547 9 448 366
0.4774609555789512 0.521425150875944 0.017526191615212516 9 448 413
0.48492984580550624 0.5078107013164225 0.017377607042573073 9 448 422
0.4990763279592513 0.48735744010899007 0.015253490904891032 9 448 436
0.5074180238241652 0.4739297344269531 0.014473325479607446 9 448 445
0.5127594250330759 0.45960758562860293 0.013938929704760628 9 449 454
0.5554882608812575 0.3789146210154097 0.012049868271495012 9 450 507
0.5681903963082856 0.3610878264937452 0.009944533044890402 9 450 519
0.368358537348499 0.6870460014963179 0.025263648257928484 9 451 298
0.4802615810483525 0.4990384537089664 0.01746448971267056 9 451 426
0.5366643363971427 0.40864867660946214 0.012007903556182531 9 451 487
0.37591488135306084 0.6758086481055633 0.022246633119859194 9 452 306
0.5128725569705351 0.44389524346763476 0.013313181875453495 9 452 463
0.5203038395267859 0.43034934595733065 0.01316534546210546 9 452 472
0.3467194160804281 0.7173787355768005 0.024934462969873117 9 453 276
0.3764904511200574 0.6585619802616225 0.023972340111327206 9 454 315
0.5294716416497112 0.3918513568580905 0.012678739703869013 9 456 496
0.5592908065400464 0.34457417798938617 0.009575340261589682 9 456 528
0.34945287060079355 0.7012964994161521 0.020923817533271327 9 457 285
0.40538154119862946 0.5940432625428195 0.021698825394895316 9 457 357
0.47415199299342914 0.48106600457164944 0.015926236055599063 9 457 435
0.4839992017180649 0.46842159077593526 0.013842696320742531 9 457 444
0.4866370689662519 0.4537667413035148 0.01532131551027116 9 458 453
0.5456773378058836 0.3585185108863102 0.009730679732103398 9 458 518
0.5611909344340673 0.33024000198143555 0.009422055417756647 9 458 537
0.5292556832307331 0.37684254141064705 0.012225990901979955 9 459 505
0.3489750220695854 0.6832726970952525 0.02180630933680805 9 460 294
0.5040984404185381 0.4111023057087153 0.014915102550503212 9 460 481
0.4874879948524745 0.4386166809816356 0.014274785114758881 9 461 462
0.495604954513968 0.4255851680448081 0.013477447197339676 9 461 471
0.511810130238247 0.39781039059977036 0.01251916606518022 9 461 490
0.3799445135010494 0.6167929470378004 0.018957107779043914 9 463 338
0.38321488891858135 0.6073072777735236 0.020170428660266304 9 463 344
0.3876607407302679 0.5929329308075024 0.020417943853385023 9 464 353
0.5363190887561026 0.3420932966882536 0.008168557286516775 9 465 527
0.4574773243153588 0.4637023808695084 0.0158657277756733 9 466 442
0.5412907786649641 0.3285164084253527 0.007756431796585028 9 466 536
0.3614226141489967 0.6219866545607349 0.022007698066507375 9 467 330
0.4625071018166549 0.45003421094616397 0.01547571682493587 9 467 451
0.5178168890138413 0.35976270708371233 0.010500256618403814 9 467 514
0.465814954365375 0.43579477210895157 0.012627524144854352 9 470 460
0.47120176241014633 0.42246572170213353 0.013822049369884848 9 470 469
0.4887180472494713 0.3940465346373476 0.012171894705261255 9 470 489
0.3755684923759568 0.5852880006542399 0.018069697505826765 9 471 354
0.383387716338478 0.5727889564249262 0.01726159505899094 9 471 363
0.4205094267223778 0.49889275399707433 0.01692399454926763 9 472 414
0.38022625227030105 0.5554189913669924 0.018328781677439898 9 475 372
0.42055676769731065 0.4836534376030568 0.016867285657443554 9 475 423
0.4283641884367363 0.47117176640792596 0.01605275813283258 9 475 432
0.4675414872340472 0.4067576881077757 0.012636657662560391 9 475 478
0.34125609043534255 0.616751025584221 0.020864897819524275 9 476 327
0.49140942690136336 0.36403332055030513 0.009947653387387012 9 476 508
