2.4693810900361886 0.9231855619101568 0.974878605265229 9 4 486
2.4704605506945287 0.9099901252134095 0.9740865423843736 9 4 489
2.453075386263174 0.8969855506667143 0.9715989527309616 9 4 491
2.4712898253577498 0.861357493578923 0.9708759707472134 9 4 500
2.4799573573986122 0.8544454573999788 0.9712107129649195 9 4 502
0.9791510569506074 1.970129106029994 0.9047809255096174 9 5 46
2.151905930442896 2.0384417823504775 1.0163149418380684 9 5 243
0.9207410276132346 1.9700041675345328 0.8965367153812105 9 6 30
0.9597715355020342 1.9791602042468277 0.9006509905106894 9 6 39
2.4647581592575674 1.040441881675814 0.9695557187735575 9 7 460
2.4781729778748933 1.0068927987430083 0.968548497968023 9 7 468
2.4885620267462603 0.9497632202360176 0.9657301844975221 9 7 481
2.489067041227597 0.9910227803117124 0.9641971810347645 9 8 472
0.958347065871342 1.9695911601270328 0.8910014744500915 9 9 41
2.4733905687157627 1.108909277394195 0.9661131554539708 9 9 446
2.5075549258342233 1.066437974757621 0.9663309280628043 9 9 457
0.9631458808370952 1.9772875885217562 0.8859439342426537 9 11 41
0.893486663809528 1.9846511545196628 0.8777043230867454 9 12 20
0.9323284666091798 1.9733079060057421 0.8683944661364711 9 16 34
2.471632361275919 1.2798932521549213 0.9365274188659909 9 18 411
2.4680718200651444 1.0389336926209194 0.9224118608554251 9 18 460
2.4862017381850134 1.219239431374952 0.929637106775504 9 19 424
2.1074431433019107 2.028773061629962 0.9434937815806677 9 20 240
2.461594083220372 1.286109546404046 0.9271430835789909 9 20 409
2.4908231936679974 1.245902436650662 0.9269751848808165 9 20 419
2.479533998430737 1.1819443296244956 0.9225861183001793 9 20 431
2.498345757994661 1.2382687774363388 0.9225644220541316 9 21 421
2.4470025548901795 1.008340747772641 0.8933802245379839 9 24 465
2.43853522900497 1.3279735223488724 0.9052781944356704 9 25 399
2.466308458244307 1.132595669453029 0.8968386179164091 9 25 440
2.467059918350113 1.113436613968878 0.8958835284849359 9 25 444
2.4686286523833436 1.0994482406385457 0.8952521485239624 9 25 447
2.4553381927317988 1.2677634141489804 0.8987066253719569 9 26 412
2.4460535447258294 1.2492335920555093 0.8971616602212114 9 26 415
2.4691789410063754 1.0802115451794174 0.8898948922861598 9 26 451
2.4600692014757612 0.9836022703921683 0.8843278088343395 9 26 471
2.435783638080247 1.3164076681763146 0.8954642703847501 9 27 401
2.4940713931345933 1.2206785031287406 0.894201433455752 9 27 424
2.4846463554262685 1.1824358783953275 0.8916699516886207 9 27 431
2.465716403910154 1.1367131506625112 0.8837389058902447 9 28 439
2.4737637192208277 1.062031501083433 0.8804784735463723 9 28 455
2.4566581148806352 0.9868369258390643 0.8756673923276187 9 28 470
2.4367195619681166 1.3114148638006264 0.8862265832889228 9 29 402
2.478186948382044 1.1799437696634152 0.8821826403635759 9 29 431
2.4894735420391374 1.2541131483023409 0.8819642615759438 9 30 417
2.499085570632877 1.2320601123236985 0.8814466508847868 9 30 422
2.4720506039782197 1.1285871836404398 0.8748388055971351 9 30 441
2.4545397736781798 1.0941497878506163 0.8721463904088509 9 30 447
2.4674625530492547 1.01723882262976 0.869147734653828 9 30 464
2.4441263343529935 0.9646478605739655 0.8652333169254598 9 30 474
2.477332243906539 1.0386233792321855 0.8663763733151008 9 31 460
2.489289398010896 1.2334048930751569 0.8718520088341001 9 32 421
2.4273602119086393 1.3330765344523143 0.8685985099061512 9 33 397
2.4349345588307254 1.0304446962066036 0.8462579333459582 9 35 459
2.4432235171504444 1.3598762736949344 0.8569255219062932 9 36 393
2.4353629974320974 1.3411066304960526 0.8557021427544015 9 36 396
2.45567306944992 1.3127285217386828 0.8554570793650589 9 36 403
2.4638091299908345 1.1297193845590745 0.8477541684511457 9 36 440
2.467479542680272 1.301580376891165 0.8509620647231602 9 37 406
2.4688046445890626 1.2814648551780896 0.8501499304000637 9 37 410
2.469732344096295 1.15595892473438 0.8447269248986642 9 37 435
2.4570778937085973 1.1128281945747895 0.8422342522471733 9 37 443
2.431974909712441 1.339566802106382 0.8463219324483571 9 38 396
2.462427089154457 1.2130381200939135 0.8423381818209147 9 38 423
2.4780486902281624 1.1733572964704977 0.8413749917381032 9 38 432
2.465076520515655 1.2849631747128236 0.8409612990741069 9 39 409
2.4542984582405656 1.2605409942747978 0.8394400291853161 9 39 413
2.461335382843925 1.128366432921612 0.834199113943845 9 39 440
2.467283947117995 1.086540057089049 0.8327110029514251 9 39 449
2.4409384192655104 0.984626239788158 0.8272156069830777 9 39 469
2.448808859268301 1.1486260758675153 0.8300151412026634 9 40 435
2.4653926933949837 0.9769279234314934 0.8236523867452787 9 40 472
2.470121736963563 1.195137633733961 0.8283543114578439 9 41 427
2.4681290458285683 1.0813454852350888 0.8192001355937902 9 42 450
2.469878879675118 1.0340209467507742 0.8173865077017336 9 42 460
0.5900104886402577 0.2619038475873283 0.7082142909011748 9 42 636
2.4283556800014297 1.316922443225074 0.8223604601155514 9 43 400
2.455558629773907 1.260448969482977 0.8212484313820247 9 43 413
2.4511702621251126 1.213370443824748 0.8192295710062815 9 43 422
2.4435289295426466 1.117131324262553 0.8151561962033254 9 43 441
2.4519718279801723 1.0619691834824037 0.8133386940653275 9 43 453
2.4890947922829625 1.1609611769064228 0.8141657208311949 9 44 435
2.463145483998459 1.093919710290932 0.8105812618129998 9 44 447
2.4431546813161646 1.0402003921140985 0.8077403483695675 9 44 457
2.4522737558459444 1.2235026366034896 0.8105870990971106 9 45 420
2.4756207813444613 1.1763051505580253 0.8096889756899909 9 45 431
2.4592754594700446 1.025625436051053 0.8034032295458283 9 45 461
2.4535782200813596 1.0052270721110497 0.8024212259861544 9 45 465
2.4588595457825617 0.9647067030662705 0.8010948699374498 9 45 474
2.456491948432098 1.096327859346494 0.8015005733088721 9 46 446
2.467612338211759 1.0803494223937167 0.8013142229361429 9 46 450
2.45972231790855 1.0683879648297994 0.8005869389159153 9 46 452
2.4620620172838197 1.1714661086597362 0.7999479333715108 9 47 431
2.437335084820405 0.9724837996501909 0.791892943277021 9 47 471
2.435387455712269 1.142829551002271 0.7935095802755335 9 48 435
2.4785676520520767 1.0350877457566614 0.7911427780472182 9 48 460
2.454463553808582 1.0000690425612027 0.7890952101436504 9 48 466
0.586152860298495 0.26211100891069095 0.7003509800538829 9 48 635
2.4810048383957093 1.0983040115186373 0.7889563950270786 9 49 447
2.473272186402058 1.0811894234493753 0.7836281010461277 9 50 450
2.453355497671031 0.9946078945270966 0.7800793991335623 9 50 467
2.4841481524557394 1.133250789932731 0.7811835821873332 9 51 440
2.4352828486249374 1.0316765561479257 0.776378447059396 9 51 458
2.4780095217818396 1.0819618197192364 0.7702947733211815 9 53 450
2.4375666882918066 1.045871571676848 0.7636465189809115 9 54 455
2.456228559895906 0.9897272369198469 0.7623829826036952 9 54 468
2.4304515354404206 0.968958609414246 0.7610891174390017 9 54 471
2.4343146535314086 1.0114376198483335 0.7536940744268283 9 56 462
0.5784005827042804 0.2605694154628327 0.6884984194200727 9 57 635
0.5811569173183414 0.261659725412067 0.6769139647640753 9 66 633
2.529874390015475 1.2000451308491307 0.6954544362915617 9 70 429
1.969951599352024 1.868587235365707 0.7018148767650371 9 71 253
2.5180706903907737 1.1647125415556605 0.6759320142389482 9 74 435
0.5740859678126661 0.25892276103554135 0.6651305659586623 9 75 634
1.9139400631164127 1.8753724123520166 0.679796779289887 9 76 245
2.3449000914702793 0.8917901695598297 0.6592483442653523 9 77 482
2.391966818592624 1.008225049082267 0.6471964353528434 9 80 459
2.40223894960742 0.904834269167051 0.6459292793270157 9 80 482
2.4306965077232388 0.9025467608585309 0.6455939671533109 9 80 484
2.420425647543267 0.8910156625130596 0.6455769066853099 9 80 486
2.4060927931294565 1.0117210043041962 0.6381448737619306 9 82 459
2.428015971918446 0.9520422342342633 0.6372693417650465 9 82 473
2.405582343696032 0.9325024691240948 0.6373884415034091 9 82 476
2.4091520097771255 0.8653032197269328 0.6366919296934166 9 82 491
2.429363638989975 0.9940636640508866 0.6286641290647415 9 84 464
2.4438631869059373 0.9696524263948038 0.6282268602490856 9 84 470
2.413965153843421 0.9248912709989496 0.6283585479482638 9 84 478
2.42279260866008 0.9087119170097275 0.6280816669521561 9 84 482
0.5675611285199564 0.2574203692181634 0.6534682705275778 9 84 634
2.428040738692435 0.9370952966506509 0.619308247611986 9 86 476
2.4316060113298006 0.9797918336949938 0.6150166414681519 9 87 467
2.4464937374485487 0.9135999645530118 0.6143247779397065 9 87 482
2.4112836952532475 0.841968109211548 0.6146420397788821 9 87 496
2.4452905293858747 0.9974121888865787 0.6102947072218418 9 88 464
2.4192258547527983 0.8658729576575906 0.6102143836134757 9 88 491
2.4416490990629374 0.9819650002411254 0.6057715693539044 9 89 467
2.426874010985682 0.8945975692840025 0.6057505224556562 9 89 485
2.453518748754866 0.9424232235352386 0.6008070200267401 9 90 476
2.4395131041280553 0.8472226671004743 0.6008282998791306 9 90 496
2.448154606487848 0.9690009010446871 0.5964991052296812 9 91 470
0.576748998268439 0.25891304138161386 0.6440899981363605 9 91 632
2.4560160089050584 0.9519124181517137 0.5917091772117514 9 92 474
2.44499941285221 0.8297798862414251 0.5917833561385001 9 92 500
2.4509225947159377 0.9639756391004948 0.5782343028394317 9 95 471
2.4171768312716133 0.881544625941709 0.5793542695748323 9 95 487
2.4184903633293735 0.8188399421830688 0.579338771419384 9 95 501
2.4077662554171813 0.9710093207844436 0.5706168779205116 9 97 467
2.44693470110484 0.9530069522313822 0.5692815505847915 9 97 473
2.4060456403917296 0.8558311656672395 0.5709057489350482 9 97 492
2.409925360786671 0.8164482646834157 0.5708481216833624 9 97 501
2.4616357802246354 0.947038665477134 0.5642133448282823 9 98 475
2.441412617928421 0.9276770721159594 0.5604781491539965 9 99 478
2.4243555794105536 0.872959795787355 0.5613181169640102 9 99 489
2.402287124173729 0.8231284541907993 0.5623305209865751 9 99 499
2.431906004290546 0.8973176235933307 0.5564534416252399 9 100 484
2.4373965015460737 0.8894027566380093 0.556271927470399 9 100 486
2.422967758306715 0.7783435036085681 0.5573197278360947 9 100 510
0.5710711597052311 0.2622800949697057 0.6323329981502148 9 100 628
2.4313675228483147 0.8736972717077619 0.5476182266359831 9 102 489
2.4239122850643606 0.7778882819404127 0.5484973942249202 9 102 510
2.4208284934311193 0.7637908686992113 0.5443263591857498 9 103 513
2.4166611347946985 0.7542648015368622 0.5445717107957312 9 103 515
2.4540270780180338 0.9341233300932188 0.5371713537175496 9 104 477
2.427634241999296 0.8495348687881822 0.5389915903594201 9 104 494
2.435304927322094 0.837620100567736 0.5387349870979656 9 104 497
2.4300646925865217 0.8998255608511099 0.5294777177660275 9 106 483
2.4427382837265195 0.9446184054946688 0.5238912799558029 9 107 474
2.427766837160015 0.7814567425243025 0.5262330826228296 9 107 509
2.4408099880389162 0.7618340640519362 0.5257818984538595 9 107 514
2.447122788083703 0.9360390334004463 0.5191809910498169 9 108 476
2.431570362279084 0.9088883843497532 0.520259334400051 9 108 481
0.5680262460916137 0.26082140595460873 0.6204934141239512 9 109 628
2.4325405524769974 0.9039311861769992 0.5111865513579246 9 110 482
2.424325604347664 0.869799432334755 0.5120437295208223 9 110 489
2.4133178257235635 0.8488599508537085 0.5084171018149988 9 111 493
2.4145382314773105 0.7953199161822492 0.5090446315763045 9 111 505
2.4266122468444093 0.8881104015584558 0.5026470481651438 9 112 485
2.408049643349175 0.8425987945792606 0.4998556535308454 9 113 494
2.397095271958821 0.8178272240880615 0.5008522497221034 9 113 499
2.4038103869548757 0.7969769198075185 0.5007660031177086 9 113 504
2.4045320619129584 0.7443984453623218 0.5014896483642003 9 113 516
2.41384993428694 0.7541931510188581 0.4919795686826337 9 115 514
0.5687915405748698 0.26112681153223377 0.612409337784011 9 115 627
2.421162490076414 0.8491098067900607 0.4854960222222967 9 116 493
2.436362615473807 0.8889643777381278 0.4793089423351794 9 117 485
2.4090984306143746 0.779057235636224 0.48299919896680177 9 117 508
0.556723922203161 0.25319010212695553 0.6093076077964472 9 118 633
2.414352812565313 0.855824105677222 0.4722798266820726 9 119 491
2.406705112203073 0.8315057491510325 0.47326048469000237 9 119 496
2.422049512172963 0.7543980580688553 0.4737257409338227 9 119 514
2.405835405287451 0.8172303335128458 0.4646415450487704 9 121 499
2.4125475068974036 0.8682470047627422 0.45857332996637257 9 122 488
2.3987671585683397 0.8020534605021472 0.46099146344104935 9 122 502
2.408467751726639 0.7906541138638861 0.4605486434560788 9 122 505
0.57898043466422 0.26380601191507497 0.6008183670269398 9 123 624
2.4260741427986017 0.8615448720755614 0.4486482263145314 9 124 490
2.40908604147989 0.8395620887352503 0.45041948559922307 9 124 494
2.4211145263757534 0.8509928584415546 0.44471708456393866 9 125 492
2.4212043476417433 0.8736579480932345 0.4395965915327058 9 126 487
2.3956983333414597 0.7824238775618705 0.44383445052229414 9 126 506
2.4040069600975955 0.824014382938678 0.4376518543670363 9 127 497
2.396845345904499 0.7734859989150753 0.43951347262206525 9 127 508
0.5624241882673581 0.25913181408061203 0.5967443811381856 9 127 627
2.429049020667261 0.8518466566076426 0.430400564636997 9 128 492
2.392894059744874 0.7548093659717212 0.4358652893318402 9 128 512
2.420720821962822 0.8448502858536758 0.42213567637538674 9 130 493
2.4324439817643584 0.8064124470449239 0.4222447438781966 9 130 502
2.4169941553313596 0.7494941175690406 0.4206443401801322 9 131 514
2.413773180215201 0.824252060751289 0.4096650357355752 9 133 497
2.391075601518049 0.7748701356498069 0.41315585604913396 9 133 507
2.4131000111075576 0.8054180710633984 0.40122618720551834 9 135 501
1.6255157496022155 1.5046745019645207 0.4459221837335118 9 136 281
2.4267328110465494 0.8306261213897471 0.3946010331477781 9 136 496
0.5584059209664509 0.25522244720372705 0.5850595468557129 9 136 629
1.3532730028970967 1.5008443900524147 0.46749915619997684 9 137 241
2.4045195992921387 0.7673135577229521 0.39422360381101884 9 137 509
1.292700165126623 1.516936849067759 0.4691410403052123 9 138 227
2.4068884005507596 0.8258053060125149 0.387468455634083 9 138 496
1.2324579481603741 1.574709368594155 0.4694263991989561 9 139 203
1.337002833258135 1.5202413892748516 0.46129277926174916 9 139 234
2.397880099130659 0.7742715505718053 0.38559663841222425 9 139 507
1.2503525719228328 1.5104060258938088 0.46657779883210326 9 140 221
2.42431472706061 0.7611770123766383 0.3789753759946691 9 140 511
2.4164791496098545 0.8087505157649688 0.3734467247167905 9 141 500
1.2403803927522927 1.5247518590867897 0.460224772516162 9 142 216
2.4408875608397183 0.8177009657378731 0.36144963343516734 9 143 499
0.5531100204797613 0.2468246580857545 0.5764428912650805 9 143 635
0.57209807213854 0.2651765756767802 0.5710152092358078 9 145 620
1.1236021853370652 1.4937762522625135 0.4538550035228413 9 148 201
0.5507255725222453 0.252606144506102 0.5643022945967737 9 152 629
0.5608218955204598 0.259779331626433 0.5600456122417166 9 154 623
0.5921251951544826 1.6011336713555904 0.4873471040398851 9 156 31
0.5791500340300234 1.6115521258171701 0.48335782603915 9 158 24
0.5508251132184695 0.24410090224766184 0.5538403294927272 9 160 635
0.5748377947500624 0.27030987687599883 0.5479744347505252 9 161 614
0.5552375506338829 0.2561173389729182 0.551266838141377 9 161 625
0.5685179303337782 1.6029336885788834 0.4725600657635949 9 163 23
1.5009665203332876 1.45638521456712 0.35342572399863187 9 164 275
0.5702249643551401 1.590674666273725 0.46798269629364353 9 165 27
1.5716177948837402 1.4560192542450865 0.3400617308242519 9 165 285
0.5602192663716722 0.26050818901462847 0.5448196692287015 9 165 621
2.0538063803536004 1.4574663587693846 0.270036288896217 9 166 340
1.5281806400693996 1.4704944018269506 0.3295893071357272 9 169 276
0.5494084183211664 0.24385406149800176 0.5417600730622415 9 169 634
0.5697850727388305 1.6098842120120778 0.4517223908901906 9 171 23
1.4621418393626753 1.472794592976414 0.3312048302993815 9 171 266
1.4858432380778477 1.475076091716307 0.3276381131352037 9 171 269
1.9499428780532675 1.4557777722038816 0.26174806165952963 9 171 330
1.5373982692755936 1.4677251495672534 0.31672890440820267 9 172 278
1.5810459342741463 1.4583550104031195 0.31093951756009947 9 172 286
1.894859094093503 1.4519158516937098 0.2610520607121937 9 173 325
1.9227904331363903 1.4567829180081417 0.25662045726730404 9 173 327
2.0506473717650073 1.4508378514959939 0.23812464655917814 9 173 341
2.0791662087051943 1.4546281253888556 0.23367461571857884 9 173 343
0.5747331650145451 0.2682491629663321 0.5295508516886946 9 174 614
0.5584602231807534 0.25656810551423626 0.5327285122141765 9 174 623
1.5701923353668532 1.4567697030070337 0.2967769265212992 9 176 285
0.551828292916967 0.24482548021933703 0.5289388423193059 9 178 632
1.5706247089086738 1.45749803016576 0.2847340781390677 9 179 285
0.6207173752647117 0.6477985817971579 0.48915854351014365 9 179 381
0.5691254764116027 1.6187493971988078 0.42820405267024975 9 180 22
0.5671498532684808 1.5954680461851 0.43013050046992296 9 180 27
0.6087346913537711 0.6252945533322405 0.4871838350121529 9 182 390
0.6164562181462883 0.6111421936874614 0.48694164243522225 9 182 399
0.6262127959541965 0.5808552172435535 0.48751627173087536 9 182 417
0.5881967646183074 0.6908479822996396 0.48402123641568073 9 183 352
0.5719812447593531 0.26801729563474047 0.5170406161564773 9 183 613
0.5569273122025828 0.2563463917370279 0.5203333641910023 9 183 622
0.5947356444388551 0.6798954462692998 0.4819140489185535 9 184 359
0.6140423947597868 0.5618910398286824 0.4873135700811441 9 184 425
0.6241482943133487 0.5506314826671094 0.48470280991994763 9 185 433
0.5989503867384339 0.5875628035372106 0.48441380169707543 9 186 408
0.5510926956245132 0.2398847014952037 0.5182992971893017 9 186 635
0.5736779835001915 0.6978615353033865 0.4768146851851321 9 188 345
0.5790743581520845 0.6549867534208247 0.47915476508094146 9 188 368
0.5812572286656154 0.6386170506269215 0.4800272866282454 9 188 377
0.5720721434381111 1.629068808914033 0.4036367967603288 9 189 22
0.5826751868934248 0.6164687640578971 0.47970607525911796 9 189 389
0.5782186322879102 0.5979430877092551 0.478411715023057 9 191 398
0.5881894236936392 0.5231305577295862 0.4808464136116699 9 192 442
0.5733639810268537 0.27047728154132994 0.5035528096043926 9 192 610
0.5667636160414784 0.6766107701499531 0.470643477863368 9 193 354
0.564553602710163 0.6580391922822204 0.47253018034880107 9 193 363
0.5770676820471254 0.56312332470665 0.477920233556701 9 193 417
0.5777386350301725 0.5474977449628111 0.4790556963034328 9 193 426
0.576254732254966 1.638707843833545 0.38902124756575157 9 194 22
0.6338726635166307 0.3449853380279944 0.4836779615958692 9 194 559
0.5671587890945202 0.5772960668199902 0.4751203439898204 9 195 407
0.5501080224885195 0.24694174518489576 0.5053233254392089 9 195 628
0.5608681773027098 0.6915762060400622 0.46327371946070756 9 197 345
0.5649839151045521 0.6409280337983081 0.4667549959348086 9 197 372
0.55976657202113 0.6217542117079891 0.4693255526478937 9 197 381
0.6156838010301056 0.3181118006770999 0.4844200295179485 9 197 576
0.5811164363314878 1.6326289639398373 0.37541015632993613 9 199 26
0.562900095006046 0.5935409099343532 0.467650464021111 9 199 397
0.6324099796972615 0.2848002804649084 0.47939396284866226 9 200 600
0.5607350675121076 0.6816080929045801 0.45691996482926855 9 201 350
0.5631123031394918 0.5543322850834222 0.4675630940874296 9 201 419
0.5480270854738736 0.23985744282890908 0.49786716667232733 9 201 633
0.5798225573448141 1.6284851179544444 0.36805657083628546 9 202 27
0.5599550162396973 0.6635954559971695 0.456848739278558 9 202 359
0.5573798878666699 0.6243305362029365 0.4590477851084722 9 203 379
0.5599724331827679 0.5725054511974415 0.46315203648339986 9 203 408
0.5587352929269769 0.6044969337414687 0.45880640697243963 9 204 390
0.5838135179208205 1.6575994537705 0.35665525649562657 9 205 22
0.558747452810847 0.7006202721761065 0.4465200773445733 9 206 340
0.5578135504653997 0.6471521501168548 0.45159865172426705 9 206 367
0.5590455344673259 0.5100097718091354 0.46390272900852125 9 206 444
0.5580927395896494 0.555764304011886 0.45820221668074057 9 207 417
0.5543006439166314 0.5862621130867796 0.4544206311658219 9 208 399
0.5786855571195684 0.3120410313882612 0.47352801358620633 9 209 577
0.5576947600553803 0.6821379058333987 0.4411620734664971 9 210 349
0.5594876870535597 0.5972620093510411 0.44885450234514984 9 210 394
0.5579905122487231 0.5714496650852214 0.45161349784971017 9 210 408
0.5560834169464225 0.523951487340682 0.4565162316163527 9 210 435
0.5554075950034005 0.24574498947209122 0.48307663919028754 9 210 627
0.5578946267840789 0.6664848098717859 0.4408017739267991 9 211 357
0.5590230775284907 0.6154863988652317 0.445455817026178 9 211 384
0.5710970146336658 0.32627966846015705 0.47067363101835885 9 211 566
0.5800534334549655 0.2874375450598642 0.47254203893407853 9 211 595
0.5820856089915188 0.27555796144624084 0.473259861223954 9 211 604
0.5812809253490574 1.6379569544134007 0.33747370786057307 9 213 27
0.5584169729507409 0.6492528092285981 0.4387565237257177 9 213 366
0.5732421409224822 1.5331127485683145 0.34680377368794474 9 214 50
0.5566765519471103 0.5496515086517029 0.4471339528164624 9 214 420
0.5690066273454594 0.3132943974926354 0.46779161463236396 9 214 575
0.5552516863000417 0.6306680115486678 0.4376822927854782 9 215 375
0.5813480027374436 1.5377385879590353 0.33940921511076094 9 216 52
0.5576817056314713 0.5926824038668597 0.4391866167247352 9 216 396
0.5572046801157697 0.6779581920722204 0.42526381338876673 9 219 351
0.5671951656308136 0.23926204948461244 0.46817318159970306 9 219 631
0.5752350613406789 1.6547624093043536 0.3181531530627 9 220 22
0.5656432502451203 0.2879803599960683 0.462002680544741 9 220 593
1.0761067991327211 1.0618801396830728 0.2657253152399304 9 221 310
0.5586144342852992 0.31659828278797636 0.45603359583450614 9 223 571
0.5630246669185859 0.26392351026911204 0.46063650794447697 9 223 611
0.561763361326286 0.23826596960591057 0.4607315946823507 9 225 631
1.075016528832581 1.0616044518181624 0.2509481222142328 9 226 310
0.5812506301189628 1.536625813311961 0.30800720179741836 9 228 54
0.5578654756699668 0.30363894440859035 0.4500178498992743 9 228 580
0.5735495669907242 1.6584089305092842 0.2935866998171599 9 229 22
1.0679932188389722 1.0815865395606394 0.24131003549154395 9 229 303
0.5556010902572683 0.3291802949105496 0.4461842310310667 9 229 561
0.5531912694487712 0.45596478823214337 0.43095594784084745 9 230 475
0.5725503237576957 1.5426822686644908 0.29881633658597506 9 232 50
0.5514448140034239 0.4876141648871165 0.4244635933848864 9 232 455
0.557777388693492 0.3165862585869066 0.44248237306920896 9 232 570
1.0639243309941235 1.0863658942556633 0.22959294758691662 9 233 301
1.061858040417113 1.0578809842822268 0.23337419186367847 9 233 309
0.5532263565272884 0.5096443720434045 0.4198188997779424 9 233 442
0.5541943537501028 0.4735811075051263 0.4237372445263352 9 233 464
0.5719194346555629 1.5550276147409374 0.2922426900931029 9 234 47
0.5898862984553397 1.5321772001436078 0.2905093789041828 9 234 59
0.5594513999548052 0.23924668031693375 0.4479786397121548 9 234 629
1.065298598607883 1.0804870011645913 0.22385305400923566 9 235 303
1.0606394682938498 1.0708913567312457 0.22611984520476947 9 235 305
0.5514017230311765 0.4376681084959539 0.4236461251119682 9 236 486
0.5607699409720438 0.25534666334742684 0.4428113903729323 9 236 616
0.5560088807728233 0.303512239912938 0.4367878809037435 9 237 579
1.0707675184180916 1.0634110574477078 0.21537700420137046 9 238 309
0.5528701495598306 0.33458032152610573 0.43233104618441504 9 238 556
0.6212703557121146 1.5256093404794608 0.27000722867133886 9 239 72
0.5558728011406496 0.4589420584232745 0.4150365401870304 9 239 473
0.6378209595426582 1.531964000486771 0.2623052665180631 9 240 76
0.5546168765056633 0.4442446672832065 0.4154705550072714 9 240 482
1.070748586702819 1.070463245008511 0.2053633025797298 9 241 307
0.5551849625805708 0.4945291566197221 0.40752075682194067 9 241 451
0.5533660464587398 0.3873629040049071 0.4210906892087729 9 241 519
0.5550953036489508 0.32191157312015567 0.42865280378016835 9 241 565
0.5741892595424778 1.5672332879776198 0.268791431996429 9 242 46
0.5551672963141663 0.4795683292548467 0.40766521755131196 9 242 460
0.5577757330762831 0.4306091828398986 0.41302544001093056 9 242 491
0.5738510617363466 1.6687336827088148 0.25358782027333926 9 243 22
0.5723554378095081 1.5570696017672316 0.2678300908771475 9 243 48
0.5711357174006051 1.5312054504805994 0.27135494717685116 9 243 54
0.5966350240167636 1.5306328011872505 0.26482717845379905 9 243 63
0.6123460957966653 1.5239151721752264 0.2615949183986104 9 243 70
1.0762857764419713 1.0669800329144883 0.19823086267662376 9 243 309
0.5575025593846986 0.23149789757044897 0.4361500955590568 9 243 634
0.6383884951306122 1.5268466788386275 0.25172283235018295 9 244 78
1.0605094970736966 1.0784797612353134 0.1947621366594659 9 245 303
0.5565804432606106 0.25763506744335474 0.43015175688594126 9 245 613
0.6453926839500423 1.5290026551181999 0.24405620797574146 9 246 80
0.6692947156740856 1.519264604159217 0.23898726781518415 9 246 90
0.5554982591672178 0.3088994623400353 0.4224390668199106 9 246 574
0.5576826191361892 0.29687926447322055 0.4233868395388425 9 246 583
0.5778635515047059 1.5355881159252267 0.2556570021216549 9 248 56
0.6562876173113901 1.5279964290756172 0.23569232022868009 9 248 84
0.5537264624998913 0.532692845722075 0.3910470024663386 9 248 428
0.5549810657563912 0.4643217723427594 0.3995026502908448 9 248 469
0.5721207936316182 1.6747159640764697 0.2364959130459071 9 249 21
0.7072007917329886 1.5231919332449646 0.2198221756111 9 249 101
0.5542035644687491 0.387890416092123 0.4063014941746189 9 250 518
0.573428602663414 1.5512886766538778 0.24672236622971322 9 251 51
0.5815107252288527 1.5424730520451972 0.2456814962611924 9 251 56
0.6600957553150915 1.5263879104436766 0.22641955908473232 9 251 86
1.0648782828438095 1.0643727888502945 0.17697966212848326 9 251 308
1.0782624763781723 1.0618329482536788 0.1736728531133307 9 251 311
0.5568447286542253 0.35017527027950995 0.408914089958674 9 251 544
0.5768433707545012 1.675431752921998 0.22667292199088845 9 252 23
0.5946026817334344 1.5249870245094335 0.24169957932061953 9 252 65
0.6926126987730508 1.5271875351910482 0.2145895257892086 9 252 96
0.5588805241604248 0.2336728219190395 0.4221645256085962 9 252 631
0.6684805807331768 1.5219072565605252 0.21905179152938348 9 253 90
0.7323551514134536 1.518677014836352 0.2018973072789077 9 253 110
0.6115188214864802 1.524944119358571 0.23157880265884523 9 254 71
0.5571015633077456 0.42294811411342037 0.3943106320710538 9 254 495
0.5552831537512888 0.31164303320357395 0.4081690772314059 9 255 571
0.5554260580097128 0.2994096609163772 0.40977954940968725 9 255 580
0.647758229831773 1.521325390606334 0.21640457239562683 9 256 84
0.5807881757571252 1.5329044614601521 0.23088807553235274 9 257 59
0.7302635497443026 1.5140779149812083 0.19131799029859403 9 257 111
0.5532201401833874 0.47118778264717714 0.383814960535577 9 257 464
0.5564642184407412 0.2479755235862987 0.4134171042630829 9 257 619
0.5721279166844975 1.654878326015802 0.21384038689339924 9 258 27
0.5531323395223919 0.4564723029563439 0.38415943403965225 9 258 473
0.5572194103247692 0.4430044514606897 0.3848538134032911 9 258 482
0.6767583073096466 1.5233014987123608 0.19940308932561746 9 259 93
0.5537471279062058 0.3867178984944031 0.3919537404122857 9 259 518
0.5564622335069596 0.3737764647039652 0.3929720281889647 9 259 527
0.5666939154053046 1.5841450059592574 0.2196277138224879 9 260 42
0.5720663434734031 1.5305113544230338 0.22556515704760627 9 260 57
1.0620589363881652 1.0702978429564924 0.14913675847014418 9 260 306
0.5547311459712244 0.48951054244694847 0.3757042566616336 9 260 453
0.7287985772144092 1.5143061980207364 0.17989476855947473 9 261 111
0.5551647932930814 0.22717318515008983 0.4106706159995101 9 261 635
0.5693088425147741 1.679750843734956 0.19986267189035528 9 262 21
0.5562984358087194 0.4748115972921658 0.37386414089977316 9 262 462
0.5570598397273178 0.29844339052508895 0.3985590591163349 9 262 580
0.5893530767453359 1.532160923385097 0.21214999216499464 9 263 63
0.6043573694074118 1.5324829812426262 0.20772337877759905 9 263 68
0.6220395974038451 1.5278970363597395 0.20321273587400523 9 263 75
0.5642724945524202 0.5089423439442601 0.3649604012838974 9 263 443
0.5573276184774687 0.42826640308970554 0.37845911364263285 9 263 491
0.5550874046153419 0.31028948646489957 0.3943160842113402 9 264 571
0.5623118791621831 1.5767495169668797 0.20821768182743183 9 265 43
0.6283189172278794 1.5292272791796058 0.19556807014176053 9 265 77
0.5756096790467429 1.5350085722295028 0.20756986780025732 9 266 58
0.557022248172139 0.3685323931075809 0.38215178020071755 9 266 530
0.5604146625915437 0.4605967410901671 0.3660776381420592 9 267 471
0.5617241894669347 0.4462962086534368 0.3677722439266462 9 267 480
0.6506301844289959 1.5233928082204877 0.18126847887018344 9 268 86
1.0797617120236254 1.0500793979162244 0.12183757164599551 9 268 315
0.5648647776686617 0.5208876224221001 0.35416700027399073 9 268 436
0.5592610952318645 0.23974653244501654 0.3971130854244378 9 268 624
0.621877769527444 1.5269882186333907 0.1865663886685528 9 269 76
1.0640502764971231 1.0791515331722836 0.11914578142396348 9 269 304
0.5705690318115173 1.534345573805529 0.19824409462901277 9 270 57
0.6959829603006735 1.5243072791666274 0.16164225311953329 9 270 100
0.7191141018978982 1.519539481272096 0.15532486491780306 9 270 108
0.5617328952574815 0.47715585632244084 0.35803594277755885 9 270 461
0.5572543325083557 0.29722487385863816 0.3861356432661179 9 270 580
0.5667614761964932 1.6823597186968984 0.17453789279894494 9 271 21
1.076723447502188 1.0485513058347138 0.1135529166860958 9 271 315
0.5610942390455242 0.4140374552818589 0.3659213678869928 9 271 500
0.5748918146264045 1.5254345978828918 0.1927812956074501 9 272 61
0.5630788798027812 0.5044492058942822 0.3500189661697979 9 272 445
0.5628826212606157 0.43160673119978465 0.3610385636619769 9 272 489
0.5584844228608397 0.2635870404172183 0.38766830488330506 9 272 605
0.565506404148643 1.5411523510089054 0.19055923249495776 9 273 54
0.6639083882335137 1.5308573052226864 0.16172978666535598 9 273 89
0.5633268962540039 1.5673802509807648 0.18449899716633122 9 274 47
1.0749294808543088 1.0546310672576569 0.10373419027732522 9 274 313
0.5834378753403873 1.530999399315343 0.18102893112842178 9 275 63
1.0714731546467706 1.0355514463300608 0.10457789470458956 9 275 318
0.5590534125636417 0.28570970957270925 0.37945043603251144 9 275 588
0.5609926713037081 1.5528704082289375 0.18193402424773059 9 276 50
0.6762397118429655 1.5193439313290429 0.15092619108810879 9 276 96
0.5607393735487147 0.4614461247426299 0.3502567077355785 9 276 470
0.5626227059391897 0.4520707812327378 0.3511107416124336 9 276 476
0.6982975568624803 1.5266754127276336 0.13990921882487461 9 277 101
0.7385295983394657 1.5338495676980002 0.1260995334690196 9 277 111
0.7675648520593743 1.5556251749002843 0.11355918120018937 9 277 114
0.5623892264558038 0.5107650457872113 0.3403457693013525 9 277 441
0.5602989627327613 0.35869021588729255 0.36458873939905995 9 277 536
0.6304677525666251 1.5270996483573378 0.1583994411464199 9 278 80
0.6554445828083053 1.5227436438813868 0.15115389931706347 9 278 89
1.055158082316875 1.0781165628025837 0.09368945064869427 9 278 303
0.5591548315344739 0.4960000911428766 0.34188310720447007 9 278 449
0.5612121654511609 0.43699919982679314 0.3504347265492249 9 278 485
0.5621930365642623 0.40864119324309034 0.3528485164138897 9 279 503
0.5577785973571836 0.2944982557995136 0.3721695343730433 9 279 581
0.5641678474766368 1.6849463552246244 0.14903353726824897 9 280 21
0.637464532958381 1.5210470392074815 0.1514006070738354 9 280 84
0.7309543196082124 1.5388654912974635 0.11860521585014783 9 280 108
1.0748087858484192 1.0446000024297901 0.08635589707675129 9 280 316
0.5653694692192716 1.5748287310515474 0.1632387364932134 9 281 47
0.7956472032680226 1.5821245331704599 0.08783656643583027 9 281 116
1.1949677095497129 1.2323224116881848 0.014638177534766816 9 281 285
0.5622048558836035 0.4225405807123903 0.3472345405398338 9 281 494
0.5580511343432939 0.2607735164868922 0.37426124545811174 9 281 606
0.5794339714181086 1.5342312580750472 0.1595842080544989 9 283 62
0.6006686878560905 1.5267923472643217 0.15386051652322885 9 283 71
0.7015994143720294 1.5464282052449883 0.11782011252023938 9 283 98
0.5608972592433595 0.4525994712953566 0.3393955949605453 9 283 475
0.5642898716943374 1.5585203209148348 0.15783206430582697 9 284 51
0.8169484431233593 1.5910125609975192 0.06982693360104275 9 284 120
1.0695951818341098 1.045354212415774 0.07524916739140808 9 284 315
0.5607467652414169 0.501099272494251 0.32986147271335475 9 284 446
0.5632114845990286 0.38055408361551835 0.3485331144011337 9 284 521
0.6816232640349054 1.5601461447613194 0.11614897765993826 9 285 89
0.7555998326934021 1.579839593878996 0.08859167381435085 9 285 106
0.5604988222676451 1.5919374666107924 0.14804746438846172 9 286 42
0.783021011974588 1.5829015002544358 0.07587808956026121 9 286 113
1.0690743867211974 1.0625392183019065 0.0662635150106543 9 286 310
0.5590812663037921 0.3529124710072924 0.35104718509977484 9 286 539
0.5604754179009306 0.2599858901224013 0.36577551813284265 9 286 606
0.5593952021589269 0.24821366193263245 0.3680573125309521 9 286 615
0.5868657083470032 1.5224601278713068 0.147880106456732 9 287 68
1.1202167043420328 1.185045937380805 0.025915551834892137 9 287 285
0.5606411214482371 0.4375257952425666 0.33496302061384226 9 287 484
0.5631003869052781 1.5802142193833975 0.14347799200247147 9 288 46
0.7291751237446651 1.5878810377435288 0.08667581749131226 9 288 97
0.739912678555708 1.5839017270199114 0.08374314102855585 9 288 101
0.5615426681629185 0.4074623260821781 0.33789322519567644 9 288 503
0.5621294723374776 0.2905924301356846 0.3570194263493993 9 288 583
0.7146100541414253 1.5874052243488364 0.08854113526758789 9 289 93
0.5616339354109977 0.3396791546771096 0.3474190068141503 9 289 548
0.6260280697245304 1.7481049534699846 0.08850975380074022 9 290 30
1.1149634379022408 1.2127198279975122 0.012851699307482978 9 290 277
1.1188192609244356 1.2036919731523432 0.013058611099457051 9 290 280
0.5616820447323935 0.42301140441137935 0.33181664652779935 9 290 493
0.5647727770683091 0.27814128903835705 0.35499618027897234 9 290 592
0.5660598082193866 1.5780900207346629 0.13437189670745675 9 291 48
0.632211361175488 1.574423353880139 0.11252615427276469 9 291 71
0.7515814701287837 1.586875180479951 0.06989930525285537 9 291 104
1.0479853163301003 1.0749674102958466 0.05533009446682702 9 291 303
0.5621697405820942 0.3526002412990525 0.34175843766649616 9 291 539
0.7427488812161354 1.5896190064148308 0.06929331723441923 9 292 101
1.0596433019606408 1.0714780074514008 0.0487555130964753 9 292 306
0.561782711156812 0.46014105761767515 0.3220378359162189 9 292 470
0.5612716660405312 1.5309749090698062 0.1383659828053515 9 293 58
0.6731574231627104 1.5921491303506157 0.08958661587273042 9 293 80
1.0751779244860957 1.049117441276913 0.04402302533441338 9 293 315
0.5606683343307446 0.37901204393542376 0.3344437644306024 9 293 521
0.6998050800061653 1.5886439379072437 0.07796721011647612 9 294 89
0.5598209689056607 0.49314504748573607 0.31352775191694815 9 294 450
0.5635566891381443 0.2545609767379815 0.3514483148095144 9 295 609
0.6465230973029941 1.5969976590711745 0.08891642765997454 9 296 71
1.0473256995612525 1.1575492703567805 0.025322460663119384 9 296 280
1.0526871824675939 1.1281754702559397 0.028533258490911928 9 296 289
1.08236802123296 1.0464091134837081 0.03233286840197125 9 296 317
0.5579835265903768 0.44571487813768473 0.3187602670364015 9 296 478
0.5614174830020385 0.39250806328300186 0.32676207921213757 9 296 512
0.5664168915497682 0.24260620581510456 0.3509338321496139 9 296 618
0.7198624003829082 1.5899184762699718 0.06148325730671156 9 297 95
0.7405201088804101 1.5852692059641382 0.05506257587648733 9 297 102
0.5623768225978316 0.5109635812122351 0.30412429960500037 9 297 440
0.561627448757394 0.4126975290146222 0.3214660467820753 9 297 499
0.564941437614839 0.23078895454268739 0.35192371670255596 9 297 627
0.6277036204047725 1.6419501013306852 0.08167601978820271 9 298 55
0.6352156114390468 1.608654530508498 0.08485289522185557 9 298 65
1.06837810298785 1.0490622681531907 0.03031637771526119 9 298 314
0.558554156043308 0.4310719004405264 0.31760113599209105 9 298 487
0.7530450132927484 1.584311709997666 0.04449141428995296 9 299 106
0.9074490196782343 1.375479191398128 0.02661719550154651 9 299 195
0.5627894220791517 0.27794619037111284 0.34126054382838666 9 299 591
1.0506418430113895 1.070325788041087 0.026416863883326425 9 300 305
0.5606836061840491 0.3511715697853208 0.32746064267343344 9 300 539
1.0499228474761428 1.0387309626403805 0.029069431659880185 9 301 314
0.6589133167080352 1.5958394188773184 0.06663461489717182 9 302 76
0.6749849440582076 1.595614177742052 0.060911179728612375 9 302 81
0.6835911470718412 1.5895841960405765 0.058901460413456785 9 302 85
0.7229906391300958 1.5836291461563006 0.045835185846084814 9 302 98
0.7330660211544364 1.5788041141406226 0.04308344000510422 9 302 102
0.8924615461351153 1.3431711162963484 0.02799316088488568 9 302 200
1.0446279202121618 1.0564787916162208 0.024612132671925746 9 302 308
0.8888152395140234 1.3559357936795025 0.023810287489937743 9 303 196
0.9933169356535934 1.1624525367781193 0.02088214735318028 9 303 269
1.009439068437761 1.119268746141267 0.022823878823615695 9 303 284
1.0239437862418366 1.0965793673582314 0.0216696694916918 9 303 293
0.5636171264022527 0.3645298267372279 0.3189608912577194 9 303 530
0.664060079630374 1.5909518663326838 0.059572357113634844 9 304 79
0.5644289573191821 0.2570072815262222 0.3363670598772266 9 304 606
0.996619397879229 1.121841343774018 0.020618903645728714 9 305 281
1.02452371799661 1.0415099992993246 0.025038436963893185 9 305 309
0.5565168667890857 0.44772280631367967 0.3030450578129896 9 305 476
0.5596177046324314 0.39728591584213485 0.31106646407912236 9 305 508
0.5620510289352414 0.2449448207242585 0.33781702874394237 9 305 615
0.5566486737487207 0.5068262434669244 0.2904453261330679 9 306 441
0.5588724491277717 0.4833022578306047 0.29392219201668457 9 306 455
0.5581230469166815 0.420496852157251 0.30564954086341617 9 306 493
0.5583572021834371 0.3325508879996579 0.3216019921349324 9 306 551
0.560627058037394 0.23309451731067854 0.33890924270216205 9 306 624
0.5618770875286924 0.3651232082358433 0.3109622465391773 9 308 529
0.6722227031454053 1.5837107177152427 0.03953697976709725 9 310 84
0.9185216318219349 1.1788637976945666 0.023138743461004863 9 310 250
1.0027112215745722 1.0090304282830478 0.023389012085898497 9 310 315
0.5640830556028488 0.26804193395849296 0.3247959412580742 9 310 597
0.8739586027886093 1.2647032755572885 0.020637526895847746 9 311 217
0.9257904041712377 1.1522446551957075 0.022279200069621252 9 311 259
0.9827521826054182 1.0614218412532328 0.017951198966953075 9 311 296
0.5574217785324489 0.4326386912421462 0.2948624409018718 9 311 485
0.5589706456881935 0.3948822518247943 0.30134864212032114 9 311 509
0.8270777462604924 1.3257018076436138 0.02366976274191812 9 312 190
0.8227345543193421 1.3065177168412605 0.028912107024604117 9 312 194
0.9337426178756236 1.1263237114554512 0.021053600104349535 9 312 268
0.9005635271862225 1.166110484341796 0.022966871466518435 9 313 250
0.5564316340492099 0.5062128045438751 0.2777816461450225 9 313 441
0.5632009768486737 0.2554445092297778 0.32263623167068567 9 313 606
0.928517798632962 1.0919323078909444 0.023364218010872406 9 314 277
0.9416125136026205 1.0698684944693295 0.022585443176536657 9 314 286
0.9814561970926847 1.010399493761026 0.018759203070056296 9 314 311
0.9897044749162436 0.9952816812680116 0.018500488477074084 9 314 317
0.5640361291845728 0.24337294853393532 0.3229985455308612 9 314 615
0.8802982334905303 1.1690060549393206 0.02396923281973662 9 315 245
0.9413889629573648 1.0396128555290356 0.02538084631458848 9 315 295
0.9661201965384987 1.0213873003753826 0.01942859911096595 9 315 305
0.5566269656354458 0.4767960286098477 0.2796358861536567 9 315 458
0.5611716635067702 0.42006829953916863 0.2887371160296066 9 315 493
0.559704299343756 0.29305134068985406 0.3135564214317974 9 315 578
0.5626744127035425 0.23146589534980822 0.32418604497804554 9 315 624
0.5626467563105566 0.21990111514229305 0.32640540955945313 9 315 633
0.8474994288865023 1.2255654452593574 0.022621637476158085 9 316 222
0.882050239726041 1.1564343476950363 0.02265220961639902 9 316 249
0.8851363661855696 1.1414255466238368 0.02130670838913551 9 317 254
0.5597545160219985 0.36663661136312525 0.29604309358132797 9 317 527
0.8466497747025992 1.1932841733502868 0.020056751085362423 9 319 231
0.5573659984154273 0.44646949686365334 0.27796824882743343 9 319 476
0.5620769308344127 0.26782243257424393 0.3109486716923377 9 319 596
0.8011103237192503 1.2596982138351769 0.021789228725133447 9 320 202
0.8138314010269516 1.2344513909913457 0.021768371623142935 9 320 212
0.924286977080869 1.0262105111063504 0.019438241367881304 9 320 296
0.5584874523725878 0.4318768629391901 0.2785890835398952 9 320 485
0.558579305218005 0.40467488918890804 0.2838800662937232 9 320 502
0.7683478358399889 1.2814799868259805 0.027325690367204336 9 321 188
0.869476618016594 1.0999867810018626 0.02339404103206455 9 321 263
0.5556640279463456 0.5123209634087168 0.26021269569425304 9 322 437
0.8326023905168336 1.1412749439514878 0.023790485531402616 9 323 243
0.8909103168991341 1.038261762217921 0.021195244180508777 9 323 286
0.9295144874233041 0.9713622756204295 0.019218074388189565 9 323 314
0.5631593895145071 0.24310142546072294 0.30888525606785006 9 323 614
0.9066211768262076 1.0059688116799859 0.018425014773743698 9 324 299
0.5558934918905629 0.4964415589678852 0.25955974885185473 9 324 446
0.5611384762580938 0.23246190816943457 0.31019402294554 9 324 622
0.5622314406330181 0.22082359424782005 0.31208393538780826 9 324 631
0.7832911265569802 1.2131099745082086 0.023111412839605272 9 325 211
0.739198030752817 1.2557897489727743 0.02922452299057543 9 326 188
0.8328975826567517 1.114853724372405 0.020074464513479384 9 326 251
0.8363827860928037 1.0872903744264253 0.02423527708088835 9 326 260
0.5567604742548559 0.3619938261052466 0.28261349354300147 9 326 529
0.5587768642031599 0.2870716100705575 0.29691336075351044 9 326 581
0.851331642594932 1.0583448978969612 0.02114432776609576 9 327 272
0.7879738631665294 1.1517695672160497 0.024816548427497143 9 328 230
0.5622389098522904 0.26359342018394893 0.2969730654941482 9 328 598
0.7425573370027745 1.2277090798761534 0.024817128475162376 9 329 197
0.9041067353934598 0.9354584442297168 0.01896350715704176 9 329 321
0.5579895242482437 0.42428151985942053 0.26417999100472334 9 329 489
0.5579883095276065 0.40506302827568963 0.26811224312546006 9 329 501
0.8317173187504201 1.0550757375239954 0.02100152509491704 9 330 269
0.5566255210698761 0.3201766333073065 0.28433941376336297 9 330 557
0.7742074601548818 1.124800145056256 0.024391853773692906 9 332 235
0.8281509272085366 1.0240109492648422 0.023098138725523354 9 332 278
0.8773970469597929 0.9606180697374267 0.01597794868435476 9 332 308
0.8844642660821844 0.9399883960506443 0.01734931127157069 9 332 316
0.5626491128000437 0.24018563823415645 0.29506820979940196 9 332 615
0.8532229484377571 0.9803830690414567 0.018950176424979204 9 333 297
0.5568424458292422 0.48206431868154764 0.24540721785450614 9 333 454
0.5586520453722922 0.39051415569357484 0.2637471396621184 9 333 510
0.5603212012246946 0.2282510270568649 0.29688879635619725 9 333 624
0.5614325805833871 0.21662345902901076 0.2988535741729771 9 333 633
0.5577199755912869 0.4123804927757555 0.25778111425598593 9 334 496
0.7919403560869731 1.0762657730033052 0.018565186027774128 9 335 254
0.8169907447988722 1.0169393744984438 0.020602411880179305 9 335 278
0.5561899613998355 0.37592050710431885 0.26429869821710106 9 335 519
0.5588860396197152 0.2828365395194177 0.2827650539650002 9 335 583
0.8743731914075021 0.9102671804480063 0.0162609677014649 9 336 324
0.7367844688283538 1.1456335308207906 0.02128804578514165 9 337 220
0.692532989131339 1.198463904678421 0.025864221674610666 9 338 193
0.5563536252272729 0.43599047386163575 0.24613179709819444 9 338 481
0.7736532685247697 1.0349204652178323 0.02368499836590332 9 339 263
0.7803852763858374 1.0302306105767027 0.02183386757665673 9 339 266
0.5564060441155162 0.3144725677904349 0.2703414784842424 9 339 560
0.5523489924995909 0.5064026376658238 0.22902516544885865 9 340 439
0.5580189155609235 0.4921880915815877 0.22967066401275427 9 340 448
0.5571358215567993 0.2587295726569916 0.2803329486802266 9 340 600
0.6725684590947327 1.2115217557992737 0.023109694808160608 9 341 184
0.5622682031465015 0.24654828611729007 0.2791200298727975 9 341 609
0.7947758585063482 0.9631565745450256 0.021768789229947405 9 342 291
0.5545944597466363 0.4754914797886298 0.23100028136466333 9 342 457
0.5572296145765172 0.42102191954549656 0.24170806420583302 9 342 490
0.5568296892224842 0.39693516911122256 0.24711580189620153 9 342 505
0.5621959704624435 0.32027690331521 0.26147306982611657 9 342 556
0.5600604622221675 0.2344576954280822 0.281045820658558 9 342 618
0.5602144362337682 0.2227202062920695 0.2835310824175315 9 342 627
0.6816280368037289 1.1595422516802687 0.024933408400580337 9 343 202
0.691200033350083 1.1381818576674658 0.025466549354842716 9 343 211
0.7081851841807625 1.0941585384988168 0.024987938835967838 9 344 229
0.7220301819320549 1.0764119007547661 0.022880171961136453 9 344 238
0.7879749163334617 0.944101915883478 0.02332199084647013 9 344 296
0.5554386564526321 0.3823538962889118 0.2473310811522641 9 344 514
0.8244234022964065 0.8949192665941269 0.015535617550098468 9 345 320
0.6747703446811761 1.1182225660141083 0.028734970061396026 9 346 213
0.6874462398188044 1.106421278670448 0.025807026698825175 9 346 220
0.7769792921369281 0.9404157436778838 0.023420484823661103 9 346 295
0.560723856845443 0.2755467141612866 0.26510294543036395 9 346 587
0.6556975473768627 1.1669893525060413 0.023530152478784427 9 347 193
0.7528589356321744 0.9755777510177153 0.02344637890423651 9 347 278
0.554244958621035 0.4312672683451605 0.23163742927429193 9 347 483
0.7654417436867567 0.951089512204769 0.020634177262803255 9 348 289
0.5546795398283668 0.49232504600972177 0.21597845013929412 9 348 447
0.5590965844444087 0.3205466711914985 0.2523964100882282 9 348 555
0.7100174972011533 1.039833783554099 0.022515607595201548 9 349 247
0.5607957234090877 0.22141572689154887 0.2721517420884176 9 349 627
0.6247514235796963 1.171877655242952 0.027923709851118583 9 350 183
0.7272941702094695 0.9915378572301987 0.022993673046133978 9 350 267
0.7641318181943744 0.924020168467483 0.021838227350837736 9 350 298
0.7732579466458323 0.9034908250038558 0.022408824224269486 9 350 307
0.5536659171162194 0.4161567754168785 0.22980107540724826 9 350 492
0.5581437960217615 0.23302916653797923 0.26907605105703986 9 350 618
0.6542776369231829 1.1049505897233238 0.027190888736662977 9 351 212
0.5545179444403331 0.4763583525549175 0.2139747889039355 9 351 456
0.5557041933358238 0.40197203727639164 0.23028156753911744 9 351 501
0.5576113648867178 0.3927754905533098 0.23151207156180997 9 351 507
0.5547118747521229 0.38288722150727866 0.2350438639924753 9 351 513
0.6394310576452475 1.1402565335948123 0.023120364946721317 9 352 197
0.6697476109840115 1.0865904178468204 0.021737657468373306 9 352 222
0.6747646702000281 1.0626984884015753 0.022227132780060832 9 353 231
0.5574339831339901 0.46146044670345415 0.2122943133784126 9 353 465
0.5551891937513159 0.3687593823018391 0.23447108434264308 9 353 522
0.5561535747964163 0.3461101076163391 0.23920886472331704 9 353 537
0.7649054301151037 0.8733148964535359 0.02224582104787498 9 354 316
0.7762256274330559 0.854464173848322 0.021455598043433444 9 354 325
0.6078209974865321 1.163629630514401 0.023943803897515048 9 355 181
0.6793645345149797 1.0116415895826152 0.02650466323783629 9 355 249
0.7160855881714803 0.9519229577571552 0.023605652746289785 9 355 278
0.5548669969655735 0.48128064691315803 0.20513409284669537 9 355 453
0.5593320912179549 0.27397858474527076 0.25085921439542624 9 355 587
0.686899219434584 0.996451263209478 0.02392792004987343 9 356 256
0.5561935005411078 0.44564307667326913 0.21087697762403756 9 356 474
0.6435138644610261 1.0689062651263528 0.02426883093414345 9 357 221
0.7176675532957975 0.938677265948759 0.02062243273398434 9 357 283
0.7208057833434698 0.9234534558610608 0.022724817842316947 9 357 289
0.5519277129731243 0.4960644148321521 0.19924569689746108 9 357 444
0.5573967474955772 0.31175709670748686 0.23956923177546474 9 357 560
0.5599415073213312 0.2199511771025397 0.2597369642436431 9 357 627
0.6613167396612685 1.0254319293941796 0.023584247415268322 9 358 240
0.7545105374911869 0.8565156544960089 0.020219279521648037 9 358 320
0.6156344246777395 1.0888639446120274 0.02712528223311661 9 359 207
0.7123408533961841 0.9210781102585466 0.021874415216013965 9 359 288
0.7199844639549473 0.8976065256480711 0.02385225015093173 9 359 298
0.7361750329984798 0.8849632963396432 0.01935278917694394 9 359 306
0.5543647033629191 0.42338192385946294 0.21133261336123105 9 359 487
0.5588120448184399 0.24869869312441661 0.25022262689257596 9 359 605
0.5602153582058368 0.23666460426219893 0.25239619431581595 9 359 614
0.6023141140740417 1.1402866532658003 0.01855495335918267 9 360 187
0.5490367952362684 0.5853958792925458 0.1738178677446396 9 360 395
0.5491315056717324 0.5568510223661138 0.18049279552528186 9 360 410
0.5565065853387322 0.4090428906032051 0.2118702101676606 9 360 496
0.5534707973082681 0.39569284040912583 0.21641736267304185 9 360 504
0.5539401913725557 0.38159252154361906 0.21951900824450193 9 360 513
0.557055798026943 0.29833387722886123 0.23767422814228734 9 360 569
0.5970310086029822 1.10700292023264 0.026216404825116335 9 361 196
0.6048096347595856 1.0984170130016935 0.024631854669163844 9 361 201
0.7050390457297855 0.9109312529838024 0.022381798598260172 9 361 290
0.6290934007747082 1.0336555747176508 0.026052107519544454 9 362 229
0.5476293324703345 0.644475668890362 0.15644308938723506 9 362 365
0.5519799372610881 0.509909015515589 0.18635927042877942 9 362 436
0.5520787649029474 0.46438129363547087 0.19712128600013412 9 362 462
0.5525442240730418 0.367166641432874 0.21998256668437888 9 362 522
0.5549020534173594 0.3401718695891669 0.22529115558988289 9 362 540
0.7231486906770059 0.8636951395906747 0.019914728401061565 9 363 311
0.5048657534805618 1.2435482659253339 0.028990298321210473 9 364 125
0.5590287782940752 1.144275851646752 0.02729142672412499 9 364 173
0.5537325224892176 0.48015844475742153 0.18878571284827383 9 364 453
0.5613673115608566 0.26420639696412107 0.2368995061764897 9 364 593
0.6268689607547449 1.0204810294834394 0.022436611013766816 9 365 233
0.6390992783899228 0.982972922247937 0.025681613271607118 9 365 249
0.6514139015008246 0.9660615961394947 0.023934615966068273 9 365 258
0.5521886487463071 0.45558962229372435 0.1935093684958074 9 365 467
0.5501034843421071 0.6790393001805568 0.13865884517184968 9 366 349
0.5553383152645262 0.31308768104794243 0.2245374204502974 9 366 558
0.5599824278916501 0.22349985235197406 0.24396761321543803 9 366 623
0.561258413612356 0.21173374465381772 0.24620385225547226 9 366 632
0.39661359053323286 1.4209747021457875 0.029678010100202656 9 367 35
0.6227929317399103 0.9970006100690857 0.024868337291466647 9 367 240
0.7144963310322165 0.8345760512985483 0.02062118104744859 9 367 320
0.7128063450923785 0.8150594018417476 0.026157378196998482 9 367 327
0.5477642391165058 0.5559756639795778 0.16749897473986186 9 367 410
0.5502941336457725 0.5400319191530145 0.1701611624869676 9 367 419
0.5509785441267394 0.5237014883831825 0.17379513667337332 9 367 428
0.5536698084472214 0.46600277456482975 0.1865047674280208 9 367 461
0.40389177562961676 1.3912348513369737 0.030860314853775828 9 368 46
0.48039215729627904 1.2566720966773137 0.027084985249829607 9 368 113
0.49044287391349695 1.2382506937505677 0.02676973555596307 9 368 122
0.6859399833504918 0.8855854143946728 0.019261967417588788 9 368 295
0.549223204234753 0.6596382451654352 0.13957747622061734 9 368 358
0.5492801381179012 0.6369318536066875 0.1450789432883255 9 368 369
0.5055095768776231 1.1961311620253452 0.027269237401626345 9 369 140
0.5195482198591139 1.185460700480283 0.023146637258072866 9 369 148
0.5545204997829263 1.0912415593688791 0.02941423165883117 9 369 189
0.6104774778083295 1.0169188817159835 0.020754863730032436 9 369 230
0.547718351461646 0.6180186292655083 0.14838041890873377 9 369 378
0.5481392941764825 0.6003043073996975 0.1525097850200775 9 369 387
0.5475250045937875 0.5863702380552623 0.1562112634722571 9 369 394
0.5550568236180331 0.4125513044801957 0.19509903132112982 9 369 493
0.5557295800468053 0.3981405510755556 0.19829991895787036 9 369 502
0.5528228017056824 0.3865255373978587 0.20253363457413892 9 369 509
0.5548827528127358 0.3789849751877849 0.2033895750476331 9 369 514
0.553386470058265 0.3647847421155224 0.2075790492113937 9 369 523
0.5580268837871784 0.29980403568288955 0.2212419532719908 9 369 567
0.5212203149411133 1.1584894665586587 0.02638617862651782 9 370 157
0.533822528155727 1.1429178189291438 0.024143032577545354 9 370 166
0.5598958811901311 1.0781955117556024 0.027482876667639156 9 370 195
0.5472248297871385 0.5727092679139012 0.15769074022650909 9 370 401
0.41072697788082846 1.3339400899901235 0.031438084100028796 9 372 65
0.42292217093043405 1.3191065362790977 0.029194292277061384 9 372 74
0.4732431319460174 1.2193576868316736 0.029477209151370642 9 372 122
0.5845422850713162 1.0285206628774137 0.022728988033869246 9 372 219
0.6751734518231389 0.8548894655131052 0.021747539340823963 9 372 304
0.5270563852988047 1.1119088977807 0.027447594647079687 9 373 174
0.6831077624209398 0.8277696070241894 0.022085893839834725 9 373 316
0.7017987084746067 0.7859976190492979 0.02336762051577157 9 373 336
0.5472575264937727 0.5094353615301662 0.16737744979589808 9 373 435
0.36464971650202194 1.4120308732205047 0.02940137008367638 9 374 25
0.3935523898631912 1.345913786911433 0.03177545142544136 9 374 55
0.42740962183258757 1.2876138413502938 0.02977617155361245 9 374 85
0.5483969421465263 0.4537731764212255 0.17876601791591723 9 374 467
0.636162870835423 0.8924455816601469 0.023852599942912223 9 375 281
0.6959840800011297 0.7677900909247027 0.025738936606181317 9 375 342
0.5475434434485907 0.6401455758677398 0.1305776424244065 9 375 367
0.5495394048384112 0.4938667192894026 0.16626096734418672 9 375 444
0.550822671361319 0.47837863893141375 0.16951309155745797 9 375 453
0.5533932317037458 0.3779611513516433 0.1934198994654886 9 375 514
0.5601112452838906 0.2324104326308047 0.22660340855784739 9 375 615
0.562544600359947 0.22044410720506585 0.22840845336976923 9 375 624
0.5600168188641913 0.21006441135885517 0.23225047782145364 9 375 632
0.36518923862373043 1.3803054431462405 0.03205212844165817 9 376 34
0.41823801569930374 1.2830752719556433 0.03038820621899596 9 376 83
0.558003997207731 1.0419107462180637 0.022228171056354995 9 376 207
0.5480747426090283 0.5555735090988878 0.14951243791091196 9 376 410
0.5480658821789348 0.5387094705229964 0.1537608499195151 9 376 419
0.5524780808707018 0.46310103477723974 0.17061510628207754 9 376 462
0.4242305497980319 1.2539340294088028 0.03228232528283104 9 377 94
0.4351128619982845 1.2377376113805967 0.03099361532392364 9 377 103
0.47926178802586195 1.1568194852298825 0.029608844869756346 9 377 144
0.4530200821641077 1.2073840928747779 0.0273118030456847 9 378 119
0.5260571226973838 1.084760340282835 0.022168685911098662 9 378 183
0.5464812060022897 0.6032781218467881 0.13419095816597637 9 378 385
0.5502334373416694 0.5870325473436806 0.13645017485739508 9 378 394
0.5538725893490809 0.40798955504511386 0.1800701253673933 9 378 495
0.5555044789023196 0.39375686473947946 0.18287115655649222 9 378 504
0.5505966463860604 0.37090057396742654 0.19110640926465922 9 378 518
0.5552107752922778 0.30248772523090517 0.20617355347678695 9 378 564
0.5580736600410131 0.28974600469928236 0.2079852438944344 9 378 573
0.4921356277903395 1.1213014717447272 0.027251466394660806 9 379 160
0.5366618459987389 1.026583239657353 0.02919423585264469 9 379 206
0.6056081258632018 0.9264323670234633 0.020352983103826938 9 379 261
0.6439861802967943 0.8392375493028504 0.023442677694035075 9 379 303
0.5466028731871356 0.5720398436603203 0.14003443003831406 9 379 401
0.4972979860568859 1.0993351218210359 0.027800883624872097 9 380 169
0.552092768475462 0.3569313039794616 0.19028449124500457 9 380 527
0.5547344780990243 0.33150143095723406 0.19546758382629237 9 380 544
0.5611955761503291 0.21297552190705243 0.2225522075979019 9 380 629
0.39079667727136624 1.2820428010910714 0.031872849684645876 9 381 73
0.4120498061814417 1.2430891158945474 0.031206226334512865 9 381 93
0.4311776222005095 1.208030799217676 0.030606265319393144 9 381 111
0.44258796808865064 1.1927294082560993 0.028807158327495364 9 381 120
0.5427565489784052 1.0035239519359251 0.027106492731194587 9 381 216
0.5796495652506134 0.9433875244347939 0.024027676186906266 9 381 248
0.5846387719844883 0.9361136016286576 0.023390819674196983 9 381 252
0.6803849200132808 0.7624965207808833 0.01990723345697698 9 381 341
0.5018294101327854 1.0772742954612764 0.026249302963796017 9 382 178
0.6040330534575328 0.9011689565237817 0.0201511127363303 9 382 270
0.6434506097758295 0.8158350971871488 0.02228926966656697 9 382 312
0.5452993526884916 0.5208360288303837 0.14781544260768242 9 382 428
0.5515805934746074 0.45884262267691134 0.16063447891222937 9 382 464
0.5558610083311563 0.3238600199414119 0.1932814596394904 9 382 549
0.5399907822397951 0.9873809333559702 0.027748961231068514 9 383 221
0.5481242960808659 0.5053043803265889 0.14843220521923595 9 383 437
0.5513399605927598 0.44335032984273776 0.16284393226130756 9 383 473
0.603586358127209 0.877038135466287 0.02168833570755524 9 384 279
0.698128760303369 0.6832119604364337 0.024062676394127847 9 384 377
0.5464512624705836 0.48868828501704165 0.15163396342291802 9 384 446
0.5504212409873313 0.4739412770135073 0.153451136297176 9 384 455
0.5581905012275693 0.22810815511774674 0.21340076629778715 9 384 617
0.33063392702342587 1.3592603392928955 0.03250287398645946 9 385 26
0.38955618264289993 1.254998565727879 0.02968046642394917 9 385 81
0.4061040808005528 1.217201916844641 0.03110988565681705 9 385 99
0.6412163778800904 0.7918777186911395 0.022274049093682247 9 385 321
0.6506754353543084 0.7745407351031919 0.021977357316709356 9 385 330
0.5457815721435875 0.5542545762705339 0.13291795321715927 9 385 410
0.5466848506174472 0.5376653875177271 0.13678648065927945 9 385 419
0.559223525922819 0.21601210760542994 0.21433024029939451 9 385 626
0.33604840548949955 1.318237331308539 0.038037770842174634 9 386 40
0.3530130386684648 1.3058008733374167 0.032617834926045086 9 386 51
0.4447741616582992 1.1338853891568388 0.030717277061071635 9 386 140
0.6074992172953394 0.8561585068887031 0.020236629635217884 9 386 288
0.6687411470544429 0.7345830188023211 0.020759634399154514 9 386 350
0.553153494166944 0.29530455262494326 0.194970390374411 9 386 568
0.5571569364944894 0.25065259237173115 0.20462049808923177 9 386 600
0.5591439915624901 0.20409929945728544 0.2158001816274403 9 386 635
0.43213876539381024 1.1539395190129769 0.029501675265955596 9 387 129
0.5605347552295006 0.9297977882964192 0.02253170147125272 9 387 248
0.5533757189123991 0.4133385797287835 0.16204670531579835 9 387 491
0.5513865355747888 0.3983371406966457 0.16701371722632208 9 387 500
0.553535113342434 0.3906697373146006 0.1679272315075795 9 387 505
0.5513396119320939 0.3760465584196137 0.17290068553486637 9 387 514
0.3903505821583597 1.2274279360257703 0.029203888092614316 9 388 90
0.4493284797151489 1.1211944268808705 0.026861834722000433 9 388 146
0.45614617525572454 1.101243594795585 0.028616568928076402 9 388 155
0.46692838101620326 1.0796178887868508 0.02877047575156544 9 388 166
0.4879078205202557 1.0504844856213926 0.02565175927747454 9 388 183
0.49460235566747335 1.030759387413309 0.027410356519170787 9 388 192
0.5073559843845052 1.0167026181514767 0.024549649939416218 9 388 201
0.5686989267845919 0.9117255845860671 0.020656996511965398 9 388 257
0.6170233978296464 0.6293262410538891 0.07032338639956037 9 388 386
0.34481819981131456 1.2984673807946088 0.03149589556834531 9 389 50
0.41372604457037954 1.1609934630563903 0.032297435312495626 9 389 120
0.6328210171646615 0.7873675214033554 0.018018145454272938 9 389 321
0.6153505820924947 0.6200745946227613 0.07140405638303104 9 389 390
0.5513469379261973 0.36483469674854285 0.1721740836604303 9 389 521
0.5508209521747395 0.35089677029357325 0.17614108974917408 9 389 530
0.39900834131026675 1.181157265347928 0.032166671525048374 9 390 108
0.40967653383091696 1.169051268907856 0.02985006451455474 9 390 116
0.5416730626698109 0.9401543518764424 0.02224146759539669 9 390 239
0.6447315727139998 0.7494022639841684 0.019504457655122986 9 390 339
0.3233352133393861 1.3186311652409382 0.032466381130569655 9 391 35
0.46313703891013325 1.0530923075231986 0.030567197436823124 9 391 174
0.560649117675432 0.8929754469693273 0.022536993496206303 9 391 262
0.5721614716671644 0.8774574256244246 0.020684391211479025 9 391 271
0.5797061484706679 0.8617683519646485 0.02094493445800394 9 391 279
0.5968227095915996 0.8266748698687992 0.021402376511971632 9 391 297
0.6120623209605212 0.8006038811560754 0.02042718373896224 9 391 311
0.6180083811435222 0.791566306883415 0.01974355075727985 9 391 316
0.5489090735955603 0.46418787236455306 0.14321928142727747 9 391 460
0.5548068242601041 0.3268461136833252 0.17684155871897533 9 391 546
0.48621079043239435 1.0040040850948246 0.029274542221183086 9 392 199
0.5087445286358734 0.9682826113066657 0.027071214815700073 9 392 219
0.5228758912432012 0.9554003986933862 0.023136092925307827 9 392 228
0.6157317729845503 0.6010921258899344 0.06960893642592703 9 392 399
0.5443299225624525 0.512506912528309 0.130711895748843 9 392 432
0.5505635853434343 0.4490079425843315 0.14448391746470424 9 392 469
0.34092385312484463 1.2672185456611413 0.03227164547056238 9 393 58
0.6352056589548452 0.7445746773957811 0.018536595219101004 9 393 339
0.5476966527135897 0.4811613611488571 0.13539964684061467 9 393 450
0.355033796270138 1.2345694805033234 0.031276913208082124 9 394 74
0.6187043963583704 0.7698801856213434 0.017984703682953906 9 394 325
0.6455401772050725 0.7281254670599808 0.015134221057119479 9 394 348
0.6173474531825738 0.5828717456213618 0.06925116157707589 9 394 408
0.5582353325954073 0.22490753014432308 0.19715622203047267 9 394 618
0.5555546060262101 0.21310068746177652 0.20176006271540836 9 394 627
0.41600364213083363 1.1104689531637768 0.030334062750047686 9 395 138
0.5738023189387382 0.8453870357190435 0.01883423013308727 9 395 284
0.5550018403583354 0.25038673497974173 0.19023638348363836 9 395 599
0.339402876070498 1.2496608687384714 0.030693045782609785 9 396 63
0.39984231487725463 1.131461572008545 0.03081947520267203 9 396 125
0.5299276925556177 0.9078818754138402 0.022694838321023925 9 396 248
0.6153539431299427 0.6028430281232333 0.060459236985642595 9 396 398
0.6152055021086779 0.5697102992086727 0.06956376204092152 9 396 414
0.5511362210932029 0.4069102634213366 0.14791112599491862 9 396 494
0.5529856397688913 0.39424146782228836 0.15038085538839807 9 396 502
0.42345934109121774 1.09253832775295 0.026520059268364093 9 397 147
0.43002697879514695 1.0730814116505483 0.028342992222333274 9 397 156
0.4417034145882772 1.0590997738951322 0.025947817625915137 9 397 165
0.45399793328683247 1.0198722200278048 0.030127242461279402 9 397 183
0.4825589897263174 0.9767983925613883 0.02669527883084466 9 397 208
0.6126168961145385 0.5566489794768265 0.0723238726736094 9 397 420
0.5926872785562298 0.777457528990542 0.02018793187826673 9 398 316
0.6117309196923277 0.5423385124967698 0.07455189160777254 9 398 427
0.4232489174250462 1.0664280552721115 0.0290801905439243 9 399 156
0.5058812499667789 0.9186814826534038 0.02546721159527887 9 399 237
0.6360698853159741 0.702300122869171 0.015256815341236019 9 399 357
0.29020007128686387 1.297983106091773 0.03430673539194018 9 400 27
0.29664850394972797 1.284312177685937 0.03461675262885877 9 400 34
0.5330351027184006 0.8640154740717593 0.023616451622786583 9 400 266
0.5736865430647391 0.8006187495414564 0.019267897640026233 9 400 302
0.6365768171786504 0.6909062795260072 0.015758514905820142 9 400 362
0.5534574447909546 0.2858394936892244 0.172554124724963 9 400 573
0.4769514266531687 0.9563622157815219 0.025925019716127595 9 401 214
0.4866312369159509 0.9404713697030688 0.025107510425127044 9 401 223
0.495325863067277 0.9263864337674688 0.02432084104744736 9 401 231
0.31346364608460153 1.2474236464964732 0.031103608681717576 9 402 53
0.4491488425882575 1.0024334791031961 0.025816520377899166 9 402 188
0.5962678772595313 0.7364870822704153 0.020170738073612027 9 402 334
0.6163945012170797 0.5257084086722943 0.06800657441111047 9 402 436
0.5519835616526907 0.3144835727695944 0.1618049430201759 9 402 553
0.286800508343685 1.2803191602525277 0.03407309105475387 9 403 31
0.32888848071474364 1.2050274281033735 0.0322356563985402 9 403 73
0.5518126397545601 0.8093842998396297 0.02162247128845185 9 403 293
0.5836607120965149 0.7510117284703145 0.02062352808485568 9 403 325
0.6071166725074809 0.7209628357180504 0.016266840988663933 9 403 343
0.6161263681213137 0.7044494626451865 0.01598424384735897 9 403 352
0.5551419758419585 0.21533215754264978 0.18601423257943572 9 403 624
0.5555198364369275 0.20354612276488682 0.18910610442820597 9 403 633
0.6141289862488593 0.5054985711801283 0.07059669349824604 9 404 446
0.4963549978342392 0.8938888390397735 0.023516834671030384 9 405 244
0.6148958854353042 0.6064387897192505 0.03958288226576656 9 405 396
0.5484075788036371 0.4069371874056144 0.13225911568886417 9 405 493
0.5492555244662285 0.3924545277289124 0.13587699118810637 9 405 502
0.5499986741676368 0.3781640528619099 0.13949812267380324 9 405 511
0.3287340589989116 1.187015777086299 0.030438895111943753 9 406 79
0.33237564235571804 1.1637280266575312 0.03502546315744737 9 406 88
0.5968792400457943 0.7158526288793019 0.01628281746724025 9 406 343
0.6146814669502195 0.5466248637567637 0.05437561323073026 9 406 425
0.6139153199714036 0.5129562656712839 0.06432362311569007 9 406 442
0.6178523338177168 0.48912703702844285 0.06890092472030962 9 406 455
0.5511660784928454 0.3639974433916454 0.14098260245555005 9 406 520
0.6192638863220682 0.6625766095871339 0.016726260831634532 9 407 371
0.6148352730676778 0.4769743926506506 0.07188409970844212 9 407 461
0.5503594151576593 0.3497711286160723 0.14359705364992803 9 407 529
0.29279225812407705 1.2321163440325025 0.03286297736606025 9 408 49
0.3015622947337584 1.2160422287010153 0.0325878973432423 9 408 58
0.3159305525524596 1.2081469793019235 0.026880566725206556 9 408 67
0.3413145801096955 1.1394945989082812 0.0323923503913629 9 408 100
0.3989599144377186 1.043059420078094 0.027955924353311845 9 408 156
0.6096968658892402 0.5369541056768883 0.05551430756755438 9 408 429
0.41280061271745816 1.0073158487023184 0.02819028439176119 9 409 174
0.4925072301772271 0.8685977666294238 0.02358087136788689 9 409 253
0.5005214256568159 0.8594379289941836 0.021747459654151924 9 409 259
0.5392101374903481 0.7922134132350873 0.019479281762912692 9 409 297
0.6019476441736501 0.6772253050983313 0.017511463891898282 9 409 361
0.6130257559191808 0.5887311936482839 0.036675639704036866 9 409 404
0.617523392097231 0.46622373301935344 0.06922983711327357 9 409 467
0.5509403073502472 0.33577372866292443 0.14356424492120912 9 409 538
0.552757055329957 0.2771549684245951 0.1593275284948048 9 409 578
0.2761993699430024 1.2602126713239599 0.029457036530243785 9 410 33
0.44034965351616784 0.9446148386693465 0.028540479128641882 9 410 207
0.5444973834118519 0.7739900445439558 0.019454561070407772 9 410 306
0.611479462414679 0.5757011931133438 0.03904340280472318 9 410 410
0.6129915208671902 0.5084606669079832 0.057511632357253095 9 410 444
0.34263474378387926 1.1151972154245589 0.03177836656732125 9 411 109
0.5682267558837071 0.7219728126460359 0.018864861813501443 9 411 334
0.5516934876678143 0.30859752754280095 0.1472810914083229 9 411 556
0.3091804950406578 1.1716874226291667 0.03194940555936021 9 412 76
0.5199719465977055 0.801899538700776 0.020546359502018996 9 412 288
0.555674316649059 0.7383027241101332 0.01889412564488291 9 412 324
0.5828656753080543 0.6884651858469486 0.018041244420634706 9 412 352
0.6170321835422794 0.44920314115534116 0.06807736129177888 9 412 476
0.5545376660118982 0.2123059125939339 0.17172065673036713 9 412 625
0.5559785984230744 0.20046491591124616 0.174337319507816 9 412 634
0.2770242938689308 1.2331588541945906 0.0299501414627652 9 413 42
0.3434734626869236 1.0936794648376105 0.03074438783918554 9 414 117
0.5954572490274282 0.6520506255537472 0.01694769318635525 9 414 371
0.6070710981958899 0.617898143086974 0.020333475292448 9 414 389
0.5483927016599147 0.39276438997141466 0.11914028620287376 9 414 501
0.5473467502900325 0.3781392492236618 0.12399462301248998 9 414 510
0.3081639529002116 1.149911109668465 0.032073492758524 9 415 83
0.40418174003862517 0.9757623154329661 0.028524446323197283 9 415 183
0.4896568486433335 0.83012199166717 0.02261900977579967 9 415 268
0.5608305441551641 0.6978345399970631 0.02092401025421209 9 415 343
0.6102232212124874 0.5485204602451752 0.036571594087235315 9 415 423
0.5056954713809588 0.7977494251048475 0.020722029035284417 9 416 286
0.597441210688241 0.6332659917662268 0.01676613500856461 9 416 380
0.6047444627823664 0.5978475746540408 0.02300604728942024 9 416 398
0.614008987181766 0.4909011248523983 0.04913024488734963 9 416 453
0.5496813565034544 0.3499213263636815 0.12715800157060442 9 416 528
0.27666699427944474 1.2053737257235355 0.029218856919235536 9 417 51
0.2841495150157375 1.1879893626708524 0.03006565675712214 9 417 60
0.29271733936856614 1.1722858710075152 0.029796919302152558 9 417 69
0.3128825474666159 1.1298209697581816 0.03078669545536017 9 417 92
0.32142790359250506 1.1141586588660535 0.03051866273637449 9 417 101
0.4207282777724366 0.928486427537725 0.028485513681860253 9 417 207
0.40272591553423764 0.9511851300197581 0.029852845234266345 9 418 192
0.46929434960938865 0.8401800056971752 0.024510255971279538 9 418 258
0.5058849996353345 0.7767831125855921 0.022277708829486542 9 418 295
0.5493702300878928 0.33577030157599447 0.12777271634732146 9 418 537
0.5510978975283853 0.2812498850767978 0.14290660311510006 9 418 574
0.25009420721755515 1.238979608829495 0.030018508563812274 9 419 28
0.35382289856775295 1.0360293145293888 0.030573768994548 9 419 142
0.43715626382321116 0.8869583047605596 0.026871741904886726 9 419 229
0.5077385617813217 0.7594250761295385 0.02411373185558552 9 419 303
0.6038570885948222 0.5869208504504353 0.02001068676683926 9 419 403
0.6106831875003769 0.5304159249260147 0.032855130678789646 9 419 432
0.5533588350179561 0.1992098983356706 0.16415085351905567 9 419 634
0.5502265838371793 0.3085146510017686 0.13167245129580119 9 420 555
0.42292222392237633 0.8979867562052687 0.027348085378775755 9 421 220
0.5483252526781918 0.6827913099871268 0.0190350114297706 9 421 347
0.5576204633917118 0.6675858181068361 0.018195972370655622 9 421 356
0.6119947372087529 0.441580274345485 0.05426527993083963 9 421 479
0.5525356821752955 0.2374413024322516 0.14974608207594975 9 421 605
0.5527364020522906 0.21326908700812724 0.15685678427146588 9 421 623
0.25081659194547656 1.2123152345838886 0.030856902874369485 9 422 37
0.2832778346963186 1.1454984647909696 0.03203524839932892 9 422 74
0.35523474242888975 1.013612626080365 0.029778255788929675 9 422 151
0.47735387101528826 0.8007677539333438 0.022653098318881182 9 422 277
0.5631692312985158 0.6441943329909581 0.017517801132947763 9 423 368
0.6154999969197639 0.3854882612485053 0.06489883181723632 9 423 511
0.2878962658156612 1.125672004832639 0.03088739025042231 9 424 83
0.4528814707004394 0.8360766243632538 0.021845065911567874 9 424 255
0.4613069968778525 0.8206339431599968 0.0215807917658275 9 424 264
0.4697325230552656 0.8051912619567397 0.021316517620087128 9 424 273
0.6159067975619069 0.4257603621402439 0.05043354186616 9 424 488
0.35779474202461226 0.9927991865886324 0.027928941120533457 9 425 160
0.5882505190274275 0.5850265042629882 0.016267211558383954 9 425 401
0.6108374949088079 0.4796780666629773 0.03495457558680415 9 425 458
0.6179530899980041 0.3752791171450528 0.06243970956814915 9 425 517
0.5475120689524204 0.3545606401866422 0.11009085428008936 9 425 524
0.2907295631614597 1.1036586875070191 0.031496596669285726 9 426 92
0.2990427490969767 1.0884219085234417 0.03123584617546138 9 426 101
0.3298148193167626 1.0356737474964768 0.029158980130780554 9 426 133
0.3620152512619368 0.9737305143236571 0.026842249335436552 9 427 169
0.377457482125071 0.9472525556827969 0.025800343961766004 9 427 185
0.4814704535908476 0.7620884702834332 0.020865312698128635 9 427 295
0.6143244571032617 0.40907755148769515 0.05014946124376629 9 427 497
0.5463448925024902 0.34020588696942156 0.1113787882256323 9 427 533
0.4122087070075736 0.8678659094981954 0.027319640186731053 9 428 229
0.4818593090472638 0.7420314348515662 0.024575764296300262 9 428 304
0.515597945850414 0.6838420626092369 0.022399143281536138 9 428 339
0.6029786801761743 0.5273350549251725 0.018539990018932917 9 428 432
0.6132803731766798 0.36069523872256537 0.0635117669378158 9 428 525
0.5511571252350097 0.20275491481870905 0.14878058809018202 9 428 630
0.5488560295575102 0.3264337729711645 0.11036150055207217 9 429 542
0.550598932567832 0.2721899943303825 0.12601127514645716 9 429 579
0.528065511351981 0.651512952216984 0.020546458049917504 9 430 357
0.5436691703912703 0.6229138680679098 0.020057035362692766 9 430 374
0.5784666874624281 0.5609574913363888 0.018403071457985254 9 430 411
0.6113648117961878 0.46239406797864097 0.029184747681365808 9 430 467
0.6141249176688757 0.4482242265758713 0.03191091936005286 9 430 475
0.6172829451171562 0.3458594524776504 0.06162697396023087 9 430 534
0.5503227444633229 0.23170099195003435 0.13685867386633332 9 430 608
0.26195729706524795 1.1308723280621757 0.02930092887092961 9 431 70
0.3753594680717036 0.9230237572150998 0.025743968600818623 9 431 194
0.4916576452563075 0.7080461766409013 0.02266035763953045 9 431 322
0.5506451769721648 0.6072159448785662 0.018553286051526396 9 431 383
0.6121373772245144 0.39070112669387536 0.048785434666616556 9 431 507
0.6152867054090798 0.3740017653369445 0.05207196571961381 9 431 517
0.5313908806023823 0.6341355809047875 0.019573278788024506 9 432 366
0.5542334192706053 0.5922687544183795 0.01885680218276864 9 432 391
0.6017962826202444 0.5032731029554212 0.017930879516524945 9 432 444
0.6174631171030434 0.33076059873562347 0.0621457732445857 9 432 543
0.26589332888857553 1.1105694595593096 0.02889792841797112 9 433 79
0.2746457599030774 1.0963467150981043 0.028055862702591194 9 433 88
0.4182061601364675 0.8277650515364782 0.025255711710527873 9 433 248
0.4448854898560368 0.7843237241969822 0.0227161416861158 9 433 275
0.49725997093629204 0.6937871742473842 0.019370620314270948 9 433 330
0.6118538512522966 0.430996507732779 0.032236098236051 9 433 484
0.4475059951342537 0.765711291915828 0.024784614418499995 9 434 284
0.45733894293204336 0.7585985751139123 0.021060638005062304 9 434 290
0.47071362513317117 0.7268117540238475 0.022918189940480893 9 434 308
0.5590400257828103 0.5758327262746701 0.01673219634712564 9 434 400
0.5875124116062769 0.5163741587521917 0.01811619533838127 9 434 435
0.6038541871264799 0.4864222217051969 0.017603620969191103 9 434 453
0.6110851002389941 0.4749874112882135 0.01680753476905772 9 434 460
0.2755976237872908 1.0724486257428536 0.0306380720201036 9 435 97
0.28074804531247843 1.0593742361609813 0.03161837389247113 9 435 104
0.2966075937349466 1.0375752964634322 0.02883715806869569 9 435 119
0.3737726908469359 0.8997781219876896 0.025274956513037683 9 435 203
0.6144250331345444 0.4150854962055201 0.03142907853437604 9 435 493
0.35109454145147345 0.9311874499879327 0.027026948303264686 9 436 182
0.3962730482294893 0.8393009314080074 0.028472924310142256 9 436 236
0.6138312327599466 0.3152280659658183 0.06115901318700989 9 436 552
0.3101143323585124 1.0052278865189785 0.026498342897976146 9 437 137
0.3787737784001435 0.8630481573644033 0.0295133801106926 9 437 220
0.4841539605512868 0.6826097608184738 0.02218799008408945 9 437 332
0.5674474058315266 0.5390221956661634 0.01670399412628565 9 437 420
0.6151983178664587 0.3008339113312189 0.06287194368487858 9 437 561
0.5499105690264581 0.2062933422594574 0.1326853765939161 9 437 626
0.5493905671606729 0.19453941878508435 0.136721699280411 9 437 635
0.3245463572959182 0.9504919750341678 0.032871099191516984 9 438 164
0.5313243366230614 0.5950858400432141 0.018897815909099447 9 438 385
0.6141681172549632 0.3525314134463462 0.04509746833545947 9 438 529
0.4978429065385619 0.6517573844659721 0.019292687814483456 9 439 350
0.5507693550135969 0.5547514226054957 0.01763260253751775 9 439 409
0.603565067426839 0.46886496397035293 0.012510764963237886 9 439 462
0.6126800444022981 0.4376521861311169 0.016845979892196272 9 439 480
0.6096650124451957 0.39784578046686947 0.031381488253692136 9 439 502
0.6129951012349495 0.33734325550100075 0.048606164080732706 9 439 538
0.4369730143770294 0.7459457662667779 0.02460844530776929 9 440 290
0.5165985781291954 0.6090660258558165 0.01921434806757849 9 440 375
0.5368523999449738 0.5791930721989433 0.016261840186446275 9 440 394
0.6125087473122 0.3825328325060844 0.03242684804703633 9 440 511
0.6138809424479451 0.36733167946171047 0.03643899265895967 9 440 520
0.39440366712852015 0.8174776921085514 0.025894464935086958 9 441 245
0.40052960848078667 0.8015750676699819 0.025080477650111455 9 442 254
0.46705647441807807 0.6778312329628879 0.023576498028579973 9 442 330
0.6094970697497817 0.42038057819769403 0.017943331905022508 9 442 489
0.3068563121235871 0.9559273222571535 0.03149394945692363 9 443 155
0.5556455619893691 0.5270756382647237 0.014925228855506623 9 443 424
0.5636591739464966 0.5123879318669585 0.01467387476679205 9 443 433
0.5875296134171922 0.48130248972445844 0.009834765796521538 9 443 453
0.6110416505432658 0.28079545055335586 0.05993523958602531 9 443 573
0.3202040218032538 0.9322282598842164 0.028720518290033636 9 444 170
0.33138918795094763 0.9135360288041703 0.027783637510096937 9 444 182
0.3426251112801729 0.8875172165304923 0.029189287084368187 9 444 197
0.43503787139325734 0.7253723122926052 0.023946625874126215 9 444 299
0.6141741501042464 0.3138588918063687 0.04528481016687669 9 444 552
0.6166366927717577 0.266775361183097 0.0570279415385293 9 445 582
0.43247480872873634 0.7153330241383411 0.02460511686037803 9 446 303
0.44922874882304775 0.6954640062340186 0.020543347626347686 9 446 317
0.6014733047790572 0.43448715284333955 0.009874329877909038 9 446 480
0.6049502806153307 0.4136633307274415 0.014480270616059165 9 446 492
0.6151598430052179 0.29921272281902606 0.04539682915806009 9 446 561
0.5472432779952934 0.2033148717310353 0.11943070746887785 9 446 627
0.5487785581254774 0.19146905275005588 0.12232941774759287 9 446 636
0.46823671490130936 0.6577746783008558 0.018766150186821817 9 447 340
0.5044809489618295 0.585928415251701 0.01940248049808979 9 447 384
0.523653174779003 0.5543994371489145 0.017619041316664807 9 447 404
0.6129859911636225 0.35094774227704206 0.027820116093124736 9 447 529
0.612426531330996 0.2526766459118521 0.06034543016953431 9 447 591
0.5335951366198606 0.5405473833810499 0.013760289912568169 9 448 413
0.581092557189102 0.4625139871919282 0.00930686012385995 9 448 462
0.6075064823194115 0.401470606167517 0.012627432806191274 9 448 499
0.613818065431943 0.3375747223018333 0.029618565497146587 9 448 537
0.5483967651879647 0.2283228221084005 0.10694684219432304 9 448 608
0.4753916035044262 0.6227348412093547 0.021539394736397988 9 449 359
0.5106529619401232 0.570730297276289 0.016272515366230644 9 449 393
0.3236918905324814 0.8853241009925972 0.029314284091724874 9 450 191
0.6151955030292069 0.26272452228335375 0.04937890034730952 9 450 584
0.3821343422223513 0.7843885992635679 0.023351575869028807 9 451 256
0.3885183873101852 0.7690848116745927 0.02434683173732033 9 451 265
0.4435301599367505 0.6736611181641536 0.02082805707138602 9 451 326
0.395855431645453 0.75460974521736 0.02237480256567792 9 452 274
0.5254897302201526 0.5206110515719977 0.017109857012727714 9 452 422
0.535817886203943 0.5070825225485579 0.014987594277387939 9 452 431
0.5419340059336651 0.4922717781906515 0.01599460684480214 9 452 440
0.5497379159273598 0.4779684229302279 0.015749830245264995 9 452 449
0.6158075735916795 0.29025637191170595 0.03585654525716275 9 452 566
0.5858023465816209 0.4180352893329543 0.010467305198194277 9 453 487
0.6108607826123827 0.32172225854931735 0.026512383378585413 9 453 546
0.612166933872634 0.3121305482499523 0.02887582098039787 9 453 552
0.34930987322747453 0.8198810487224547 0.02637880534035486 9 454 229
0.513490460753569 0.5333510901499059 0.016406910404261343 9 454 413
0.5714280804200206 0.44334676193553746 0.009164535116726213 9 454 471
0.4328848372579299 0.6638860377927691 0.02263676146494431 9 455 328
0.5864644695976203 0.402170765246012 0.0111704913404298 9 455 496
0.6122380314147675 0.29741235337843813 0.02970491381977791 9 455 561
0.6154214246703471 0.23765334067758892 0.047738915970137685 9 455 600
0.5464080937692213 0.18978849952739385 0.10853642683439513 9 455 636
0.6139826145869333 0.19261555063544117 0.061905716468220406 9 456 631
0.3916599526238991 0.7392073838950828 0.019875063943581406 9 457 280
0.4056107981063457 0.7100464779946521 0.020653170711041113 9 457 298
0.6024313303115214 0.3564871345971643 0.01204841660828948 9 457 524
0.6064462072023965 0.3419463579914319 0.014353788921026789 9 457 533
0.3931409745493717 0.7211192490050712 0.022979423929937237 9 458 289
0.580783733505381 0.38695061290156246 0.011715159418472343 9 459 504
0.611963206200588 0.26703017979339533 0.032128059729715 9 459 580
0.6164755099933946 0.25337932307051036 0.03382000877750613 9 459 589
0.6096284612574717 0.2900464367839318 0.02379687459958746 9 460 565
0.4558007492493654 0.5960784894761331 0.018337014351767378 9 461 368
0.5099575726047173 0.49860907214733025 0.016023787165365233 9 461 431
0.5201243931737421 0.4853495470557316 0.013861318713366932 9 461 440
0.4352094495912573 0.6292324254304591 0.018510245931693703 9 462 346
0.5520283564797432 0.4294460019342753 0.009916523508800124 9 462 476
0.5570362548236777 0.41489559006124327 0.011608052935097701 9 462 485
0.5798946799391034 0.371209217880065 0.011507231274862972 9 462 513
0.5209183966724759 0.46934812313669083 0.014738078110210662 9 463 449
0.5302359208865003 0.4558496404448448 0.013210092737257595 9 463 458
0.6109521708323502 0.26316999248531 0.026125237924445988 9 463 582
0.5593468665959962 0.3997004730347537 0.011213245381444192 9 464 494
0.6098285513158723 0.3035982687700568 0.010868928195042926 9 464 556
0.6113367239484797 0.24181088280757618 0.03126679876569438 9 464 596
0.4337577349111086 0.6110062805751171 0.019663069123722843 9 465 355
0.45533018485639887 0.5786176037097115 0.016501552233603833 9 465 377
0.3820219191840757 0.6959032094667614 0.022715431162058652 9 466 298
0.5793873754620134 0.355602143865022 0.009050062142300641 9 466 522
0.586045537802487 0.34161229291045925 0.009464081740482522 9 466 531
0.3368428507499187 0.7652212388222599 0.02682808214341259 9 467 250
0.5562422692713818 0.3835297992685842 0.010766548174491852 9 468 503
0.6070068620969692 0.2530091140980975 0.02232564784044566 9 468 588
0.48890489532226056 0.4916858483484969 0.0162172282932318 9 469 431
0.42387883056295717 0.6063174070626802 0.017844549986649083 9 470 355
0.4735446852559413 0.5188528561566554 0.015027532361198692 9 470 413
0.4942579791920606 0.4773233558009951 0.015637045198193977 9 470 440
0.5685366597596785 0.3536605452037443 0.00889997734830783 9 470 522
0.4991580437093346 0.46281310968023126 0.013413038486745577 9 472 449
0.5074528344206345 0.4493907991920909 0.012519872376013153 9 472 458
0.5157625529686535 0.43594102216099107 0.011626275767899763 9 472 467
0.5875930776969833 0.3149709167628825 0.005575442586164492 9 472 547
0.6083797723064595 0.2385089584143158 0.016572708328699615 9 473 597
0.39423584381714494 0.631811135135933 0.02101023386519585 9 474 334
0.41950477217027216 0.5872757822342194 0.019581343529451622 9 474 364
0.3385409426744107 0.7293657235373853 0.02238850236961598 9 475 268
0.3558433638590395 0.6940977115691761 0.023121765179738296 9 475 291
0.5577675068155881 0.34355680658053445 0.009770330444074604 9 475 527
0.3426323661415085 0.7137919406866167 0.02317750916571648 9 476 277
