1.7816331583402776 2.0923208782426235 1.6506164209614773 9 3 230
1.8253624775454185 2.088531492483232 1.6516909104639104 9 3 235
1.853099486546531 2.081324051774835 1.6522645398733606 9 3 239
1.8955761659421366 2.0811093078074197 1.6533861073974498 9 3 243
1.946708693796277 2.0790844595652693 1.6546965501613053 9 3 248
2.043123384352988 2.07537895279704 1.6571700278053012 9 3 257
2.060010655364576 2.0664314259189878 1.6574168585626443 9 3 260
2.1760040154520244 2.0853406608087615 1.660917504359889 9 3 266
2.191176745704364 2.074745060360274 1.6610818493015962 9 3 269
2.208150290556928 2.0590104989107347 1.661178514142365 9 3 273
2.2715665385423742 2.051365132019961 1.6626884441823715 9 3 279
2.427841791773626 1.4124587951197998 1.6524811025622967 9 3 401
2.423050947120217 1.3738060163894208 1.651485821785109 9 3 408
2.448517044306292 1.3305663415778721 1.651189857642379 9 3 417
2.424032470911661 1.3154106773759304 1.65020014482514 9 3 419
2.4204500690157316 1.28312024562013 1.6493798235533434 9 3 425
2.4427917023506485 1.2553368686642845 1.6493481922532998 9 3 431
2.416980817354827 1.2406960543040793 1.6483348732837377 9 3 433
2.4171767108614306 1.2303261713551772 1.64810713454161 9 3 435
2.423441184557551 1.215719353123383 1.6479451495125912 9 3 438
2.4345169271556735 1.2070044083793623 1.6480430952694147 9 3 440
2.4883869851837104 1.1677356932269727 1.6485895414187122 9 3 449
2.5087678218408103 1.1390077596770356 1.6484846968647808 9 3 455
2.4843497822362126 1.1203922006956475 1.6474190305205043 9 3 458
1.5757510227856932 2.093074577351755 1.6411214256227975 9 4 208
1.5901392551674776 2.091236445154625 1.641442491400753 9 4 210
1.6560808288162656 2.092628795177862 1.6431296437048926 9 4 217
1.6899828224945175 2.0906668181531547 1.6439382051427038 9 4 221
1.7467897123559428 2.095247818169034 1.64546594442645 9 4 226
2.490470566924335 1.1104276830265167 1.642508742837873 9 4 460
2.477416215779802 1.0627015812353093 1.6411321011848372 9 4 469
2.4797645167105795 1.0527320772758015 1.640972032303176 9 4 471
1.8527974888035632 2.0817889028378334 1.643394620171089 9 5 239
2.2129360913231073 2.073240854824765 1.6517548196082734 9 5 271
2.423536425775229 1.40038832171884 1.6422959124007186 9 5 403
2.4301224297073056 1.3587279307085836 1.6415571516668122 9 5 411
2.455385058883568 1.2147719546491378 1.6390638170004699 9 5 439
1.5289137935258506 2.0868190063792147 1.6318260520585648 9 6 204
2.0468483711350873 2.0779315148125668 1.6432020222189598 9 6 257
2.070082500649412 2.0606001087772094 1.6433568709054813 9 6 262
2.1769357040866653 2.0690899459644516 1.6459205245803217 9 6 269
2.416681730249107 1.2869875854035102 1.6348540384278278 9 6 424
2.484162458459602 1.1401249538868097 1.6332774169878084 9 6 454
2.489685404461608 1.0786579579867144 1.632110337860909 9 6 466
1.9952824411884218 2.076100285503585 1.6373668873955032 9 7 253
2.4429389909814625 1.3500594093541505 1.6318480415457532 9 7 413
1.8653864407960543 2.072946136251497 1.6301173442146035 9 8 242
2.054399530670329 2.065116010840664 1.6336503376416411 9 8 260
2.4080185495826782 1.2744891680282382 1.6247323814535275 9 8 426
2.4372255709707074 1.2531018957916968 1.6248745538164815 9 8 431
2.4269806876232787 1.168200007276938 1.6229756336592709 9 8 447
2.4928730809464863 1.156261748126308 1.6240230120368202 9 8 451
2.5023094827780135 1.1260716052178465 1.6236030967973163 9 8 457
1.6649306245740543 2.0890475821670953 1.6223279811461477 9 9 219
1.961150340941122 2.0878689358635443 1.6276714676847666 9 9 248
2.157028555068853 2.0666659689427562 1.630806263733296 9 9 268
2.4270603779189837 1.4003743564848823 1.6226933184276051 9 9 403
2.4259632674500984 1.3839504520814043 1.6223528728173147 9 9 406
2.4190419634782745 1.3450352127812464 1.6214679159172503 9 9 413
1.9945400718811626 2.06546870768884 1.6231841685737187 9 10 255
2.451390408182521 1.3187738858368259 1.616612000246916 9 10 419
2.436158004926071 1.1896010330543552 1.6138998273723353 9 10 443
2.4689380348139105 1.1058293176210752 1.6128537790962811 9 10 460
2.4950135296031712 1.0933077483631664 1.6130512887776902 9 10 463
2.4949417207542006 1.067453917175166 1.6125581970254088 9 10 468
1.729329698934583 2.1039936049433194 1.6151792408685635 9 11 223
1.8702594851157408 2.0924900371773054 1.617122768145287 9 11 239
1.871843389996823 2.071691966416693 1.616761562823526 9 11 243
2.080401020121833 2.0722989826803646 1.6199644750320357 9 11 261
2.399408332993745 1.399606702075535 1.61237959371711 9 11 402
2.475709911289708 1.3609211321009798 1.6128303267805 9 11 412
2.46501644191222 1.3426034150273318 1.6123272022870763 9 11 415
2.4528426208267398 1.2601439918871304 1.6106127035795184 9 11 430
2.450888691850712 1.2071204331290724 1.6096001313749442 9 11 440
1.5840179199582205 2.090751905789424 1.6086104501318532 9 12 210
1.7637414811006482 2.101723848466707 1.6113055551410442 9 12 227
2.108873273311608 2.034370311338202 1.6148860246803198 9 12 270
2.4713735918671715 1.1625938288775968 1.6041968471990224 9 12 449
2.5057218962256336 1.119887395207284 1.6039037214326666 9 12 458
2.4629720184639727 1.0531669263754706 1.6021061604137854 9 12 470
1.8666539028129137 2.0697054210787535 1.6076653913352916 9 13 243
1.9914386323995914 2.0648105445389486 1.6091373308486236 9 13 255
2.0114027263769665 2.0631208649414043 1.6093569186452414 9 13 257
2.448213629808406 1.258852843264029 1.6006994415835236 9 13 430
2.52500136696888 1.1535402777498156 1.5998103854837127 9 13 452
2.4965017703365953 1.0820309439593496 1.5981999849013795 9 13 465
1.6024925444729172 2.096890464098857 1.6007065226506856 9 14 211
1.962330844222862 2.0677831903829658 1.6041943510514025 9 14 252
2.0473160339189707 2.0690134139540572 1.6051562760342102 9 14 259
2.115963453965518 2.0551166200889233 1.6056793968211815 9 14 267
2.3912297241824834 1.28584337869234 1.5956111203436756 9 14 423
1.7618928055014251 2.1017689893454587 1.5981840977104058 9 15 227
2.1117717743831568 2.042049912844409 1.600574683530671 9 15 269
2.4326049852983487 1.4058362964231428 1.5931411820246482 9 15 402
1.5262711053304825 2.0841833754229384 1.591584072073677 9 16 205
1.578519272626909 2.0941537445800593 1.592174856701539 9 16 209
1.6107068100440447 2.0769665640605712 1.5921641744338735 9 16 216
1.826433240469885 2.0878959833017436 1.594117891943766 9 16 236
1.9835990119183804 2.084143808559486 1.5953531365024625 9 16 251
2.4752063067631163 1.3597364973290984 1.5877725028237764 9 16 412
2.4086205996339007 1.2673194686017895 1.5857395659117361 9 16 427
2.4099510503445805 1.2570297827129067 1.5855852957439733 9 16 429
2.432987335217469 1.1977844349168794 1.584823789727102 9 16 441
1.6829047667317174 2.096555035054682 1.588807976676997 9 17 220
1.8585535565624824 2.072251079087451 1.5896287294333782 9 17 242
2.107937640042912 2.0808670487732766 1.591465094810048 9 17 262
2.1314107406546747 2.0398386605625944 1.590986838381329 9 17 271
2.2071977715656845 2.0441921242839936 1.5915719055346715 9 17 276
2.4544325101196605 1.4100409776963065 1.5833908746591625 9 17 402
2.427664329300058 1.23335725727724 1.5804586089296178 9 17 434
2.477207225246966 1.182823903479246 1.5800103876589595 9 17 445
2.4878588019915076 1.1264711475756795 1.579206134712385 9 17 456
1.9134333202149283 2.072632042039033 1.5854234237615008 9 18 247
2.046055827588683 2.063833185488039 1.586008014966578 9 18 260
2.110406122374731 2.065029333347433 1.5863740035575151 9 18 265
2.4456513839090857 1.380727904392322 1.5778778919895244 9 18 407
2.4655985610584237 1.3302905427994536 1.5772259216389164 9 18 417
2.43260524739505 1.265552387697693 1.5760722402735574 9 18 428
1.5143088422315052 2.08828850068699 1.5794690311386037 9 19 203
1.7113423403150159 2.086679916398811 1.5802312237439307 9 19 225
2.0039751835322055 2.0780078026690427 1.581271700429437 9 19 254
2.4374653081207227 1.3141231139182312 1.5718724569912013 9 19 419
2.4710038545611526 1.134153809694185 1.5693845297795905 9 19 454
1.5902624186485173 2.0871923522918037 1.5756118643819081 9 20 212
1.9072231386565908 2.0701678397985406 1.5761855109389065 9 20 247
2.15229632127216 2.0671875830613278 1.5767723183856304 9 20 268
2.439612328384111 1.3574037243404715 1.5675234720291764 9 20 411
2.4085444905382225 1.2452443108299251 1.565865795224484 9 20 431
2.4183237222546623 1.2205761975410208 1.5655438279316949 9 20 436
1.6461281335808002 2.0881383045329946 1.5715397501330122 9 21 218
1.7593773911946857 2.091912441278094 1.571720311221743 9 21 229
2.0360439012256086 2.0825450315513594 1.5719091820483648 9 21 256
2.44336892650626 1.3960277740778209 1.5630582051675546 9 21 404
2.426127034253093 1.3707763527162213 1.5626958452153377 9 21 408
2.4839073954233717 1.1508579276971493 1.559777495066059 9 21 451
2.461175153938136 1.1218512271418195 1.559357904442136 9 21 456
2.442188468205122 1.088630479461406 1.5588854061518769 9 21 462
2.0046996931679457 2.079190487392352 1.5670878094902407 9 22 254
2.0689264588423555 2.064143516304852 1.5668729647410995 9 22 262
2.1432756578301215 2.0752103779915845 1.566996587278992 9 22 266
2.491315280328622 1.3505445677696093 1.5574261230205542 9 22 414
2.41315025907465 1.282425719056859 1.5565578605629482 9 22 424
2.4751258811754804 1.076448733427386 1.5538480305617552 9 22 465
1.6135108239753069 2.08104376352469 1.563034392993239 9 23 216
1.793141666491369 2.0890218153347306 1.5628276082629229 9 23 233
2.2657711322418486 2.0530725853468796 1.5615677386807465 9 23 279
2.405265349193434 1.2281822226442558 1.5509596178950291 9 23 434
2.4830501132038156 1.1290801825565038 1.5495808389049088 9 23 455
1.6421191705748948 2.08189106454483 1.5587617906608253 9 24 219
1.861634969740663 2.0759338264590994 1.5580011030021013 9 24 242
1.9306790237852591 2.0663383701032814 1.5576686398952149 9 24 250
1.9507779041284072 2.0717060393194093 1.5389367053084697 9 28 251
2.0892066019454987 2.063585605703006 1.5376275438790288 9 28 264
2.150984587475804 2.045279763971161 1.5368955506834232 9 28 272
2.1952769292863556 2.0414057967968686 1.5364638275889066 9 28 276
2.2263216576471003 2.0430929578299546 1.5362055315366825 9 28 278
2.414229181444172 1.44882727087642 1.5285593855716757 9 28 393
2.4475794295491204 1.3246374953352722 1.5270139734683772 9 28 417
2.457934135686503 1.2725186324914748 1.526397697190864 9 28 427
2.4369215419822186 1.2583238379225892 1.5264411766353463 9 28 429
2.0339423078118437 2.06107104116606 1.533281378602629 9 29 260
2.4330712086342343 1.5085636936519928 1.5238873318838377 9 29 383
2.444924539645542 1.3619527578434723 1.5223636841297694 9 29 410
2.413988120531583 1.2278880923127726 1.521400851850151 9 29 434
2.50177754209082 1.1771551961175133 1.5200113438084564 9 29 446
2.4187804228730054 1.0627584887215669 1.5197729286988158 9 29 466
1.6857137620717886 2.0767314882330856 1.5326955144643588 9 30 225
1.6963831857396827 2.072048663232713 1.5325278345382567 9 30 227
1.801993984101153 2.0798447848945267 1.5313584080215499 9 30 236
1.999275099238424 2.067586752198193 1.5289310380353054 9 30 256
2.1210943267677584 2.06133570563757 1.527444096697728 9 30 267
2.4379913936395488 1.566024865630949 1.5192379714110513 9 30 373
2.4209158253182013 1.5503414997091411 1.5192964425256037 9 30 375
2.4252271147918107 1.2771713103348479 1.5167721260410487 9 30 425
2.4441141307595062 1.1427586826615261 1.5153331899639901 9 30 451
2.4906454327416396 1.106590453463508 1.5144593229992538 9 30 459
2.441211629503161 1.0801883449197471 1.5148006631639785 9 30 463
2.4383770827378672 1.459307181427377 1.513166496078509 9 31 392
2.4039413016436564 1.3805447785385965 1.5129469011697156 9 31 405
2.4781999008397557 1.329571220844136 1.5115322123606372 9 31 417
2.4241874041098015 1.0523943440953252 1.509874017133979 9 31 468
1.5703506164578394 2.0905324088452835 1.5258315957126816 9 32 210
1.6301575918282176 2.093574730659759 1.5249815473905763 9 32 216
1.885392308336455 2.079368695666335 1.5211350807105535 9 32 244
1.9758193865723395 2.062586368152133 1.5196777826575456 9 32 255
2.130203459855127 2.065955878543474 1.5174474146327144 9 32 267
2.4320099201339893 1.5135177509940163 1.5085893760744016 9 32 382
2.401893929932519 1.4289633289523387 1.5083494278220442 9 32 396
2.425188532580356 1.2659806845961532 1.5066974560397708 9 32 427
2.4128603254659677 1.2110877344567328 1.5064360602865254 9 32 437
1.902775956773744 2.0663225818371824 1.516129602104376 9 33 248
2.0350228419701746 2.068309491127742 1.51401997503573 9 33 259
2.455925787002099 1.407315631005687 1.5022738965872635 9 33 402
2.423324310180417 1.3460264656257126 1.502335517826394 9 33 412
2.4110366330503097 1.284639703539075 1.5020700523378148 9 33 423
2.4695121742209363 1.1820701155459403 1.5003572125165001 9 33 444
1.6289950609574952 2.0936668187870406 1.5164642380759719 9 34 216
1.6608985103884635 2.0958081164370537 1.5159206669633165 9 34 219
1.6814187468958464 2.0758080261998457 1.5154206739301732 9 34 225
2.1033306670630223 2.0542715140471963 1.5078814590339453 9 34 267
2.4217465754982372 1.421949710340997 1.4978581863084548 9 34 398
2.4284127176174333 1.374008139927037 1.4974042387236417 9 34 407
2.4029089207339904 1.2090087328976447 1.4966902015953598 9 34 437
2.4702234593892998 1.0715388641743797 1.4945445484467386 9 34 465
1.7505047786562065 2.076071022465949 1.509771138561332 9 35 232
2.43688517401027 1.5143099249647078 1.4930930921470909 9 35 382
2.407017292154588 1.4903565700202674 1.4935029312456718 9 35 385
2.454317565508223 1.329684860889603 1.491557548542377 9 35 416
2.428664437113654 1.3033381509117699 1.4918718690894819 9 35 420
2.400355317372698 1.197862723943025 1.491720047327565 9 35 439
2.462575265802266 1.1487618741658308 1.4902200884266141 9 35 450
2.4534604577349697 1.1266022898902297 1.4902482320466321 9 35 454
1.8897186957492993 2.0717604200136437 1.5024578443317123 9 36 246
2.416746228179512 1.4536242337891552 1.4879831129062735 9 36 392
2.4255596136713153 1.444521699399332 1.4877484857412895 9 36 394
2.4410141290104015 1.403628667260957 1.487186977456622 9 36 402
2.451024109657131 1.237052800434446 1.4859799734152677 9 36 433
2.430896013460875 1.1757389918542436 1.4860215763758957 9 36 444
2.4760244073726247 1.0662141098752056 1.4844414400206793 9 36 466
1.6670965726504554 2.0795095678230315 1.5027142446535509 9 37 223
1.7000710329063176 2.081641939295272 1.5020053746775819 9 37 226
1.7967605942615812 2.084791247550983 1.4999096812113752 9 37 235
2.1646143461511005 2.035856915897181 1.491600893671842 9 37 275
2.2119158579016314 2.0388046126020996 1.490583414510257 9 37 278
2.4123851690332487 1.386534956738671 1.482607155782946 9 37 404
2.446959091656629 1.30070247516176 1.4813784829896683 9 37 421
2.4502009511612775 1.0476654747214225 1.479912935990445 9 37 469
1.8880435019444444 2.0660423726872086 1.493159953727797 9 38 247
1.9181742285749475 2.06982340026578 1.492476666781707 9 38 249
2.00102560994235 2.0706253791868905 1.4905498061659643 9 38 256
2.0790373867988343 2.0499737850554034 1.4886283956331434 9 38 266
2.4222067286654063 1.2213522927982057 1.4764849214468359 9 38 435
2.3994995940421098 1.1707400414582898 1.4767608900549334 9 38 444
2.482522679596097 1.1133467607960847 1.4745388608273833 9 38 457
2.4171555332959933 1.033797232658151 1.4756642509686915 9 38 471
1.7227497925874844 2.0839260454137016 1.4926758674928347 9 39 228
1.7938400834745116 2.0893186470711296 1.49094003431126 9 39 234
1.8332594613353779 2.082560999782832 1.489933711396961 9 39 239
2.4512649776048443 1.5172728714625408 1.472092523830532 9 39 382
2.4406957678660346 1.4641292737727607 1.4721153643003655 9 39 391
2.4593958292312097 1.4235818666402624 1.4714701589735084 9 39 399
2.4278926129623564 1.3564847084498224 1.471948578826318 9 39 410
2.423635448858377 1.2853285089351767 1.471734193384257 9 39 423
2.4334404278599644 1.1227787971213359 1.4707609201645957 9 39 454
1.6037013233676074 2.092038200167807 1.491397923875259 9 40 214
1.8661616380974535 2.066752714211815 1.484417350276586 9 40 245
1.9920495227712895 2.072557864633693 1.4811406032758663 9 40 255
2.3162196645859026 2.0601017904692096 1.4725935582871632 9 40 282
2.4500213450287784 1.4381093975128596 1.4666079733241755 9 40 396
2.4048583389888853 1.2339625747050835 1.4669784211655337 9 40 432
2.4197105226507967 1.2203989913821487 1.4665350607729213 9 40 435
2.394636928296346 1.179874305140353 1.4670308440389723 9 40 442
2.451591590912543 1.062174739068431 1.4650689395950347 9 40 466
1.8309451507045704 2.0820214601856266 1.4808087619167511 9 41 239
1.8500908788519177 2.0753903489955716 1.4802559795913595 9 41 242
1.8868962845745991 2.0663703756835132 1.4792062705516438 9 41 247
2.0425125315940966 2.0511364869916715 1.4748475832598764 9 41 263
2.127418016576221 2.0552701140572474 1.472512684332593 9 41 269
2.4118800979106156 1.374718343744084 1.4622775800017058 9 41 406
2.437431959582123 1.330604670341276 1.461417328250088 9 41 415
2.4115581809751165 1.2988288527626914 1.4620228410500173 9 41 420
2.46976533032148 1.1583263336161624 1.4599241839557426 9 41 448
2.4390574529908386 1.1019418311027742 1.4605779594581636 9 41 458
2.0069528859106276 2.057551557300954 1.4710118300733894 9 42 259
2.4417152319887236 1.5429374255862611 1.4568235824644369 9 42 377
2.4277084267820093 1.3941963989351707 1.456790814243245 9 42 403
2.4292653922943246 1.2426218938376896 1.456296322779553 9 42 431
1.6289701103156555 2.0918268785273035 1.4778095981666124 9 43 217
2.09345261539945 2.057793584006908 1.4635191631824092 9 43 266
2.452046439814882 1.421276181308991 1.4509904171908798 9 43 399
2.4391844079167537 1.3141300529456739 1.4511211365056762 9 43 418
2.4121293183730597 1.0620801580449477 1.4513307171896448 9 43 465
2.427063819116897 1.048231227483819 1.4508399666502507 9 43 468
1.6797140393834065 2.073153542567253 1.4718288384747165 9 44 226
1.8569870002901627 2.0688603630839513 1.4661392598789709 9 44 244
1.9763335944388882 2.060545050453647 1.4622983066827278 9 44 256
2.4603646374241097 1.5131220920467503 1.4457242785313764 9 44 383
2.458642980542653 1.4956714569447906 1.4457456070561583 9 44 386
2.4245250316137414 1.343836527132603 1.4465445219023114 9 44 412
2.443802331019269 1.2984097044163643 1.4458386124173683 9 44 421
2.4431648044454253 1.2874498545896063 1.4458377861984095 9 44 423
2.430999293232834 1.226321638931838 1.4461091028907174 9 44 434
2.3653345890489685 1.1900703345523276 1.4481432152415121 9 44 439
2.3954452082203077 1.1840143209483385 1.4471664825803572 9 44 441
2.446443427459877 1.127936952457914 1.4454233219051185 9 44 453
2.457020772023362 1.097752523033777 1.4450257930603256 9 44 459
2.4539306009042408 1.029894474121856 1.4449932096905602 9 44 472
1.6274211578475168 2.086539738917816 1.4692123895584628 9 45 218
2.116423492486563 2.0512931149474762 1.452775112974516 9 45 269
2.46994342842111 1.4415815343510803 1.440058275744332 9 45 396
2.426230208728794 1.4098695978232783 1.441477901143819 9 45 400
2.449773980644688 1.1702611950432962 1.4403470214401182 9 45 445
1.5837642117022677 2.0881969838989565 1.4664175611201267 9 46 213
1.7768697197049552 2.0828208327651256 1.459658639921231 9 46 234
2.450800040781719 1.4935349745038036 1.4355490167861347 9 46 386
2.440282015321455 1.4629181229481634 1.4358889191603452 9 46 391
2.421943498671669 1.3812220697183415 1.4364556799899337 9 46 405
2.4177608867798863 1.3420994457473063 1.4365662251577087 9 46 412
2.4220651531766224 1.256419982405311 1.436337398270917 9 46 428
2.421759322828456 1.2189994305863998 1.4363139052281142 9 46 435
2.4244463127655367 1.1506995998185894 1.4361575228793613 9 46 448
2.4232126774428147 1.077632656183623 1.4361339118006398 9 46 462
1.7001130956301402 2.079886700880114 1.4579091386155918 9 47 227
1.7907470130310372 2.079580207955674 1.4546061229942633 9 47 236
1.8558483438591002 2.069212850735112 1.452229546857279 9 47 244
1.8852526902129 2.0618460085338257 1.4511550445213772 9 47 248
2.000692157532593 2.0672954380757638 1.446950363045712 9 47 257
2.1054862315380936 2.0584725928408183 1.443127916267891 9 47 267
2.413168082745748 1.2761241139861694 1.4316025475553384 9 47 424
2.4305831718184914 1.1881556855191437 1.43093273442962 9 47 441
2.4792470317125535 1.1736674338229691 1.4291535272085012 9 47 445
2.125554278264657 2.05613663286662 1.4373467408098377 9 48 269
2.44432360771743 1.5257774866102234 1.4253229320583818 9 48 380
2.4410422247126977 1.4235805887180781 1.425459046337349 9 48 398
2.4038556162427636 1.360762980175895 1.4268760001480256 9 48 408
2.4428673438924413 1.2972480979405197 1.4254043390785207 9 48 421
2.4263158964839064 1.2137948594804127 1.4260413754004184 9 48 436
2.4735509441719086 1.1140627239086265 1.424262118680152 9 48 456
1.6225785012378982 2.090501389530704 1.4520775275205944 9 49 217
1.93954799550316 2.077945827082352 1.4396031805914973 9 49 250
1.9703656702393655 2.0760136672778975 1.438390797769837 9 49 253
2.427555235070631 1.5613743428137443 1.4207107434558228 9 49 373
2.4265255426690713 1.3158334549237325 1.4209059070561232 9 49 417
2.457878335426374 1.1435359656644204 1.4197797284257088 9 49 450
2.433083924941005 1.0932371942641597 1.420787804437877 9 49 459
1.8700580796283055 2.060743857368503 1.4376635104511304 9 50 247
1.9909440215946042 2.0691740521224347 1.4327154885653872 9 50 256
2.0907011325564766 2.0583042752531653 1.4286527149497172 9 50 266
2.4499192898797064 1.4757546690674792 1.4146453409946615 9 50 389
2.44173215403552 1.4513617747926173 1.415007735260264 9 50 393
2.443310116170122 1.440490888523519 1.4149557239397446 9 50 395
2.4479947068520986 1.4303060922237825 1.4147760165268028 9 50 397
2.409751876270565 1.3834333949511164 1.4163919763786035 9 50 404
2.4203547190917902 1.369095513010459 1.4159752564023114 9 50 407
1.6452060669800623 2.0781338060333954 1.4380837376949795 9 52 222
1.955986941088942 2.053072675043459 1.424526281659554 9 52 256
2.083481491769241 2.061315542501633 1.4189241269562514 9 52 265
2.4414056931134733 1.56462990953696 1.404329201245262 9 52 373
1.5635203946967877 2.074327754336613 1.437412118522377 9 53 214
1.6626295224278311 2.0775453372764314 1.4329161703554387 9 53 224
1.706628657633562 2.0854730857183577 1.4309026895647996 9 53 227
1.7599307756437188 2.0712987189799543 1.4239761709222254 9 54 235
1.9792836375945284 2.064737932234709 1.4137415470478396 9 54 256
2.4825073864056724 1.171864428656692 1.393083195598665 9 54 445
2.4457021961439747 1.1403084906507766 1.3949054161104295 9 54 450
2.4398909102935553 1.0870103890861673 1.3953484117327233 9 54 460
1.6375078977593946 2.0854084500022876 1.42527180628137 9 55 220
2.4488737324555494 1.1192249608003537 1.3897423301279743 9 55 454
2.381909413254839 1.0341311791770176 1.3932899254790025 9 55 469
1.74191602509439 2.0839738448549556 1.4156992297611102 9 56 231
1.7654670094734484 2.0802216486567184 1.4145443193060896 9 56 234
1.8398811700541104 2.080441661160897 1.4108437999675014 9 56 241
1.850710177448538 2.07492073783072 1.4103288970783012 9 56 243
2.391214151809659 1.1955967323551993 1.387195772694278 9 56 438
2.420499868639908 1.2585957373990229 1.3803472251941447 9 57 427
2.4467012969252377 1.1077234474458881 1.3797256187906424 9 57 456
2.392560206468984 1.0497737149197253 1.382774129956232 9 57 466
2.4240795565792777 1.0169041393228118 1.3813171916702154 9 57 473
1.600993263968141 2.076675406459073 1.4140627755000017 9 58 218
1.8137943822439313 2.084207274957574 1.4028115446194485 9 58 238
1.8424061850592501 2.0607049473834547 1.39673351145232 9 59 245
1.8738045938235186 2.059785780413009 1.3950379513778277 9 59 248
1.9055276647519008 2.0642756409093725 1.3932933609402354 9 59 250
1.9361574716187704 2.062382822404561 1.3916450971626586 9 59 253
2.402677153713146 1.2283363242377427 1.3712213058653628 9 59 432
2.456787236644115 1.1721076629478833 1.3686169333936464 9 59 444
0.6525764798640046 2.206346807057825 1.4573366877960967 9 60 34
0.6458430033038438 2.1717501545388354 1.4579306338240743 9 60 41
0.6528892750073849 2.154807839667046 1.457645760764752 9 60 47
2.4292648845798235 1.146783463624171 1.3651577497884158 9 60 448
2.397723459296377 1.116508399053393 1.3671051368079867 9 60 453
1.6001913284885738 2.088056260214274 1.3966180065462903 9 62 216
1.6781012606775327 2.0838837523871985 1.39207994968941 9 62 225
1.8487614755109063 2.064806098314323 1.3822127624796234 9 62 245
0.6453555449882322 2.185308132959796 1.4489005284319645 9 63 38
0.6389902948644717 2.159234568131531 1.449489379159238 9 63 43
0.6538918673848468 2.1419891621816882 1.448729545528312 9 63 51
1.9639980911827029 2.0656463723024334 1.3705476594467745 9 63 255
2.412200163029536 1.3753911226715227 1.3386127570908097 9 65 405
2.418660403120832 1.338018343121356 1.3385394891317315 9 65 412
2.42726112555842 1.225100865131094 1.3390073741016668 9 65 433
2.4184805793683353 1.1649407999322612 1.340100241035803 9 65 444
0.6505216180337787 2.1605750673569264 1.4397983077889087 9 66 46
0.6376825367704475 2.124663708989098 1.4409684228523891 9 66 52
2.4203250667888927 1.283316245713924 1.3337327201409725 9 66 422
2.435532385774456 1.097974041040365 1.3345064493852274 9 66 457
0.6433912773723907 2.1902028473764386 1.4369707891645178 9 67 37
0.6476014556868774 2.1151381575784907 1.4374432662179932 9 67 57
0.7092885830242328 2.112490349249205 1.4333904279108851 9 67 72
2.4108501610874993 1.3802510144301399 1.3281921875051534 9 67 404
2.3936529799937847 1.2086500757996284 1.3310459968503339 9 67 435
2.373131347227681 1.0749096300253385 1.3337409206733493 9 67 460
2.419000621713568 1.0228261579253304 1.3312286243029963 9 67 471
0.6403630166901608 2.1291927989713555 1.431829096160946 9 69 52
0.6509211417027321 2.1274025192595225 1.4311189430657885 9 69 55
1.619262388260171 2.0909473804684358 1.3645746373201364 9 69 218
1.6435995135804968 2.078176202207131 1.3630332725192102 9 69 223
1.8308119668477567 2.063487499061555 1.3502525360855553 9 69 244
1.7222851444402076 2.078418427649991 1.3530065676868666 9 70 231
1.8881311224690456 2.064606367992053 1.3414508470911262 9 70 249
1.7856423768286307 2.0583046566978993 1.3347246402516926 9 73 241
1.7413198074183773 2.074015481374544 1.3285800791438818 9 75 234
2.403346268547394 1.1543769325940216 1.2898992686700672 9 75 445
1.7556621377122674 2.065596336888813 1.3229182160748278 9 76 237
2.43969410628719 1.1108161913456311 1.2824867438696748 9 76 454
2.403503570465051 1.054158737268188 1.2862082100028933 9 76 464
2.3877621530658497 1.011273546692025 1.2880962202954795 9 76 472
0.7148812981557169 2.11579070665138 1.4020318880066753 9 77 74
2.419743730781918 1.0397883661110516 1.279997626994597 9 77 467
0.6466126697741243 2.1411640204199305 1.4041642176884452 9 78 52
0.674044068085448 2.1192643150231154 1.402240799280192 9 78 64
1.6534762525629616 2.0819440055021583 1.3172493334620528 9 79 224
2.4404631608175102 1.1258676070547666 1.266568597072251 9 79 451
2.381487706196211 1.0249480397986594 1.2731901456278707 9 79 469
2.3908083312661566 1.1617020729280236 1.2649997257924133 9 80 443
2.416078601657894 1.0802027917662804 1.264208580044481 9 80 459
2.415086020727464 1.0486210500482978 1.2648273652963227 9 80 465
0.6503865984198194 2.223569939317659 1.393300960120631 9 81 33
0.6546494336275896 2.1269829873699564 1.394612323594913 9 81 58
0.6604833794058449 2.116588156774066 1.3942840618682728 9 81 62
1.6055597647333255 2.0773755401906433 1.3124378009077229 9 81 220
2.4197788611768685 1.1546340398391202 1.2574196987023467 9 81 445
0.64664149428203 2.1558631451275927 1.3917607356238393 9 82 49
1.6300259342205856 2.08076545970062 1.3057328494296914 9 82 222
2.3945872495043687 1.0614141799281485 1.256112975822783 9 82 462
2.4042163568901143 1.162582938463129 1.2482332399896383 9 83 443
2.423453274073206 1.1170560829954295 1.2473369051354783 9 83 452
2.3938656737622734 1.0453356138926728 1.2513381027923378 9 83 465
0.6832342033490191 2.119643738964291 1.3829812061132951 9 84 67
1.5628140245674023 2.090978414107874 1.3026815002614092 9 84 213
2.436589746735799 1.086323992790289 1.241496899180153 9 84 458
0.6473486736076413 2.203056382684692 1.381606804480185 9 85 38
1.5816460311934648 2.0916471873267852 1.2964808657674673 9 85 215
2.3674033483227483 1.0315914686579584 1.2438061005182341 9 85 467
0.6884130291585675 2.1136597928223573 1.3764162157281532 9 86 70
2.385351488202958 1.0589553785729144 1.2364529470734578 9 86 462
0.7116598549624666 2.1031136667047905 1.371283335488906 9 87 78
2.39513506413504 0.9817751638383599 1.231956233333782 9 87 477
0.674939172003479 2.126615619171712 1.371245285873965 9 88 64
1.552734408710088 2.097192025517388 1.2857957722956144 9 88 211
0.646897927012291 2.221913875515712 1.368866630996027 9 89 34
0.6435016626166172 2.1224537633599945 1.3683127489076765 9 90 58
0.6591766006913484 2.121264910880036 1.366753895054814 9 90 62
0.6512650113877567 2.1746652344201776 1.3632674391138817 9 91 47
2.4036763425410417 1.0748147954087317 1.208416813030284 9 91 459
2.397181152004968 1.0374000289575571 1.209937260061155 9 91 466
0.6525172647790085 2.229832786273234 1.358747552667277 9 92 34
0.6521693942011113 2.193248065825884 1.356522048134135 9 93 43
0.684764623090589 2.1188596588529367 1.3548518819990738 9 93 69
2.3830462233782814 1.0508828020504977 1.2007370799254107 9 93 463
2.3668817886349185 0.9821383086661211 1.2040895833112755 9 93 476
0.6524651154002317 2.117633322852951 1.355218400803376 9 94 62
0.7183911246894645 2.1094657442073768 1.3483425717225055 9 94 79
1.515201601610273 2.088275033868138 1.2633436536072677 9 94 209
2.41188073056823 1.1061343701900332 1.1858488507546823 9 95 453
2.3487091466199344 1.0414278170016065 1.1943431783693843 9 95 464
0.6386318704635223 2.165878114966717 1.3493449746946786 9 96 47
0.6584100312439569 2.112536735403304 1.3485225366927376 9 96 65
0.7316277050338806 2.11433873631004 1.340391265888872 9 96 81
2.357089062549358 1.0212128406442684 1.1887987766328076 9 96 468
0.6457645114176234 2.2102923672662005 1.3442932875282623 9 97 38
0.6511155972386218 2.1423678355857967 1.3454649458285775 9 97 56
0.6284930680855965 2.1661318536849246 1.341208948988145 9 99 45
0.6571068855125546 2.1494433745962787 1.3383688733046084 9 99 56
0.6768972749002944 2.1115293641204396 1.3371209026782802 9 99 70
2.38164137137251 1.0585862925150713 1.164289574652607 9 100 461
0.6345028893588258 2.1978778676198 1.3334169526639033 9 101 39
0.6726010592351286 2.1135558394054446 1.3281577539113907 9 102 69
0.6451236768079514 2.1731251358641352 1.3266018715621122 9 103 48
0.6374222327374979 2.20712280909588 1.3233968056607852 9 104 38
0.6391037991370938 2.1437200964469216 1.325086065549622 9 104 54
0.7219383832382706 2.098570800936466 1.316254329206993 9 104 84
0.6796139219171136 2.1018054418392267 1.3182063186158441 9 105 74
0.7159399926407082 2.118363497273208 1.3131799267120696 9 105 78
0.6424161067153618 2.16448428311502 1.3177946541233436 9 106 50
0.6383353662299254 2.1083529783006147 1.320049368960277 9 106 63
2.407000186292465 1.1338948839502994 1.1273053729051006 9 106 447
0.6483175615517736 2.110376890426923 1.3156115308683245 9 107 65
0.6620763562906384 2.1111395229789482 1.3138313971926923 9 107 68
0.6756261536431669 2.1155776270754845 1.311961957187552 9 107 70
2.4125950769797293 1.0751913878391781 1.1230982465266564 9 107 458
2.406134108032045 1.032050737553837 1.1252841985395814 9 107 466
2.427486935846246 0.9865106440514542 1.1239959234989676 9 107 475
2.4136365357256224 0.9644571165676243 1.1264595928558085 9 107 479
0.6505980295005882 2.2358824502294663 1.3081667413102116 9 108 35
0.6407710581863388 2.1528334051535865 1.308967189962188 9 109 53
2.4052827521478597 1.0629956885425202 1.1137900189378396 9 109 460
2.4305744344387747 0.9696985822966306 1.108218312814905 9 110 478
0.6529486683328964 2.2280121001531974 1.2985146640887246 9 111 38
0.7303947311054158 2.1022235451783633 1.2923887247439874 9 111 86
2.4082895961255715 0.9937596421617251 1.1050733745549253 9 111 473
0.633490227310862 2.135799086598559 1.301108745396359 9 112 56
0.666149405908858 2.110133975791128 1.2975634040134667 9 112 70
0.6420683202933251 2.2061140229606213 1.294350348390341 9 113 41
0.7076607814786486 2.107901823914032 1.28878220018247 9 113 80
0.6777720352123291 2.109988018141723 1.289618065608891 9 114 73
0.6433273478823878 2.1190424396248386 1.2909310361403261 9 115 63
2.417019140290758 1.1757598501640345 1.076052942976875 9 115 439
2.4052728256029887 1.1516445150571895 1.067741122332013 9 117 443
2.415717466841125 1.1037680404175438 1.0626056313327732 9 118 452
2.3819661548706876 1.062443083180555 1.0690582230501475 9 118 459
2.366817247201564 1.0292068708768314 1.0725076074457962 9 118 465
2.4273413090111537 1.1320190114403488 1.0544010289240955 9 119 447
0.6980316164563938 2.104405038512714 1.2643675644993548 9 121 80
2.374965973167752 0.9400022428767912 1.0588762777687761 9 121 482
0.6760871864874964 2.117769406005415 1.2639083280907972 9 122 72
0.7140504819190694 2.10707599134535 1.2585850956440185 9 122 83
2.3970488732215935 0.9567504314010679 1.049580839376806 9 122 479
0.6244898190360357 2.224957297920182 1.2642425523809389 9 123 34
0.6324384973079036 2.2205712430165847 1.2632033817227213 9 123 37
0.6381700920812234 2.188967700702844 1.2636049952728192 9 123 46
1.3553525360625307 2.08635258070539 1.15367921552007 9 124 193
0.6425100888866069 2.1331519987344487 1.2588265402576766 9 125 61
0.6368575845607234 2.1035955769304118 1.260939267423061 9 125 67
0.6342286512592501 2.1503219773669264 1.2562180143867854 9 126 55
0.6480842652923748 2.1161099170885245 1.2490779354650987 9 128 67
0.6660371274133143 2.1165630104041275 1.2461658721508757 9 128 71
0.6276411909075865 2.1953315196138554 1.2457272396003944 9 129 43
0.7109059783080356 2.1005265594368883 1.2363352252287536 9 129 85
0.7473720981565743 2.1119242227548973 1.2299012891686696 9 129 90
0.6341232057000095 2.161248857238281 1.2429570277323374 9 130 53
0.6552463291317696 2.124851284719989 1.237874817448782 9 131 67
0.6743257376021135 2.1098564992535187 1.2353828738728974 9 131 75
0.7203280486810444 2.106040258043845 1.2279197325624618 9 131 86
0.6300850254024228 2.2083703455642647 1.2350552595108715 9 132 41
0.6329094903403589 2.1821129403993798 1.23577811524619 9 132 48
0.629066411991537 2.153651929323101 1.237718757976898 9 132 54
0.6274966178880299 2.1365228089878654 1.2355652419486387 9 133 58
0.6332649150427145 2.22570327445151 1.2272146835600255 9 134 38
0.6386830677694544 2.206764133309391 1.22391045597546 9 135 44
0.6339386645847831 2.1653913938101197 1.2234486037768124 9 136 53
0.6857627810775322 2.111293919771554 1.2170142057287034 9 136 78
0.6246011452194293 2.1700360751732064 1.218394184022166 9 138 50
0.7192474684111134 2.1054326407357777 1.2047722156414942 9 138 87
1.2994587171511913 2.0829894500814183 1.0986778995373805 9 139 188
0.6363846777658266 2.1295356592328525 1.2118223122336205 9 140 63
0.6510702066647565 2.114791366086086 1.2099087482228028 9 140 70
0.688342606670945 2.1080281028851795 1.2035152384903884 9 140 80
0.6398785777565712 2.191537079617487 1.2048031370572059 9 141 49
0.639807424401176 2.1706257176658035 1.205876347924284 9 141 54
0.7120389601953652 2.1092846315366973 1.1958208148886764 9 141 85
0.6275913193243807 2.226132776853647 1.202004828934341 9 142 38
0.6270773828489804 2.1186706191983675 1.2043845423225017 9 143 64
0.6459261767172668 2.116097824617361 1.2010204707103576 9 143 69
0.653652140933153 2.115138994607468 1.1996366014374873 9 143 71
0.6786069452735188 2.1011664769469407 1.1957306389135915 9 143 80
0.6407482260858126 2.1695739500688305 1.1959274690001331 9 144 55
0.62441494830681 2.1916436867248508 1.1945571977408256 9 145 46
0.6365678261390051 2.1870531298724036 1.1925054911559825 9 145 50
0.6696334208653638 2.110748390161463 1.1903057990893724 9 145 76
0.7210203220191786 2.1115468818092094 1.1805592047890177 9 145 87
0.7650693016984798 2.1122229683137927 1.1722048442036488 9 145 96
1.2293888915969777 2.0750513045720256 1.0864897618462461 9 145 181
1.283369719654217 2.080483736740585 1.076007682700129 9 145 187
1.2229607127387019 2.0859394718987923 1.082925682447673 9 146 178
0.6301340020368187 2.1168738971808785 1.1877056146417746 9 148 66
0.6718939276535068 2.114839900483796 1.1797238349236494 9 148 76
0.7187449474586989 2.1072876548373403 1.1710574779975835 9 148 88
0.7341553710644517 2.1047518767697904 1.164791661931646 9 149 92
0.7041506069825498 2.099770048743385 1.1675622618973636 9 150 87
0.6354087497158181 2.1694630737490557 1.1739159417248703 9 151 55
1.2727742989025375 2.086438986722976 1.0519141036004487 9 151 185
0.6402284550911013 2.2001641892503923 1.1678935939075537 9 152 49
0.6512183995069503 2.1148721738938345 1.1705582045598986 9 152 72
0.6744226860544054 2.111572622473684 1.1660955464382567 9 152 78
0.7073296234087523 2.095565679702521 1.1604133121408093 9 152 89
1.2238931257431434 2.085086040174185 1.0532357398759187 9 153 179
0.6644586534807613 2.112024055806737 1.161416472358823 9 154 76
1.071009505639218 2.085989373070963 1.0800920137483156 9 154 157
1.2397661759241587 2.0861933635133294 1.0456935458388121 9 154 181
0.6436488287906521 2.1679037511298906 1.1590733642108462 9 155 58
1.2012888366828363 2.080845079962738 1.049636910625435 9 155 177
0.6715645215330897 2.111635095485537 1.1533011098975328 9 156 78
1.0375874276188664 2.0862873813719207 1.0790028829723946 9 156 152
1.079847073929208 2.0792640309444783 1.07066804906214 9 156 160
0.626253661703694 2.135861148918122 1.157956286809034 9 157 62
0.6608341839407212 2.114839130417522 1.1519978853325075 9 157 75
0.6997899351592156 2.0962661594723553 1.1449791356633519 9 157 88
0.9897994039902744 2.093059674220523 1.0846252055281138 9 157 143
1.0152896503325046 2.0890176369157327 1.0795459968477827 9 157 148
1.0878693997937672 2.0760476684250344 1.0651713285115987 9 157 162
0.6403929740358973 2.112948411117405 1.153074938101645 9 158 71
1.011421148371004 2.0959430914504416 1.0760231674211422 9 158 146
1.0525836549922951 2.0889259386858265 1.0677856980513587 9 158 154
1.2013321961918866 2.0823555734628285 1.0368799727077005 9 158 177
1.2524925651839958 2.076658415132143 1.0264585204343097 9 158 185
0.6233064732388174 2.193522339801457 1.1451323896658598 9 160 48
0.6281714446296511 2.2118980139175166 1.139603613239905 9 161 45
0.6266897847909207 2.126739509520202 1.1452316441606405 9 161 65
0.6835430715168274 2.1134762156033435 1.1338076595197308 9 161 81
1.0809200102787049 2.096821289275269 1.0492186584530787 9 161 157
0.6641048627539781 2.108815240950562 1.1349290431354937 9 162 78
0.9783539320050973 2.0964296422841464 1.0674650849288239 9 162 141
1.2278465643759815 2.0871977785878104 1.0138653881018844 9 162 180
0.7175255434484908 2.107595473454916 1.119953636976302 9 163 90
1.0019886755641456 2.096338184192636 1.0584146407341912 9 163 145
1.0395733895807853 2.0962148845320594 1.050197151003546 9 163 151
1.0632364884377548 2.0852296812567648 1.0457163138956556 9 163 157
1.2326281912192192 2.080955458052986 1.0089168550302503 9 163 182
0.6226300726955909 2.1249627011067354 1.1363124553699766 9 164 65
0.6887199013784022 2.111831411645605 1.122579265063961 9 164 83
1.014838995530159 2.0971934101825314 1.0515974272783672 9 164 147
0.6724269532777407 2.1101736498497945 1.122893607618912 9 165 80
0.6985232628358187 2.112980216165857 1.1169128386979281 9 165 85
0.7202211077849563 2.098616653683252 1.1130204470609217 9 165 93
0.9703867193981841 2.0921056301025334 1.057849377468758 9 165 141
1.0689007821115981 2.0903644223724114 1.0360700280331108 9 165 157
1.2072621769013852 2.0848826223076573 1.00567774155988 9 165 178
0.6160368301083088 2.1992332951248015 1.1263157017576813 9 166 46
0.628194231622627 2.1110733802412156 1.1293498488897031 9 166 70
0.9429757037672049 2.1087810578160373 1.0551654066106635 9 167 133
0.9835295113799285 2.0939826302005073 1.0469912879229484 9 167 143
0.6294028259255637 2.2015588880791173 1.1164171345972285 9 168 49
0.6287418160317693 2.1797117147649963 1.118019810350744 9 168 54
0.8922684486199639 2.1011259419710404 1.0633447329442332 9 168 126
1.2176337121082739 2.0834059041943176 0.9905673119884046 9 168 180
0.6322385919967999 2.1128516406263897 1.1183346312911553 9 169 71
0.6408192545771472 2.1974779792160715 1.1072888968329444 9 170 53
0.6687278497679583 2.1059837388627773 1.1070420355585249 9 170 81
0.9261138260428543 2.09741982776905 1.0482437894237688 9 170 133
1.0711776871704153 2.1041989056635977 1.0143194668825222 9 170 155
0.6201230041649568 2.211531507520982 1.1077305990170974 9 171 45
0.6193287266922369 2.1308856459548675 1.113420658377869 9 171 64
0.6406432029826903 2.1055946240479706 1.1101937988594748 9 171 75
0.93959125079075 2.099382748643582 1.0411434057882993 9 171 135
0.9499671256626225 2.0845786851681583 1.0397427223201103 9 171 140
1.1884420650020253 2.085112811558238 0.9842855330498788 9 171 176
0.6267034291383968 2.1596345916355593 1.1063779423398254 9 172 59
0.6990204072989006 2.1012304596293667 1.093470517942029 9 172 89
0.9952377792938907 2.0963659460622006 1.024461161630001 9 172 145
1.0185076521921825 2.09506628441002 1.0191031953899476 9 172 149
0.6179817944490835 2.2194638182119446 1.1009082725222912 9 173 43
0.6241037271005083 2.1369289480929528 1.1051976968600485 9 173 64
0.8581321045621881 2.0990284083617805 1.0526453296372538 9 173 121
0.9774280185670841 2.0927909780917044 1.0249480500798738 9 173 143
1.2004478434413035 2.089263019179345 0.972603976852725 9 173 177
0.6584486413935546 2.103408747067946 1.0960321759440343 9 174 80
0.9584095005416704 2.092727981758385 1.02553614511542 9 174 140
0.9345119698800373 2.097789252527671 1.026989527744808 9 175 135
0.6902063630742619 2.1001798356621224 1.0818076908057679 9 176 88
1.0373952797141452 2.0924145072396945 0.9987117295963037 9 176 153
0.629366313033771 2.2171045887178717 1.0847078195425979 9 177 47
0.632548062222539 2.19032402378275 1.0858602094323317 9 177 54
0.9159733136397588 2.107246987906919 1.023057819937983 9 177 130
1.0066665203659895 2.084446418165718 1.0026898313278059 9 177 150
1.1749862134246936 2.0790842176694015 0.9622329126337299 9 177 176
0.9684167557858554 2.098055700906824 1.0070522575766865 9 178 141
1.0445961936509311 2.0946096078026373 0.984612020032679 9 179 154
0.6645597059684667 2.108942895070326 1.073649904798629 9 180 81
0.7955872154770054 2.100162164889575 1.0418280093303367 9 180 110
0.8821583278576353 2.109295301861792 1.0197028166178173 9 180 124
0.9057195931305586 2.1009507948825434 1.0144790155330505 9 180 130
0.9167421423128981 2.0959974864831463 1.0121125054087365 9 180 133
0.9966000205724768 2.1066210632445763 0.9915410641996054 9 180 144
1.0764534404184365 2.084866289833518 0.9733558900639121 9 180 161
0.6328277200950427 2.219477958790249 1.069919620788089 9 181 48
0.6249287433653166 2.1772785498928053 1.0750247013881917 9 181 56
0.6262717699386504 2.132247144158174 1.0780340172018978 9 181 67
0.793601890050974 2.1041330302757744 1.034706518948059 9 182 109
0.8067030596278804 2.093214170343315 1.0322324107322878 9 182 114
0.9783645470631199 2.103302884433714 0.9883474936649898 9 182 142
0.628223144426828 2.127901572731372 1.0676812974357985 9 184 69
0.8062849417934239 2.0897278496720046 1.0252328271264195 9 184 115
0.9464066173654468 2.089329065444959 0.9895737516492149 9 184 140
0.9973594275091742 2.0907876345285556 0.9764849422535808 9 184 148
0.6385338086152843 2.224119854427812 1.0542535581927588 9 185 49
0.6748268215335176 2.1176154208031446 1.0531146843691381 9 185 82
0.8630970781644678 2.096982086340736 1.0064181741627922 9 185 124
0.9280113324586245 2.0849251692167625 0.9906966051378479 9 185 138
1.0213570117859674 2.085667608566225 0.9667026621384498 9 185 153
0.6321597769403242 2.1331040612910215 1.0594491813377258 9 186 69
0.9897019898486934 2.0955334639263143 0.9700476706163599 9 186 146
0.6443960413175804 2.103450033727013 1.0551559319407013 9 187 79
0.6847529001437684 2.1026210953353064 1.0447316664993398 9 187 88
0.6963795581292325 2.1046231612542172 1.0415538971429277 9 187 90
1.154865079062211 2.0803430741044093 0.9242839716615554 9 187 174
0.7966986922274022 2.089247548553633 1.009300489110895 9 189 114
0.8605957370575035 2.08844409701214 0.9925348874002522 9 189 126
0.9183459255921376 2.093469133530879 0.9769270657904972 9 189 135
0.9289296636452626 2.0925468506747635 0.9742125008628991 9 189 137
0.9681122063697951 2.0949258791232186 0.9637043813170889 9 189 143
1.018679520074277 2.0765283529892207 0.95184168010996 9 189 155
0.6254639180546167 2.1761294569674945 1.0440749761430175 9 190 58
0.6514341325430388 2.107870925301326 1.0426323016860743 9 190 80
0.8233178329707922 2.094339211785166 0.998141205622142 9 190 118
0.9992451188217728 2.0956050718040924 0.9513981860287609 9 190 148
1.143215008034061 2.0739446576613263 0.9149557792270362 9 190 174
0.622210015006285 2.1146000367165114 1.046431868723733 9 191 72
0.9442334678848949 2.096349377963586 0.9619613098540798 9 191 139
0.7666369417452679 2.0876339251329057 1.0064041098830816 9 192 109
0.6252611776343446 2.20401279980723 1.0314769507733819 9 193 52
0.6252088622908911 2.13990686331176 1.0367202566946714 9 193 67
0.6253629418521753 2.119022481443123 1.0383821520175505 9 193 72
0.6251710365148297 2.1831782324979305 1.0297288172318404 9 194 57
0.8308034362544021 2.0896522030006244 0.9814603858579702 9 194 121
0.8977048319978556 2.1030553408292145 0.9621542728752317 9 194 130
1.009253215360781 2.0912096903482715 0.9327742841137604 9 194 151
0.625301765525649 2.2229925830592654 1.0229200802327698 9 195 48
0.7875030742565978 2.098492941518148 0.9888074119376336 9 195 111
0.8029248463643388 2.098239376135926 0.9846049449244554 9 195 114
0.9607935216365329 2.0881990514210695 0.9422017856814799 9 195 144
0.6243885990578413 2.1753605943657646 1.0236394329137801 9 196 59
0.6329073922732773 2.107323228901283 1.0269667196163115 9 196 77
0.6721766843648269 2.097291558246676 1.0169801458077994 9 196 88
0.9023640836712592 2.1079812945173684 0.9526445396906191 9 196 130
0.6309972014081691 2.1441959379741915 1.0209461365188428 9 197 68
0.8179935251603714 2.0854388885590156 0.9740151633160015 9 197 120
0.9385843484463876 2.0909088252502954 0.9401065382379011 9 197 140
0.6421036689821642 2.1089413315045533 1.0173543010606072 9 198 79
0.8438352360343351 2.0893557679799537 0.9627017091001672 9 198 124
1.0157945208789667 2.093590104194679 0.9143433631810944 9 198 152
0.630055572125829 2.174678560205587 1.0116556429778718 9 199 61
0.6562083981099862 2.1058657945568413 1.0101765763101254 9 199 83
0.6665143946416652 2.1026423293980985 1.0075564938332016 9 199 86
0.7771743810025498 2.101094922488463 0.9766043562303287 9 199 109
0.8008551368045871 2.0946196938015658 0.9705045973895026 9 199 115
0.8681813504026115 2.09161871309598 0.9518487290097745 9 199 128
0.9068933439626281 2.085893986408463 0.9414627482903316 9 199 136
0.9438665809825852 2.101393698610207 0.9257455106899977 9 200 139
0.84214514014073 2.0853502724324624 0.9520505363741251 9 201 125
0.8856649249572783 2.0977384963519032 0.9386007393693919 9 201 130
0.9600775586448942 2.077181655503579 0.9192139250557131 9 201 147
0.6173537751969997 2.211794940227805 1.0015386805397593 9 202 50
0.7846071816440137 2.0917129608632155 0.9641329925512858 9 202 113
0.810647112229242 2.0958150252124734 0.95632310506831 9 202 117
0.9718318089583271 2.0540375628315557 0.9138323810394122 9 202 154
0.6363994712347916 2.153854823021248 0.9976222161871313 9 203 68
0.6437237937174363 2.1097351872889503 0.9993841274355416 9 203 80
0.6669403716088043 2.101528298377145 0.9934186084808189 9 203 87
0.6046272892167033 2.209028379343381 0.9984347863858485 9 204 48
0.7952066879021062 2.0886389058916563 0.9538542491907416 9 204 116
0.8439777017931354 2.0886832639634907 0.9397194507175144 9 204 125
0.9231660705958382 2.0831380737364324 0.9172654506780966 9 204 140
0.6199349898237743 2.2168488432243185 0.9897762333729726 9 205 50
0.6251434572661945 2.1063316181978378 0.9980921132465136 9 205 77
0.8950458816047613 2.022000754832094 0.9230113258398556 9 206 149
0.6242546857491724 2.1365195413973774 0.9886717018596003 9 207 70
0.7758589319691305 2.083123602132063 0.9487555236457723 9 207 114
0.6206127123858023 2.2243531818429836 0.978269441866519 9 208 49
0.6274030953151937 2.1876172766682247 0.9795913172114703 9 208 59
0.6232329523607598 2.161907438199168 0.9831650945927942 9 208 64
0.6385803051953902 2.1296830844042667 0.9815369085463772 9 208 75
0.6502006614756655 2.10230831895558 0.9805744872658001 9 208 84
0.6642952042419041 2.0989711438392606 0.9731379410444572 9 209 88
0.7577115046738832 2.100375423102135 0.9413838248525197 9 210 107
0.8127822164946241 2.084801026225805 0.9262737435254249 9 210 121
0.8270859535192221 2.078655728111261 0.9225425726319324 9 210 125
0.6224423005822455 2.1505290977632256 0.9738802725378105 9 211 67
0.6273081278744772 2.142418603762262 0.9731618640039925 9 211 70
0.8094127349839215 2.0472211881568345 0.9269554014442063 9 211 129
0.7647618210675045 2.0813284630769173 0.9335484206760376 9 212 113
0.6419225226466767 2.110848833797893 0.9645947895082564 9 213 81
0.781177469443677 2.0825960457661474 0.9246664436659795 9 213 116
0.8059095206308029 2.00625047798342 0.9242790680597822 9 213 138
0.6250705328384267 2.181282531227927 0.9595682939273092 9 214 61
0.7911086398739005 2.0561892601984115 0.9203322103359345 9 214 124
0.8333403093759859 2.0106058270355307 0.9116550565932692 9 214 142
0.6224153060792219 2.144924946010079 0.9602884150883777 9 215 69
0.7451862122686661 2.079715723914274 0.9285152658878344 9 215 110
0.7848846934093356 2.012511364430809 0.9226339962545437 9 215 133
0.7631167175348312 2.0737116197007217 0.9197900347749343 9 216 115
0.6099828395613889 2.21637916955887 0.9501966744200089 9 217 50
0.6208613459946302 2.1968416111189297 0.9486773499181094 9 217 57
0.7180056226194571 2.074954642394306 0.930035179618324 9 217 106
0.6265186090476313 2.168452496872569 0.94607394573397 9 218 65
0.6215362290687405 2.1079287848406763 0.9535218376753875 9 218 78
0.642258754683575 2.097662707754107 0.9479956965416968 9 218 85
0.6642919777856624 2.100904538442925 0.940744753101042 9 218 89
0.614700775796559 2.2041580846475957 0.9283877179012869 9 223 55
0.6159087647820822 2.1835178320102933 0.9300670764627751 9 223 60
0.6260419546761227 2.1030221315840363 0.9348604814437512 9 223 81
0.6125498619230105 2.112167550382745 0.9347736760655917 9 224 76
0.6669785976725673 2.014117828619242 0.9269461185712142 9 224 111
1.5962489806957145 1.1119581181457936 0.7153822842478954 9 224 421
0.6320573845828252 2.1015821771057674 0.9259169933579732 9 225 83
0.6788503907086527 2.0081150285493683 0.9200880096134776 9 225 115
0.6113530150756488 2.1856667265035585 0.920562464602956 9 226 59
0.6207064455790545 2.169648314918864 0.9155155594194405 9 227 65
0.6203780657150983 2.156294794993554 0.9169979987553046 9 227 68
0.614803965025079 2.1379041293882888 0.9207357182046836 9 227 71
0.6149846028509578 2.190919116332547 0.9116101368197859 9 228 59
0.6167686197027793 2.186335400196827 0.9006255363026513 9 231 61
0.6106330875783499 2.1118881936296763 0.9069800673011177 9 232 77
0.6229394210121197 2.076769771347787 0.906517557785218 9 232 88
1.4817608942210057 1.1045548538184184 0.7173869452875118 9 232 418
0.6184081638734993 2.1991910614998185 0.8877739945630301 9 234 59
1.4594362334020103 1.0624491948220514 0.7205220609502648 9 234 427
0.6113034831255406 2.136192492226161 0.8933796743686686 9 235 72
0.6219770156326239 2.204423769488036 0.8786468471670805 9 236 59
0.6221420107409776 2.1869034087756356 0.8804933666546297 9 236 63
0.6195535083790518 2.1062015808408634 0.8901629783962086 9 236 81
1.4219452075460617 1.0979735318478734 0.7207447729744271 9 236 417
1.4501591369469757 1.0231425320922782 0.7190668830990169 9 236 436
0.6078281418290521 2.155935719219165 0.8852168937489797 9 237 67
0.6157966507769106 2.0820809978919446 0.8905050671125583 9 237 86
0.6228985935954341 2.097960706511966 0.8826734698178471 9 238 84
1.2697945164345157 1.426807011213869 0.7291659983528431 9 238 331
1.4146069677887576 1.058963892307316 0.7187304446296476 9 238 426
0.617875405051094 2.2249633393465804 0.8667815858124932 9 239 54
0.6088884872612841 2.154183498444931 0.8777853637535471 9 239 68
1.3980095818987532 1.048041536086073 0.7213905173943721 9 239 428
0.6171909193082226 2.1807182500520756 0.8682515303291821 9 240 64
1.3888682745932264 0.9775926732232205 0.7237747045749303 9 241 445
0.6246388256495912 2.2030982752498613 0.8557135762367241 9 242 61
1.364324780305723 1.022041743082392 0.7189345163439189 9 243 433
0.6106458104464407 2.1423623140376855 0.8602806683694758 9 244 72
0.6111651878664033 2.112611731430607 0.8634802336264411 9 244 79
0.6156815422655426 2.2232365834952006 0.8455304719553008 9 245 55
1.332695311867346 0.9935309133304555 0.7250771392634237 9 245 439
1.3474770485834489 0.9795985081699337 0.721286106245666 9 245 443
1.178696592441074 1.4344153637449444 0.7264461788666036 9 246 322
1.1764574004104205 1.4083621188123066 0.7260270626565261 9 247 328
1.355773206938487 0.9446134029873219 0.7137317245520218 9 247 452
1.3297474501229258 0.9300553942123879 0.7207809137155475 9 248 455
0.6149038857973654 2.207860172448594 0.8327130702248695 9 249 59
0.6168112499716303 2.1742407056586366 0.8359424970047133 9 249 67
0.6062398181550257 2.1029729195966946 0.8482238201900016 9 249 81
1.2643328385550037 1.0182469221216164 0.7263877978171467 9 250 430
1.2723169728151618 1.0039101843312517 0.7250924668299169 9 250 434
0.6078995291521347 2.1942732488867236 0.8257789692357347 9 252 61
1.285714322774755 0.9208520959613329 0.7215718564504203 9 252 456
1.2828778806081576 0.9092616062143171 0.7240236795846671 9 252 459
0.6159148742348255 2.1640440039562368 0.8189188994728567 9 254 70
0.6108814610635991 2.146663757009986 0.8192281990393592 9 255 73
0.6099837766964935 2.1239661539839583 0.8223215091468856 9 255 78
1.2453172370717884 0.9495724960207267 0.7169701784578842 9 256 447
1.2443739762567763 0.9158022511422423 0.7214463698156421 9 256 456
0.60874350400915 2.2090123267125428 0.8012424772831737 9 258 59
0.6130770448735401 2.1910433198780037 0.8017693942342852 9 258 64
0.609859139072731 2.1181475472701594 0.808293658290846 9 259 80
1.1965432933213904 0.9953866534331894 0.7179804760091177 9 259 433
1.2060705372848934 0.9150130159876178 0.7242062493949739 9 259 455
1.2062808812455752 0.9004161985662291 0.7259309673003486 9 259 459
1.17555552651045 0.9701431997337744 0.7252894858052339 9 260 439
0.6144815562313612 2.203890765637572 0.7883213321547796 9 261 62
0.6057959761555718 2.1346915110519586 0.792962159134067 9 263 76
1.2029901226208346 0.877188827402263 0.7140251394461952 9 263 465
1.2034252427368473 0.8340685087367607 0.7193050058440499 9 263 477
0.6163274320115264 2.1902583522889536 0.7779506627024415 9 264 66
1.1428952584580714 0.983343667307069 0.7205604056973828 9 264 434
1.2006262680919262 0.8158075959631735 0.7187453920620496 9 264 482
1.1433743467973214 0.9613318010164247 0.7191895318920855 9 265 440
1.1562323703215882 0.9302157061359579 0.7179935350994618 9 265 449
1.1547751192881752 0.9120681963523685 0.7208992303987254 9 265 454
1.1686767152347541 0.866821380950127 0.7210894341747283 9 265 467
1.1896132268431416 0.8433218786629562 0.7156698936368138 9 265 474
0.6185702603830043 2.194973073208671 0.7650378398824776 9 267 66
1.1688540298585446 0.8028457145725103 0.7213394317463917 9 267 485
0.6094804021462765 2.1114355153042355 0.7757778851459356 9 268 83
1.131683132724455 0.8772401803704596 0.7229139739196973 9 268 463
1.149625677503414 0.8082988391500721 0.7206354305012403 9 269 483
1.166182196093657 0.7916408318710395 0.716021073860991 9 269 488
0.610750967003433 2.14494342659345 0.7633613032942593 9 270 76
0.6080950680840866 2.1247327958366498 0.7671066983890555 9 270 80
1.104354208445339 0.9058741977880773 0.7225718354574109 9 270 454
1.1598565063171176 0.7669409983519775 0.7179339633985133 9 270 495
1.1323806620615862 0.813757134789574 0.7192228814155472 9 271 481
1.098894701641909 0.8527829195355836 0.7240811038099181 9 272 469
1.1414113878545071 0.7897359353619128 0.7147584279527552 9 272 488
1.1343902379685347 0.7487146448898977 0.7231148902960383 9 272 500
1.0617309585549253 0.9495237331238536 0.7228585855775238 9 273 440
1.1023479955320798 0.8252949007931348 0.7224405336170467 9 273 477
1.0703287848570924 0.8703763431365316 0.722162688302139 9 275 463
1.1213730731554132 0.7441005105711748 0.7176349436184062 9 275 501
1.0692527164566314 0.7489168507955577 0.7277073653609605 9 278 499
1.0119453709411415 0.9115607490100649 0.726222076998146 9 279 449
1.017184588550897 0.8479126662820164 0.725241553343361 9 281 468
1.0406717263208618 0.8195103442523081 0.7190023418904758 9 281 477
1.0528554236202228 0.790259356533018 0.7177792346107841 9 281 486
1.0520529901945785 0.7704790436637271 0.7208702653288299 9 281 492
1.0402822431980834 0.8059383267529343 0.7172942274239871 9 282 481
0.9916051826259233 0.9219129971775994 0.7185717535784016 9 283 445
0.9991402137144856 0.8160995650518981 0.7227019708868585 9 285 477
0.9310328174384954 0.8554256043101127 0.7291515520329198 9 290 463
0.944773989522758 0.8436346861003043 0.7246613899484176 9 290 467
0.9570000665513905 0.8251986718115585 0.7218176415890578 9 290 473
0.9833053533795151 0.7720693526950343 0.7176500176991265 9 290 490
0.9846384426399464 0.743585061346449 0.7211762988275618 9 290 499
0.9059881818752236 0.9007412190818548 0.7266699301690108 9 292 448
0.9331407947066823 0.819776894261933 0.7225472147304434 9 293 474
0.9073041178281414 0.7676869788744001 0.7278724167656903 9 297 490
0.8635868521114685 0.8665552198311723 0.726330445311224 9 299 457
0.8948881392567307 0.7881336143823576 0.7235055174808027 9 299 483
0.8988680142561289 0.7576968174923059 0.7262408938263294 9 299 493
0.8479751738786199 0.8771041340340513 0.725024429660599 9 301 453
0.8626251928121795 0.8564063726959827 0.7177131896500621 9 302 460
0.8776878439856741 0.8079820884268811 0.7179811973832725 9 302 476
0.8320000133391077 0.871827829840677 0.7229086654808444 9 304 454
0.8362980992797953 0.8568461829552116 0.723167440305599 9 304 459
0.86131094892903 0.7583028448782669 0.7264307817710565 9 304 492
0.8444320082289682 0.778118397940819 0.7245252563802491 9 306 485
0.8127081499140525 0.8572055035947337 0.7240420217500925 9 307 458
0.8389675721782819 0.7687146848016168 0.7251814208132121 9 307 488
1.1012720744583548 1.4793333832805846 0.4729189122008779 9 310 306
0.8196466166823566 0.7760888685837282 0.7231156028378405 9 310 485
0.7991174612865881 0.8341068294108651 0.7205400895019258 9 311 465
0.7911552844131196 0.8216819099858937 0.7264530512891272 9 311 469
0.789718302617006 0.8068576780354539 0.7295298133283341 9 311 474
0.7735226597202791 0.8433712865350143 0.7214863529972453 9 314 461
0.7880586189702745 0.7883999571407239 0.7231237739361577 9 314 480
0.8002033863894544 0.7478208921997839 0.7202298986237915 9 315 494
0.7581593601777878 0.8500586745348552 0.7145173618485905 9 318 458
1.0623938988155508 1.4736534987998666 0.4528226731796332 9 319 304
0.7566559876760472 0.8349979122658397 0.7143742365604954 9 319 463
0.757151990485806 0.7771164743885388 0.72369952337008 9 319 483
0.7628107189076083 0.8088533150815782 0.7121766498738401 9 320 472
1.0662820060192593 1.4627900523321882 0.43014430523912095 9 324 307
0.751471575465086 0.8042814910231812 0.7052565633826068 9 324 473
0.7475726082395366 0.7725333700401773 0.7126535292882179 9 324 484
0.7489333792515798 0.7498926586785113 0.7157744305991196 9 324 492
0.7411618598287641 0.7604294498515488 0.7113720374987359 9 326 488
1.0006430336068655 1.4754148658594648 0.44455613898231383 9 328 298
0.9631382489656131 1.4727404585124813 0.45616390309557775 9 330 295
0.7581156316064461 0.8088990119184862 0.6805505763239479 9 330 471
0.9454648352266508 1.473761907318483 0.46109159692992674 9 331 293
0.9790923668400335 1.4711368062027173 0.4435655173881947 9 331 297
1.1182540254152884 3.141817734858531 0.03654731734610639 9 338 13
0.9409120575418524 1.4729513547123596 0.42905813474016785 9 339 293
1.114737277100832 3.113975038364045 0.02564489287734073 9 341 17
1.0687910114299353 3.0433053256484475 0.04073734993054545 9 345 20
1.0589502419783434 1.081128740773633 0.3954986344142748 9 348 400
1.0642469473253078 1.0892520802767944 0.3733831502204461 9 352 398
1.090027079587539 1.0629904451926713 0.3634306474505966 9 352 406
1.0685649079742594 1.0969791560122215 0.34277632969427096 9 358 396
1.0753704464190705 1.0704671621728825 0.3305127576583575 9 361 403
0.9867045598778192 0.6408515877307807 0.4642094627633535 9 362 523
1.0112641750540297 0.5567042265959695 0.4621182381344848 9 363 549
1.0633429648020758 1.1028883683242585 0.31789983164862523 9 364 394
1.0808955810394598 1.0866774776737809 0.31049610750078127 9 364 399
0.985499403349761 0.5770911099664626 0.46971299412791256 9 364 543
1.0547407121198553 0.4211947926417817 0.45881038602085034 9 364 591
1.0640937100184629 0.3892922169190407 0.45949640271228565 9 364 601
1.017920597090586 0.4992127953265564 0.4616526056527077 9 365 567
1.0705747800896788 1.0922358406325234 0.3066339619267089 9 366 397
0.9492933389441651 0.6628265442440864 0.46676391908608217 9 366 516
1.006484139681331 0.5308503492722485 0.45834989496756573 9 366 557
1.010957589907927 0.48425389092728877 0.4649684039279909 9 366 572
0.9324033134641436 0.6944422461613998 0.4668246972500256 9 367 506
0.9684762532541276 0.6019036991008107 0.4633741560151672 9 367 535
1.0198862391023462 0.45519569689688566 0.46144201206709057 9 367 581
1.029944714594389 0.42649195733524814 0.4610639839033366 9 367 590
0.9926595442850255 0.5007277583570915 0.465053144154006 9 368 567
1.0208772266772748 0.41240717955053496 0.4655686513262387 9 368 595
1.0618890804278815 0.3603395802892133 0.4508939579610556 9 368 610
1.0340191014470523 0.39472340470169776 0.45716407521439684 9 369 600
0.5829175317061879 1.6758614716628042 0.4714638635986028 9 370 197
0.9204647073559684 0.6840622272894097 0.46459259966752997 9 370 509
0.9305700828101648 0.6214893829777814 0.471084813450795 9 370 529
0.938609031539738 0.5933587707658006 0.4718399021909421 9 370 538
1.056029619118584 0.3335328234305618 0.45209701256327883 9 370 619
0.9473907823559886 0.5647786559478993 0.4683715282041765 9 371 547
0.9065153497748499 0.664947914181433 0.46942890160778306 9 372 515
1.02594636777501 0.36722962731433584 0.4522065266209834 9 373 609
0.5747182853106954 1.6798139612880194 0.460118426134428 9 374 195
0.9118470302832722 0.593546527798622 0.47313660305589345 9 374 538
1.0014828657489934 0.3946822934300197 0.4579939367583541 9 374 601
0.8946324096935199 0.6366101352077559 0.4712214674732633 9 375 524
0.9334425794606376 0.5103430421617297 0.4729837929975571 9 375 565
0.9491426695379155 0.47588335095420975 0.4702464277766678 9 375 576
0.9930275169882856 0.38685104145206917 0.4610816834921665 9 375 604
0.5714068184599719 1.666632058344452 0.45711825083591906 9 376 198
0.924848463585878 0.5494933281273016 0.4664500566007588 9 376 552
0.9297545650982737 0.5216885302360319 0.4653271462991888 9 377 561
0.938556184350811 0.49398920529380896 0.465536478826893 9 377 570
0.9803123006842687 0.385159054240776 0.4618067242876045 9 377 605
0.9695752354140306 0.4097451069927899 0.45965470485123583 9 378 597
0.9972127595848461 0.34377774937002203 0.4559073075857969 9 378 618
0.8637904903548612 0.684943749779583 0.46542513229254756 9 379 508
0.9002828516582604 0.5653351144884531 0.467313941057395 9 379 547
0.9708450581460015 0.37428668232002527 0.4624884414171708 9 379 609
0.5691009951324728 1.6631722173345544 0.43972562334722554 9 381 199
0.8530457446669952 0.6571996520460784 0.47060034240447735 9 381 517
0.9236238387829365 0.4532169711716363 0.46849448914995473 9 381 584
0.8551465711205746 0.6297751948803971 0.471311446685023 9 382 526
0.8695279813810104 0.6170375814084521 0.4647396114426021 9 382 530
0.8511269695792658 0.5975060135117869 0.48078362083362824 9 382 537
0.8844014352997231 0.55658290428311 0.4680187161964149 9 382 550
0.5711396898567802 1.681090751513759 0.42670415653861404 9 383 195
0.8521621347439112 0.611746418471249 0.47333644285659426 9 383 532
0.9337377287629713 0.40466618563437684 0.46477116736895896 9 383 600
0.9538634546561062 0.34980488523613085 0.4634648134253283 9 383 618
0.8374788010833507 0.6836593440099742 0.4636958548226926 9 384 508
0.8476567751461392 0.5852444072982496 0.47820610567625055 9 384 541
0.8749551577817933 0.5039800155799712 0.4741812651308295 9 385 568
0.9207204973087373 0.44013303490852296 0.45807744873734224 9 385 588
0.9687465997194191 0.30051434296378887 0.45682566452897344 9 385 634
0.8580182214017007 0.5515150730252352 0.4712640330473221 9 386 552
0.8915187908889375 0.4841364093668441 0.46390145807986616 9 386 574
0.9409499160354262 0.37899341506367434 0.4542756276476476 9 386 608
0.8156210819440648 0.6563193517449916 0.4726394405690928 9 387 517
0.8344260796850131 0.5821458165726908 0.47638473437997764 9 387 542
0.5771051840501995 1.7117061077764864 0.39221091464115787 9 389 189
0.5696709071724904 1.6945200382077688 0.4008871555615168 9 389 192
0.8535063704407246 0.5133338546609295 0.4713886108145038 9 389 565
0.8921455821817621 0.45683097297049646 0.45818092481643924 9 389 583
0.9070395502441331 0.38104744290924886 0.46489837933699985 9 389 609
1.0516065477135645 1.1044992331309524 0.20179970398835878 9 391 392
0.7912548327056688 0.679196043452962 0.4689057790410278 9 391 509
0.7941320559654472 0.6556469610667651 0.4721760659447183 9 391 517
0.8140231179142068 0.616778986234764 0.46748698483167006 9 391 530
0.8295231045685956 0.5751030725086277 0.466341422555983 9 391 544
0.5815006047379623 1.69593589590497 0.3806413738446901 9 392 194
0.8248532545081124 0.5493301983763696 0.4714485153187822 9 392 553
0.8280008858894856 0.5122478064451772 0.4775420143855591 9 392 566
0.8731967517066272 0.4190366688935667 0.4679374868816468 9 392 597
0.888266617596492 0.39135903434671615 0.4639829177558308 9 392 606
0.893761979345296 0.3654589632457895 0.46603518373862585 9 392 615
0.9242453549746208 0.3040143320473856 0.45924246219815323 9 392 635
0.7810297450131756 0.6583152850518672 0.4729759617278906 9 393 516
0.7921300537258691 0.6317438146070611 0.47142609807122016 9 393 525
0.7957539389097537 0.5856644280050879 0.47921879802675393 9 393 541
0.8105127035483823 0.5555740850346403 0.4723327473883787 9 394 551
0.5911455109763197 1.695740942486879 0.3620093556356814 9 395 196
0.8141626072727193 0.526574413719505 0.47268010444620145 9 395 561
0.787420248004195 0.6021573137365943 0.4701904482669006 9 396 535
0.8480874169622268 0.45450399114794593 0.46219770674717875 9 396 585
0.800103195149704 0.5525023627730448 0.46908033254792714 9 397 552
0.8254036426121649 0.4879385797660475 0.4664107923591454 9 397 574
0.8741109267152503 0.3667608525947371 0.4605698067689401 9 397 615
0.7465809879203351 0.6663556247784288 0.4762170957790768 9 398 513
0.784651577162208 0.5704315754066444 0.4719135395414642 9 398 546
0.8045531298242321 0.5263562673760722 0.46829283107147757 9 398 561
0.8086328312300222 0.5147140769930783 0.4681395034591256 9 398 565
0.8155451802205222 0.4695534139037043 0.4736252112533701 9 398 581
0.5726286485336436 1.5636378689789752 0.3882449008840845 9 399 227
0.5861979148197543 1.507123883321807 0.39176824290151946 9 399 244
0.7413765143333895 0.6576267936459098 0.47812669869236846 9 399 516
0.8364423785254382 0.42192198401643033 0.46648713230298755 9 399 597
0.5755493331711772 1.5390640701054852 0.3878679104905731 9 400 234
0.7435835529841028 0.6887330922428578 0.46591602846179825 9 400 505
0.7880505736931938 0.5440594694280675 0.4682896223445381 9 400 555
0.8417106994871748 0.3960098488827488 0.46511726396544706 9 400 606
0.5728985556589594 1.6979145887523264 0.34947159954716245 9 401 193
0.579518079052727 1.5876571903131016 0.37008380388175954 9 401 222
0.8739757633116523 0.3133723918058601 0.4581068366020271 9 401 634
0.5840188407349662 1.5560196875778898 0.3702121634251161 9 402 231
0.7311068525063718 0.6569458575266606 0.4745143503770637 9 402 516
0.7392456433781411 0.6311843394693158 0.47478953984468886 9 402 525
0.744640014729721 0.6056457564590949 0.4769112908822659 9 402 534
0.8286272439464168 0.3729010758181893 0.4685626648334664 9 403 615
0.6141230041115646 1.5085646611345245 0.35220299125337506 9 404 248
0.7148737841834523 0.676574517155053 0.47406095908506507 9 404 509
0.8065192210420811 0.4327742881175679 0.4665259096542531 9 404 594
0.5735405226232158 1.5853469472115806 0.35872376941318507 9 405 222
0.7210651136234534 0.6506416389072606 0.47214423387864857 9 405 518
0.7400506647609599 0.5964628206841365 0.47143069900549106 9 405 537
0.7916421000084677 0.46442085330694804 0.4659755086422941 9 405 583
0.806000473975456 0.4082627152774948 0.4689521041829443 9 405 603
0.7446851069670977 0.5598076774896246 0.4731050489538213 9 406 550
0.7710857945427405 0.5021700764086291 0.46799905870388736 9 406 570
0.6133079246327122 1.5127287471742767 0.33966043824968706 9 407 247
0.7148349530166196 0.6418057862066743 0.47138715575149126 9 407 521
0.7393089765136343 0.5517493140260146 0.4751818049723677 9 407 553
0.7498631336734063 0.5342657500494936 0.4718385764473034 9 407 559
0.5756947747700836 1.5760554285600474 0.3473122145170442 9 408 225
0.5839457971120559 1.5348336586860425 0.3511388555773818 9 408 237
0.6900680344748955 1.5148053803755914 0.28096346982218323 9 408 257
0.6945397711063714 0.678212736875714 0.4700259339042474 9 409 508
0.7261768761864378 0.5904534240108927 0.4682443621835921 9 409 539
0.7556859638454507 0.4734415966869465 0.4748390028422962 9 409 581
0.7636051902296372 0.4483192245674408 0.47513399771540277 9 409 590
0.7960736871104892 0.41874578482897007 0.4590988506867819 9 409 599
0.7994765151545833 0.38314660072148743 0.4614694597482687 9 410 612
0.805830682929503 0.3322352825719973 0.4689557303832217 9 410 631
0.5786246931779404 1.5594778833005862 0.33703378750580804 9 411 230
0.6124180704575757 1.520992555332377 0.3220585595926617 9 411 245
0.6816533315329374 0.683443115628909 0.4708091890347983 9 411 506
0.6853226943862907 0.6528152066083478 0.4754383080452764 9 411 517
0.696033217091409 0.6247701277927327 0.474439940250146 9 411 527
0.7716030762343498 0.4091174121038992 0.4715997946326951 9 411 604
0.8027840925824676 0.34533265053823514 0.46446908267198195 9 411 626
0.6734927677992137 0.6526176433688541 0.4768729116789916 9 413 517
0.7198191840338537 0.5405438148462812 0.4703385504278066 9 413 557
0.7297186720787439 0.5072620362159594 0.4711647979760951 9 413 569
0.7611724132292352 0.4049234091022177 0.4729784574342044 9 413 606
0.6932949758754339 0.6156145728587271 0.4679391256502281 9 414 530
0.5694466141185086 1.5361764293020597 0.33304297135203287 9 415 235
0.6635512242646753 0.6496245221943818 0.4777062604146647 9 415 518
0.6967267042015013 0.5850986692800382 0.4692301779271144 9 415 541
0.7194263868941784 0.5077597830310493 0.4713892468404606 9 415 569
0.577570673116401 1.7077581027320448 0.281845936295158 9 416 193
0.6225845700538559 1.5240742354478334 0.2934438995757831 9 416 246
0.7375927478670805 1.504654005974077 0.21481974327226205 9 416 266
0.6575926938265111 1.5158370142715079 0.2658478236172104 9 417 253
0.5693474384903894 1.540835348978616 0.31989408463565283 9 418 234
0.666568550747336 0.6266944121159552 0.4705097777471783 9 418 526
0.6722875245228674 0.5727737489549612 0.4794052414581389 9 418 546
0.6861468947545792 0.5607969686379742 0.4722034473998038 9 418 550
0.7113217664950482 0.48394242680513977 0.47247200453818894 9 418 578
0.5874132253700641 1.6184734573352186 0.2837586595222532 9 419 217
0.583217295068724 1.607903406972204 0.2893974037679603 9 419 219
0.6460411065788179 0.657126299135669 0.474608618752868 9 419 515
0.6655091519905061 0.5915509730772839 0.47631299598382304 9 419 539
0.690195864527086 0.5361321064394603 0.4717311618252922 9 419 559
0.7624062550783866 0.3375809027402774 0.4671902591436048 9 419 631
0.5787729297562287 1.5818973666930831 0.2948618569001211 9 420 225
0.597660398489233 1.5229921655041618 0.29537334862490905 9 420 243
0.6433241241562659 0.6868299105776824 0.46585807757471165 9 420 504
0.6537257125272882 0.6321168306443532 0.47157356481796264 9 420 524
0.7106272427289362 0.4572225785337207 0.47248823721409483 9 420 588
0.7269629795327048 0.4055995196604617 0.4730955580074254 9 420 607
0.7604955235732596 0.3274292214998792 0.4675608299213063 9 420 635
0.6946250397484666 0.47480524092543164 0.4764744242712109 9 421 582
0.5802982941208357 1.5952959741314225 0.2822081916104613 9 422 222
0.6355819036861408 0.6727349398002237 0.4679908079971111 9 422 509
0.6692846500055054 0.5140740430910327 0.48207228214330233 9 422 568
0.6976410652228544 0.440651794207777 0.4791647806559747 9 422 595
0.7079771677389235 0.43115057802749424 0.47386492686327175 9 422 598
0.713726481246737 0.4072457562566155 0.47549063112261303 9 422 607
0.568079085691862 1.5416112265535462 0.30035163712514734 9 423 234
0.6368222439581812 0.6561288863075416 0.4676635248121581 9 423 515
0.7288727755509561 0.38595293038053036 0.4660506878963535 9 423 614
0.6701355526430299 1.5163289567507332 0.2266688283186804 9 424 255
0.6352375083040134 0.6451039522256159 0.46807270005351453 9 424 519
0.6450236779877134 0.6071947642507043 0.4701736892097057 9 424 533
0.6553044678879536 0.5878391329051346 0.46731852255518014 9 424 540
0.7432169641248054 0.3344686159210061 0.46463173561729443 9 424 633
0.5869127709148192 1.6004156751946677 0.26356092700078904 9 425 222
0.6317669985256855 1.519798231013847 0.2501171677689522 9 425 249
0.6509778592367104 0.574681880526948 0.47032249626225564 9 425 545
0.6759616446842465 0.47595383176095973 0.47619083959485997 9 425 582
0.5764323966906535 1.5319629468247071 0.2842652958250613 9 426 238
0.6431966936053997 1.518369609470142 0.23770160697641973 9 426 251
0.6673089311325213 1.5193360615391671 0.21942189664938283 9 426 254
0.6155953181976439 0.680085067683963 0.467077454000393 9 426 506
0.6273838052231275 0.6314927096497717 0.470357267663565 9 426 524
0.6542987936117524 0.5297659512056228 0.4755505625612606 9 426 562
0.7023873298765739 0.39502812878137994 0.47312280897279857 9 426 612
0.5736234852018192 1.5538144443370254 0.276810414230799 9 427 232
0.614271739828175 0.6553700932901005 0.467304347949155 9 428 515
0.6685521701200259 0.46314622494136715 0.47462080301129683 9 428 587
0.578464029653232 1.5651089741986222 0.26206405293155255 9 429 230
0.7193479216579122 0.34005109406214706 0.4637787045114765 9 429 632
0.6470301136473002 0.5056184131394109 0.4699075156971295 9 431 571
0.644361538737253 0.493371676131132 0.47503724370615674 9 431 576
0.6666569473254602 0.457057978661225 0.4672838039373648 9 431 589
0.6741655796637247 0.43314808926564163 0.46763024853155644 9 431 598
0.5730898009946488 1.6142063989619786 0.24120492150022188 9 432 217
0.6167678846747255 0.6063469526205585 0.46396009159567964 9 432 533
0.6807170645434844 0.40648919006533146 0.4659690382541677 9 432 608
0.5799236053300068 1.5712068890097568 0.24273591388419513 9 433 229
0.5729580970852504 1.5514188208966002 0.2531091401141625 9 433 233
0.5958296051113332 0.6730044416073331 0.45953527148817663 9 433 508
0.6161968398751483 0.5826543515790195 0.46698540650365383 9 433 542
0.6907969372746272 0.34001987266109024 0.4717653072233978 9 433 634
0.6629546732257743 0.4363196740090569 0.465093369966886 9 434 597
0.5866439666983603 1.524924886407769 0.24105573609487507 9 435 242
0.7128514928144889 1.5088522190507367 0.14801274712978563 9 435 263
0.6022420873686773 0.6115389943902116 0.46344207509188484 9 435 531
0.6163469902724241 0.5638616937611689 0.4648177318555091 9 435 549
0.61192308640397 0.5566826972414722 0.47006600240720187 9 435 552
0.6166392109614964 0.533322785528402 0.47242972159027685 9 435 561
0.619414557191035 0.5254028164009659 0.4723254156206731 9 435 564
0.6675057904626016 0.38568995510921056 0.4711532797519309 9 435 617
0.5831189127317071 1.538769429170686 0.23603585254921744 9 436 238
0.5812947587466901 1.597184229599828 0.2181715245692586 9 437 223
0.6604850845385783 1.5145606316929 0.17816063145350425 9 437 255
0.6852756141997476 1.5154969150449116 0.15871151201322364 9 437 258
0.6056057906798262 0.5489970576533919 0.47011605834089876 9 437 555
0.6433552038846166 1.5176654575952229 0.18630782182551608 9 438 252
0.5792411602205092 0.6904358778275377 0.45054744438097827 9 438 501
0.5885679684138054 0.6662901074297779 0.4495567134486975 9 438 510
0.5871701165226539 0.5961820785106094 0.4688143648752672 9 438 537
0.6396235593988389 0.41685761135205146 0.4745250357260451 9 438 606
0.6784982411265652 0.3380299327534346 0.46474185087490016 9 438 635
0.5645524224490073 1.615381879757459 0.2180084257075272 9 439 216
0.6157895227444499 0.5016857739385657 0.46767300387731314 9 439 573
0.6415754748111535 0.4404410513396948 0.46349483393371793 9 439 596
0.658125133619236 0.3833413763517749 0.46544006093668866 9 439 618
0.5806060781000715 0.6977917946692392 0.44063068058881383 9 440 498
0.5911780375513296 0.6182982886480956 0.4531023857640051 9 440 528
0.601905830395028 0.5482248541246869 0.4629944586013628 9 440 555
0.6231390171097468 0.4777669225376573 0.4647703030826942 9 440 582
0.5689424844215063 1.6029133419502601 0.20936899950613386 9 441 220
0.582459264550881 0.6549825601479641 0.44690026220976153 9 441 514
0.6047688546195618 0.5198510066507603 0.46476944017887956 9 441 566
0.5737064284892708 1.7506363579608915 0.16258439204126285 9 442 185
0.5694062876899171 1.575754274691925 0.21189771541193947 9 442 227
0.5798815388095644 0.595318829411787 0.4611430821557896 9 442 537
0.6038783480299026 0.5096017117558348 0.4647683219454992 9 442 570
0.6275757572791203 0.41981396181217057 0.46969826394599146 9 442 605
0.5740524531310909 0.7049750915867893 0.43344907297632584 9 443 495
0.588280204078429 0.5536419339112327 0.462091142901389 9 443 553
0.5785320775924414 1.7636979567992879 0.14653405262669472 9 444 183
0.5640551176956266 1.736162749928003 0.16527846209494879 9 444 187
0.5754640065494987 0.6438345899411153 0.44500584304786406 9 444 518
0.5893206340957879 0.6092097802001647 0.443185056881664 9 444 531
0.5889824945902307 0.5708328061312657 0.45359801515262554 9 444 546
0.5956795845705676 0.5050031367594848 0.46569654712386876 9 444 572
0.6221719233562752 0.44907325627095906 0.4595007593138878 9 444 593
0.6322620086271777 0.4251969788106825 0.45782153128551806 9 444 602
0.5696089473054955 1.529810044364635 0.21123404254287337 9 445 239
0.5974913645431288 0.4944594868551817 0.46367990409469684 9 445 576
0.572242334187185 1.5947755300391422 0.18764622094205152 9 446 223
0.5789646715013523 0.7040016219545969 0.4193133624033434 9 446 495
0.5717683545348704 0.6429964407114814 0.4378365829228885 9 447 518
0.5879713845541079 0.5697711782365915 0.44443194279500053 9 447 546
0.5741652796365808 0.5924579894845076 0.4357350491470271 9 451 537
0.5680963636993126 1.5624865817612419 0.17404454678207504 9 452 231
0.5744529839387233 0.6229039370363268 0.4238088524030479 9 452 525
0.5827506105351388 0.5356772664529312 0.4407386191306424 9 452 559
0.5810606386932375 0.4842845626937836 0.4560543207586394 9 452 580
0.5731125784359326 0.6408481258098708 0.41655142235388 9 453 518
0.591645498942182 0.42432641333399235 0.4603951161441717 9 453 604
0.5741803824286658 1.635402286977698 0.14061334898848532 9 454 214
0.5717825652268362 1.5495069448806338 0.16602748147877477 9 454 235
0.5775200044741602 1.5331340897659411 0.16581185102612483 9 454 240
0.5801571089194995 0.49817250252512213 0.4462753862247304 9 454 574
0.5994418069033345 0.38212842571353856 0.4622110821066807 9 454 621
0.5629658961497597 1.600256373133636 0.15506592809965425 9 455 221
0.5715519793467048 1.585508758178897 0.15207103090081886 9 455 226
0.5704325097081269 0.6986048958745273 0.39595504949076243 9 455 496
0.5737912876231703 0.6012294303055107 0.4198789891600745 9 455 533
0.5734960310232509 0.5606154575051409 0.43124708086711383 9 455 549
0.5755018226832755 0.5353825093913279 0.4365161887922895 9 455 559
0.575883968526044 0.5776708212295928 0.42117404148308935 9 456 542
0.5736693022788821 1.628062868567466 0.12994584381522012 9 457 216
0.5748785697200831 0.6262841848308693 0.40515024993857063 9 457 523
0.5809662345585145 0.5115138548048473 0.4317751578479103 9 457 568
0.5809007136731132 0.4483921769844176 0.44923250590453834 9 457 594
0.5865598941463508 0.3859788325416176 0.4617752545596425 9 457 620
0.5680439994669424 1.5844082180805326 0.1422957260358213 9 458 226
0.5821179920625617 0.6731933423254071 0.38269425434610405 9 458 505
0.5689245517533625 0.6524489133957673 0.3993416170995916 9 458 513
0.5732681999899147 0.42107386453990003 0.4597467440911438 9 458 606
0.568882058838079 1.561294130641584 0.14368418232908864 9 459 232
0.5747252723763507 1.5251692592920112 0.14886156523032912 9 459 242
0.5740838000109572 0.6093026237879535 0.3965438528822438 9 461 529
0.5773082969157695 0.5054249646083773 0.4228609173449258 9 461 570
0.5853043295271989 1.5761298605076965 0.11280799429047761 9 462 231
0.5752314846723461 0.6855165050619383 0.3707337085249658 9 462 500
0.5754083394463101 0.44001153495239664 0.4393609524827051 9 462 597
0.5760534605696506 0.4139131190584281 0.44613213837923515 9 462 608
0.5764844735560639 0.3835742701389434 0.45427044121338245 9 462 621
0.5755015931096574 0.6744254876916902 0.370048689169433 9 463 504
0.5705406609747841 0.5552674085052056 0.4077003195759872 9 463 550
0.5817477599641243 1.5545664389973277 0.1130896751499102 9 464 236
0.6498801949391393 1.5611692063956308 0.05385462544953157 9 464 244
0.5776839613150144 0.6821088741155804 0.3624734834729586 9 464 501
0.5679341750077209 0.600938813205618 0.39356699930278305 9 464 532
0.5721119934383776 0.5647956947798026 0.4002383075852114 9 464 546
0.5787706825565788 0.5312616678075817 0.40408495013484447 9 464 559
0.5726265293329407 0.5192287164314268 0.4092201668077533 9 465 564
0.5727698456181101 0.4970378315687741 0.4153749304695453 9 465 573
0.5745822116762516 0.4502645797963387 0.42369249955568566 9 466 592
0.5700192938988291 0.44635708394342055 0.42866670833935494 9 466 594
0.577115738932241 0.41885084042217835 0.4304583344307087 9 466 605
0.5785411215527652 0.38576268734025965 0.4386380109104593 9 466 619
0.5784418983465633 0.6224467941929598 0.3680251650663078 9 467 523
0.5682095763887294 0.5767336368318298 0.3897298789143284 9 467 541
0.5763815044454401 0.4809171725461664 0.4100551263817258 9 467 579
0.5680980962131608 0.5161364240674411 0.4036381401046416 9 468 565
0.5739461770966441 0.5423743402316836 0.38768691564416713 9 469 554
0.5780180599369353 0.6266535442061231 0.35650144052391464 9 470 521
0.5691517478818022 0.45860093974831684 0.4089847278363785 9 471 588
0.5710210867428562 0.6742664483095651 0.3416205470217193 9 472 503
0.5776004900656868 0.6578983512877458 0.34067729139717073 9 472 509
0.58767828093064 0.6146953060760721 0.34447426095119704 9 472 525
0.5716187644605619 0.5642303320034948 0.3729157629434967 9 472 545
0.5729541030886167 0.5387534152423561 0.3791291623207447 9 472 555
0.5812088333168701 0.5964350744215359 0.351768541441168 9 473 532
0.5697841333500508 0.5063567093827944 0.3877749855040915 9 473 568
0.5753543400509238 0.47843355743936034 0.39105358484216146 9 473 579
0.5685952989235887 0.38466276919450926 0.4240943567446773 9 473 619
0.5763324468044815 0.5400287760176548 0.3688381468936881 9 474 554
0.5699939020810934 0.43505766609873064 0.40147378081742313 9 475 597
0.5680638398736146 0.4141455515375033 0.4092558381773661 9 475 606
0.5752237353414527 0.6836563720444221 0.3207342990608475 9 476 499
0.5717154242093683 0.41240269461969425 0.3998015472209282 9 477 606
