2.4496295992046226 1.1105032723276205 1.3969867796892448 9 108 422
2.4110573642453215 1.1980382334845605 1.393095613351833 9 109 405
2.422920317131977 1.1668695901912 1.3926875037092765 9 109 411
2.4072301470150874 1.0829903888625736 1.394477177230225 9 109 426
2.460028114321688 1.53449355789918 1.3811781884821785 9 110 348
2.4413098249420147 1.1473946853009216 1.3864004829348344 9 110 415
2.418413728920137 1.1004505488869842 1.3883172951652287 9 110 423
2.4761049135959476 1.8075235702327197 1.371565327160842 9 111 304
2.467814984467798 1.7859835168852178 1.3723306135644058 9 111 307
2.458113606194988 1.7517809257207235 1.3733249038448556 9 111 312
2.439584253630152 1.5705629032057962 1.3764956827985024 9 111 341
2.425643122741164 1.5430832656542013 1.3776867090923948 9 111 345
2.414151239279632 1.4699313171223118 1.379222640133407 9 111 357
2.468492355779405 1.7864005332496562 1.360809937841145 9 113 307
2.425229169898769 1.698484756470346 1.3647580813299713 9 113 319
2.4492993230701114 1.6453216368003578 1.3637820448875404 9 113 329
2.446325383118676 1.507173420495555 1.3656330813668578 9 113 352
2.432560917971987 1.486065681789583 1.3668071420722054 9 113 355
2.4134530793902167 1.4580548382457652 1.3684215375642903 9 113 359
2.3805959368824157 1.4157571194126706 1.3711274183527915 9 113 365
2.415570860244296 1.3722665615911067 1.369305541478617 9 113 374
2.4299877571063044 1.567894918025782 1.360424832449354 9 114 341
2.453508237526678 1.1594571115178507 1.3638978894130995 9 114 413
2.4392223482973745 1.1297550061399515 1.3652468504710218 9 114 418
2.4116647174353067 1.0018710180132886 1.3687278543200996 9 114 441
2.4293482648701104 1.7120721481726893 1.3530220271631281 9 115 317
2.414675592088111 1.4640433479633066 1.3572612889511522 9 115 358
2.4220558062910387 1.083516034929766 1.3616691448331462 9 115 426
2.3810437346439057 0.9302649312254588 1.3665286357434967 9 115 454
2.460871789964905 1.821537950532334 1.3436336524280066 9 116 301
2.4480304825498833 1.7426891629321402 1.3456139722106872 9 116 313
2.4358759113806543 1.6959333464836837 1.3471138053626186 9 116 320
2.4269394118532412 1.5908406177675949 1.3491667733798534 9 116 337
2.4194207120465734 1.1210866502214778 1.3560181425816276 9 116 419
2.3817256009397174 0.9196069572749149 1.3614284691033918 9 116 456
2.462880194143296 1.7786497195782598 1.3383174418265231 9 117 308
2.4054920139946687 0.8897559254810291 1.3549071764938285 9 117 462
2.420538392205651 1.1208189808205695 1.3452239409425095 9 118 419
2.3961715469683105 1.068773523724998 1.347799312301297 9 118 428
2.440865598723727 1.1565843792660297 1.3377693701073032 9 119 413
2.388925802905909 1.0355046215859447 1.3435477176288426 9 119 434
2.4121976755091747 0.936887056198341 1.3432397085510657 9 119 453
2.3690801137956665 0.9073754444400245 1.346977121819294 9 119 458
2.4202969918648343 1.1864984209204363 1.333491951772146 9 120 407
2.412217405288294 1.1028758966320544 1.3354118311562984 9 120 422
2.400899868044016 0.9885610994426783 1.3380576388651018 9 120 443
2.4270950361807397 1.1320854114002992 1.3284073215710075 9 121 417
2.42075123428548 1.0874258013189155 1.32962326953937 9 121 425
2.37616058777444 0.8917288465844405 1.3362889857920104 9 121 461
2.3814154327089936 0.8817170921986535 1.3360297677500514 9 121 463
2.4058447045951805 1.0582305822898648 1.3259475842193584 9 122 430
2.394503584255051 0.971494889073066 1.328292262025112 9 122 446
2.400352389619807 0.9561543606665588 1.328068836025149 9 122 449
2.430345759183368 1.621878062751976 1.3033984688525897 9 124 332
2.431628646870015 1.646439412816435 1.2971855857010866 9 125 328
2.4266211377788185 1.5907885789120355 1.298612664126514 9 125 337
2.46485221844842 1.7801371371248744 1.2861315481147817 9 126 308
2.4190286480334864 1.2410613242141646 1.3000665087246897 9 126 397
2.4180120744930242 1.0804875804471077 1.303110311492647 9 126 426
2.3726267115733006 0.9786421362289636 1.303701013638975 9 127 444
2.3970173383971938 1.2090409375433648 1.291750538627627 9 128 402
2.3931275947118986 1.0714810764262044 1.294772440641533 9 128 427
2.3718291229237893 0.9624799517220045 1.2988215556147373 9 128 447
2.4003076174355304 0.9171852062693369 1.2918293573743806 9 129 456
2.403127518482331 1.1653517116549277 1.2812123071056114 9 130 410
2.4168442793094354 1.0089362928275865 1.2831132607699998 9 130 439
2.395069725650736 0.9799857691000151 1.2857515085838855 9 130 444
2.386234902978583 0.8584319692946513 1.2890620173477547 9 130 467
2.4335859342002415 1.147555604116761 1.2732477993471458 9 131 414
2.3713153099404884 1.0680797920458547 1.2808648380950696 9 131 427
2.3955156233947443 1.0279117774132316 1.2793897258617908 9 131 435
2.4301530361901533 1.7318678146170452 1.255607498043104 9 132 314
2.389179743718998 1.0430841326060056 1.2743338677672402 9 132 432
2.408027077399579 0.9860343281428811 1.2737218834465671 9 132 443
2.3968358200111295 0.9742837248782138 1.275061769126993 9 132 445
2.4007330975104852 0.9005233819824997 1.2762613831175933 9 132 459
2.4440327258173586 1.1375309361629364 1.2614921931272263 9 133 416
2.3930964319312578 1.0866023557783486 1.267643506767485 9 133 424
2.4223212257075257 0.880607643747803 1.269266375418818 9 133 463
2.4371668122175523 1.1474697589526883 1.2564684291411932 9 134 414
2.427554214604152 1.1239012100662846 1.2579623491040288 9 134 418
2.415261454122493 1.0239283971635764 1.2614375176791817 9 134 436
2.4420176454435225 1.136826088894312 1.2507268949895969 9 135 416
2.4064233977271967 1.0878707270206998 1.255482193535788 9 135 424
2.403748563099032 0.9741082376313205 1.2583614994201544 9 135 445
2.4075735727039973 0.8632854339608502 1.2605099003476137 9 135 466
2.371924185915097 0.9181835820796835 1.2576168739788653 9 136 455
2.424944325146403 1.1063262106960656 1.2422532675855882 9 137 421
2.418789184407801 1.0344007138262745 1.244621738470046 9 137 434
2.3873000005759244 0.8875586227572004 1.251450119619876 9 137 461
2.39801084466921 0.8464129833072686 1.2513061308492879 9 137 469
2.3813067410810445 0.9288452701419084 1.245788377071054 9 138 453
2.399026414577132 0.9618836961560283 1.2377306408391664 9 139 447
2.3595836785134328 0.942547643586848 1.2424943481586659 9 139 450
2.3934184497986086 0.8611567936556905 1.2408501192727575 9 139 466
2.3814775127978387 0.928273384365615 1.2351576505510136 9 140 453
2.4048374097332426 0.8871715261157146 1.222947900577009 9 142 461
2.394370793511771 0.8546853092887601 1.2196791405768286 9 143 467
2.4161884599647676 1.070601484964496 1.2058849521600812 9 144 427
2.3939988251113538 1.0080241818737328 1.2047895954005856 9 145 438
2.4142198042324985 0.9938951792286276 1.2027924852687595 9 145 441
2.3959012653034337 0.9545747533885287 1.2060592462808217 9 145 448
2.426112666266328 1.0163053472442116 1.1898247478287658 9 147 437
2.381781029601415 0.979429349189661 1.1962827313317312 9 147 443
2.3839937831849953 0.9689534984573555 1.1963173470738573 9 147 445
2.394879552133068 0.9272796747087687 1.1962017984848186 9 147 453
2.3686354448029627 0.8881219132419743 1.1952112252944385 9 148 460
2.3866312343241884 0.8995757935406218 1.1873000631745008 9 149 458
2.3746179193522527 0.9566059092860989 1.1817178249122997 9 150 447
2.37764930267387 0.8877995245830522 1.1780878057911714 9 151 460
2.416324085183748 0.8407171788733548 1.1421712221129465 9 157 469
2.404148319299887 0.9030472757138601 1.1308520737216088 9 159 457
2.4138055219579946 0.8452005244705201 1.1315197002797872 9 159 468
1.460771920674469 2.077844824576157 1.2048691374287435 9 163 175
1.5054803231116085 2.0584807320288196 1.1989771919337673 9 163 184
1.481533137206255 2.080694124630432 1.197148053821135 9 164 177
1.3060531149208314 2.077162269564454 1.202203673792742 9 169 156
1.1639373759659604 2.081280282340434 1.2204322563541556 9 170 135
1.1706173673278637 2.0822464523649464 1.2112082451534167 9 172 136
1.2223427313086295 2.0759589985082374 1.198897431651355 9 173 145
0.6506274864353547 2.158655773631512 1.2862353374286055 9 174 18
1.0839971123090468 2.0856624540869233 1.2173261483742448 9 174 122
1.1557999507892949 2.0820860277118056 1.2055434596761556 9 174 134
1.2865261517567324 2.0762324769107896 1.184063351469936 9 174 154
1.0628099049959785 2.093259498917552 1.2166238465639037 9 175 117
1.033418878637064 2.080592521940141 1.2182628495103605 9 176 115
1.3017933175047314 2.0725141900449877 1.1731039905494636 9 176 157
1.3220047607691674 2.0709749646598126 1.1697439641232033 9 176 160
0.999876438265241 2.0913304952992724 1.2196800570400774 9 177 107
1.2830667565705003 2.0752624919808946 1.1718922391396789 9 177 154
1.0450649086169526 2.0858982344595205 1.208305935685678 9 178 116
1.101135756604147 2.095730492493938 1.1981657771188212 9 178 123
1.0942114849675018 2.081334843503053 1.2000112069678386 9 178 125
1.1521242027593 2.071947853009775 1.1904174164255854 9 178 136
1.1379109782064072 2.09043968587822 1.1880046675479994 9 179 130
1.2262293512063551 2.0765693758217494 1.1732124251621159 9 179 146
1.2641157193215604 2.0781127527088126 1.1665257638182867 9 179 151
0.686038922325723 2.0998701315062895 1.2632031972584983 9 180 42
1.011797712199601 2.1021889016642032 1.2056575077925316 9 180 107
1.0129984424507184 2.085039266104558 1.2062355940168814 9 180 111
1.0306291827957554 2.0850043360759933 1.2031284903591224 9 180 114
1.3250737429914263 2.07473293472607 1.1516840559284827 9 180 160
0.9710389881741692 2.0930776635648947 1.2094972046123598 9 181 102
1.0658306981939814 2.0847595548995206 1.193010726905552 9 181 120
1.2434626663624808 2.0699074457462414 1.1620821538626336 9 181 150
1.3316437661195701 2.069501978756916 1.1464038669246852 9 181 162
0.6789550424580102 2.1064423257171936 1.2575846365318806 9 182 39
1.0277101454525925 2.0837808820046964 1.1959810047048003 9 182 114
1.1411175137214218 2.0753873505629947 1.1759971418766886 9 182 134
1.0779732243864495 2.0948637409267317 1.1824708700175708 9 183 120
1.099466425533402 2.092313819949854 1.1786936774036882 9 183 124
1.1715860217488911 2.08339582458219 1.1660366906433857 9 183 137
0.9569354279161917 2.0878700216940413 1.201007842458294 9 184 101
0.658234153256835 2.1373507896864967 1.2467582945204614 9 186 27
0.9202552285378036 2.099037937150701 1.1997844072572623 9 186 92
0.6563035040773897 2.123902318450706 1.2445090033702093 9 187 30
0.6568230707270057 2.112297017290686 1.2449885631240107 9 187 33
0.6653528375311621 2.1050531232161855 1.2404640409838867 9 188 37
1.1887886559781067 2.0883840620612952 1.1419183389655359 9 188 139
0.6473316336446491 2.1533983309909512 1.234895632467819 9 190 21
1.0485141228652441 2.1037861537008036 1.1599056111947572 9 190 114
1.0709486158690016 2.0843466810482205 1.152597857773495 9 191 122
0.9955404427868839 2.091174830921222 1.1630976684766714 9 192 108
1.3427126217666885 2.0714688182625034 1.0958481439831749 9 192 164
0.645053806436827 2.1448787817099237 1.2259348472477178 9 193 23
0.9217555018061436 2.099632263730263 1.1734354894124006 9 193 93
1.0910723142311487 2.0817310642856164 1.1407925732829494 9 193 126
1.12360507079601 2.09629161588269 1.133567724102216 9 193 128
1.245520723871056 2.0718843525548545 1.1106730280052306 9 193 151
0.6445467314972695 2.117267178716968 1.220952906833537 9 195 30
0.9320947967263573 2.082588607210994 1.1647959341372265 9 195 99
1.278045260081904 2.075068556778338 1.0953863399618506 9 195 155
1.3615201792899425 2.064702494199573 1.0791001669931006 9 195 168
0.9015716430692255 2.097836646542039 1.166425645315418 9 196 90
0.6517193227771447 2.1013298807540037 1.2138013106369656 9 197 36
0.6707822368147114 2.0995218654202663 1.2099884946100414 9 197 41
1.0454226734251977 2.091180770313578 1.1335584563412215 9 197 117
0.9277015177944445 2.0894731716462664 1.1540585005306825 9 198 97
1.2537555174166175 2.0650472958713415 1.0879394211807287 9 198 154
1.327037581519051 2.0639264567853837 1.0728359427079135 9 198 164
1.341611206631021 2.0633095432926263 1.069854217610176 9 198 166
0.64390237491982 2.123791113331759 1.204301281131294 9 200 29
0.8721061980022407 2.0929221591714136 1.15803937416173 9 200 86
1.0738359090181147 2.0910135388578004 1.1157060092298594 9 200 122
0.6737359699688454 2.1006988185814275 1.1959986938448977 9 201 42
0.8584245730100168 2.09061893462405 1.15740121224191 9 201 84
0.9564666116140386 2.091977598707988 1.1365278611102263 9 201 102
0.9677446227723765 2.0919925914415587 1.134134833115529 9 201 104
1.023322969762756 2.094667977012541 1.1221930925280648 9 201 113
1.3016858651273608 2.07363796449103 1.064352891767478 9 201 159
0.6466791973797625 2.1482066313284807 1.1957028139492725 9 202 24
0.973383778530218 2.0834846689724382 1.1295804417290243 9 202 107
1.0763971371853398 2.0753167393793177 1.1080245616281208 9 202 126
1.1103262291189187 2.0815769926894063 1.1004079188938665 9 202 130
0.6406627405394414 2.1184038571236696 1.1954165231527636 9 203 30
0.8255924871019156 2.093822195520115 1.1569864422322782 9 203 77
1.0498359841397737 2.097611757735341 1.1084283959945536 9 203 117
1.2522492893285593 2.0859701445530754 1.0654754032775884 9 203 150
0.6939396639551809 2.0889909244411746 1.1822733906929643 9 204 50
0.8568632306349553 2.095290389101103 1.1465023281705036 9 204 83
0.9121302872373411 2.088838783263666 1.1348732478311367 9 204 95
1.2900827373412636 2.0722771180510247 1.0537248573728792 9 204 158
0.6621093233368927 2.096016880176057 1.1854508459650683 9 205 41
0.744151846309121 2.0988130554409894 1.1673166504119288 9 205 59
0.8456659226585674 2.0949706502508034 1.145312053305704 9 205 81
0.9602754626327479 2.101657537037091 1.1198143640005906 9 205 101
1.3469816449457839 2.0597035609775487 1.037611971518064 9 205 168
0.6380264722495805 2.1176646699609822 1.1861413996813863 9 206 30
1.0302793420532055 2.093417925057535 1.1010076590295979 9 206 115
1.0640849824736507 2.0867174573072473 1.0939467479911247 9 206 122
1.2268732511383313 2.079794931600712 1.058427427769368 9 206 148
1.2970987277621462 2.0678547967218193 1.0436410421582822 9 206 160
0.8668651281073876 2.092363492817613 1.1334583126801137 9 207 86
0.9638456713847747 2.0830598690666924 1.1124451673299625 9 207 106
0.6479496290527118 2.1124898104208087 1.1776246361088836 9 208 34
0.9732762140123796 2.0820219865129217 1.106542653611872 9 208 108
1.061943721685247 2.0861170660296064 1.086413198286321 9 208 122
1.274390936912896 2.063645185871701 1.0401517687076514 9 208 158
0.6503429173560769 2.0951784968237224 1.1748257874939747 9 209 39
0.8700261625175716 2.0917640590246562 1.1254005515253964 9 209 87
0.9321325528434135 2.0989915159020898 1.1109235620059201 9 209 97
0.7148707677784385 2.0914573541269483 1.1570439625459206 9 210 55
1.0028552774502384 2.0880457729595205 1.0916882469037388 9 210 112
1.0272137424188603 2.088517755096958 1.0861130912696444 9 210 116
1.0419052191951788 2.0905214326731554 1.082643823326876 9 210 118
1.097818604898575 2.0716575846911693 1.0710843983682974 9 210 131
1.2538650594272789 2.075501493471456 1.035317639351356 9 210 153
1.288569740317655 2.06898908544114 1.02782036802442 9 210 159
0.6462892560014728 2.141305502848091 1.1662220598541662 9 211 27
0.6963257737722066 2.095383942648897 1.1576178784356992 9 211 50
0.8371890342953905 2.1083935861782863 1.1244871868599842 9 211 77
0.939146787138573 2.092340049374916 1.1021015518277077 9 211 100
0.6727692710810365 2.1023501685761685 1.1592151144716953 9 212 43
0.8759637302119607 2.098418656258535 1.1124938381757663 9 212 87
0.9882347721985854 2.0782269363058576 1.0839061599816913 9 213 112
1.054591031803324 2.0877596968837984 1.0678447897595509 9 213 121
1.0852915202892492 2.0873922838508374 1.060718121357663 9 213 126
1.3214551254721938 2.082032058923559 1.0060575903824727 9 213 161
0.6770684119887407 2.095389405556264 1.151901587444984 9 214 46
0.9306983549828953 2.0826552370862457 1.0932075176563831 9 214 101
1.190915446526367 2.0684035688438467 1.0330653080310632 9 214 146
1.352342755889024 2.0670493339243103 0.995274787997272 9 214 168
0.7041535934029926 2.096856661025037 1.1420191993397442 9 215 52
0.8592861919118535 2.0860309395444356 1.1060491976091888 9 215 87
0.9683301757917979 2.072759593144623 1.0811323588496409 9 215 110
0.9995977835811996 2.0835417775732927 1.0730426469016074 9 215 113
1.0781624155309926 2.083093721929622 1.054500035812485 9 215 126
1.2039997190910259 2.0682276872172123 1.0257167823641877 9 215 148
1.2241177972202042 2.072302745045725 1.0206971555569813 9 215 150
1.246799907550435 2.077954324075856 1.0149692993122776 9 215 152
0.6443797518923216 2.105819332008056 1.1522316050712886 9 216 36
0.6608558093286481 2.102104514781291 1.1451838721295489 9 217 41
0.8425758237519241 2.090362613437798 1.1023657821303094 9 217 83
0.8530288859842341 2.086206770273385 1.100132014628268 9 217 86
1.0539555906647875 2.0846582645863787 1.0520351342282197 9 217 122
0.829577510332905 2.0927749608971324 1.1016643745615111 9 218 80
0.8558089117625538 2.0804003908913673 1.096147847069199 9 218 88
0.9090100061679076 2.076115828662711 1.0835772343698349 9 218 99
1.0860146222156801 2.08573500179899 1.0401681067731259 9 218 127
1.3056730018297764 2.089019229418794 0.9868731331432017 9 218 158
0.8682659496594978 2.082671332778948 1.0892604286210779 9 219 90
0.9849529512604089 2.0833304704946882 1.0608162949623523 9 219 111
1.019688207700271 2.0827665305541037 1.0523999780182636 9 219 117
1.03631326697333 2.081606301606457 1.0484313602375221 9 219 120
1.2065546056634089 2.0669838336975097 1.007976126539583 9 219 149
0.6484904069843389 2.1617614440013333 1.1340667102627022 9 220 24
0.651350098632534 2.1069677658735197 1.1370647303256067 9 220 38
0.9072287015014713 2.084603863216732 1.075848307427374 9 220 97
1.0928329799260597 2.0823503101982546 1.030501337398518 9 220 129
1.3072876703475207 2.065766942040207 0.9790493524052171 9 220 163
0.6582664725604799 2.097965621330547 1.1326032821807712 9 221 42
1.0109637106931837 2.10012379247115 1.0453767197611286 9 221 112
0.716166366895499 2.091440297174619 1.115276796562454 9 222 57
1.0726975725517072 2.0872397934150255 1.0269119759614673 9 222 125
0.6805613511487294 2.0918144882017398 1.12068809842979 9 223 49
0.9462017413109245 2.095497857794716 1.0539133594725905 9 223 102
0.7008829065008262 2.0950311101882155 1.1119194823285035 9 224 53
0.8155147758405366 2.0883281230498563 1.08347938044813 9 224 79
0.9064382702003175 2.086124526452855 1.0607043264684508 9 224 97
1.0881693266041508 2.0950980613171337 1.0142507921582136 9 224 126
1.1791974762597404 2.069794414778009 0.9930594631053483 9 224 145
0.630991571065564 2.098246059291286 1.125980838419351 9 225 36
0.7079019659255377 2.0986383961705695 1.1029440247654816 9 226 54
0.956057848006195 2.0823845170741824 1.040640560090498 9 226 107
0.9879142673206303 2.0939116549978474 1.0316786275913779 9 226 110
0.6464914242369173 2.156033712629399 1.111177812748328 9 227 26
0.6361776373343597 2.120925328953149 1.1163383781473368 9 227 32
0.6683173646513834 2.09901528500311 1.109626701980138 9 227 45
0.8089149021300284 2.1058940571624563 1.0729362381281033 9 227 74
1.002999845618932 2.0970737116605545 1.0235945458408071 9 227 112
1.084890962750079 2.094178836030061 1.0027165982950303 9 227 126
0.678811215154018 2.0849371828041434 1.1045025555668144 9 228 51
0.8595760019702463 2.102303474901735 1.0563926592427426 9 228 85
0.8966840737914372 2.0936255594093494 1.0473967952888177 9 228 94
1.002972264318673 2.0837456578117868 1.0205532092310217 9 228 115
1.2283994465205117 2.0714495378945545 0.9629979462790179 9 228 152
0.6949719130059091 2.0883420404312862 1.0966074908564416 9 229 54
0.870357305934558 2.1031973862933 1.0497540031681316 9 229 87
0.9722655707361088 2.0877351875881263 1.0242753772844482 9 229 109
1.208053154766528 2.06779835620162 0.9641772850815683 9 229 150
0.9832509578663062 2.0877771829481864 1.0174302276572034 9 230 111
1.2423601407781057 2.07695948676961 0.9501310673905967 9 230 153
0.8937599649835151 2.0795205982348506 1.037734006894111 9 231 97
1.0070103596540743 2.0792117700002213 1.0077957901849999 9 231 117
1.0572163798280751 2.0802034187451484 0.9944405998779403 9 231 125
1.217002638782862 2.069975255878409 0.9529207777798473 9 231 151
0.6492302770685556 2.0959667642854445 1.0978213921878321 9 232 42
0.9297079907642793 2.0870340859514824 1.023783671136552 9 232 102
0.9840632980626207 2.0940682718177195 1.0087858565349497 9 232 110
1.1925538032531646 2.0633998825215163 0.9555314671239105 9 232 149
0.6733068352194753 2.0868481553914338 1.0886493939413078 9 233 50
0.7843816121018596 2.083437431614734 1.0591240346038566 9 233 75
0.7901566092705827 2.0713889422059832 1.0584753629198813 9 233 79
0.8512127731218082 2.0892106682087173 1.0407749831905424 9 233 87
0.8819456549040661 2.097464634811362 1.0319189347840503 9 233 91
0.8903528350960692 2.086685278737363 1.0304697886089358 9 233 95
0.9944537342508109 2.079744715955546 1.003077751922938 9 233 115
0.6821799587857666 2.0875949088069947 1.0827594822398945 9 234 52
0.7938089461333369 2.0885847837597487 1.048899689296737 9 235 76
0.8263775213575613 2.0779064807225476 1.0408610296713705 9 235 85
0.8980718406911736 2.080793239303265 1.0211651909094086 9 235 98
0.9524352227572561 2.084291535043265 1.0061312786518322 9 235 107
1.0097468603124138 2.0880345233383855 0.9902778758703187 9 235 116
1.0658976585885633 2.079331413453855 0.9756829923515141 9 235 127
0.6253492343911562 2.095467893336654 1.0907779955272965 9 236 37
1.0457365458003058 2.0787959929963167 0.9770951692501063 9 236 124
0.6349780822567446 2.1261172644271626 1.082402405795503 9 237 32
0.6756942583325738 2.0956714248153174 1.0735368717785123 9 237 49
0.8048207656350967 2.0821034746805105 1.039039856689596 9 237 80
0.8371956874892181 2.075181401423571 1.0306613584596749 9 237 88
0.685548628620537 2.0931902536114046 1.0675369560643895 9 238 52
0.8870338547849388 2.0733605349853965 1.01325676578501 9 238 98
0.6346304104624378 2.1435987483340364 1.0743193851117758 9 239 28
0.8394962201833343 2.0738780868145636 1.0226391716524352 9 239 89
1.032370327983747 2.074894463169705 0.9687844573691116 9 239 123
1.166337057199979 2.0776676781659322 0.9312167265068331 9 239 143
0.6318133392700807 2.1043499013704663 1.0747709208343443 9 240 37
0.8560975973101408 2.075268902823078 1.0141212042330792 9 240 92
0.9864002502428619 2.086348795276916 0.9766876341677355 9 240 113
1.0128977908521453 2.0884531179924783 0.969087066746085 9 240 117
0.6610071233495207 2.0882122870721096 1.064404640160771 9 241 48
0.838328455989859 2.07400063275817 1.0154547550065591 9 241 89
0.924998989562229 2.0926229797259 0.9895061242712537 9 241 101
1.0271438563565398 2.090628560505001 0.9608189045703119 9 241 119
0.6372877214554684 2.1192579420137387 1.065225782870803 9 242 35
0.9406615849827533 2.0968135936820778 0.9807992466236037 9 242 103
0.8098447077065296 2.081212579948802 1.0155061572000006 9 243 82
0.6371401607433418 2.1328046277158235 1.057321891092938 9 244 32
0.6916186354024092 2.0900511129727124 1.0450986444467878 9 244 55
0.7817374786636537 2.1003784909809116 1.0183297337024333 9 244 72
0.8605912047144226 2.0856737977434636 0.9968253550274421 9 244 91
0.8805949175598276 2.089114297110813 0.9907906785394737 9 244 94
0.9108830417727938 2.091760044001703 0.9818605683667438 9 244 99
0.9587323078903678 2.0895845767430234 0.9682662723076122 9 244 108
1.0573696407867228 2.082246088307267 0.9404733527317595 9 244 126
0.8213860767769572 2.079250291677882 1.004886911436134 9 245 85
0.8027124055968282 2.081069112388425 1.0064352872282316 9 246 81
0.9897487095199518 2.092168222185072 0.9510271802444369 9 246 113
1.137042427907246 2.06994817718335 0.9099289763076144 9 246 141
0.6484622502375628 2.1128102787569896 1.045325771713369 9 247 40
0.6635364386724922 2.090173787256181 1.042773480256806 9 247 49
0.6719291287715601 2.0857542152699633 1.0406774357599704 9 247 52
0.8850464437761159 2.0900284289331257 0.9778422856395153 9 247 95
0.8928375706449687 2.087537990361466 0.9757634811759255 9 247 97
1.0048175320027988 2.091066810500542 0.9385525089873096 9 248 116
0.6526971888433946 2.1057828741161897 1.0377364794662312 9 249 43
0.6914423552851643 2.0971021477062193 1.0269629065833579 9 249 54
0.8955866215874582 2.0909222928994824 0.9668905004508156 9 249 97
0.9547798049498502 2.093717249562605 0.9490885281404867 9 249 107
1.0814686773140914 1.9988255497409444 0.9194220174572915 9 249 148
0.6419292622311195 2.108286497882289 1.0372720830007558 9 250 40
0.8257558809034613 2.0770830187183864 0.9850072957844185 9 250 87
0.9205545584680481 2.093946998736046 0.9552804527397052 9 250 101
0.9682941091457355 2.0820317364897085 0.942028212829397 9 250 112
1.0138915483948132 2.089825163186953 0.9277565984241952 9 250 118
0.6322854579787385 2.1200449899973766 1.0357183196519002 9 251 35
0.7751983959441002 2.0911925350846925 0.987846626867005 9 253 74
0.9136242462593267 2.099008166008437 0.9450883313101992 9 253 99
0.8078717851718018 2.0727176299985146 0.9757527139844603 9 254 85
0.6269548632540716 2.1214320594446447 1.0234277524451394 9 255 34
0.9500082515758523 2.0839780396500593 0.927290972757548 9 255 109
0.9843268817470852 2.0603302370481567 0.9187894634186626 9 255 120
0.6564703794018669 2.0972223899624725 1.0129604982545386 9 256 47
0.9505553423663391 2.0717471550316335 0.9201563879415949 9 257 112
0.963252911652928 2.072591139360605 0.9161290368558253 9 257 114
0.9709611249338199 2.051065347778705 0.9156266322392351 9 257 120
0.9341154732696995 2.072898900460168 0.9211807974164588 9 258 109
0.6311050849281583 2.1115893706828643 1.0091681760410776 9 259 38
0.6436644811059347 2.103250179841667 1.0059569068529197 9 259 43
0.7853672117932267 2.086386594956603 0.9628310039585718 9 259 78
0.8002934795977321 2.086428596790913 0.9581259972009436 9 259 81
0.8293080939533195 2.0764215770675145 0.9498808049402426 9 259 89
0.9187773290452843 2.0929269375969355 0.9202275339491572 9 259 102
0.7703059871551148 2.086619747942886 0.963845156315789 9 260 75
0.6305188126841483 2.104010323219217 1.0030993540857014 9 261 40
0.9109106241727862 2.0694753749468373 0.9168830003420295 9 261 106
0.7486425881971808 2.085608068959637 0.9634502403995931 9 262 71
0.6734764925602796 2.097039822829897 0.9829485112933064 9 263 52
0.8660611152974296 2.078656118711808 0.9225644550967311 9 263 96
0.8631183166474816 2.011008859736081 0.9220003713401657 9 265 111
0.6656529774820334 2.099792525903249 0.9745880015446545 9 266 50
0.790638669961317 2.0776778930878215 0.9356810214062367 9 266 82
0.8328087608282297 2.0662792396724754 0.9190820454782225 9 267 93
0.7486188037439077 2.0848435166425823 0.9413932623641894 9 268 72
0.778780000829026 2.0771330295879777 0.9321235386792606 9 268 80
0.6479567261060488 2.0929365580380654 0.9704750178681382 9 269 48
0.7585550664641187 2.0814238605939503 0.9347037599760272 9 269 75
0.8061795125549367 2.0017639206068205 0.9263972267753486 9 269 103
0.8177931827185598 2.0026494022740504 0.9224420007082748 9 269 105
0.8034728987150281 2.038825638458072 0.9199974873501174 9 270 94
0.7683904619022304 2.0654078012227064 0.9254800012010168 9 271 81
0.7375813732710033 2.0815415958414394 0.9306203066221203 9 272 71
0.6245915639361894 2.0981496906488224 0.9603072661720117 9 274 42
0.6549709238639136 2.095756663589847 0.9430146581238318 9 276 50
0.6330150871344555 2.096528159190736 0.9434875807924723 9 278 45
0.6881555924236495 2.0366462468344526 0.9265879962271124 9 279 72
0.6263139538508045 2.0895995021561293 0.9253773143702971 9 284 46
0.624079898937361 2.0810020328268237 0.9164788134326239 9 287 48
1.1902411830553152 0.21473935323382265 0.8809383587521024 9 294 635
1.127008066449089 0.22710518736814167 0.8657584577990225 9 305 634
1.127914919453586 0.24015706138047344 0.8324908898519929 9 314 628
1.0452313679759762 0.23935918054198457 0.8470507313777932 9 320 634
1.0876203989025657 0.24277614019654314 0.8214897158723411 9 322 629
1.1569155437595018 0.7311110939048184 0.7258305941264663 9 323 471
1.1360527835028762 0.7538897120772429 0.7204130068336243 9 326 464
1.046121394808293 0.24077894970138802 0.8160347162563997 9 329 632
1.101766487921908 0.24709042759085598 0.7832698587342367 9 331 625
1.131337636128005 0.25048455289089067 0.7551144279635724 9 335 621
1.0149940807824593 0.24959539517039497 0.7985698464247395 9 338 630
0.9909522488144507 0.24702962766949987 0.8101073393700924 9 338 633
1.0823384098314266 0.2542872170728352 0.74544327795875 9 344 622
1.0731547733423439 0.25015596910486926 0.7468875228196032 9 345 624
0.9506509138540284 0.2527303871673281 0.7986840255802031 9 347 633
1.114058114158664 0.255921410895238 0.7047760523989299 9 351 618
1.0120609436632366 0.2516449485247756 0.7452321284894524 9 354 627
1.1455388034410836 0.26310912578205226 0.6548482951684573 9 360 612
1.080931598662734 0.25823011945236607 0.6812970710495698 9 362 618
0.9719346849210866 0.25704852322548355 0.7340730717302018 9 363 627
1.1923964377588732 0.2678613115420201 0.5956201400188286 9 369 606
1.063727985006864 0.26468348706648714 0.6640412931018572 9 369 616
1.1414747072187441 0.26203690793807854 0.6158820532144786 9 371 611
0.9788089383987071 0.25706314302191036 0.6997734126811073 9 372 625
0.8990201120651284 0.2572458803194835 0.742358631585715 9 372 632
1.1096091674112911 0.2584430307872855 0.622281471683822 9 374 614
1.0581167171293195 0.266867282330999 0.6269178084474023 9 380 614
0.9613817847205932 0.26269710911985866 0.6774281529304487 9 381 623
1.3265571338999216 3.0870245754734444 0.0020394912025127887 9 383 15
1.3321311660342596 3.0887980459761413 -0.013472777039851058 9 385 16
1.2962707456107259 3.0452841230514656 -0.00404458746211267 9 388 17
1.1099626855777422 0.2665872366575176 0.5645651132771903 9 389 609
1.2658613011164297 3.0135621489210225 0.0067283589948097244 9 390 17
0.9832503951698472 0.26764930705862156 0.6330211233570231 9 390 618
1.0405147771621588 0.26254188247053456 0.5938792173210223 9 392 615
1.2444914265343856 0.2650238809719194 0.46786497934863713 9 394 600
1.1488097811992646 0.5833429593879222 0.4645458882562168 9 395 508
1.247160571067555 0.27334627166419123 0.45668828122726435 9 396 597
0.8256161546123266 0.2598757811935579 0.7020630384000045 9 397 634
1.1176000729886408 0.5329119889007933 0.47137517155851705 9 400 523
1.0751703472384675 0.6685971112218168 0.46864013082014866 9 401 483
0.9779840218739768 0.2696772704448973 0.5968542652116076 9 401 616
0.8819034141566222 0.26710477504734653 0.6511048337294176 9 402 625
1.0776669252246713 1.0945497323865219 0.3833411254094221 9 403 366
1.092314040632479 0.6955988632733419 0.4455144298730933 9 403 475
1.0758174844195358 1.117559205557105 0.3760233065376988 9 404 360
1.0727978326650207 0.6306217874874589 0.46475623030445745 9 404 494
1.1846616237462646 0.26590575363458646 0.4626115998311282 9 404 602
1.1161775464793533 2.8369133908040665 0.039290102233214164 9 405 21
1.0719038777478729 1.1087579543555486 0.37562254963422115 9 405 362
1.0852842779216592 1.0687944956241378 0.37471049567099746 9 405 373
1.1195190843479337 2.8864988757382486 0.02277528618071445 9 406 14
1.069445040282154 1.0769465022185518 0.37419502828325846 9 407 370
1.0379402171745782 0.6703996534184775 0.46671622651324274 9 407 482
1.025930333952865 0.6436653298697509 0.4749083310279514 9 408 490
0.8155774211842406 0.2653973801055318 0.6716874423997865 9 408 631
1.0387053349977655 0.6200423851895118 0.4674532059239127 9 409 497
1.080432304526523 1.098669712399491 0.3505329738358207 9 410 365
0.9762823206388014 0.268973362638942 0.565900104169712 9 410 615
0.7874809013378727 0.26174003837287363 0.6831407153775075 9 410 635
1.0309510043045151 0.6000477309461001 0.4679882091088621 9 411 503
0.8757664593922303 0.2674313001485725 0.6245278307087649 9 411 624
1.103677882923718 2.856169222667786 0.0043235967830805855 9 412 17
1.1144144661704347 2.836446597807918 0.0013112268765755886 9 412 22
1.090351481994595 1.1007810540513265 0.3352771452171308 9 412 365
1.0198260723445278 0.6295157307067708 0.4655199774516956 9 412 494
1.0706008794486208 0.4898565743570934 0.4558572435674799 9 413 536
1.1052514897913388 2.8858870105293026 -0.013374816392352162 9 414 13
1.0717082449843929 1.0806486407845532 0.32873706740066244 9 417 369
0.969053308637349 0.629026186949738 0.474019494430747 9 418 494
1.0843620893636252 0.2679717080176044 0.4690678011762508 9 418 606
0.9888375484764496 0.5770352857801269 0.467445918176685 9 419 510
1.073697675542028 0.2638059576199008 0.47275678561547796 9 419 608
0.9548196655954757 0.6800196710120333 0.4657211897365001 9 420 478
0.9915104129366796 0.5418255725816827 0.4685524752711352 9 420 521
0.919266688628761 0.2666956976289916 0.5665323715862001 9 420 619
1.0336068812201302 2.7373400863860877 0.02091026252601358 9 421 25
0.9671062047016092 0.5961730102549005 0.46611932571773895 9 422 504
0.9560218957349946 0.6987472767122817 0.4497812166620814 9 423 472
0.9467911618482745 0.6376845744082472 0.4673875654672599 9 423 491
1.0823633865731153 1.0824798669857678 0.290839781749082 9 424 369
0.9206516383315961 0.6598995325810426 0.47614014526100146 9 424 484
0.9430535381537806 0.5997380064601251 0.4732549389528997 9 424 503
0.9612764649620955 0.5675969033451725 0.46768370989542785 9 424 513
1.0349383379730792 0.2611691226356102 0.4790429666750735 9 424 611
1.076147640717976 1.112616000486606 0.2801865856286134 9 426 361
1.0796106210873735 1.1015084764347436 0.2800875229844402 9 426 364
0.9112034207776223 0.6751833607205262 0.47173630725584026 9 426 479
0.9059177236709444 0.6683856806571714 0.46893684034794214 9 428 481
0.9424655692219572 2.6264242469627135 0.0586967687866351 9 429 28
0.9294305086021417 0.5428568528561577 0.46677742629463914 9 431 521
0.8960755464997969 0.7020407996396393 0.45367127543708685 9 432 470
0.8966201008130767 0.6362732038352529 0.4662941796984361 9 432 491
0.9073038292574314 0.6020051000631601 0.46598855902594316 9 432 502
1.080934373610345 1.1093802950834029 0.24643451747274447 9 433 362
1.0701404205985634 1.0988531129209744 0.2467687294571519 9 435 364
0.873002897649573 0.6853305766724144 0.4610259993342485 9 435 475
0.912901015554187 0.5428316325956823 0.46278213378896504 9 435 521
0.8799211577262365 0.604750997267795 0.46505874139951153 9 437 501
0.9746494418771203 0.26318584633174735 0.46992583094665763 9 437 613
1.0659092412993834 1.0898130088897893 0.238031351535543 9 438 366
0.856399602447909 0.656846728712821 0.46672303370896007 9 438 484
0.8602204653091416 0.6445912950681328 0.4666137334133529 9 438 488
0.8766660369967652 0.5744408379813117 0.4696503752446026 9 438 511
0.9415368388280956 0.2619608588747373 0.4888370509862754 9 438 616
0.8919359232744646 0.5282327708246946 0.4649627555571192 9 439 526
0.7402186848364529 0.26704354005517494 0.6205379040765472 9 439 633
0.8951401375768981 0.45988362203377253 0.4729586336205358 9 440 549
0.9102386213323337 0.4317333410345978 0.46841175911785426 9 440 558
1.0669798670071986 1.0898649273696144 0.22387652358768206 9 441 366
0.8287429301152565 0.6321313083594574 0.4758524487678626 9 442 492
0.8662450893252605 0.50316209896286 0.47655326429243194 9 442 535
0.8774711025303497 0.47872888660997037 0.47386736578956556 9 442 543
0.9483328899179047 0.3122051971975143 0.45942508750901223 9 442 597
0.8326021439874169 0.6861802172791199 0.45848329352469763 9 443 474
0.8493460036117177 0.577527149571775 0.4692688260565654 9 443 510
0.8327302860146311 0.6047118267687952 0.47146223732555526 9 444 501
0.8430817420472065 0.5599480259137237 0.4735443345553083 9 444 516
1.069295934770028 1.0821920808292906 0.20589382377095733 9 445 368
0.8515986148727694 0.5094415078090213 0.47445599796646487 9 445 533
1.0742196347825992 1.1031382118306907 0.19364022448472618 9 446 363
0.8246803536749907 0.5985994405066006 0.4710237819228762 9 446 503
0.8776722884196584 0.41419246145546085 0.4724973192067994 9 446 565
0.7970956344307303 0.6581494791906081 0.474199047961402 9 447 483
0.8063386198489899 0.631388083225754 0.4733350538949077 9 447 492
0.8332195449423472 0.5422818847910138 0.4731656808292124 9 447 522
0.8945372985860656 0.3658025306170124 0.46721471562159556 9 447 581
0.9085867430524945 0.2630312600839635 0.4788039938852684 9 447 617
0.8003959851943641 0.6907585391156371 0.46149013102422165 9 448 472
0.8721027859532344 0.4002000687937005 0.47206475477721943 9 448 570
0.7663651010696173 0.26642078247126255 0.5736915190834253 9 448 629
1.0727124895872744 1.1026271425507388 0.18118072381711325 9 449 363
0.8977601938428363 0.29479249527656126 0.47256468261573326 9 449 606
0.8574874620281234 0.44120527589917213 0.4665100037505838 9 450 556
0.8123523997272053 0.5398573697434468 0.4739084376792839 9 451 523
0.828929076012954 0.5154756476454762 0.46737176762526866 9 451 531
0.8418667857185937 0.48837190781847806 0.46397043183255593 9 451 540
1.0723666261379916 1.098372212779485 0.16866779429771261 9 452 364
0.7880489025103705 0.689705130934942 0.4558363916535433 9 452 472
0.7904731026892158 0.5956143754848525 0.4740047047341256 9 452 504
0.7932960984690927 0.57502782315786 0.47279801731636284 9 453 511
1.0647047322677123 1.0925372276018783 0.1662325303861376 9 454 365
1.0665142048085492 1.0809860065382941 0.16740320852972923 9 454 368
0.7632172144901117 0.6858103300784657 0.46346865598751474 9 455 473
0.7588246583696936 0.6740492292984523 0.46911077780157506 9 455 477
0.7624832912275517 0.6594421281172491 0.46961901041474774 9 455 482
0.8273663768527975 0.4886683705330821 0.45979477090165255 9 455 540
0.7509099046592986 0.6333858087273945 0.4799122634324675 9 456 491
0.7509728958564685 0.6188466938000882 0.4794661245137817 9 457 496
0.7546191169674479 0.26574762608364944 0.5526992103631789 9 457 629
0.7510690652134491 0.6271530722427741 0.47408870657149627 9 458 493
0.7626637122924329 0.5670247772536651 0.4787006614996314 9 458 514
0.7492859761442654 0.601354732510936 0.4774264567212958 9 459 502
0.7518897209658195 0.5643822909788286 0.4800509066649705 9 460 515
0.768153938947999 0.537990991721465 0.4739939356740217 9 460 524
0.7772028509718831 0.5204224511275415 0.47124992408902333 9 460 530
0.7395077030658759 0.6012677932679943 0.47752737748345964 9 461 502
0.715701944446016 0.686279949224369 0.46580723448253636 9 464 472
0.7121516156838481 0.6748081551813598 0.4709326916196488 9 464 476
0.7136269448525605 0.607212692977378 0.4847061453594237 9 464 500
0.7242192229157767 0.5789527036358071 0.4831471855012972 9 464 510
0.7286439821601338 0.5676178336016207 0.4823925949895165 9 464 514
0.7057847091060585 0.6267203691101828 0.48272256854222273 9 465 493
0.8085037975128135 0.33437371240303904 0.4715986087030275 9 465 596
0.8231269985090495 0.26753462411750983 0.4721106350341562 9 466 620
0.7034238391946412 0.6486827351337894 0.4726872521847487 9 467 485
0.8026560577971458 0.30206129155168093 0.46577180777552885 9 470 608
0.6780442717699278 0.6648144135216942 0.47417681138671597 9 471 479
0.6972329376989219 0.6061124008780238 0.4729882527013791 9 471 500
0.7231934866890835 0.5114602975892719 0.4748043499632377 9 471 534
0.7915136190542149 0.3093988262481221 0.4690118014673972 9 471 606
0.8048647742411437 0.27511275982824557 0.46671079069939925 9 471 618
0.6587029842623724 0.664461035875946 0.48195905085608537 9 473 479
0.6908424914248299 0.5812717649489634 0.4765384379701201 9 473 509
0.7067907884260745 0.5557010580866715 0.47029494063686506 9 473 518
0.7119380438630882 0.4880238305759591 0.4817223288871868 9 473 543
0.7199292423221697 0.47376274608311253 0.4789215482795872 9 473 548
0.7639864545367874 0.36656052967084074 0.46994484418448423 9 473 586
0.6674473695888481 0.639359138281439 0.4776370897414619 9 474 488
0.6732963429603165 0.6063936098285233 0.48069330475683714 9 474 500
0.6661787100938468 0.6974757353695351 0.461960046991682 9 475 467
0.7406096613908293 0.39627273361612225 0.47405117302159194 9 475 576
0.7556520584716526 0.3622208821808873 0.4703889750463828 9 475 588
0.7643681814531016 0.33710301814578947 0.46949330779753806 9 475 597
0.7859600899682642 0.2678468810688399 0.4688756457486398 9 475 622
0.7553961776474569 0.3801610558960884 0.46306917505554757 9 476 581
0.76324119643657 0.2955212191091079 0.47303672805216723 9 477 613
