2.4584297509920323 1.4023953204359376 0.9954415874318225 9 3 394
2.4735259163710515 1.3617644185371176 0.9950940384250921 9 3 403
2.4758090578177656 1.3420614606584595 0.9945059633796227 9 3 407
2.495255543182214 1.3135977480961338 0.9950013121959713 9 3 414
1.89435172681925 2.042826940738836 0.9695431308588522 9 4 216
1.9254700634289414 2.0444275981881415 0.9721563267863378 9 4 220
1.9433370781587964 2.0410576502148863 0.9734904171006569 9 4 223
2.0105094751737207 2.0644890046759112 0.9667353570567079 9 7 228
1.8878311095984595 2.050174415763128 0.9524071758995216 9 8 214
1.950623551892964 2.047711415767318 0.9571383347052076 9 8 223
2.0802424565464466 2.022176020758016 0.9661707461665392 9 8 244
2.025008918399173 2.0407146411488712 0.9537834460521022 9 10 234
2.082442109235265 2.0300862938511197 0.9576751237793419 9 10 243
1.9864052449338843 2.0647996667625907 0.9429874053419021 9 12 225
2.0312345635222635 2.045836753924936 0.945567572385182 9 12 234
2.15283072910932 2.045480167485443 0.9542506114930713 9 12 249
1.8747147935594146 2.0467016029693506 0.9301760624870163 9 13 213
1.9424369224035543 2.048355349050131 0.9349828423002084 9 13 222
2.0673787051504346 2.0374194242871164 0.943399861778327 9 13 240
1.8827212028644391 2.0361045339215953 0.9261614114456262 9 14 216
2.4647911440453716 1.402698372664231 0.946284252542531 9 14 394
1.952176854261741 2.033324020485534 0.922196541310859 9 16 226
2.084281143442338 2.0445233615369816 0.9312834958295131 9 16 241
2.4848588002729586 1.4157790176631264 0.9389144268558007 9 16 393
2.0253509290515037 2.066265370737047 0.9235764170278478 9 17 230
2.07053134931968 2.0465201331303113 0.9259302232102649 9 17 239
2.4683104313560262 1.340996525682011 0.9310578299859082 9 17 406
2.485323993144811 1.285937128865131 0.930547245042638 9 17 418
2.4761226425006138 1.2472999215725982 0.9288165698079816 9 17 425
2.4763384913806834 1.1584878392249505 0.9262254516849797 9 17 443
2.463274693263186 1.3802874497084108 0.9273448137019866 9 18 398
2.465037524752567 1.3240742452454584 0.9258491244041331 9 18 409
2.4953336803064343 1.3046811375005054 0.92722116017144 9 18 415
2.4837413487262507 1.232968334789831 0.8975953692921496 9 24 428
2.476366873643026 1.215449913823028 0.8967611112233318 9 24 431
2.470140728294442 1.386747865920056 0.8959769486614044 9 25 397
2.4749024888865554 1.1997733770446384 0.8918485370398882 9 25 434
2.453831862410869 1.3229891212873859 0.8890764736375653 9 26 408
2.4759035086751746 1.3571626296680361 0.8864447376772013 9 27 403
2.473621033239828 1.2688873560838747 0.8843857956445929 9 27 420
2.4946642513240076 1.2308622773461986 0.8846364741657254 9 27 429
2.489377001155242 1.2140162687406681 0.8839929856576393 9 27 432
2.482354125511427 1.286797229288859 0.8761487570869093 9 29 417
2.460859477158368 1.1498080136279105 0.872286182818148 9 29 443
2.4241626848896303 1.3516487410770681 0.8701112505089559 9 30 400
2.492413147648289 1.2393045649799794 0.8711414668986895 9 30 427
2.451823154984966 1.3726081844190274 0.8626898797025373 9 32 398
2.4443364068331217 1.3488267756410866 0.8619182924933836 9 32 402
2.466272017099734 1.3939795881072863 0.8591118287887171 9 33 395
2.4392070974338154 1.3930594996041672 0.8487385458424317 9 35 393
2.472877991300485 1.2664700958230433 0.848083619392698 9 35 420
2.4606383071165885 1.211883122225344 0.8467057709203925 9 35 430
2.458119744704554 1.2010934523661985 0.8464293615733072 9 35 432
2.4478870633262924 1.1779445306033303 0.8456386408442758 9 35 436
2.471402405235736 1.342858060640066 0.8446493523630701 9 36 405
2.4668240453100467 1.2437974190113068 0.8429506460751293 9 36 424
2.4695477227184695 1.2293771995969753 0.8383193350766838 9 37 427
2.446222591660461 1.4217849733626986 0.8355966506860301 9 38 388
2.4612006503221693 1.3750241594533072 0.8355027273386226 9 38 398
2.4637478793728507 1.3135236317023056 0.8347462863586774 9 38 410
2.4741963289523543 1.2968315034581905 0.8349010128442307 9 38 414
2.469477270005654 1.3570768382708744 0.8309377791693829 9 39 402
2.477565796366405 1.1915361759930032 0.8290597540305286 9 39 435
2.4636231829110415 1.3078209347060727 0.8255033432875284 9 40 411
2.457552255939864 1.2444584974893642 0.8245141311628967 9 40 423
2.4636788811306056 1.4446089480930473 0.8225038025782261 9 41 385
2.4637869027409542 1.2870796928036856 0.8206820014904072 9 41 415
2.4614507667304517 1.2760042225000734 0.8204769216960792 9 41 417
2.467103112604591 1.3502085242365174 0.8168951929905469 9 42 403
2.4548686837192712 1.4566491881950487 0.8129686426350081 9 43 382
2.464667071705906 1.2817610363923704 0.8114994019814333 9 43 416
2.439597291457685 1.487758054199991 0.8081200969210324 9 44 375
2.4614261135338316 1.4701336965652978 0.8085839392496899 9 44 380
2.4518588111035338 1.4175966144322227 0.8078177894585128 9 44 389
2.458177849260334 1.3254430338596508 0.8071389863964119 9 44 407
2.4421737846012608 1.5106000293998114 0.8036803551002211 9 45 371
2.4706913383837446 1.3456579561276976 0.8030459129108338 9 45 404
2.4631913480044356 1.280695251257793 0.802282151319414 9 45 416
2.4592163292287763 1.430975411661499 0.7987687873923074 9 46 387
2.4521670929753907 1.4066543011730779 0.7983943291874352 9 46 391
2.4702369525246093 1.4733985597910575 0.7946421016401185 9 47 380
2.474137417267272 1.4641711976353005 0.7946731232337185 9 47 382
2.449659830108814 1.3842071103990334 0.7935014338400052 9 47 395
2.451303103664339 1.337660481211994 0.793212202718092 9 47 404
2.44605246626425 1.5118616025894092 0.7895696251626438 9 48 371
2.452040441191717 1.400862182167891 0.7890064507394605 9 48 392
2.4634804188939667 1.2800109969659181 0.7885082236065315 9 48 416
2.448416318157892 1.3412751186979257 0.7839178359561972 9 49 403
2.4921539027723094 1.476830763185731 0.780843446992436 9 50 381
2.5005012157546997 1.4639227123147445 0.7809533842231513 9 50 384
2.4558424977525215 1.3966740765125367 0.7797073758357652 9 50 393
2.4658049696451383 1.3373335782613578 0.779626550827945 9 50 405
2.4540097575678548 1.4222130014801517 0.7703796861283833 9 52 388
1.9296054093423183 1.8779216227315652 0.6837056569171832 9 70 252
1.949067865624715 1.8694115015982131 0.6747778028898889 9 72 256
1.9760824783091948 1.877296450711831 0.6654348065536949 9 74 258
2.0947962229757757 1.8541613409786497 0.6642660862961147 9 74 276
2.4514284227032928 1.5098222785383715 0.6595843714574032 9 75 371
2.161475746830799 1.8566567198437949 0.6539096958476224 9 76 283
2.435871968575845 1.5305331840354706 0.6546255820406748 9 76 366
2.4283267188673374 1.2648971965186415 0.6587366350553987 9 76 415
2.423081084695664 1.3615934883152712 0.6526270283735602 9 77 396
2.4301600718151817 1.2191723829886898 0.6501223575209953 9 78 424
2.445825531234803 1.2144720337338577 0.6499172844930013 9 78 426
2.386686946300746 1.294782232595793 0.6450117470259292 9 79 406
2.1794442231197033 1.8507080205512403 0.6346046692001778 9 80 286
2.4299819283395605 1.3636824236619396 0.638211643662774 9 80 396
2.401011492950524 1.248799398845693 0.6409008741608138 9 80 416
2.404535195652444 1.2244938878257974 0.6366471285327865 9 81 421
2.430981443566633 1.1780593147393565 0.6323097432060866 9 82 432
2.434928269807801 1.3863604095627717 0.6233135505300642 9 83 392
2.443252628094742 1.4602887500624615 0.6167174072862673 9 84 379
2.4064593778788805 1.1544523014257835 0.6241941437250995 9 84 435
2.398141180371348 1.3184312030171712 0.6162248594945119 9 85 402
2.4427554034910655 1.2677553416120395 0.6160964355203999 9 85 415
2.4116233538099894 1.1657450999821966 0.6192136021766347 9 85 433
2.4526039105107116 1.1194967020115585 0.619089023980063 9 85 445
1.9565550787341635 1.8825320648997939 0.6115924279988091 9 86 255
2.401634988033566 1.3091412077479387 0.6116259899492107 9 86 404
2.4014249491873496 1.2069124919646654 0.6139650373032256 9 86 424
2.4431996063982346 1.267379594504848 0.6066233515803543 9 87 415
2.4184621905063293 1.1475607101421101 0.6102116991388123 9 87 437
2.4050984393133494 1.320420309190552 0.601813441236433 9 88 402
2.441284637901243 1.1397121160970758 0.6050565910087834 9 88 440
2.399905852469664 1.230762397102122 0.5995104916410721 9 89 419
2.4135200033115773 1.328223644187076 0.5870827091060659 9 91 401
2.4177525963979773 1.241676683615465 0.5892427263873925 9 91 418
2.4064436535779756 1.217332021559324 0.5903053353748476 9 91 422
2.421215493027142 1.182109884545291 0.5907093661657249 9 91 430
2.4359483124021724 1.0920930924972696 0.5833508051492104 9 93 449
2.426545188322897 1.2437228345552986 0.5699675169488758 9 95 418
2.430307052357987 1.2347966351641728 0.5700759436860194 9 95 420
1.6765672289350628 1.874864156557897 0.5785075109873272 9 96 219
2.4148405121188388 1.208715502435621 0.5668138980325305 9 96 424
2.431035282917972 1.1688157980333211 0.5673330741056024 9 96 433
2.412904076518051 1.1476056995003951 0.5641265621961858 9 97 436
2.43956987874343 1.1313115620836762 0.5634407696176884 9 97 441
2.4247582266713055 1.5163858273107553 0.5470308254546689 9 98 367
2.4298605265459994 1.4795410561332056 0.5479826661590805 9 98 374
2.434263414179229 1.1995865380163653 0.5568085998339368 9 98 427
2.4182467437759625 1.291401144721383 0.5498129643340516 9 99 408
2.4064666952909457 1.144896778339786 0.5552176192418009 9 99 436
2.434672267208908 1.0896812620690706 0.5556940056504548 9 99 449
2.421845292052491 1.2458076688457775 0.5463970373987524 9 100 417
2.4171832879629647 1.228757176917957 0.5472035441239064 9 100 420
2.4293300944228937 1.1770877265192785 0.5483539491856769 9 100 431
2.429339539437879 1.2950577859229642 0.5395563258650105 9 101 408
2.427303199544527 1.116260746857134 0.5458516166712328 9 101 443
2.419252869813509 1.2805769588965414 0.5357849163641031 9 102 410
2.4176370109519247 1.2283568326261618 0.5377190461289427 9 102 420
2.419798608677138 1.4631234071330397 0.5243550593902877 9 103 376
2.4308380521841455 1.101901745251019 0.5368476039564097 9 103 446
2.4292762371660452 1.0623297770340416 0.538364529648847 9 103 454
2.4313939898409247 1.434838061793487 0.5198251204067544 9 104 382
2.4061868854009134 1.173182483606926 0.5308962235935686 9 104 430
2.414107232360342 1.014051843864945 0.5317724096274212 9 105 463
2.4065159723648186 0.9973852383635836 0.5282717747121525 9 106 466
2.4150896137931115 1.1651997737402993 0.5165868161385221 9 107 432
2.433601450826342 1.0915550728927401 0.5183912313650632 9 107 448
1.8928009739574363 1.8579275311682641 0.5112251754135714 9 109 252
2.3990368887920974 1.1692907200015574 0.5079834296868518 9 109 430
2.4418006000461827 1.0687692990881668 0.5094460954459409 9 109 453
2.4166971087854776 1.159787523644948 0.5025529694554975 9 110 433
2.423898996531171 1.1172014205701795 0.503875009310807 9 110 442
2.4339255800565085 1.090634236010577 0.5043476619620448 9 110 448
2.4228551755878125 0.9437654785996096 0.5111917802195013 9 110 478
1.8903368278227268 1.862344042520818 0.49761441633343373 9 112 251
2.4241194152474286 1.10670992778415 0.4949049886885927 9 112 444
2.420890201863239 1.013365188803403 0.4991716045709079 9 112 463
2.4016072304564156 0.9891240613594073 0.5015066055775224 9 112 467
2.42196609310962 0.9283889484540205 0.49823045454972426 9 113 481
1.8120163652117567 1.8675081265220859 0.4937414340107066 9 114 240
2.4150502663358004 1.0350133841609894 0.4893484501107097 9 114 458
2.4105838796977994 0.96719283987711 0.4927113092607244 9 114 472
2.414125445512994 1.092788007757986 0.4821239998534488 9 115 446
2.4272165012864857 1.0767397971629824 0.4772325096917912 9 116 450
2.41706807675153 1.0445341596994908 0.4794680515855452 9 116 456
2.4159157826848254 0.9910908600497299 0.47742486381547367 9 117 467
2.4377250971054805 0.9306322460067677 0.4786829761548749 9 117 481
2.4016978105713203 1.0202180279328426 0.4724670063377797 9 118 460
2.4059659666261592 1.0306540400378892 0.4669976183266966 9 119 458
2.4056160660486214 0.9639962740546818 0.4702934351597514 9 119 472
2.4287275662543397 1.0509656384290293 0.45485250104261654 9 121 455
0.5698953839956232 0.26309609722374866 0.6360109293598601 9 126 635
0.5836927729279726 0.2661687475140919 0.6291135243208323 9 130 632
0.5690220862769998 0.2641518337124117 0.6182798535352493 9 139 632
0.5799393324672266 0.26596949943336234 0.611422023816316 9 143 630
0.574195864595626 0.26655085797141986 0.5994619429264937 9 152 628
0.559318958975151 0.25698295632520357 0.5965609867419812 9 156 635
0.5729324027491021 0.2678108764043356 0.5910893164547751 9 158 626
0.5631951457346687 0.2588450554302858 0.5833789822165024 9 165 632
0.5891258032713903 0.2739050403329445 0.5753927551176753 9 167 620
1.3019460357341859 0.46212092661840853 0.4474169108638959 9 169 548
0.559086730509585 0.2606701699939713 0.5712205983999463 9 174 629
0.583276732448128 0.27449354837917533 0.5631448757012707 9 176 618
1.0761219405321762 1.0847530233952845 0.3903785012748268 9 181 307
1.0720098315076214 1.1128174581909591 0.38530226682507995 9 182 298
0.5612439424040887 0.26133030509985145 0.5580646387026917 9 183 627
0.7145489693704432 0.6299578741108751 0.48779214103720886 9 186 414
1.2638458729095414 0.35967432492302365 0.41323473685611123 9 188 586
0.5533057711341866 0.25024590403928 0.5521410322779461 9 189 635
1.0775577713616222 1.1129122623617282 0.3605694368413135 9 190 299
1.0765202567166372 1.0782864352517727 0.36451783964510714 9 190 309
0.6574479862738527 0.6817251139901302 0.48472966817668905 9 190 378
0.7021963784623868 0.6069482802203332 0.4846026045056117 9 190 423
0.7277585518879488 0.6033415441245781 0.4802862216669884 9 190 429
0.7382425053434003 0.5904802828045767 0.47975100716991537 9 190 437
0.5829764945387932 0.27398210762069575 0.5412105571517554 9 191 616
0.6511370050600843 0.6604049274334045 0.48435865729891037 9 192 387
0.6713920436506233 0.6319067784408063 0.48370661517252495 9 192 405
0.5611042880590185 0.2619754493413667 0.5451501366765206 9 192 625
1.0780760319530918 1.1167307895448206 0.35108200949295043 9 193 298
0.6483088950661097 0.6409488135758743 0.4832214350235233 9 194 396
0.6967232956189628 0.5615585102259899 0.482891642183836 9 194 445
0.6604590055330313 0.6097616856345678 0.4824991490474217 9 195 414
0.6616152152569936 0.5773344997911268 0.48593705805278664 9 195 431
1.0716308859265273 1.1128857836779098 0.34376145263191754 9 196 298
1.076577990399052 1.0817100878700177 0.34634954305376586 9 196 308
0.7400738369130662 0.3998845841202199 0.48535667926501247 9 198 539
0.5516776553282173 0.24961162365284445 0.539783923066487 9 198 634
0.5696240456807198 0.2690750525909813 0.5296005113600938 9 201 618
0.5824711122211664 0.6883134135523581 0.4756301031338334 9 202 358
0.6164803613152697 0.5583442825614642 0.48418852454619254 9 202 433
0.6308659745333549 0.5464553773857481 0.4826812799781497 9 202 442
0.632830665795071 0.5308142844695123 0.4841435128054317 9 202 451
0.5594482402400931 0.262404431667028 0.5309901323962036 9 202 623
0.5811834820337167 0.6481614866583828 0.4770185535267254 9 204 378
0.5940630926238195 0.5926798496129662 0.4810615056456024 9 204 410
0.600805487031189 0.5784832312477206 0.48138493266685956 9 204 419
0.6261721834712695 0.5145282982307848 0.48387499874117335 9 204 459
0.7473469462389077 0.3740735558007504 0.4758377277699295 9 204 554
0.7481517247664038 0.35248911244338804 0.4782782775017487 9 204 567
1.0753557516429029 1.0980981826176834 0.3177207951709226 9 205 303
1.074341344862031 1.0838356899012296 0.3196666317023546 9 205 307
0.5766669133742729 0.270949345537366 0.5220145712033923 9 205 616
0.7540483556952342 0.3295970227026779 0.4761783227085695 9 206 581
0.782653121085437 0.30203908546473185 0.4735624076274575 9 206 599
0.5999858381786065 0.5365570441287231 0.4813314953298109 9 207 442
0.715289020900628 0.37644075408624084 0.47675217284380966 9 207 550
0.5515803356299002 0.25019294499125205 0.5268896861732071 9 207 632
0.7609220045594456 0.31500456690295703 0.47287452531546464 9 208 590
0.5677662511672039 0.6990903308749574 0.4643567617930753 9 209 349
1.0686090943806026 1.1113547129557162 0.30239479120314394 9 210 298
0.568121393160035 0.6251030015725996 0.4717456828908163 9 210 387
0.5712003890835761 0.6095058430704181 0.47304724488471417 9 210 396
0.6913493666666668 0.33821621971107463 0.4813089051171998 9 210 572
0.5614902148996749 0.6721199894963967 0.4654202627001686 9 211 361
0.571918946107169 0.5931064780794331 0.47318319713744816 9 211 405
0.5780676829450174 0.5539169171083 0.4768211747551076 9 211 428
0.6995315663588264 0.3324260517218344 0.47852275563800567 9 211 576
0.5635588767531715 0.6612822712318707 0.46452088214871806 9 212 367
0.5610145195864422 0.6427586907928782 0.4656397393805822 9 213 376
0.5683882885478149 0.5753392237327194 0.47269135926655137 9 213 414
0.5837740862528076 0.5154808972130542 0.4770013099152717 9 213 451
0.574314730251294 0.5365267209747914 0.4729070504430327 9 215 437
0.664551038863247 0.31542911412711006 0.4815570975518648 9 215 585
0.6967865645108562 0.2992090711734039 0.4764556761786515 9 215 597
0.5522856778096559 0.25324856422381054 0.5133607226473863 9 216 628
0.5634137768437587 0.5571347280680606 0.4674331321416927 9 218 423
0.5811591947606293 0.4691182122598189 0.47509674567678456 9 218 478
0.5824167529958426 0.4548563148426741 0.4767086420794788 9 218 487
0.5596942281711699 0.6247374290336704 0.45747990194092536 9 219 385
0.5618707944423137 0.6088214608082458 0.45911259461327236 9 219 394
0.5593779160335085 0.5913570561506227 0.46202868031868605 9 219 403
0.5764744917711841 0.48257354038512185 0.4726764552242568 9 219 469
0.6505064209617282 0.274902309070576 0.4834668717059502 9 219 612
0.5617783112182241 0.6997528219485007 0.445068679668662 9 220 347
0.5574464682593144 0.6796346368626598 0.44878931100716873 9 220 356
0.5588714095179914 0.6471179699985695 0.45284794504629444 9 220 373
0.5599761543580075 0.5752573800146897 0.46229165991578997 9 220 412
0.6288585225916686 0.3310196786621113 0.479278878453125 9 220 572
0.5578021310967409 0.6679254658664231 0.4484479275815386 9 221 362
0.6369303307952578 0.2994985137844488 0.4800238169057699 9 221 594
0.562984309203062 0.5478048638395921 0.46181739466897825 9 222 428
0.5606100531260915 0.5162029634455316 0.4666983912079684 9 222 446
0.5654488216442358 0.4974892758960217 0.4681197203927298 9 222 458
0.5758075405407548 0.4448730020129409 0.47287964879197164 9 222 492
0.6326272328939251 0.28636749072934037 0.4811931869977065 9 222 603
0.5626387975101543 0.5354437292635557 0.46185731053670875 9 223 435
0.6427104001188038 0.27221102215213894 0.4775046200163653 9 224 613
0.5504130356791407 0.24890339135540152 0.5012892793630822 9 225 630
0.5601290291324424 0.2663038231634223 0.4950384008010783 9 226 616
0.5541718292722732 0.5566013479374192 0.45398203415989224 9 227 421
0.561776292900733 0.4633109389868957 0.46531148216793444 9 227 478
0.5578339500262013 0.6403900528223851 0.4394246041625256 9 228 376
0.557473341414515 0.6231525050622073 0.4419638887750029 9 228 385
0.5597483152917521 0.6091032817702967 0.4434040785119814 9 228 393
0.5564204535299011 0.5912647393500718 0.4467558419910428 9 228 402
0.5594968220101375 0.48035921552496874 0.46177123935633085 9 228 467
0.557984782249953 0.5754704818310077 0.4468465032130818 9 229 411
0.5572262769073788 0.6730918850339619 0.43120413515582745 9 230 359
0.5563123149046196 0.6628302146996303 0.43290869462109566 9 230 364
0.5539574936649201 0.498312807578144 0.45718313356776863 9 230 455
0.559334090015196 0.44791013314986566 0.46144382768280995 9 231 487
0.600167243413868 0.28879096873950827 0.4742952723399698 9 231 599
0.5560081096280048 0.4836862950636433 0.45370742703182937 9 233 464
0.5963202285177347 0.2760397851084007 0.47396557005563983 9 233 608
0.5523944185081535 0.24948196427449593 0.4875087617957413 9 234 628
0.5556782967925482 0.6050735377527754 0.432370648025069 9 235 394
0.5531694316900727 0.557088960897559 0.43838131505084976 9 236 420
0.5564929650336949 0.46399756275239135 0.45143575999553615 9 236 476
0.5547364839403313 0.6442217965378708 0.42311061128958366 9 237 373
0.5571350429972124 0.6280187677573654 0.4249237931846105 9 237 382
0.5536007384774219 0.5157152582985951 0.44272802803614625 9 237 444
0.5548367189618473 0.497656612045544 0.445122248018851 9 237 455
0.5585373934790843 0.701518561463534 0.4116031149171447 9 238 345
0.5555833828634567 0.5882300758507641 0.4295130308957347 9 238 403
0.5559644452493803 0.5756788819341321 0.4313120773371525 9 238 410
0.5575957141331571 0.48178419433427544 0.44508943862512884 9 238 465
0.5583302408285239 0.6652095292847693 0.41527652551639194 9 239 363
0.5546824128637396 0.4534563291476121 0.4467870692599533 9 240 482
0.5704987918418349 0.29650143512719135 0.46663010696990326 9 240 591
0.569834977432753 0.2840426021738202 0.4656172624902538 9 242 600
0.5544941460657957 0.4705771711052865 0.4391320785941433 9 243 471
0.5550535656177451 0.23886261236369577 0.47509506537904167 9 243 635
0.5554167666365637 0.6098156327484644 0.41535455654000025 9 244 391
0.5568007400188307 0.5954903240305065 0.41722481396199795 9 244 399
0.5562347993123814 0.559068353924872 0.42308841990144014 9 244 419
0.5539911539311612 0.5355318372399152 0.42738721270603364 9 244 432
0.5526635005505123 0.5506942213030619 0.42359978923776015 9 245 423
0.5568240820709137 0.6464828439712774 0.40549076455755784 9 246 372
0.5557712165978276 0.6286988125328472 0.4086008116052659 9 246 381
0.5528693033427762 0.5059798197404608 0.4288630918975813 9 246 449
0.5586045393886001 0.7012055438238758 0.3943986708723834 9 247 345
0.5569750461818711 0.5860940642633613 0.413213599445303 9 247 404
0.5520813050831105 0.4906542279916976 0.42979231029841697 9 247 458
0.55514498880613 0.5726122717023567 0.4140694938991487 9 248 411
0.5565780647381141 0.6023880738118148 0.40706063020279465 9 249 395
0.5542633869264896 0.45522813170087506 0.4314574005752248 9 249 480
0.5554721307837371 0.4412510344008429 0.4333749907836113 9 249 489
0.5617968163551149 0.2902726674540356 0.45597148708005764 9 249 594
0.5556277019910679 0.4026675673764138 0.43791004567038283 9 250 514
0.564605660404673 0.2587562968355841 0.4587419957988678 9 250 618
0.5515878348786547 0.4767325835105872 0.4235998733325473 9 252 466
0.5552553165027667 0.6279728072487822 0.39586563678301023 9 253 381
0.5549944665927781 0.6107929012741116 0.3987765883754135 9 253 390
0.556800094112191 0.5565371197640199 0.40721656996968086 9 253 420
0.554623191257924 0.5398250915729578 0.40881799449699907 9 254 429
0.5553411203702773 0.6550437809986733 0.38759125350203755 9 255 367
0.5575743779531397 0.5746014498439226 0.40037396197309244 9 255 410
0.5549497703573996 0.508814654390128 0.41211757402837346 9 255 447
0.5586375610592219 0.5951222059453833 0.3947968157325519 9 256 399
0.5527949721026317 0.49798442540338994 0.41280719777423036 9 256 453
0.5514226142557308 0.4612809607241213 0.41595067699506644 9 258 475
0.5517518169527053 0.44699427749952986 0.4182787286025996 9 258 484
0.5562306248569187 0.29220244949779256 0.44323357970652305 9 258 591
0.5551189325245821 0.6217356094049622 0.38575637363401144 9 259 384
0.5535135905531268 0.43305376468016155 0.41843658758136715 9 259 493
0.5545981221089982 0.3919954242967949 0.42512285554960566 9 259 520
0.5602203205643934 0.26454068750938875 0.44520981591614145 9 259 612
0.5552757585108631 0.5587537705289025 0.3928348015703967 9 261 418
0.5534731714198001 0.4858513844336195 0.40595476775478045 9 261 460
0.5573611694166912 0.637863079265378 0.3766659938442281 9 262 376
0.5568427771353968 0.6240516872979652 0.377337216650842 9 263 383
0.5582430887313318 0.5434932664701748 0.39096405209789126 9 263 427
0.5607961541106906 0.6450666831589563 0.37056297026206214 9 264 373
0.5537112127405185 0.5759842385416267 0.38483836557705076 9 264 408
0.5601722053268775 0.6080693846471917 0.37536536937531195 9 265 392
0.5540522806404118 0.3161789790444415 0.42711127215641626 9 266 572
0.5564539754872719 0.304048976578615 0.42852066074432826 9 266 581
0.5543571384616823 0.4704281476333917 0.39793665199083295 9 267 469
0.5548403903989505 0.4559295289034463 0.4003703030292891 9 267 478
0.5542066688919611 0.29162431491692004 0.429844197148826 9 267 590
0.5603598446915671 0.5597406919852461 0.3783240542189537 9 268 418
0.5557682323237754 0.4415853944468693 0.4009210527222665 9 268 487
0.5550779072729173 0.42726942882030383 0.40370073347034785 9 268 496
0.5547192306576088 0.26644789902495475 0.4326208897699936 9 268 609
0.5604068143935604 0.25617043963060093 0.4326886434317217 9 268 617
0.5547121851538439 0.23445818261596763 0.4368314739333989 9 269 634
0.5554062578261265 0.498561313329861 0.38728062451752077 9 270 452
0.5553207979515946 0.48511253904817203 0.38974208225138507 9 270 460
0.5610854079376156 0.6271206269358828 0.3603107648695262 9 271 382
0.558542107443252 0.5268349496889841 0.37936553996912553 9 271 436
0.5611773359793146 0.5559750649995466 0.3713852305490423 9 272 420
0.5608498567065758 0.6563956237431396 0.35118179676768224 9 273 367
0.5627205094056553 0.6433146784985402 0.3529876842583708 9 273 374
0.5625176636335695 0.5912973783675006 0.3626167593352817 9 273 401
0.5621775188555548 0.574450893144276 0.36582317615467763 9 273 410
0.5640412808791947 0.6107337869249504 0.35665150720814837 9 274 391
0.5546087581940907 0.4629563897882073 0.38700041151700487 9 274 473
0.5564309585433816 0.43445560008282746 0.3916809030266554 9 274 491
0.5553748816721716 0.3820696679361409 0.4017026175519254 9 274 525
0.5535628334283056 0.34950044916190626 0.4066660616713616 9 275 547
0.55516362368269 0.32141347939528 0.41136532315018814 9 275 567
0.554549364980746 0.30895733077595683 0.41387809592454333 9 275 576
0.5575510520247569 0.2318263705311439 0.42723438852558926 9 275 635
0.5544904372752691 0.2965230455413794 0.41461469817189384 9 276 585
0.5538385219660198 0.44778944484536054 0.3848461571790219 9 277 482
0.5570385683877576 0.25422360387328424 0.42012512490872184 9 277 617
0.5539658880413167 0.2840363826177698 0.4139526403873791 9 278 594
0.5576771436749963 0.47947280803916836 0.374090803719841 9 279 463
0.5622099226958343 0.6809339039057694 0.332419944382793 9 280 355
0.5639241063441545 0.6256521765993966 0.34238308925212624 9 280 383
0.5625754646295128 0.5720397662737738 0.3530461908775902 9 280 411
0.5652144296132596 0.5402126424864578 0.3582331226349312 9 280 429
0.562702439629613 0.5234916754354229 0.3622539193507299 9 280 438
0.5653061749891607 0.5563737368354003 0.35325511371369234 9 281 420
0.5619692692972269 0.6443526694375092 0.33557423575264816 9 282 373
0.561125144257131 0.5918203543793255 0.3459673430026537 9 282 400
0.5563245119685596 0.4190157465289966 0.38083507832797303 9 282 500
0.5545847863321651 0.3835468563170756 0.38824517809035086 9 282 523
0.5607968533121295 0.6086958587189082 0.34091521184876517 9 283 391
0.5566453024186824 0.463761354831269 0.3703476307793082 9 283 472
0.5552980561131278 0.43918179205183705 0.37555621734012334 9 283 487
0.5547101768967361 0.3698224892180663 0.38749203700033613 9 284 532
0.5531435658068671 0.31672625137044264 0.3983436071043678 9 284 569
0.5542274845735573 0.3042039267245117 0.39879474282870314 9 285 578
0.5635227663354535 0.540771689518176 0.3475565733271816 9 286 428
0.5563685217920664 0.2705179188678906 0.40305622020774606 9 286 603
0.5578708154507639 0.4247766616702595 0.3705212920859098 9 287 496
0.5558964911355293 0.291644413584473 0.39746182914997885 9 287 587
0.5561398646937302 0.24692172333464435 0.40619953671403053 9 287 621
0.5639287307534978 0.507128407907202 0.35035751356260103 9 288 447
0.5613226907114413 0.5781072052461628 0.33529208391710064 9 289 407
0.564590934782639 0.5625853183635671 0.33724635869465697 9 289 416
0.5623479959171096 0.41079779285760776 0.36477586004201934 9 291 505
0.5584177395294613 0.6089156111359126 0.32438353153065463 9 292 390
0.5594245469710201 0.4630912806613552 0.3534961870992677 9 292 472
0.5629206366446929 0.4490935642727096 0.35508987315878193 9 292 481
0.5577504926425473 0.22802791635675995 0.4015893518470685 9 292 635
0.5605406152273288 0.592468977567467 0.32503746310924075 9 293 399
0.5576094046057583 0.3041571001848957 0.38461983023851765 9 293 577
0.560377074616839 0.4746792759699433 0.3472055039665094 9 294 465
0.5562604840768517 0.2779010264762135 0.387210093585222 9 295 596
0.5627547196308165 0.43384634411153494 0.3511386022918406 9 296 490
0.5568841242281554 0.291187167314931 0.3826363269938353 9 296 586
0.5631085468541164 0.5968719415821411 0.3154966131688103 9 297 397
0.5629103744324245 0.5091497701055059 0.33372143463534376 9 297 445
0.5623965245238187 0.41908410935986445 0.35078090135853635 9 298 499
0.5622886547832139 0.3637809044490678 0.36231839911856406 9 298 535
0.5584088738587563 0.3573956174542581 0.36505739380424573 9 298 539
0.5616790012443116 0.6114555705287181 0.30713725269311276 9 300 389
0.5615059221653355 0.409136809434037 0.34966058770770897 9 300 505
0.5609628610486797 0.4587987492370744 0.33763096858971053 9 301 474
0.5601955944292787 0.31786042902645373 0.36596067844342217 9 302 566
0.5604196386660251 0.4920895197644185 0.3271295029835658 9 303 454
0.5586971676829192 0.264279838015928 0.37624985575111763 9 303 605
0.5593618345904913 0.27742518203660227 0.37157285787381555 9 304 595
0.5609026026001146 0.4433838427600557 0.3337171841129093 9 305 483
0.5596071311333591 0.4285677344735127 0.33738650068293696 9 305 492
0.5591444644724257 0.29214757900244537 0.366858980715231 9 305 584
0.5576682057838104 0.4167305385774823 0.33711700715304443 9 307 499
0.5618640551287188 0.3529586320470961 0.34762716377583336 9 308 541
0.5606771202326911 0.40259558661098455 0.3337373259470444 9 310 508
0.5631188733581649 0.2803180520856815 0.3596607071649109 9 310 592
0.5586626661672984 0.4972937742353466 0.30998464357950806 9 312 450
0.5620725856640444 0.4474564026726399 0.31970696617482913 9 312 480
0.5627563835548475 0.2677203483254525 0.3592837951032565 9 312 601
0.5621947152611427 0.4357065609019321 0.3186415316129948 9 314 487
0.5610683301531255 0.4225672790948948 0.32202201622122023 9 314 495
0.5665047256302911 0.2553069423194118 0.35729844891908324 9 314 610
0.5636095273302789 0.24346710048892084 0.36108209396065605 9 314 619
0.5600134588742025 0.3514253326823616 0.33662039721248793 9 315 541
0.7880681282985527 1.2913599904662827 0.029455335455598308 9 317 193
0.5568864104549365 0.4858011517344272 0.3039498127110039 9 317 456
0.5608669991391314 0.407540385817181 0.31831403917131895 9 318 504
0.558840595472365 0.455596761516029 0.30634786063499486 9 319 474
0.563358366264544 0.39347162914795475 0.3169546941826161 9 320 513
0.5623748755420456 0.27521628725554925 0.3428399396655341 9 321 594
0.5648984076708164 0.26309851404544904 0.34461306132908404 9 321 603
0.9733926802688593 0.9724080982840078 0.012539349311209369 9 322 323
0.5572221291123663 0.7103690802112568 0.24247128654121997 9 322 339
0.5634150632008936 0.2535211270062707 0.3457740439039275 9 322 610
0.5607368336523008 0.4405097919077672 0.3017176042534595 9 323 483
0.5607867955143113 0.42909561395971285 0.304352537078359 9 323 490
0.5633236544490485 0.24144130153219112 0.3469713427387519 9 323 619
0.5645865124658196 0.22972271857582988 0.3491816723438482 9 323 628
0.5573434998087712 0.3494184441511124 0.3225574168707388 9 324 541
0.5632569246608647 0.44899055980154196 0.2950174438268319 9 325 478
0.5595570837225367 0.368956544823097 0.31532151830504807 9 325 528
0.5648806962193661 0.33671433878629276 0.3206931328834353 9 325 550
0.7656903681587799 1.2258421827225119 0.026313448898026448 9 326 206
0.5596426313455776 0.49217258744932774 0.284485584849974 9 326 452
0.5602494296514071 0.47495827035398364 0.28641615861997494 9 327 462
0.5606810267931688 0.4139192783226501 0.3006819261461833 9 327 499
0.5607014040730371 0.40245576505945674 0.2997750122259648 9 329 506
0.5555847658531159 0.3891296746763683 0.3051013263717024 9 329 514
0.5618462095918835 0.30257585724016217 0.3231334440370463 9 329 573
0.5619408022426492 0.27325536170388304 0.3284112763577033 9 330 594
0.5624068246150616 0.25173409910071265 0.33337324933814144 9 330 610
0.7135266541118752 1.2440965934293156 0.028930268778583512 9 331 188
0.7267138005610125 1.2277830420692046 0.02727840510698154 9 331 196
0.907473494557969 0.9424854976375294 0.019482644200515264 9 331 321
0.5610717833936029 0.4325703431106631 0.28690654914561314 9 332 487
0.5619664351834569 0.2394164807669647 0.33321280427563155 9 332 619
0.5632643678885276 0.2276820518745507 0.33549765456043396 9 332 628
0.8930983733761795 0.9222080589825021 0.021593288235347896 9 334 325
0.5603446236227726 0.3811910947534467 0.2960468655984557 9 334 519
0.7252503629585392 1.1957500010833517 0.023920385174384884 9 335 205
0.557543795870411 0.4921108705854651 0.26830799552050755 9 335 451
0.558929802728156 0.44648949672884675 0.27887732922142405 9 335 478
0.5555548009578241 0.4759127922022056 0.27124221630195156 9 336 460
0.5613043952803415 0.4205571488438983 0.28236186546247044 9 336 494
0.5606169242593781 0.33561427772299507 0.3035350712164905 9 336 549
0.5582921807555672 0.405244559272099 0.283782105423366 9 338 503
0.5608079944213903 0.32209645917508023 0.3032899318854301 9 338 558
0.8826897428595328 0.9103742587743555 0.014275559704533536 9 339 327
0.5602500132611337 0.260415392429736 0.3171365426910139 9 339 602
0.5627709380656125 0.2483783852768165 0.31902819820882516 9 339 611
0.7123925968880518 1.1547853379768438 0.025123631325854268 9 340 214
0.5603357738840579 0.43588852248610427 0.2697096301195399 9 341 484
0.5647669209901135 0.23731402225407144 0.31756968645974537 9 341 619
0.5622486786709894 0.22691798921933154 0.3212892852329942 9 341 627
0.5574698560304632 0.47551404527926044 0.25913171872514573 9 342 460
0.5568350948865683 0.36089149203551935 0.28828556502024477 9 342 531
0.6281393302873874 1.2630651822252936 0.026586935420008118 9 343 160
0.5605567589792834 0.39050478227732405 0.2773536639856692 9 343 512
0.5605500468557665 0.29534094448377907 0.3014251856706228 9 343 576
0.6730537916480785 1.178470101764983 0.025148543037654347 9 344 197
0.6779184575646591 1.1659494239645671 0.026153759307656177 9 344 202
0.6492351168922057 1.2180776351498477 0.02289471318138414 9 345 179
0.5556995238985217 0.4867445177048114 0.2513434018387663 9 345 453
0.5585122797605555 0.42014703963249933 0.26706136047011503 9 345 493
0.5608806413430718 0.3338478233869295 0.28800212852039886 9 345 549
0.6487654917807569 1.2008953212962619 0.02183026027103252 9 347 184
0.5593309696706055 0.40545085900702477 0.26675450713683496 9 347 502
0.558154169050468 0.3200647538130437 0.28923370293658546 9 347 558
0.6202205743067593 1.2248641674311924 0.025782774269622832 9 348 169
0.5603912624013989 0.3801877265974785 0.2709457040800842 9 348 518
0.5626136632245953 0.25707334104728713 0.3017066383655366 9 348 603
0.5641506365516664 0.24499147082270406 0.3041260746361161 9 348 612
0.6518203397028184 1.1736584221813373 0.021824221128659005 9 349 193
0.6670563423743463 1.1275284190635808 0.026824442147522554 9 349 211
0.6786162316183921 1.1177989317337729 0.02407089423489306 9 349 217
0.5641823875210998 0.2328443732162509 0.3055669093996853 9 349 621
0.8133318227348829 0.8932705180609453 0.01794944921942543 9 350 320
0.5630798743070076 0.2209006776807847 0.3074975348119943 9 350 630
0.5599483718231102 0.35196911331984754 0.2730395671861422 9 351 536
0.5598884548914693 0.3919358528050335 0.2607876242758139 9 352 510
0.5572059890583317 0.47556338876359616 0.23817432056818827 9 353 459
0.5576120400345956 0.4284387801648581 0.2503906629852729 9 353 487
0.5580311877844698 0.41366833377825135 0.25221920403762677 9 354 496
0.7871160777585784 0.8531610733002016 0.02665440235936123 9 355 329
0.562078776011522 0.46093642745280644 0.23591913373921303 9 355 468
0.5589162065657001 0.32578362525352833 0.27325470281395237 9 355 553
0.6038775100636473 1.1735001884385676 0.024583732711147777 9 356 180
0.6300795600256068 1.1224482254006498 0.025882652820006125 9 356 203
0.5596071530314881 0.37997878677580166 0.2548766187131848 9 357 517
0.560292961208589 0.2509924321867075 0.28904299563840263 9 357 606
0.6074940766843273 1.1510021670520807 0.023410467457667172 9 358 188
0.6107495568029813 1.1377182091874536 0.025435995655662236 9 358 193
0.5645374429202284 0.23868716693594 0.2886295743856977 9 358 615
0.7674836432486158 0.867800597064849 0.02098789347369956 9 359 320
0.5625155885202643 0.22661354697744956 0.2911381522230032 9 359 624
0.5649524723807942 0.2148129068829973 0.2931605453918441 9 359 633
0.6292219067822548 1.1031995406656288 0.02049914114343676 9 360 209
0.557358523789941 0.35144713268369115 0.2581366585900804 9 360 535
0.7698768114029437 0.8438472395597167 0.020847829310950416 9 361 329
0.5560492485712122 0.40084883126665316 0.24353397840538182 9 361 503
0.6296259783522457 1.0754803675332256 0.022386351451417874 9 362 218
0.633199434089922 1.0505618981087828 0.02746171662425212 9 362 227
0.5552717733917321 0.4824650213199058 0.21979292827631325 9 362 454
0.5587139768275265 0.43378407170227273 0.23140937693184954 9 362 483
0.7493226626031813 0.8577076025483806 0.021503527351160567 9 363 320
0.5594533147688453 0.42218228391284485 0.23232078544528706 9 363 490
0.5601211065976438 0.2825953053682921 0.2701982768459506 9 363 582
0.553053569249357 0.4677476669900408 0.22100585661346284 9 364 462
0.5605073951387969 0.31966564186308466 0.25807452770185985 9 364 556
0.5631266068197146 0.27525244398840776 0.26725349596808723 9 365 587
0.5574449075230933 0.38586783639532984 0.2376528303878097 9 366 512
0.5552155635823044 0.3714772739269788 0.24272493858295785 9 366 521
0.5604242673967456 0.31049194759756404 0.257063262782097 9 366 562
0.5603760092294099 0.24333482289902808 0.27395890344150226 9 367 610
0.555220731219915 0.4522514183095344 0.21650397967698887 9 368 471
0.5635983241633906 0.23105691792328037 0.2740777469474144 9 368 619
0.562274479905933 0.22057053636090118 0.2776541149166307 9 368 627
0.5853905169849538 1.0696591645522933 0.026805471253632307 9 369 208
0.7272763599554293 0.8210225012615573 0.02367216390931648 9 370 329
0.5591878773524613 0.40622726168014145 0.22360331182740034 9 370 499
0.5573241390155104 0.3434387097180796 0.24217345905715565 9 370 539
0.5951826601825587 1.0509261925722428 0.021921592644427723 9 371 217
0.5596683177536752 0.3005078132945249 0.24950376063578517 9 372 568
0.7088435384812364 0.8298221929664042 0.022439630576586822 9 373 322
0.5575953739576263 0.3161243569734125 0.24431597709790231 9 373 557
0.7162236961083628 0.8150549509704228 0.020296225795583434 9 374 329
0.5559971557323982 0.3903518242712889 0.22025967574742455 9 375 508
0.5541597284805798 0.3790128764078296 0.2244352966664575 9 375 515
0.5617326106523026 0.24527982621796102 0.25715967104196547 9 376 607
0.5473318572488701 0.7077957442074899 0.12933013344532485 9 377 337
0.5555769102953367 0.4458090428018234 0.20070579274742462 9 377 474
0.5575971362100174 0.4128740523297816 0.20917754159914947 9 377 494
0.5609245870959007 0.23298461828869121 0.2593753969616506 9 377 616
0.5624710924464515 0.22103868881125893 0.2620337226346252 9 377 625
0.5608217037865039 0.20937696547914664 0.26623789986255686 9 377 634
0.6902082993552887 0.7959751454117003 0.028538744084842582 9 378 331
0.5563527092667251 0.3646974079161725 0.22184722959307768 9 378 524
0.5627156628219436 0.2964935620407751 0.2383415001340511 9 378 570
0.5576537276578445 0.397902076565561 0.20966626556149637 9 379 503
0.5562837327737542 0.33341619828838653 0.2236056934895514 9 382 544
0.5591683561238399 0.30995371066884564 0.2290021989100015 9 382 560
0.6784842307002275 0.797410760185743 0.021279198295680923 9 383 328
0.5553976022522313 0.38225163948717633 0.20593584885783522 9 384 512
0.5590770758362048 0.26258379441908447 0.23942920829711112 9 384 593
0.6819151664166758 0.7683927594887079 0.02294188955758969 9 385 340
0.5495458601005698 0.5411953469651332 0.1599007160776068 9 385 419
0.5604270318943152 0.23914942573358117 0.24390933644057672 9 385 610
0.5549599316285796 0.41741716101939474 0.19189312683313442 9 386 490
0.5525775768942099 0.40715585234557156 0.1962071689456878 9 386 496
0.559629242480369 0.22690227265468677 0.2462289287957934 9 386 619
0.5611830578953271 0.21499066789501564 0.24896144440082763 9 386 628
0.6789099734208945 0.7492317304309193 0.02514477543444449 9 387 347
0.6861545546379466 0.7452393577532755 0.022508837574988894 9 387 350
0.5532311222613354 0.37036719764607023 0.2049489668668425 9 387 519
0.5529212107982109 0.3563694361041977 0.2093008709559897 9 387 528
0.6494410830698003 0.8047545131406639 0.021573972146402776 9 388 319
0.5559051230381333 0.39259101433391624 0.19305850253514667 9 389 505
0.5574423368327448 0.2952977216697845 0.22155941598963708 9 389 569
0.6783585599577635 0.7338760819936176 0.01993413251741938 9 391 353
0.5498467117582012 0.6048138869884413 0.1280592558632192 9 391 386
0.5579601956000446 0.3287219223675351 0.207504989973053 9 391 546
0.6403927802634498 0.7920496268863213 0.020127573783251473 9 392 322
0.6469787677749851 0.7728908850452507 0.02241679533482932 9 392 331
0.6664722623897188 0.7503673695023253 0.018780189351579546 9 392 344
0.6882911784755041 0.7236416028692948 0.015171350967466357 9 392 359
0.5499730414444152 0.49094229003575274 0.16053707036783615 9 392 446
0.5493958609790026 0.5688778374254241 0.13500616694582768 9 393 404
0.5565113718663935 0.2187315890206819 0.23819604453614696 9 393 624
0.547487374355922 0.5856969477269511 0.12877690964732225 9 394 395
0.548543979282759 0.5511658275895019 0.1387970593790222 9 394 413
0.5470717147385419 0.5393275907591834 0.1432273340270538 9 394 419
0.546430345229206 0.5223633268278701 0.14877944346023741 9 394 428
0.628088099776873 0.7903007606763488 0.01978646940732287 9 395 320
0.635272247726304 0.7791303627808863 0.019314402676697928 9 395 326
0.643906368359109 0.7562833219396785 0.0216477838429725 9 395 337
0.6901447286787314 0.6926546476434543 0.01606473553404808 9 395 372
0.5519651872089645 0.4750379970890536 0.15828521096249248 9 395 455
0.5525763035059835 0.459443543210205 0.16275347788153682 9 395 464
0.5543479650449828 0.40914927070966645 0.17727274066972964 9 395 494
0.558462019359695 0.23145609096244174 0.2297382300447337 9 395 614
0.5591537865096802 0.2102820613631708 0.2358803361414729 9 395 630
0.5528197037252154 0.37647531779287824 0.18625696482503473 9 396 514
0.5555787519057221 0.36424886152771446 0.18852691256248333 9 396 522
0.5366151289799701 0.9293902846424762 0.021806004896306685 9 397 244
0.5494618005345198 0.5063532706080021 0.1459213874230274 9 397 437
0.6486631270922979 0.7364405204358364 0.017695443223884944 9 398 346
0.5531396561453505 0.39374329713939227 0.17688782319598884 9 398 503
0.5557115955059905 0.30049905125919246 0.2044840012966611 9 398 564
0.5530774021373988 0.44341999490359163 0.15947868945213317 9 399 473
0.5564606759312193 0.28732182184870864 0.20634838976116587 9 399 573
0.5545621638201541 0.3493749690441205 0.1861326000957345 9 400 531
0.5513424743707382 0.33532714348886933 0.1923186475609271 9 400 540
0.551984664751595 0.497417099592387 0.13912738542275582 9 401 442
0.5503248166790762 0.4578330209531312 0.15049203484239326 9 402 464
0.557039134545334 0.2021774098626617 0.22740717787095355 9 402 635
0.5485907364547363 0.5482345230504095 0.12083421570180608 9 403 414
0.5497875322022956 0.533452037036104 0.12484409587317036 9 403 422
0.5466254496327411 0.5157294945322523 0.132226715081029 9 403 431
0.5937231605262647 0.77365950322341 0.021735304091671903 9 404 319
0.6022890235396344 0.7563791507922715 0.022409814992145893 9 404 328
0.6178438506116277 0.7426857029322499 0.018015560870215053 9 404 337
0.6251468425548563 0.7294892021617401 0.018102558173234584 9 404 344
0.6452115507980732 0.6914304453293273 0.018914049715424985 9 404 364
0.5505856128316391 0.4804462101265574 0.13914469876667412 9 404 451
0.5539661558221292 0.42749197416449725 0.15406842797151366 9 404 482
0.5506523554251807 0.41185884003785544 0.16089827995138628 9 404 491
0.5594462754831419 0.22660267898447983 0.21481268726055247 9 404 616
0.558059141105839 0.21469522453995304 0.21937568069975277 9 404 625
0.5500121380877872 0.3903625264941817 0.16615112438794533 9 405 504
0.5518550291209188 0.376228230943515 0.16961760513843926 9 405 513
0.5545404790252864 0.3623721130925381 0.17252004075415872 9 405 522
0.5504688229970754 0.4694893539465147 0.1386395996882276 9 406 457
0.554868995358596 0.31936618407413675 0.184175147193834 9 406 550
0.63556913439732 0.686942074681282 0.01845210746645165 9 407 364
0.5492687343206631 0.44972607197225334 0.14162866412718222 9 408 468
0.5549118884467241 0.2939284938484277 0.18859731572174665 9 408 567
0.5516907439398037 0.3472716764548782 0.17134921243668744 9 409 531
0.6170386321079488 0.70396415231234 0.016236107334907324 9 410 353
0.6159008004407717 0.5450308287815303 0.06618356420337856 9 411 426
0.5539841726104406 0.2549760243114053 0.19625526811179328 9 411 594
0.5599756882420368 0.2010845902186108 0.21034191466604568 9 411 634
0.5807334409466808 0.7352269248146788 0.019750156131281837 9 413 332
0.5890803297409117 0.7183517658805001 0.020436879765833527 9 413 341
0.6230523474529541 0.6695100768464668 0.016730747402456947 9 413 369
0.5502252410140044 0.4336967478207525 0.13625214435832 9 413 477
0.5553800396761215 0.22723410763578733 0.2009125345381877 9 413 614
0.5570903424781867 0.21518222545789512 0.20386925786318133 9 413 623
0.5520968106334773 0.39880178384608045 0.14462931139361213 9 414 498
0.5485837501431869 0.38365547026039465 0.15165439786666013 9 414 507
0.5504354132361786 0.3695623642892048 0.15520990635874266 9 414 516
0.5515799995638873 0.32171482990632494 0.16838850783097925 9 415 547
0.6063716266607727 0.6779237149713281 0.016471492095576856 9 416 362
0.623618122090171 0.6401265577287815 0.016480780819742913 9 417 382
0.5497705455812149 0.4570881819929442 0.120712533083015 9 417 463
0.6128159386387215 0.6512328368268421 0.01676127244025527 9 418 375
0.6151860464697141 0.5004183148769132 0.06562027616200572 9 418 448
0.5523470036976199 0.3548575029136143 0.1512187658143429 9 418 525
0.5506817754446099 0.34535771273191884 0.1553674254759928 9 418 531
0.581694927905721 0.6937058867428478 0.018604332491873876 9 419 350
0.5564162969724129 0.2857617407933518 0.1699777289400265 9 419 571
0.6143481688839495 0.535280275485319 0.04997216472505217 9 420 430
0.5539394640742924 0.20179368049196222 0.1977525737193312 9 420 632
0.6177705426430992 0.4833052681481076 0.06315975106167926 9 421 457
0.5559883048676091 0.24710412902073625 0.1795090283289107 9 421 598
0.5441964416822276 0.7273972580072597 0.022529093857134308 9 422 327
0.5553261832372933 0.2223787729699475 0.1864284966032539 9 422 616
0.6180496166354402 0.46977208900756556 0.06313962152673269 9 423 464
0.5510747319188287 0.40193655672813355 0.12633720398760007 9 423 495
0.5523150856571232 0.3890051269710212 0.12997435346648112 9 423 503
0.5487993767284784 0.37397768104769996 0.13717725576109618 9 423 512
0.6155805114902733 0.578128204294639 0.0255798776381313 9 424 409
0.5522442456639116 0.3168630367203788 0.15256000324108165 9 424 549
0.5554835496553252 0.2059521731625984 0.18831587077550394 9 424 628
0.5709926171059001 0.6681507147197249 0.019496342656722065 9 425 359
0.22542636873135868 1.220804131884093 0.03534199650871028 9 427 28
0.5732301469810209 0.6492019777149993 0.01995502421070805 9 427 368
0.5836097304394564 0.6340009631837077 0.018858051997151515 9 427 377
0.5956381191928187 0.6193754434829787 0.01656010168321964 9 427 386
0.6191413774126283 0.45248262576200254 0.05956228038224132 9 427 473
0.5498523367034087 0.35905959783203256 0.13380595754115499 9 427 521
0.551630010802361 0.34518258201593144 0.13748902932085572 9 427 530
0.5508936500788546 0.3358483192266356 0.14114218889684427 9 427 536
0.5515829576367526 0.2172900620726289 0.18143135595041704 9 427 619
0.510547400147353 0.7363755584446846 0.02586728744306055 9 428 315
0.5487399997659663 0.6886784050827287 0.018978707943487105 9 428 345
0.6042267496889628 0.5884138910583308 0.019639696978410948 9 428 402
0.5952682639874032 0.5998290552160973 0.018854916590108406 9 429 395
0.5533042442889662 0.2762037304249951 0.15641749653265102 9 429 576
0.6122253573067046 0.4881243026582318 0.044841520634423704 9 430 453
0.5303848346861989 0.7039939777347008 0.017979419031380228 9 431 334
0.618386913234862 0.435033346186719 0.05727585488737463 9 431 482
0.5529349197133478 0.2447612445733242 0.16383756603877453 9 431 598
0.6143021592946801 0.47493765549351696 0.043684763614075806 9 432 460
0.6138144118987591 0.46164172772592177 0.048627300056385714 9 432 467
0.6180181123617936 0.42569064786539174 0.058574217870430934 9 432 487
0.5517049289021305 0.20786139297270584 0.17384012090804757 9 433 625
0.5533830183979388 0.19597345814855333 0.17696109848771147 9 433 634
0.614461784869468 0.41213037578962225 0.06118676750760432 9 434 494
0.5073785617917729 0.7141760776689097 0.019489414797744686 9 435 324
0.6180254460120954 0.4452458188345976 0.0451236177541634 9 435 476
0.5497189472120757 0.30686142325875243 0.13658665643503598 9 435 554
0.3225659068641342 1.0045036661090387 0.030423703634520516 9 436 146
0.5596579120974916 0.6149736030725476 0.01949506235624532 9 436 381
0.6120634314024885 0.5025973028979696 0.026370722446135808 9 436 445
0.5484312588232156 0.3523868663160067 0.11938342095192933 9 436 524
0.550217704982028 0.33855104007938236 0.12315552047321865 9 436 533
0.5810621602289227 0.5751003980724635 0.01788594156795531 9 437 404
0.6139479326829063 0.40436106310520503 0.05776512536613776 9 437 498
0.5526472010514674 0.280133426637123 0.14039728766496484 9 437 572
0.5513873155911162 0.23647064837765902 0.15667866532649155 9 437 603
0.5672269493797635 0.5989048680862337 0.01585702873895012 9 438 390
0.6152122403564657 0.38682046738527914 0.061047294206117764 9 438 508
0.6182751405500571 0.3766355284487954 0.06059673962186385 9 439 514
0.6058027518662664 0.5079844352753923 0.01705797774794071 9 441 441
0.6124210098220972 0.4748731879973891 0.024737258484647362 9 441 459
0.6154298684873518 0.42713185201622317 0.03997405791863673 9 441 485
0.533842743985793 0.6227379384445437 0.019433276590520743 9 442 372
0.55190495922374 0.20958955702862658 0.1568124418096969 9 442 622
0.5508938318562805 0.19908526822225203 0.1612455455402897 9 442 630
0.5533658305024614 0.19109517282453176 0.1625450142612248 9 442 636
0.4740534667905899 0.7090692096551272 0.0220734962280571 9 444 318
0.5412914255036808 0.6069247134801571 0.015853091587327395 9 444 381
0.6145380757489259 0.44289691873780457 0.02821526827468046 9 444 476
0.26938075809866546 1.0460953820509393 0.029338239063441685 9 445 109
0.6036783837838382 0.49125647251523374 0.015401733257877748 9 445 449
0.6119544737158196 0.3918959449707036 0.04621833193210967 9 445 504
0.6153993942284054 0.3698448009666387 0.052019039395642674 9 445 517
0.614314330491349 0.359496402580546 0.056485805717459536 9 445 523
0.5493307743644426 0.2782165422855359 0.12802705459979546 9 445 572
0.44020700965848936 0.7555975837955689 0.02252890414443609 9 446 288
0.4492321764388528 0.7410465918684515 0.02199478141915978 9 446 297
0.4806773494574931 0.6930121568297926 0.019161349119838356 9 446 327
0.5490576610224235 0.572963732306246 0.01869273885350453 9 446 399
0.5582368008974642 0.5581345111166094 0.018160450341394463 9 446 408
0.6158981117381218 0.41000572626116766 0.03488746742938398 9 446 494
0.6162508042755391 0.34434467892835363 0.05863111282831879 9 446 532
0.5517803446058975 0.2956476218504956 0.11817401499680313 9 446 560
0.25265733790178446 1.0617278632732057 0.030068435748178857 9 447 96
0.5364935236177865 0.5945009503281187 0.016725076238103154 9 447 386
0.5636352120146004 0.5419433076923096 0.01833489113204201 9 447 417
0.6163951658090634 0.3833778846491318 0.04212048780949573 9 447 509
0.49733029561287034 0.6500604144368044 0.019599753024493127 9 448 351
0.6073268900574532 0.47060482855870023 0.013816180513886556 9 448 460
0.44681421319651493 0.7197427732097234 0.02251840595030874 9 450 306
0.6175606540398008 0.3136916151484943 0.058506928580718265 9 451 550
0.5505590069804536 0.20874095542282356 0.14153799214600904 9 451 621
0.5483462035676102 0.19697045984428518 0.14736018704836096 9 451 630
0.45477115018940295 0.6896761351725488 0.02182506855451538 9 453 322
0.4710968699972655 0.6601755721569554 0.02201954961161845 9 453 340
0.5103084470905568 0.5998203630051301 0.01856783629523484 9 453 378
0.5340931470073862 0.5708414661288805 0.013626100909091887 9 453 397
0.5721277177625634 0.4933630290082163 0.017344850121429722 9 453 443
0.5560988225607156 0.5211790189423282 0.015363907754472939 9 454 426
0.6121149597690827 0.36923842608790336 0.03501983457072333 9 454 516
0.5232439378752999 0.5706601246177504 0.016464652384939438 9 455 395
0.5346850937536665 0.5569774288358377 0.013975275063661918 9 455 404
0.5429085315932503 0.5421176830453567 0.014073237230285196 9 455 413
0.6106844673398768 0.4091594237713832 0.018819127986797524 9 455 493
0.6141749600480185 0.3539112330223305 0.03724063858154647 9 455 525
0.613891439941663 0.3404404172577439 0.04248868085508528 9 455 533
0.6170984102175285 0.3014354495195013 0.0549990156923138 9 455 557
0.550868706493142 0.26729828512499604 0.11197555018735872 9 455 578
0.6139342881077047 0.37594372516762775 0.026950455066776957 9 456 512
0.563722787287555 0.5057037443152577 0.00942498648781942 9 457 435
0.5716208980450737 0.47571977149954614 0.015456591085679428 9 457 452
0.5840867450861246 0.4619228666553646 0.012306496345619866 9 457 461
0.5406049663498766 0.5236469868290239 0.015955719941296298 9 458 422
0.6066956159205281 0.39549764485177324 0.020049857023656914 9 458 500
0.6139220671558984 0.32486351264064706 0.041961105210000516 9 458 542
0.42770041759497135 0.7021184961878894 0.022122723043342507 9 459 309
0.5056474073752081 0.5874232700870562 0.013106084514760918 9 459 383
0.5870059872599183 0.4456394057649171 0.012086220087148547 9 459 470
0.6164939106915066 0.2720419763432574 0.05818540166617436 9 459 575
0.5497120059413492 0.20519101975047394 0.1268452529918982 9 460 622
0.5515458014159936 0.19316432633887892 0.13019039397932453 9 460 631
0.46017858516126786 0.6359642899581086 0.021014190216052997 9 461 349
0.6143745822421844 0.2998610853875336 0.044839168946338326 9 461 557
0.40463322534752333 0.7160718390826609 0.025957692060537663 9 462 296
0.43358821347839327 0.6863764366132772 0.01761929964052511 9 462 318
0.4516985826566363 0.6501700697469901 0.019170929746812115 9 462 340
0.4835312520745545 0.5961294046516792 0.018214248901901042 9 462 374
0.5989753130487818 0.3968390864054967 0.013826319376911256 9 463 498
0.612871181277499 0.2586659005990889 0.05751581238394976 9 463 583
0.3957776734285259 0.7298618969121564 0.022403943700828988 9 464 287
0.5010392319184752 0.5674682987318651 0.012917988692391358 9 464 392
0.509088508531563 0.5529232621424233 0.013013876153590731 9 464 401
0.5130724182496299 0.5370324401841079 0.016417565098317155 9 464 410
0.6127323934768446 0.3534702237060005 0.018947246323193667 9 464 524
0.6125144161611201 0.3399570267938485 0.024314634293077786 9 464 532
0.6136166359486749 0.3281716828163271 0.025966453932714573 9 465 539
0.5500759384812207 0.18412821063204526 0.12547063859500773 9 465 637
0.5241896786061354 0.5008182223236265 0.018461848561193595 9 466 431
0.5354902893378659 0.48734322135861813 0.0158982613197326 9 466 440
0.6162249880351407 0.24422462541038242 0.054634264325092885 9 466 592
0.5131235180417858 0.5197056382320215 0.01660095421769725 9 467 419
0.5756477732665878 0.4292821433281995 0.00855534031017191 9 467 477
0.6122969366153146 0.3144711813040246 0.027925157192198347 9 467 547
0.47839622877424537 0.5778804270913812 0.015813845182879094 9 468 382
0.5567264557274697 0.44674277926651973 0.012679928108293215 9 468 465
0.6134181311315957 0.26973226834753855 0.042502106011943486 9 468 575
0.550597701195551 0.19249150239752816 0.11631546481575028 9 468 630
0.4552360236284809 0.6151577291186797 0.015171116530945161 9 469 358
0.5970602059526128 0.3744793454932949 0.010745319931457997 9 469 510
0.5104447327167818 0.5073626461253585 0.01683078550622774 9 470 425
0.6053207496245543 0.34631388639135474 0.013874291366266833 9 470 527
0.6103597465391394 0.2991035363949665 0.02891908456430703 9 470 556
0.45836105471529465 0.5986460661790556 0.015177247104545155 9 471 367
0.530074343917403 0.4742532071296485 0.013983199856663076 9 471 446
0.5687050998191852 0.4113713221156051 0.011712330713332109 9 471 486
0.5902556630776116 0.36786263814615355 0.011612101871578018 9 472 513
0.40427847684930085 0.6699696516100144 0.020709472327874123 9 473 318
0.46063870322999634 0.5819577934330177 0.01589231714921846 9 473 376
0.48313937634459936 0.544756799844668 0.014788240744147307 9 473 400
0.5975756142341794 0.3448862234530585 0.013407153207704026 9 473 527
0.504848332242388 0.49061096718326436 0.018840830800214148 9 474 433
0.618938638618058 0.2049701081158508 0.05183482723307764 9 474 617
0.527669577067184 0.45691985340682334 0.013971402748944373 9 475 455
0.49100086539250964 0.5117336520722774 0.015977938120628865 9 476 419
0.5411410563293176 0.4297588875109441 0.013120201773965778 9 476 472
0.5664065790213323 0.3944584157457427 0.009275104751157892 9 476 495
0.5698828795264035 0.384725170245656 0.010698595954973467 9 476 501
0.543551876706687 0.1880344268958929 0.10634145214595458 9 477 632
