2.451586761968718 1.1466794786042767 1.3963988673274312 9 118 396
2.45420059859789 1.1357484311414225 1.3908647468857065 9 119 398
2.4217063714996767 1.0484463665017913 1.3934819555692397 9 119 413
2.4696222519703563 1.666034374325361 1.3807231010107337 9 120 308
2.395000211791973 1.2940003418895842 1.3881407699847559 9 120 368
2.417252060518397 1.2305588752057752 1.387145672881105 9 120 380
2.416760116579725 1.2136182036755723 1.3872956700552859 9 120 383
2.4167312754039205 1.1689049716496156 1.3876095387996736 9 120 391
2.4256479618655082 1.0926808334219347 1.387565279519063 9 120 405
2.4051381397164064 1.2789800419900628 1.3821541076831967 9 121 371
2.4625696418761422 1.7876211453576443 1.3688063924648104 9 122 288
2.460947220603925 1.7373674012986005 1.3693127618012366 9 122 296
2.454002623521491 1.6797431613609466 1.3702381891051731 9 122 305
2.453281769985151 1.8220166127656592 1.3633943452521002 9 123 282
2.4446214570229166 1.6101033660695108 1.365763299750861 9 123 316
2.4354965116943106 1.5713844063801865 1.3667197340843171 9 123 322
2.400377408608438 0.9268088849687951 1.374534666204453 9 123 435
2.3996295985201 0.9107958885729897 1.3747201576237487 9 123 438
2.3843566878510387 0.8937327207906886 1.3759227257765412 9 123 441
2.465300988297521 1.7701680869064764 1.3572209269676736 9 124 291
2.426515942018215 1.70175671860005 1.360577415262144 9 124 300
2.4023813519881467 0.9964723541142879 1.3684962243304493 9 124 422
2.446676434002737 1.8262644673595227 1.3522776922564859 9 125 281
2.4355748253618654 1.7851011743701228 1.3477237396123554 9 126 287
2.4467702623670515 1.727043523797067 1.3474563485596782 9 126 297
2.4525333809678873 1.62480689723009 1.3480211985341684 9 126 314
2.4350760795162656 1.5894642888775294 1.349660336229428 9 126 319
2.4141603678732775 1.5476812151428678 1.3516187497087158 9 126 325
2.419079164113393 1.0908753635523205 1.355689032770691 9 126 405
2.41540926039082 0.9920692394288038 1.3569208500397223 9 126 423
2.403323644421649 0.9638768838084056 1.358091784915168 9 126 428
2.4213142338277547 1.1632217330835508 1.3493812362573592 9 127 392
2.4246918916106988 1.0694251513323407 1.3500786321970435 9 127 409
2.392692938881377 0.9252722813903874 1.3539711307053868 9 127 435
2.416018726475992 1.280622166722914 1.3430998044993798 9 128 371
2.405673938041397 1.2277570277309846 1.3444626873588268 9 128 380
2.408744627286158 1.19461452178935 1.3445769369599507 9 128 386
2.39077575047275 1.0160428688104193 1.3478658057808484 9 128 418
2.396385405690329 0.9627939216015221 1.3479970001973733 9 128 428
2.416240912370918 1.0735083117753663 1.3398827528156567 9 129 408
2.4028834524284295 1.0498920066261395 1.3412005932938542 9 129 412
2.3825101209808395 0.9505674978398868 1.343912099141193 9 129 430
2.4189980797558603 1.1624918281011007 1.333228426698068 9 130 392
2.4397545410749335 1.1377075341425025 1.3318397650522362 9 130 397
2.4047748266755145 1.01184185291988 1.3361143513114566 9 130 419
2.405149680566668 0.8989933448954421 1.3373862877340352 9 130 440
2.4161081699331914 1.2861358590298435 1.3265275508336363 9 131 370
2.37367168359993 0.9599794280555867 1.3339329922215053 9 131 428
2.401817612316955 1.0821219103546516 1.3247556614731182 9 132 406
2.3722864490596223 1.0672895084213558 1.3274184402057632 9 132 408
2.455456136876769 1.7062122769928487 1.3009275767026511 9 134 301
2.4187901781557692 1.5793201760791074 1.3058202098078708 9 134 320
2.4154607324523845 1.6447482491837564 1.2995437864325048 9 135 309
2.4177370553630375 1.5551295246627896 1.3005816388008296 9 135 324
2.4025218652691556 1.5271234711295105 1.3023197639689132 9 135 328
2.434709254844275 1.693618205183072 1.2914085537203617 9 136 302
2.426318465186361 1.6786850640789264 1.2923804973540913 9 136 304
2.4423107208904833 1.6408908575834105 1.2914752354760106 9 136 311
2.4101836895631368 1.4760008574479984 1.2967365306243823 9 136 337
2.3895360926204483 1.2410164957906324 1.3019622503645834 9 136 377
2.405780299895503 1.1652599427361945 1.3015769253060796 9 136 391
2.4275274326891156 1.1183168535761279 1.3002822623152568 9 136 400
2.4077106148133383 1.065776030297144 1.3028246664850638 9 136 409
2.423343891979811 1.029245417496646 1.301933788950771 9 136 416
2.447516344668366 1.624248389872106 1.2854981063251378 9 137 314
2.447795481062168 1.6121479712048015 1.2856509872133952 9 137 316
2.418862839668614 1.5435990001280897 1.2893248153511956 9 137 326
2.419613974104717 1.437194014905057 1.2908259167035885 9 137 344
2.4040266475068703 1.25493399782883 1.2949498017951189 9 137 375
2.452853507417586 1.7182565491414872 1.2778178997030063 9 138 299
2.4068257283670875 1.1988502895711575 1.290032486030035 9 138 385
2.408461417124798 1.1375291860085066 1.2908125260178664 9 138 396
2.4139944823215846 1.0772947625058982 1.2912110755797102 9 138 407
2.396581872952305 1.0312133477009626 1.29354288776449 9 138 415
2.3729445230462867 0.9477949284314746 1.2970257969941317 9 138 430
2.4005072442618305 0.9396028388036877 1.294569475594844 9 138 432
2.3807745330402716 0.9165096337340765 1.2967687006848916 9 138 436
2.4371268814509324 1.6457019888498485 1.2746466422786005 9 139 310
2.431442949715034 1.5953793801715541 1.275977202027489 9 139 318
2.4092569062944555 1.5291384392765954 1.2791294758527985 9 139 328
2.3950663768374025 1.2644289684145762 1.2846320576834107 9 139 373
2.426765119116483 1.230520228040171 1.2821438979886817 9 139 380
2.4211278358228316 1.0504534127229437 1.285504424181528 9 139 412
2.3889207239478485 1.0084040335085043 1.2892320507048156 9 139 419
2.3824490022096034 0.9645583921984543 1.2905361011840069 9 139 427
2.4838031526329534 1.7161084747745177 1.2632340389333852 9 140 301
2.4340766477890132 1.5841173117297722 1.27018296477706 9 140 320
2.3874955446686417 1.4410458016574577 1.2770059786912413 9 140 342
2.4065196368839428 1.170502481091935 1.2795298455321558 9 140 390
2.4359217482854234 1.0854380633280842 1.2780540568511594 9 140 406
2.3784129993988787 0.910547772756812 1.2864495412867194 9 140 437
2.4008017687006618 1.4737033827233341 1.2695696200538227 9 141 337
2.378307682282271 1.2385309073762945 1.2756909002570265 9 141 377
2.4219466126514893 1.641348881623414 1.2589653939636618 9 142 310
2.4294476273504846 1.2193266877895383 1.2654172419509784 9 142 382
2.367990740005134 1.0217185167216685 1.2749453327748492 9 142 416
2.4048335817738318 0.9769776122779359 1.2720189338745382 9 142 425
2.3599073186203 0.9244874572359727 1.277414488627771 9 142 434
2.4794524391259336 1.7213366132245194 1.2459671747220975 9 143 300
2.399810278361709 1.2479897791143366 1.2623723970721366 9 143 376
2.4442384003534308 1.0693224819321396 1.260982432177947 9 143 409
2.441708817225505 1.0080181658610403 1.2623146791689206 9 143 420
2.41664709232728 1.633840487224071 1.2481584167180646 9 144 311
2.4207899804407025 1.6229418511294764 1.247926073329797 9 144 313
2.3857702204078644 0.9262738653361088 1.2640848404450176 9 144 434
2.3784908100853386 0.9149771907703703 1.2650409891773449 9 144 436
2.473546808550511 1.700937356660164 1.2352011243299699 9 145 303
2.369489832021822 1.2478259044066995 1.2544976076508738 9 145 375
2.400239365398586 1.1801263549299965 1.2525168271778524 9 145 388
2.4013157437566734 1.1578739971481862 1.2528145203971222 9 145 392
2.4170567984876516 1.0655063015490596 1.2528658830155424 9 145 409
2.421535322002637 1.0054264591454711 1.2535044425334934 9 145 420
2.3901743007278444 1.2064297079158606 1.2475845152657192 9 146 383
2.375558143490021 0.903635771283897 1.2548742767072567 9 146 438
2.464033439811059 1.7043658146461291 1.2244188373058056 9 147 302
2.436941451082241 1.5010120752997702 1.2312968427137836 9 147 334
2.424493587167315 1.4858396552334328 1.2329395682894164 9 147 336
2.4029819757764073 1.1411017542051418 1.2419544490239298 9 147 395
2.412082531831143 1.1201118122142821 1.2413755367898944 9 147 399
2.407096575177201 1.0860330558310687 1.2425764715698053 9 147 405
2.413087485008553 1.0095997267331858 1.2434094826310562 9 147 419
2.388864707323723 0.9473753157680961 1.2472401713387098 9 147 430
2.4112779447448096 1.0420119633792342 1.2320272141299344 9 149 413
2.393709853576548 0.9527979226948141 1.235801074423435 9 149 429
2.3712199612597495 0.8919756600599427 1.2395473224068558 9 149 440
2.3519228207247083 0.9914944432080381 1.234317418390499 9 150 421
2.3492509444042073 0.9751209407702863 1.2349604082832109 9 150 424
2.419743755882914 0.9441465506755475 1.2276203134821035 9 150 431
2.3829244186811223 1.2046752728815542 1.2208576766912285 9 151 383
2.3765175347244107 1.1867417508591758 1.2219750335895254 9 151 386
2.3747638882549023 0.9130955009289445 1.2279928954721457 9 151 436
2.390365704616935 1.222723976607255 1.2085285460686928 9 153 380
2.403059299078448 1.0291330800388865 1.2058407813241447 9 154 415
2.3706943381885663 1.0144495660482122 1.2100523547097422 9 154 417
2.376191043042426 0.9987643132116479 1.2097489900094751 9 154 420
2.4039758453197386 1.2079167993189666 1.1961063797117273 9 155 383
2.411509461042298 1.1189038733574468 1.1972496654208409 9 155 399
2.3880119337607155 1.0436437906453928 1.2018451281832125 9 155 412
2.421658854176425 1.1033915492115347 1.1908163366359863 9 156 402
2.4325149112942204 0.9549504474098612 1.1929820458589202 9 156 429
2.3638807693360286 0.8844719007092816 1.2030974303310709 9 156 441
2.3946727454111323 1.0828106976278147 1.189115529446124 9 157 405
2.375022131346215 1.0198480646442363 1.1930832617996114 9 157 416
2.3830720138585137 1.009850851644946 1.19231918751262 9 157 418
2.4199940330914895 0.9588216133581224 1.1834406398008153 9 158 428
2.4118157678898737 0.9362494921220906 1.1850286876866303 9 158 432
2.4027633092343197 0.9133393155152771 1.1758231017750236 9 160 436
2.419812187939251 0.8606192943724235 1.1749537148540568 9 160 446
2.4262898447058068 1.1255591331036028 1.1505388885616288 9 163 398
2.3905578889718644 1.0646876900092868 1.1569911016035268 9 163 408
2.374019980342862 1.0460498189962584 1.159720968431704 9 163 411
2.3881088751471045 0.9654038278054178 1.1545117886419884 9 164 426
2.380259956043263 0.9052167696276527 1.1572295760537594 9 164 437
2.4120015816457983 1.1063133345585199 1.1418054333113712 9 165 401
2.367632897224727 1.0614055714572146 1.149182492210292 9 165 408
2.3949819790612437 0.8845923772844849 1.1503278895358946 9 165 441
2.3984530972116413 0.8687077894325496 1.150290748213982 9 165 444
2.385795448506081 1.0139645349743058 1.1424864269197719 9 166 417
2.4019054458953057 0.9608751392287485 1.1417379298050152 9 166 427
2.4143900986454945 1.0503617544386714 1.1318808844387003 9 167 411
2.418523306545953 1.0339767739974852 1.1261849121512155 9 168 414
2.4136364413375384 0.912377995740971 1.1304421276071759 9 168 436
2.414628688647691 0.9015765876385815 1.130616180542324 9 168 438
2.4038708384633454 0.8737173138843135 1.1329707672342684 9 168 443
2.385284526011344 1.0908091181441577 1.1237188196837717 9 169 403
2.3995809002066144 1.0039384382458882 1.1242321394222128 9 169 419
2.3576058620381226 0.9290647786526346 1.1325352467443834 9 169 432
2.421105063995926 0.8954358741333581 1.1021834850894996 9 173 439
2.4419545593735834 0.8748464899476551 1.0940988233343425 9 174 443
2.4210820778413327 0.9319334792348583 1.0563260975415243 9 181 432
2.420661923689842 0.8934734262040632 1.0577594481930503 9 181 439
2.418379344341241 0.9867914299460397 1.0491927010531676 9 182 422
2.4252870259844572 0.9098085534830485 1.0451952121331871 9 183 436
2.4400545650661396 0.8505356429433285 1.0448682885267155 9 183 447
2.412781724285421 0.8976253284083064 1.0421525171608674 9 184 438
2.435011613319016 0.8773342657685141 1.0391213375191457 9 184 442
2.421246378019936 0.942089655213835 1.0334391459722083 9 185 430
2.4189722694055 0.88665758005595 1.0302948873916413 9 186 440
2.4336301236566342 0.8712497891784355 1.0283361337995311 9 186 443
1.2186048814573072 2.075169096744684 1.0886692107193994 9 211 127
1.2047635263942964 2.078033245011945 1.066132729875977 9 217 125
1.211313131333395 2.068734074768372 1.0608873911696122 9 218 128
1.2418444034306244 2.081358254979949 1.0445928273774305 9 220 130
1.2213009437631626 2.0879143434826797 1.03611743286279 9 223 126
1.2354083001874776 2.094005130818591 1.0237580871557008 9 225 127
1.2168758426565836 2.091162812051543 1.0240800735407574 9 226 125
1.2596049208689872 2.0721620281650055 1.0148012229600851 9 226 135
1.2638675103763184 2.0765630368791026 1.0003427557289348 9 229 135
1.2125055805038407 2.0901052305653254 1.0079690126528946 9 230 125
1.2712956157757107 2.073265732445441 0.985451995998638 9 232 137
1.194767252016625 2.0694005101723754 1.0007913018163561 9 233 127
1.2239924571962768 2.071547460744352 0.9845151801473137 9 235 131
1.2026973523265592 2.0716786566812786 0.9857037007500816 9 236 128
1.2595468135582548 2.068197695004794 0.9622760769206354 9 238 137
1.1807383240748306 2.0726114859452514 0.9742287682713424 9 240 125
1.2790422528431211 2.068094999180557 0.94374300240721 9 241 140
1.221567411556137 2.0787511456963075 0.9497800692899442 9 243 130
1.274427062401541 2.0758775903924436 0.9355389200621806 9 243 138
1.1608478646019198 2.0700143771991097 0.9626650744819566 9 244 123
1.2403188972614765 2.0825499113390786 0.9399904969819833 9 244 132
1.164821303356182 2.059018549737025 0.9580304852548683 9 245 126
1.3028000223884417 2.0660780251178945 0.9193910413566744 9 245 144
1.1764915857714717 2.0731528604481944 0.9452332446478594 9 247 125
1.2513444428565448 2.076902000918208 0.9240036202553198 9 247 135
1.190148204091201 2.0737241499238968 0.9370265330089884 9 248 127
1.1695646002598772 2.0788527121574925 0.9381681026797644 9 249 123
1.2474466640376862 2.0505818169796672 0.9180209169243727 9 249 140
1.248947528967428 2.041780181753997 0.9182040863470226 9 249 142
1.174954928019857 2.069280054753647 0.9286569337248266 9 251 126
1.2145582329823927 2.0632286002710725 0.9176989984676146 9 251 133
1.1739253556376017 2.0647455227711022 0.9206191262847255 9 253 127
1.1539888684191082 2.070729378432723 0.917392300388461 9 255 123
1.1483420362931471 2.03804559277428 0.9214189952358021 9 255 129
1.1336181482540593 2.0713489839321393 0.9148040769604749 9 257 120
1.1116421958369376 1.996370178143559 0.9100305680530419 9 261 133
1.4153505868548293 0.2042706054664587 0.8864973854096851 9 278 603
1.3783832561392528 0.18198684271456056 0.9008300502429438 9 278 612
1.3947399154585032 0.1520990260620303 0.8978383291891807 9 278 620
1.389267317341015 0.12258587751059435 0.890713001806386 9 281 629
1.3844089983929093 0.2087848489062778 0.8811125980639909 9 282 603
1.4107269162004679 0.23349823870429653 0.8659860793498142 9 283 594
1.3481253017720718 0.11515917128260322 0.8941930029292023 9 284 634
1.3252292756131165 0.20609927539839334 0.8866814592328068 9 286 607
1.3344511632474179 0.14945008624397005 0.8884512834431737 9 286 624
1.2904813032583569 0.18357701564223738 0.8898112294231522 9 289 616
1.312540394208911 0.21955145993738778 0.8711524677877064 9 291 603
1.237612541557382 0.18751623196208866 0.8939069658259229 9 293 618
1.2442509465385596 0.1400505315534848 0.8958627271908292 9 293 633
1.2237113561562438 0.14730751250125085 0.8955401805830836 9 295 632
1.23910132127016 0.2308611848001405 0.8637623137642745 9 300 603
1.1859015443323284 0.2196917574633963 0.8778215846539709 9 302 610
1.16569992003065 0.21207457535760776 0.8862782551328977 9 302 614
1.082758681229052 0.19108101768114605 0.8997876304944104 9 308 627
1.0814995371028402 0.1716124979965259 0.902236371876436 9 308 634
1.199213117082095 0.2385526485214715 0.8455763818630249 9 309 602
1.1458487445530527 0.22856313272101703 0.8676824527290279 9 309 609
1.1083269217009262 0.22129119527956442 0.8763486558609055 9 311 614
1.0413551871771753 0.1821416849804437 0.8971465260446622 9 314 633
1.1666603094763617 0.2417108988556418 0.8258493219433101 9 318 602
1.082302439292906 0.2330514087400991 0.8615778334002949 9 318 611
1.0449040101008884 0.23695046910441842 0.8631124768861191 9 322 612
0.9239946048044119 0.20877926820447912 0.8950122641237963 9 329 632
1.0350132655146898 0.2410198630359459 0.8330479292010334 9 332 610
0.9830672650254604 0.2444377427315878 0.83236173777295 9 339 612
0.868112017621252 0.22802429692680204 0.8740859525424185 9 343 628
0.9005274335351707 0.23662495657303095 0.8454106884971446 9 347 621
0.956598787325742 0.24710858312564843 0.8145086647069719 9 348 612
1.0281488681793618 0.2499337614196976 0.7735337225021883 9 350 605
0.8852646084112987 0.238856614956103 0.8396866702977431 9 351 621
0.9367360901193651 0.25374432935376623 0.7935660170926633 9 357 610
1.057639932000936 0.25462846499576053 0.7271883945937998 9 359 600
0.8740802197407525 0.24606559567049102 0.8157170975429238 9 360 618
1.0584150265364407 0.2598345510052329 0.6940595359823587 9 368 597
0.9641619524636147 0.2572433643630401 0.74264166111857 9 368 605
0.8893283610286338 0.249628048143399 0.7787259183563131 9 369 614
1.0742331303902564 0.2575769298241052 0.6681637005406289 9 373 596
1.0408409120703694 0.26009065159142375 0.6709667995958287 9 377 597
0.8576924186673969 0.24902150525797262 0.7696012866793993 9 377 616
0.7931584546071111 0.24221744169994286 0.8047600289424515 9 377 625
0.7199116959827765 0.2397237622849715 0.843938033036933 9 377 634
1.0749584910172094 0.2655401416745874 0.6301471295596952 9 383 592
0.7217940100214302 0.23876219200599236 0.819689944671816 9 385 633
1.0212509798625249 0.2579069382247555 0.6496797434988232 9 386 598
0.9555168623237762 0.2632323283965402 0.6815400825417623 9 387 601
0.8732914375188994 0.2559333573641932 0.714796487840005 9 391 610
1.0899651964214356 0.2620139235033998 0.5890292098427263 9 392 591
0.7111476933413803 0.24315823364558498 0.7985132796872716 9 394 631
0.9553331358200545 0.2627210480600787 0.650615750912303 9 396 600
0.8710551287295629 0.25956565081400784 0.6957915450465799 9 397 608
1.0455655472241343 0.26505664509414384 0.5841987090870329 9 400 592
0.9899671975641104 0.2660656928771008 0.598322871170045 9 405 595
0.8383053534898133 0.2583716015490398 0.6822459801091656 9 407 610
1.0876918564964835 0.5838919600383219 0.47539866763859484 9 409 489
0.7865802119087992 0.2570053994418233 0.7036467472465863 9 410 615
0.9756764624829388 0.27510361459963184 0.5803490578573609 9 412 592
1.0928246614656452 1.1150041098709207 0.37103987259743554 9 413 344
0.961840652536224 0.26585811701709383 0.5830744400210046 9 414 596
1.0707599468137627 1.0978895441328076 0.3785658236396032 9 415 347
1.066600876554203 0.6922710388539068 0.4466950093966795 9 415 457
1.0425071891652358 0.6540801921882543 0.46359305112300353 9 416 468
1.0356176810396716 0.6133595525390396 0.4665505713413576 9 418 480
1.0376837247500117 0.5867155064822575 0.4696349303465803 9 418 488
1.09260552706211 1.1189375631922456 0.3443939528129847 9 419 343
1.0302025549722955 0.6838626261428494 0.45438599999051754 9 419 459
0.8095808902802735 0.26090282093245576 0.6602021211051984 9 419 610
1.0793400932990727 1.103838515323826 0.35073685129041987 9 420 346
1.019269804264412 0.6832607846721659 0.45333646853447784 9 421 459
1.056837502455426 0.5025916698131444 0.45982583770881025 9 421 513
1.0824814361365316 1.104583530971126 0.3399645589694962 9 422 346
1.0521699417116877 0.5154518420673535 0.4527444567401675 9 423 509
0.9231475646426757 0.2681320068212404 0.5748147913008879 9 423 597
0.8509752833337931 0.26803478545008574 0.6200688243963202 9 423 603
0.7163468446368955 1.6048732702005881 0.4778839248649942 9 424 179
0.9886306300478342 0.6520653512728763 0.46204362807704724 9 425 468
0.981486132144098 0.6193464248937011 0.47204297730937483 9 425 478
1.0101720007288044 0.5794029262045606 0.4606416296735143 9 425 490
1.0797248502476173 1.0960091566345478 0.32569743995038136 9 426 348
1.0873690003764591 1.1097125970258488 0.30976513841792563 9 428 345
0.9719593845054229 0.6942892209660491 0.4538237021688434 9 428 455
0.789158867485924 0.26259840846313964 0.6436099901031105 9 428 610
1.075673082728826 1.09898356086083 0.3146756394675583 9 429 347
0.9605552544132134 0.6123694218041374 0.4711735655484661 9 429 480
0.9752410490804146 0.5542217367345004 0.4716783335749941 9 429 498
1.0607892789798996 0.2657198197216306 0.4660679820554985 9 429 587
0.6889519665488226 1.559366031565294 0.4798833868618291 9 430 187
1.062115047625455 1.087918968945849 0.31655815083077465 9 431 349
0.9716066748421301 0.5412104487477166 0.4686091858904553 9 431 502
0.6906381300850766 1.549962114762013 0.4689401027739515 9 433 190
0.9296434564097551 0.6696554852776028 0.46600869560650326 9 433 462
0.938770927773342 0.6407065739939047 0.46509021803573636 9 433 471
0.9314223648809654 0.5929057722200072 0.47434824509759377 9 434 486
0.9844877372811114 0.47639788804493066 0.46001856857566303 9 434 522
0.7073976211248525 0.25863536326093195 0.6780459301338666 9 434 619
1.0754234295637 1.1028578258737627 0.28786592988310766 9 435 346
1.0650073139266154 1.084615156836913 0.29347176211150927 9 436 350
0.9278862393507885 0.6915132710061578 0.44808179329122977 9 437 455
0.9152987716492942 0.6783342415672089 0.4586627597206032 9 437 459
0.9107532581140354 0.640023539359166 0.4683619056870796 9 437 471
0.967882825923376 0.47713339726052684 0.4593567273655341 9 437 522
0.7836690784125457 0.26325124867270266 0.6178870653886585 9 437 609
0.9252738366738449 0.6016159579676652 0.4617770712131519 9 438 483
0.9441203850143569 0.519261700162999 0.46383013920859795 9 438 509
0.9132653738650465 0.5736456465932076 0.4708807613030157 9 439 492
0.999601036407274 0.2567662199783841 0.46967709285415626 9 439 593
0.6928840663640206 0.25825459605464895 0.6723189173781455 9 439 620
0.8991713358048172 0.6679444359775918 0.4598027603019845 9 440 462
0.9278262458623561 0.5446773503597467 0.462609746509008 9 440 501
0.6379634275097423 1.5433353968186594 0.47069078651816443 9 442 184
1.0652826067930337 1.108342201675501 0.25834011919573197 9 443 344
0.8831078311722913 0.6861802442458602 0.45599258084302097 9 443 456
0.9337853851022972 0.47263454323941934 0.4602330398154135 9 443 524
1.0613094376205943 1.0994574842658422 0.25818732665963373 9 444 346
0.8752165050856109 0.573917955134031 0.4740292137493092 9 445 492
0.9346726071769449 0.39632923038771695 0.46221563266867327 9 446 549
0.8295680852501142 0.26727588859254614 0.5566967533735026 9 446 602
0.7814469139295266 0.26823339798119716 0.5890977612705486 9 446 606
0.8860248137542135 0.5454585566999492 0.46449643293261866 9 447 501
0.9030768195958321 0.5108213343087917 0.45920036283125754 9 447 512
1.0627893087661309 1.091874230547969 0.2408891940184512 9 448 348
0.858217262518947 0.6847344078223556 0.45439590652049655 9 448 456
0.8506729860531812 0.6350674908710234 0.46857853263351723 9 448 472
0.6043813093308799 1.5248819172917134 0.4706985517425646 9 449 184
0.8547461993179453 0.5890135591406839 0.4705358595348088 9 449 487
0.8671465546502524 0.5612091612398264 0.4671392109345076 9 449 496
0.676466864850749 0.2587095133123145 0.6496875516628773 9 450 620
0.5856692453638228 1.5464446671179952 0.47222175691696733 9 451 175
0.8198542435490555 0.6740403940987182 0.4679442834530736 9 452 459
0.8289108600877091 0.6072704007023323 0.47401766703344217 9 452 481
0.638903414240199 0.24951015427962075 0.6711944613386944 9 452 628
0.8106970197503147 0.6462640578581293 0.4721754337703563 9 454 468
0.8561650847799829 0.533603348743781 0.4615282313368234 9 454 505
0.8902534092664607 0.4262560990054981 0.4541465315853057 9 455 540
0.8950914381574535 0.39339048320609327 0.45690355631376933 9 455 551
0.5796740701701917 1.5297974926288318 0.46113854949680233 9 456 179
1.0612503383175749 1.1113695746187486 0.20276039942862645 9 456 343
1.0541331675290138 1.085829634917038 0.21251459365760272 9 456 349
0.8131655646818063 0.6187727296684837 0.4683618831797842 9 456 477
0.833046558259769 0.5171123116775999 0.47348421629276793 9 456 511
0.8127918764362074 0.5917326807994512 0.47009067801220894 9 457 486
0.7926107329886172 0.6755663709648098 0.4649018625734378 9 458 458
0.7932526604806167 0.657506752554142 0.46785213569781914 9 458 464
0.7990503649079386 0.5710119578700127 0.47295115936550314 9 460 493
0.6404106719675957 0.25551582386057026 0.6451041579876153 9 460 624
0.8104260133454138 0.508995505599057 0.4731083664701723 9 461 514
0.8244395672318086 0.481715776416458 0.468345625876629 9 461 523
0.852225168168008 0.41223405142688085 0.4618310435691666 9 461 546
0.7878901347713922 0.5476954341052325 0.4746929715623782 9 463 501
0.8184700290024804 0.4588871145626464 0.4698469944310504 9 463 531
0.8273829435341526 0.44639888925426086 0.46586852688333025 9 463 535
1.0706662316117916 1.0855976154840363 0.16502635852121994 9 464 350
0.76457192436829 0.6268419921154108 0.4726663392868067 9 464 474
0.7744415876920272 0.5857778683931937 0.4734817878851314 9 464 488
0.7519064862951699 0.2714697634474267 0.550046243185206 9 464 605
1.074359017763633 1.1065427088349455 0.1538129413341176 9 465 345
0.7560683741690362 0.6004771111388831 0.47682509704769505 9 466 483
0.6077333213198097 0.24207221304186477 0.653190087937139 9 466 633
0.7518124121795466 0.6911150532881195 0.4588035236001411 9 467 452
0.7461740642456369 0.6732431957377222 0.46635342849671124 9 467 458
0.7450502078916967 0.6614799738672423 0.46945016715918353 9 467 462
0.6625684118943032 0.25136311684071255 0.6056770427212166 9 468 622
0.738065147494182 0.6581442573626832 0.468132403680358 9 469 463
0.7694547252371471 0.5161667529461427 0.47301288854545676 9 469 512
0.807541487700923 0.4134185501310179 0.46535091809583706 9 469 547
0.7405598759742913 0.6087203019024471 0.47248247249424447 9 470 480
0.8314228339415362 0.3012190378347499 0.4663831275359227 9 470 586
0.5961936626319131 0.23510143414021512 0.6511898191702583 9 470 637
0.7215441376595553 0.6604059393513408 0.46927058645731967 9 472 462
0.7393791366160156 0.5599524882516632 0.4759818392026749 9 472 497
0.781505645289124 0.4523312430038574 0.4662513033281366 9 472 534
0.712157560950677 0.6372489244870065 0.47728445920001117 9 473 470
0.728485085101261 0.5828706552345391 0.4760103051167395 9 473 489
0.7597504323183255 0.5103506742346979 0.46731318763394825 9 473 514
0.8269666290525601 0.2767204992103415 0.4640017053208698 9 473 595
0.8275166640629787 0.2685147522102854 0.46522057386786564 9 473 598
1.1095906468732393 1.1232940824674849 0.08334397169764474 9 474 343
0.6067126732254244 0.2508330405373481 0.6285597472474045 9 474 628
0.8148104286516269 0.29488681444640874 0.462422105584233 9 475 589
0.5921025683398864 0.24344167179420906 0.6378981982814376 9 475 633
0.7012633173167273 0.682537600455147 0.46594998264270826 9 476 454
0.7049667199099532 0.6225564531959975 0.47518426923117296 9 476 475
0.6423710644315932 0.26103648034588134 0.5940340398258017 9 476 619
0.665665433800781 0.2639733273476943 0.5729891840901873 9 477 615
