2.4352251192534045 1.6808556564793296 1.155435138949236 9 3 341
2.479151245024692 1.6745658955096814 1.1601824423120957 9 3 346
2.4778600952429457 1.3210368871233555 1.1247892822136791 9 6 411
2.4353116347374666 1.3810835547284384 1.1055312506330617 9 10 396
2.464134773408826 1.3355729168006916 1.1060682604168561 9 10 407
2.4746814517157687 1.4019226314500017 1.1017798905789151 9 12 395
2.4498853759046053 1.3606228066025714 1.096908585582521 9 12 401
2.4828111983579566 1.3165211222103899 1.0979440201407809 9 12 412
2.481289041875814 1.27509120673312 1.0955092496557097 9 12 420
2.462784750603352 1.253337394993926 1.0923718465106662 9 12 423
2.4582252454310183 1.2218209032341116 1.0901625192888107 9 12 429
2.4584423910386834 1.5346855416003387 1.1027014236396209 9 13 369
2.458863105723379 1.348430649668793 1.09265411863784 9 13 404
2.428773525594008 1.2262041572494142 1.082912720358306 9 13 426
2.4476711866274425 1.443356288625038 1.0920505633942559 9 14 385
2.434405985614543 1.5618266312542102 1.092365216747088 9 15 362
2.4522683672996646 1.520685813527796 1.0920010465372538 9 15 371
2.4503458698849974 1.433700826152954 1.0872218098522812 9 15 387
2.4838722187211872 1.3421587700911335 1.0857832715563072 9 15 407
2.4720564086776924 1.3896095557239918 1.0825040912887276 9 16 397
2.483486693179122 1.3314371886576821 1.0806199755101735 9 16 409
2.448123345335008 1.57359520553201 1.0849870880801236 9 17 361
2.4576504414443203 1.4523231356523643 1.0750886711135774 9 18 384
2.464229927431903 1.5809719482584494 1.0774956784649492 9 19 361
2.4788448641851506 1.5210209060021807 1.0712025283335769 9 20 373
2.4511105402736173 1.55735238201484 1.0420971467988547 9 26 364
2.469975044626396 1.5271368260429312 1.0376499702154909 9 27 371
2.483088445254671 1.226797945392752 1.025593306947897 9 27 429
2.082028416305382 2.0375700737748037 1.0224710935647279 9 28 243
2.4425032026932696 1.5697706113233276 1.0324575995614784 9 28 361
2.4710640775843853 1.2829128778393806 1.0179232124588902 9 29 417
2.4582379518745983 1.3605468673921957 1.0155561623039109 9 30 401
2.4671047467295812 1.3379281623336583 1.015332514179619 9 30 406
2.4952385669245456 1.2607206005196259 1.014396454057587 9 30 423
2.481528244418154 1.2303358406859424 1.007482557983167 9 31 428
2.4386446337419483 1.3163050486191863 1.0030337897900459 9 32 408
2.4876628917215444 1.262678570073136 1.0047180455991673 9 32 422
2.473479678162575 1.2072789999628362 1.0013842699219153 9 32 432
2.450218940841583 1.4307555820746112 1.0038797421870636 9 33 387
2.4590295316320905 1.5824117534115616 1.0009621927032404 9 35 360
2.4420139547993918 1.4753511838587725 0.9956415517667003 9 35 378
2.457458428425823 1.4495985126604467 0.9958118513796256 9 35 384
2.465700924439123 1.5742030804802958 0.9963525812250249 9 36 362
2.4650551164415617 1.540378225864573 0.995048799281383 9 36 368
2.4702796982453665 1.5648832754135167 0.986742059615296 9 38 364
2.0919382717789077 2.0229758446338537 0.9626117054261966 9 41 247
2.438432252899772 1.3917809255902598 0.9411673213567321 9 46 393
2.4469421874373114 1.3476458887980793 0.9357213852104453 9 47 402
2.45822202215857 1.3207087619107143 0.9355964964324487 9 47 408
2.46019737664135 1.2801273767678103 0.9345383491722217 9 47 416
2.4535723219447894 1.339573592420253 0.9312233465790078 9 48 404
2.456276298585728 1.3042172890606831 0.9303813753416932 9 48 411
2.4347793253436585 1.4208638466425898 0.904256866977152 9 54 387
2.454453492344259 1.380930778251858 0.9042657430386285 9 54 396
2.425659322934282 1.6039534452936353 0.9032976360562675 9 55 353
2.45419839976811 1.3331976582136307 0.89845440067994 9 55 405
2.437018089607269 1.459253309001744 0.8957776576892873 9 56 380
2.445111396331123 1.3556977334992786 0.8938602620092239 9 56 400
2.44318056359051 1.3028060868543654 0.8926043873216758 9 56 410
2.441590329131703 1.407139318925327 0.8901160969790988 9 57 390
2.4728182399852985 1.3713596062299505 0.8812519826853192 9 59 399
2.4408031868849225 1.5878898007868614 0.8695938083299426 9 62 357
2.44635532737799 1.3550450914779448 0.8657245997905358 9 62 400
2.448914293476881 1.4251321223993896 0.8575081965886466 9 64 387
2.4420540097840835 1.3424473768031435 0.855949951852526 9 64 402
2.439483696843173 1.3099129406100831 0.8506669757884023 9 65 408
2.425952458666796 1.5973974348412643 0.8497115036391507 9 66 354
2.449648574890772 1.4962245362684423 0.8490033013203103 9 66 374
2.448003407947365 1.4624906400129263 0.848463678216738 9 66 380
2.448124345959732 1.4298807480899063 0.8479964401758919 9 66 386
2.4262741740689067 1.4046265243453844 0.8469369607299568 9 66 389
2.4438281122503764 1.4824768157306372 0.8437989962230811 9 67 376
2.437338426988815 1.3452804299372048 0.8417249626233165 9 67 401
2.441406590251227 1.3206529252642838 0.8415117711065602 9 67 406
2.42583905994826 1.2991704378444666 0.840744590080088 9 67 409
2.4405011300299337 1.7684558915692719 0.8425700928806354 9 68 326
2.4368905144365307 1.3607320401605112 0.8372010127862662 9 68 398
2.465330490296358 1.7940596226101446 0.8385229539488105 9 69 324
2.4385123674455085 1.6031870482301718 0.8354642727463705 9 69 354
2.433456589520714 1.4721502847410095 0.8337333942680399 9 69 377
2.443263047288928 1.443625925683981 0.8336579284174331 9 69 383
2.437780254801775 1.6313675018171743 0.8259038219337389 9 71 349
2.42929698980104 1.5928443603722517 0.8252845475080562 9 71 355
2.426409523465137 1.4687785327431444 0.8238971289895065 9 71 377
2.4341612147526464 1.4612194970439143 0.8240095395287012 9 71 379
2.43817498857244 1.4087072032167676 0.8235523726786557 9 71 389
2.4496299743151915 1.7975269168149235 0.8126710557418344 9 74 322
2.4449455661259245 1.5886437861567886 0.8108422040657677 9 74 357
2.4356678828399203 1.4999772585931308 0.8099153076265059 9 74 372
2.4297460188093023 1.4698018278878993 0.809542751724487 9 74 377
2.440628037100698 1.632437660469561 0.8061510707656812 9 75 349
2.45659584689396 1.62291021350127 0.8063869942064409 9 75 352
2.4395172398592715 1.3978222641125062 0.8043653945126263 9 75 391
2.413280889810494 1.3764498856768215 0.8036993174562929 9 75 393
2.4300680839796063 1.6444867885052437 0.801074391057585 9 76 346
2.4435809526923595 1.5877873386793078 0.8009332275964519 9 76 357
2.4387337200487647 1.446041762432634 0.7998902789883857 9 76 382
2.4354360328498883 1.8018172350545771 0.797134440864109 9 77 320
2.441630398624328 1.3822457739629237 0.7947301225600838 9 77 394
2.435763958206217 1.3692166991804107 0.794555707225389 9 77 396
2.4445560676220452 1.7824930897377658 0.7920696252584207 9 78 324
2.4578819410538153 1.58866420502585 0.7912625885510475 9 78 358
2.44407513125565 1.4976303180524144 0.7905812962524416 9 78 373
2.4445813184037344 1.794654328983183 0.7870198631480673 9 79 322
2.476382228845339 1.6147191628369084 0.786658211042738 9 79 355
2.449650742479349 1.4612186628331905 0.7856138572554116 9 79 380
2.4347222920278004 1.7710214128221955 0.7816950061953961 9 80 325
2.436845337407357 1.533209368067137 0.7808532778350595 9 80 366
2.4352631842771153 1.433038178480213 0.7804683669448401 9 80 384
2.420882576815563 1.4053906953172597 0.7801911942073635 9 80 388
2.4459361310456127 1.599872793242215 0.7762350961272125 9 81 355
2.453565123837274 1.8056633763082324 0.7666091837782119 9 83 321
2.4725593082534862 1.6533940817471966 0.7665612044334476 9 83 348
2.4252733401156408 1.5331378206579456 0.7660223629786418 9 83 365
2.431890581525727 1.431128503831591 0.7659411002063646 9 83 384
2.4276429231188894 1.4130875978263764 0.7658831538953648 9 83 387
2.4591177808791924 1.5034865162419662 0.7613262113263669 9 84 373
2.4351114997980257 1.4762024249991883 0.7611521972036521 9 84 376
2.3830092991315834 1.524394378734173 0.7511432819605242 9 86 363
2.4385590300515694 1.4774243230187116 0.751403059898024 9 86 376
0.5976035811931444 0.26953755708569543 0.7155976791020489 9 108 635
2.419930060280752 1.7500635943576028 0.6331186751633353 9 109 327
2.430832317804104 1.6837045393588803 0.6340727124322274 9 109 339
2.4172087796470665 1.2610722149050912 0.6425541143671473 9 109 414
2.444439388020612 1.637208513007623 0.6294417267509993 9 110 348
2.4194430547337524 1.394261365288082 0.6350436209618713 9 110 389
2.427193071572483 1.3865975491802076 0.634960775925594 9 110 391
2.409576370927952 1.2426001699429956 0.638366227895083 9 110 417
2.421856220881913 1.4607574357702138 0.6237246834783763 9 112 377
2.4136716441322164 1.2956156458187615 0.6275516423445139 9 112 407
2.415686545029078 1.6935183406439858 0.6137765559883236 9 113 336
2.4125068496645916 1.3585756353487413 0.6213636518360317 9 113 395
2.409092496462208 1.3197902599298523 0.6175080719082141 9 114 402
2.4293931639710102 1.4580233735416126 0.6085937172656622 9 115 378
2.419400743716348 1.3555870677659938 0.6114199018363723 9 115 396
2.4272021935833674 1.3372452678395237 0.6115651803073103 9 115 400
2.4202873335959567 1.6422815049865638 0.5942791121793018 9 117 345
2.4170733976051957 1.3650302306718147 0.6014850718541728 9 117 394
2.399005816886793 1.3047688363285261 0.6037549700406817 9 117 404
2.4155337087038338 1.681175910952405 0.5831629585929068 9 119 338
2.4032442816442208 1.5641097555731325 0.5868718694837446 9 119 357
2.4174110247479117 1.3379747115087495 0.592390685886658 9 119 399
2.3949528593371134 1.209756129777451 0.5968435634640881 9 119 422
2.4044565268150606 1.5817258360436406 0.5761992221802801 9 121 354
2.4270069199155464 1.357469315475778 0.5815978331623459 9 121 396
2.399226293773809 1.2622235403781772 0.5856211378705204 9 121 412
2.40217750634691 1.6800499680847731 0.5683263180818285 9 122 337
2.4231095681024737 1.3449784668341636 0.5772227539887318 9 122 398
2.4290031373206378 1.1952000090219537 0.581364951519707 9 122 427
2.4217865877127984 1.172422479476656 0.5823824619153608 9 122 431
2.4179506137284155 1.2167986175981675 0.576446973710233 9 123 422
2.4177747129696456 1.6820323964606574 0.5571534334927164 9 124 338
2.402354478352523 1.4782712050208533 0.5642814030607213 9 124 372
2.39390640617647 1.2492607339895028 0.5718423786146135 9 124 414
2.4254037177590506 1.1985971301972025 0.5718237984866055 9 124 426
2.426890141841188 1.674636936440369 0.5465197055899077 9 126 340
2.4234851478820816 1.3336139491394399 0.5578739565652248 9 126 400
2.4234223687338674 1.549791130801511 0.5456935507447223 9 127 361
2.4188395133461533 1.4739533036762718 0.5484915867497584 9 127 374
2.4042620498136085 1.304725657928885 0.5549748479401548 9 127 404
2.4095230628314788 1.2594533680832782 0.5562047958197962 9 127 413
2.3948377313349067 1.23344036101443 0.5578866808743486 9 127 417
2.426724418586591 1.177857414284873 0.5579964896929729 9 127 430
2.4053218323147245 1.6932934164101079 0.5366774021916656 9 128 335
2.406726317229806 1.326499329556151 0.5443010587692095 9 129 400
2.4082314635267297 1.2481268435010973 0.5469712960061925 9 129 415
2.414378420985466 1.505339653142199 0.5324986819928673 9 130 368
2.3994950900468335 1.2970142008393488 0.5408822866299549 9 130 405
2.4039853227912102 1.2982994459914978 0.5307897692305752 9 132 405
2.4122022790483557 1.4926536726161452 0.5179001254651967 9 133 370
2.4240744551616955 1.4418082670267984 0.5190958529248221 9 133 380
2.385611545029835 1.2806451680723505 0.5277455442025217 9 133 407
2.407001360066159 1.3043229648264851 0.5205598922240646 9 134 404
2.403673861672127 1.188729995397395 0.5253133414480119 9 134 426
2.3965171138317496 1.1660322528691685 0.5266716160976934 9 134 430
2.4104666206230894 1.1554735966437217 0.5261745763183342 9 134 433
2.407109291632623 1.4900990357569834 0.5081973856510236 9 135 370
2.398695445435294 1.4361575542604847 0.5109201074468248 9 135 379
2.4065980044954616 1.1997014621091981 0.519863431754488 9 135 424
0.5989265761502489 0.26987240322625494 0.6778705783881747 9 135 631
2.4182266480130297 1.540571643126135 0.5003057650605025 9 136 362
2.417721151673407 1.3026645015170693 0.5100633636165212 9 136 405
2.39811801862267 1.6830684687238016 0.4906367949086792 9 137 336
2.3933267585468743 1.4948997538832038 0.4988146514193953 9 137 368
2.413203712186078 1.4254363514712227 0.5003236986261068 9 137 382
2.402284239668134 1.2860464777879796 0.5068957114663847 9 137 407
2.4148998352172804 1.1815574663822705 0.5103712721408289 9 137 428
2.417200100922591 1.6868468252171778 0.4786355258980667 9 139 337
2.414274926808294 1.4871068818634217 0.4875001593578615 9 139 371
2.411486299306129 1.2996729652042376 0.49582181592181707 9 139 405
2.4082238764567117 1.2825613978264911 0.4968002179034509 9 139 408
2.406196466043473 1.3185508313172964 0.48549207237407466 9 141 401
2.4079501063568785 1.2714818473420995 0.48747518274086343 9 141 410
2.41376455104873 1.2526018069028066 0.48788392098992867 9 141 414
1.9270128551497256 1.8505566283979702 0.49315355675797157 9 142 259
2.407826363178409 1.7120083798770969 0.4624031366811088 9 142 332
0.5888950085479165 0.2659645593914031 0.6689067454909099 9 142 633
2.3937327617098934 1.6093521531903054 0.46300989596783204 9 143 348
2.3943536159682655 1.50589364349287 0.4677810768425452 9 143 366
2.3975846577580047 1.2515199498785325 0.4793779699693926 9 143 413
2.399337122142513 1.231102359173188 0.4753096778662715 9 144 417
2.3969364620752724 1.4393939517585064 0.46057375381374666 9 145 378
2.391191074993836 1.5555257663882907 0.45029684767028605 9 146 357
2.3827396596311705 1.2558728141291833 0.46569717757971063 9 146 411
2.400683252027557 1.1796114372516975 0.4679471034712486 9 146 427
2.37987198903714 1.50443793319234 0.4486526792919919 9 147 365
2.3553744398979815 1.5043422978292977 0.4456707287010733 9 148 363
0.5963390131247445 0.2688028116969842 0.6596821394942073 9 148 630
2.3563002901453665 1.4597541210775389 0.43779195665804643 9 150 371
2.3846753929962103 1.4167493834255316 0.4375165494831947 9 150 381
2.4024200485667038 1.336761058522842 0.4401234963739451 9 150 397
0.5705466675927113 0.26188341890767136 0.6594905899026352 9 150 635
2.201715203338195 1.4381322416325022 0.43831112862704263 9 153 362
2.2595743962439223 1.4212631147781114 0.4191922743676548 9 156 370
2.3995898953333565 1.3832831810982111 0.4025806577184889 9 157 388
0.5679849644243733 0.26398933270624425 0.6471379461143261 9 159 632
0.5916836821512226 0.26989293364128364 0.6386184059475422 9 163 627
0.5664077329046942 0.26542285831826623 0.629039304044315 9 172 629
0.5651497160151717 0.2650801027833807 0.6165304893268451 9 181 628
0.5591750867838285 0.2609658808228329 0.6049893065488117 9 190 630
0.5529837887222134 0.25934682511913143 0.5933763014702221 9 199 630
0.5890078303054446 0.27753265689349443 0.5738395584758056 9 207 615
1.0715377469792071 1.0936154778240477 0.4037458520706342 9 208 305
0.5577514995692946 0.2602661193868173 0.5796519496455245 9 208 628
1.0713799346366277 1.1105992508357088 0.3990694895356571 9 209 300
1.0670185727312387 1.101190301859234 0.3948731787881789 9 211 302
0.8237332934341011 0.678318257915612 0.48328685990967246 9 211 411
1.1150118488451504 1.0573611741361613 0.3876590730167926 9 212 323
0.827952288770128 0.6614261244900881 0.48205952622753917 9 212 419
0.8255777470991861 0.6400091418553272 0.47815517360191073 9 215 428
0.7480625984550358 0.6809749878090293 0.48416254294374006 9 217 397
0.7935895478638011 0.6713428608860951 0.476471766921368 9 217 409
0.8139343896800717 0.6183747929628814 0.47835317338098104 9 217 436
0.5561899796564403 0.2624013468619114 0.5667554369627843 9 217 625
0.5511846062208596 0.2512536751775702 0.5689349906202511 9 217 634
1.0762844779190912 1.1172996420076466 0.36134791300981794 9 221 299
0.7060008905012995 0.6901456720601249 0.48299257386873745 9 221 385
0.7103801808668844 0.6487951373998248 0.4806720674460972 9 224 405
0.6693180260421907 0.6938400626762327 0.4817985917245054 9 225 376
0.7104713245682259 0.6073122959238315 0.4834362563913965 9 225 425
0.5547625465156611 0.260974163649045 0.5556062079072589 9 225 625
0.6618773930264819 0.6821099959116003 0.48269048062098124 9 226 380
0.6796724793177134 0.6599769795847572 0.4816121283734678 9 226 394
0.7270812063343657 0.5983542502258923 0.47905065426310744 9 226 432
0.5765366231457226 0.27515296281387763 0.5479975817857394 9 226 614
0.5461368349882455 0.24966918493210466 0.5572578464512559 9 226 634
0.6565124235274113 0.6988244583087168 0.4798345271138357 9 227 371
0.6796208068010725 0.6167977861366696 0.4847147613657095 9 227 415
0.7228880575939061 0.5787447015865768 0.4802100554603941 9 227 441
1.1146522386025213 1.0569670341614317 0.3392101908976233 9 228 323
0.6103824674500771 0.6968190143617148 0.483868197429449 9 230 362
1.071091499096279 1.110946759098315 0.3327994516222161 9 231 300
0.5974836893624356 0.7031105339340842 0.4800858050776943 9 233 356
0.5501167357621883 0.2533212294844899 0.5458970048636779 9 233 630
0.6825161259784789 0.5222235798584077 0.4820036624406574 9 234 464
0.5582510145807742 0.2619118342303856 0.541596457839786 9 234 623
0.6166347469615372 0.6424295594795806 0.4795995582027444 9 235 390
0.5732589731313775 0.27607863787266057 0.5350373079163248 9 235 612
1.0722588902501973 1.1118181141808345 0.3110518875745934 9 238 300
0.6461269872257218 0.514089232372446 0.4836296445852869 9 238 463
0.8089710770757841 0.32253899294856675 0.46943877882435253 9 239 587
1.080026917993649 1.1025991435293356 0.30433196430400955 9 240 304
0.6395044456788641 0.496180965308322 0.4837762079061619 9 240 472
0.5921398742221857 0.6148987643855308 0.4773752116274091 9 241 399
0.7240892088172453 0.39417371149899205 0.4757741761900504 9 241 540
0.7216088604052304 0.37867917859988304 0.4783685171302647 9 241 549
0.75375866551409 0.348491468650162 0.4748986977158834 9 241 569
0.5778938290192157 0.6457093024387354 0.4747799232709846 9 242 380
0.5486451568085642 0.24924125173608058 0.533678373422319 9 242 632
1.0811452882089927 1.113788121590082 0.29334993650437385 9 243 301
0.5840747563757225 0.5947018642650952 0.4764015668833164 9 244 408
0.5927098075835537 0.5810755101005549 0.47618459611422914 9 244 417
0.5907016854943365 0.5638236607770181 0.477146225437477 9 245 426
0.5983429531836091 0.5499998897791036 0.4771894568530607 9 245 435
0.5951679529907303 0.5328839207656001 0.4784470375132374 9 246 444
0.6223247777032088 0.4757803926314652 0.47967740847546253 9 246 481
0.7547688308299432 0.31791289555595964 0.469390286421358 9 246 587
0.5966092740699147 0.5173999607021593 0.4784132147216727 9 247 453
0.6031595146790607 0.5035573409671441 0.47872112021084445 9 247 462
0.6998917423437523 0.3285596550161463 0.4792683947344662 9 247 578
0.5740889311720052 0.2763934353503572 0.5150538890949146 9 248 610
0.549910598682062 0.24444884476303452 0.5252728135172146 9 248 635
0.6002028343824263 0.4871701087201935 0.47813545011586395 9 249 471
0.5651375863409529 0.6113879110887505 0.46774678822795185 9 250 395
0.6517975960565938 0.36904698487471965 0.48009890082504514 9 250 549
0.6981650489337372 0.28625904055778656 0.47846501304657335 9 251 605
0.5625043589843034 0.6600096917353951 0.45792952387860364 9 252 369
0.5661647640022913 0.2677083611635724 0.5121138654854458 9 252 616
0.5538773865758517 0.2561407022937267 0.5167906511343214 9 252 625
0.5652432991989442 0.5944866470104009 0.4646420599284854 9 253 404
0.5682597800396406 0.5790939783090892 0.4660634383606444 9 253 413
0.6616786885863186 0.30676026454003424 0.48119684227799364 9 253 590
0.5664552957175611 0.567532673891906 0.4663605306478261 9 254 419
0.5655953653387559 0.5512126092894319 0.4688984498398488 9 254 428
0.5848831666237386 0.4677650054681042 0.4741846487264981 9 255 480
0.6291742516862295 0.3519033394330899 0.4795508373814074 9 255 558
0.5690796288065013 0.5053913324659518 0.47106221769195517 9 256 455
0.5594072137870036 0.704475021361852 0.44294201465382815 9 257 346
0.5588826607450738 0.6122028932910633 0.4564533021622568 9 257 393
0.5749347722536291 0.48002464288239377 0.4714960959307444 9 257 471
0.5452812893015411 0.24408980018992965 0.513308832256987 9 257 634
0.6524882265101322 0.28927681791052845 0.4775646810545242 9 258 601
0.56433935565185 0.4886190733799982 0.46780531161985156 9 260 464
0.5650544010734446 0.27143294894431635 0.49969664803233244 9 260 612
0.5536582820465511 0.6654416993392007 0.4426141988282727 9 261 364
0.5576878354929398 0.6284557172087 0.447050184303319 9 261 384
0.5586167640961209 0.5950992194979887 0.4517628541581607 9 261 402
0.618914913675349 0.3129315481866717 0.47617024654920515 9 262 583
0.6215890263336055 0.3001785183354427 0.47736890430069545 9 262 592
0.5581269651835346 0.5783119249914019 0.45078960591661926 9 263 411
0.5557147217236577 0.5648747775134999 0.45345391218885356 9 263 418
0.5567816502345808 0.5077720646947511 0.45828979386232827 9 265 451
0.5553529490423328 0.6102042585710701 0.44124929884626374 9 266 393
0.5484793262555955 0.2473630624094772 0.4986961801422102 9 266 630
0.5555686873581033 0.6779798820392582 0.42891552748790085 9 267 358
0.5555514546734521 0.5990424932860277 0.4410844323772041 9 267 399
0.5583633481213868 0.5406515447388289 0.44931444663492875 9 267 432
0.5548757190720971 0.49365725945123123 0.4575087842997 9 267 459
0.5541843110894135 0.6302779233036672 0.43109270526957444 9 270 382
0.5523399047374066 0.5902427794925375 0.43788535220366337 9 270 403
0.5568641527401115 0.5682577709290777 0.44007557906552747 9 270 416
0.5639060747738373 0.2657149669069099 0.485572454632732 9 270 615
0.5528716237285746 0.2541340348396108 0.4904577418911048 9 270 624
0.585430855602638 0.31072784080740556 0.4709137529248705 9 271 582
0.5545539017273312 0.6169407262104543 0.42754957114792286 9 273 389
0.588722619231455 0.2775414468515702 0.47205042029670624 9 273 606
0.5502766940967165 0.2432034838759074 0.4854231603009129 9 275 632
0.5536262319883916 0.6787173073373648 0.4122371066407024 9 276 357
0.5547829829938944 0.5999535716704109 0.4246941849134156 9 276 398
0.555147997378799 0.5422814903349418 0.43395432609795653 9 276 430
0.5755977637576253 0.2968980920506065 0.46790990777534885 9 276 591
0.5603296587884493 0.3630132586402015 0.459945110396658 9 277 543
0.5546608336371992 0.6611639264171869 0.41099996675635303 9 278 366
0.5643761004836285 0.3234429452082615 0.46363576318766203 9 278 571
0.5568786919297364 0.6444124338743293 0.4112191844963597 9 279 375
0.5549877735041759 0.626238464554628 0.41477525341231253 9 279 384
0.5531149099365806 0.5825109811746791 0.4225466453953656 9 279 407
0.555294068023688 0.5687527785124596 0.4241802442868164 9 279 415
0.5645082663722579 0.25760967478259134 0.472869934664489 9 279 620
0.5651002293025558 0.31070185369793074 0.46233577717728297 9 280 580
0.550791971501024 0.4663225182486307 0.43727764526293034 9 282 474
0.5573454322973966 0.3360312354538637 0.45559995048728297 9 283 561
0.5564170796551354 0.7021638947670499 0.3901471724383701 9 285 346
0.5559084038370703 0.6091179396973598 0.4061889112846641 9 285 393
0.5546528817345061 0.5918130157103714 0.40952443484105183 9 285 402
0.5534639587856715 0.5097858322973569 0.4238910116913341 9 285 448
0.5541755197322688 0.49479508471575545 0.42623488816884825 9 285 457
0.5519280623757349 0.4792846647761628 0.42956479972904105 9 285 466
0.5507661152131397 0.4578952453263 0.4335693700933023 9 285 479
0.560527368497785 0.29732920366065557 0.4580257993246947 9 285 589
0.554947864823979 0.36532720218191433 0.4464728133451699 9 286 540
0.5561871500013078 0.6654074746430917 0.3926582152931656 9 287 364
0.5564175475669246 0.32272801103501414 0.45173959342060216 9 287 570
0.5523915660904085 0.645893250656929 0.3952950495155484 9 288 373
0.553203041881592 0.6287864906599812 0.39801375981117704 9 288 382
0.5575042000885515 0.5760433771617338 0.40584128815951087 9 288 411
0.5574736699318776 0.310236804348214 0.4519817497013253 9 288 579
0.5665982045008771 0.25854206901074056 0.45814022213059263 9 288 618
0.5526954803548936 0.47244092922540104 0.4235687931728442 9 289 470
0.5527777734297966 0.4432137374998135 0.42522181248551805 9 291 488
0.5530735379888422 0.3384046392154343 0.44199823589460435 9 292 558
0.5523451403888955 0.46372611129692975 0.41827505056523745 9 293 475
0.5541704876096893 0.6116006222550561 0.3894627257249174 9 294 391
0.5556730849871712 0.5952367504598814 0.39191623062564745 9 294 400
0.553215665562389 0.5002663832762331 0.4097156795194896 9 294 453
0.5491937250882588 0.4841503597836161 0.4138843153179844 9 294 462
0.5588804415651291 0.2970338352697614 0.4443266424305958 9 294 588
0.5518317632162602 0.3693875830285045 0.431960475607119 9 295 536
0.5542510821867794 0.3252335060685628 0.4375279982878643 9 296 567
0.5599156396604191 0.6626133117347734 0.3726772987964543 9 297 366
0.5592135644943566 0.6444177233689619 0.37621620436816006 9 297 375
0.554624939277026 0.31401528191744704 0.4378363823160807 9 297 575
0.5600462483348562 0.2594364491344939 0.4460156810803612 9 297 616
0.5539808110953633 0.4700282169597473 0.407899368973552 9 298 471
0.5524856893834951 0.39879830951335854 0.4214172664493667 9 298 516
0.55991323230491 0.23749162460457202 0.4485120225304344 9 298 633
0.55213159862723 0.448291597153021 0.4090197944970577 9 300 484
0.55247540527083 0.4340630194786855 0.41153678930707877 9 300 493
0.5560682883752952 0.545325955868719 0.3842946232876418 9 303 427
0.5562528704200068 0.5294636459498118 0.38721007871625646 9 303 436
0.5590956507782279 0.5146155783930082 0.3890476636267536 9 303 445
0.5543910136374253 0.49789323005766184 0.3937569375095994 9 303 454
0.5551388437471225 0.48295297051698644 0.396311283620588 9 303 463
0.5560679867882972 0.30075497941776647 0.4301964992115393 9 303 584
0.5535296549590032 0.3250749174688157 0.42323448696429466 9 305 566
0.551765833041016 0.35458995822363365 0.41658403530178567 9 306 545
0.5546805688219913 0.31248962524963786 0.4236173551341672 9 306 575
0.5591740258669635 0.4701662133582387 0.39027702659373975 9 307 471
0.5550044939990513 0.2878481990416392 0.4266090505700199 9 307 593
0.5580777336332726 0.45489249737818305 0.3900546446194806 9 309 480
0.5547235837931197 0.43966984387920416 0.3941531049569353 9 309 489
0.5531402361829482 0.4251146237021111 0.39751296705709005 9 309 498
0.5568600660434901 0.2503679637742313 0.4268947431836485 9 311 621
0.558432470225333 0.5134616174500257 0.37314243964582505 9 312 445
0.5548395110908378 0.48517208652330934 0.3799498651941771 9 312 461
0.5564192411030131 0.3837439057267274 0.3993040957907437 9 312 525
0.553948273267527 0.3031731312669066 0.4159801616761153 9 312 581
0.5570811112606371 0.29090558356823104 0.415684032645813 9 313 590
0.5537020090531113 0.3193879857151829 0.4096212018546802 9 314 569
0.5572654064417899 0.4703875795977841 0.3766548216684492 9 315 470
0.5534513977734408 0.4579876309153245 0.3804764973234616 9 315 477
0.5549923235839452 0.4292430238481631 0.3839111528490896 9 316 495
0.5552949251626571 0.27822848152104596 0.41402044036278546 9 316 599
0.5555175569009021 0.37536584680538826 0.39281073497137453 9 317 530
0.5635022588778907 0.5142564440188016 0.36018408514943556 9 318 445
0.5545981404194105 0.4513486969016531 0.37609632556413364 9 318 481
0.5589328917301852 0.4377250170656354 0.3772888542129633 9 318 490
0.5577432240428929 0.41502200914901277 0.3788235032436516 9 320 504
0.5591343152677211 0.5040150241905402 0.35833784806911206 9 321 450
0.5559173471186895 0.30584225745909727 0.4001195104619166 9 321 578
0.5607138055999578 0.45216066544356653 0.3666015555611793 9 322 481
0.5560032855658339 0.2933347308095718 0.40102752465121294 9 322 587
0.5635302581603668 0.47411980192121783 0.3574199732040659 9 324 468
0.5541215958269403 0.38160445007683513 0.38012937619246234 9 324 525
0.5584640457008676 0.2807046025850843 0.3978690104611759 9 325 596
0.5636272160102073 0.4375884106857628 0.36141138569749653 9 326 490
0.5631720077761001 0.4230530874251095 0.3646302736074425 9 326 499
0.5593690413459413 0.36849777448745097 0.37749458708048556 9 326 534
0.5605302086443396 0.40795245141420033 0.3635285625436432 9 329 508
0.5645482971856869 0.49754068920032624 0.34110378042487144 9 330 454
0.5663790777009678 0.45884016564782093 0.3468571987076544 9 331 477
0.564523832980318 0.4468746118696462 0.35013489171180745 9 331 484
0.5575240806300564 0.29865737489112826 0.38462146093417104 9 331 582
0.5588262089624498 0.2675729615777514 0.39079423484699993 9 331 605
0.5602355473874115 0.4738996594510527 0.34232860066343573 9 333 467
0.5617183439035663 0.5315161238296887 0.32739360612588786 9 334 434
0.5650226767344074 0.42226447017241864 0.349878021227643 9 334 499
0.5579848738217303 0.2858231158858113 0.38228871660785474 9 334 591
1.0297885075563034 1.043246891170436 0.028082998045008356 9 336 313
0.5604380623150437 0.35810496394579494 0.3621814330745143 9 336 540
0.5604977969048905 0.27201834297287897 0.38105338870537775 9 336 601
0.5629461209760637 0.4119229630253877 0.3476115032432531 9 337 505
0.5640087629581304 0.49982946103346404 0.32408017514030496 9 339 452
0.5621597772887097 0.4583959028613416 0.33220499141876303 9 340 476
0.5649306010243831 0.4457555182054602 0.3339248246169535 9 340 484
1.0064327927026089 1.0299198681849355 0.02428402090497228 9 341 313
0.5591126003061558 0.2724081973567523 0.3733337130446112 9 341 600
0.5634387780129091 0.3971339211930063 0.3418429408545597 9 342 514
0.5644816623335855 0.4305569304193484 0.33208356698146235 9 343 493
0.5599290602347753 0.28836230606983615 0.36611083668890854 9 343 588
0.9568329728254896 1.061670886703162 0.027628912730372268 9 344 295
0.9757882407708875 1.0426051760931503 0.024274389491575343 9 344 304
0.9846214697918565 1.0174714201549222 0.023265057103960762 9 345 313
0.7652457886433683 1.3747733503642032 0.02795493689694495 9 346 167
0.5649007867115985 0.4157281465991351 0.32988123102247413 9 346 502
0.5619345034799276 0.25947349300683925 0.3669293331475201 9 346 609
0.5623576356609141 0.4983476154753913 0.3082182601422776 9 348 452
0.5651375050270865 0.40593792637141185 0.32844614928146754 9 348 508
0.5639952341131569 0.3491174162667483 0.3420609329712638 9 348 545
0.565863995569166 0.30584555155022225 0.35129878212095456 9 348 575
0.5629723441360404 0.4507472659038709 0.31714016838813547 9 349 480
0.5656121020264167 0.33584950037593225 0.3427368009444912 9 349 554
0.5642952345835909 0.4246827450829793 0.32083341165536305 9 350 496
0.5662884706700309 0.2749510663286658 0.3549350854199985 9 350 597
0.5641468843373401 0.4828650657067849 0.30544911712230877 9 351 461
0.5622443108339841 0.3971567244765566 0.32632519878211863 9 351 513
0.9022510061399815 1.0480436846358947 0.025551080201495546 9 353 289
0.9221229921401941 1.0011338738398412 0.025213882793020836 9 354 307
0.7177907670121981 1.3409087093449725 0.02813561318306579 9 355 164
0.7305617434308707 1.3272704492023704 0.025952488251021366 9 355 171
0.5671068450153458 0.26181613729995373 0.34935139694243694 9 355 606
0.5592448784318121 0.4843463912363073 0.29592334279377097 9 357 459
0.5607258440217584 0.43438507859319553 0.30729205092273754 9 357 489
0.7019092841307928 1.348214756945465 0.024160462218965617 9 358 158
0.8789942186664499 1.033522610251641 0.023794085434222123 9 358 289
0.5645112893243154 0.3415784552005594 0.3262218235254102 9 358 549
0.5635013734210623 0.42002218252360013 0.30590804572807384 9 359 498
0.5607292624248701 0.4099216155650168 0.3095543785935167 9 359 504
0.5648418554151172 0.36847167117017904 0.3178171421279955 9 359 531
0.5642276815428813 0.27322116860918444 0.3411589743303719 9 359 597
0.5618223869619048 0.3957320534908604 0.3107217412668263 9 360 513
0.6723336720128803 1.3520303257372173 0.0271143254260503 9 361 149
0.8706174874960446 0.9994229056497398 0.023776810291821437 9 362 298
0.8911688460685592 0.9641301097052908 0.02343035828031681 9 362 313
0.5645225317864818 0.4051929469482712 0.30180121921281833 9 363 507
0.6848908590891241 1.3099138280088067 0.023089328052265934 9 364 164
0.6859720836196737 1.285339826135603 0.02868856777961326 9 364 171
0.6956058646913752 1.2622568638142542 0.030141366617938425 9 364 180
0.5608913468647314 0.49761187871624324 0.27491630921543897 9 366 451
0.5595809183149645 0.48680156069692315 0.27819493600060297 9 366 457
0.5614601675864612 0.43821000889393247 0.28947194136709486 9 366 486
0.5666360289686115 0.3271647252639674 0.31485058531105536 9 366 558
0.667314321050974 1.3148281092294902 0.020858326485585277 9 367 158
0.6747789048726496 1.2749750878570336 0.027495946238886626 9 367 171
0.5594828544940637 0.4728838890655175 0.279825013550927 9 367 465
0.8672558233581895 0.9535746017465317 0.018941833949216225 9 368 312
0.5643072783021854 0.42373788726994055 0.2881250538627515 9 368 495
0.5621978045760686 0.38052530119755557 0.2999323849484788 9 368 522
0.68177025258445 1.2501081740349511 0.02480462850597842 9 369 180
0.8443104067074041 0.9710994041162755 0.021928758686874494 9 369 302
0.6401613898544705 1.3202194448525753 0.022978292728084604 9 370 149
0.5604192678448731 0.33604654441607257 0.3066530105281048 9 371 551
0.5625528610184488 0.40831316048976685 0.28546923782777933 9 372 504
0.5613812912992577 0.3954128943399281 0.28929817718184364 9 372 512
0.6429279129410908 1.2659703347557554 0.026921089789180175 9 373 165
0.8304006309233423 0.9324442468298468 0.026538388517445943 9 373 312
0.6732525193452061 1.2116054365668862 0.024110107309518014 9 374 189
0.5591861142556035 0.49610340677161485 0.258828832126353 9 375 451
0.5570016573467591 0.4850576633777263 0.2626920912296036 9 375 457
0.5641434603288672 0.43089404121543834 0.2733904317535832 9 375 490
0.562978687411472 0.3223940025409016 0.30196644479177337 9 375 560
0.7957235435264691 0.972291326330905 0.023688974710674215 9 376 292
0.5596006285899876 0.47006555246621234 0.2634686345743908 9 376 466
0.5641822007515853 0.415911669408622 0.27354106604289563 9 377 499
0.5592261011009325 0.38180199991962593 0.28473216910636456 9 377 520
0.568369059989281 0.28098292300884853 0.30673439964665433 9 377 589
0.6372960022136456 1.2299466755558306 0.024668847472288924 9 378 174
0.7957556224361739 0.9451503616205361 0.025075871933968652 9 378 301
0.5622563636133183 0.2914152432788681 0.3016863610245538 9 380 581
0.7728756174205027 0.9581575092168231 0.023975185568538393 9 381 292
0.7831841006582776 0.9376392359814113 0.024527994002853992 9 381 301
0.5624288139749717 0.40055142241089753 0.2710054066887787 9 381 508
0.7944745528058483 0.9177330915442057 0.021652653053416016 9 382 310
0.6345213787891039 1.1708082380293985 0.024848700788857148 9 384 191
0.6447797517328575 1.1503833834824408 0.025406232227237147 9 384 200
0.7706452568102016 0.9301466169666883 0.024120417700492225 9 384 301
0.559056270619157 0.48797897051698225 0.2436891207765855 9 384 455
0.5595072795016833 0.438636425755259 0.25667790609264207 9 384 484
0.5623982606979449 0.32515481613339425 0.2856635114663379 9 384 557
0.5590067917442317 0.47221575188431886 0.24601585119982344 9 385 464
0.5574007692979039 0.38184689225969903 0.2710637131437179 9 385 519
0.5609007226746756 0.35312938579113196 0.2770971630166432 9 385 538
0.5616144440989961 0.42555638007681107 0.25542362058618834 9 386 492
0.5586594769071023 0.4103920287282264 0.26093777486138753 9 386 501
0.6227571914589527 1.1606792359025402 0.022209430586530132 9 388 191
0.56088155904266 0.4809615920467439 0.23697101346308924 9 388 459
0.5626228678728606 0.3111824210238505 0.28049418501523504 9 389 566
0.5606200692557686 0.28687858926366266 0.288100085116464 9 389 583
0.7533813314165534 0.919866296545188 0.018675236936779083 9 390 301
0.5590384369508099 0.4098640198800979 0.2534662090515411 9 390 501
0.5606857260402718 0.39571868138155486 0.25653241562599827 9 390 510
0.5713453362855336 1.214387764991185 0.02445641220009631 9 391 160
0.5774212306133464 1.1903760375063097 0.028068892425259784 9 391 169
0.7597658443555746 0.8976968296941077 0.018877450502989723 9 391 310
0.5605816183616474 0.45639823853322775 0.23805682010584484 9 391 473
0.5888551765119342 1.1721127292721036 0.024759950126449715 9 392 178
0.5606778158885618 0.47854408665703607 0.22804486650334033 9 393 460
0.5623347289964788 0.32503938732207527 0.26972782737692064 9 393 556
0.6173729735835664 1.1179247278167226 0.020218731691733494 9 394 203
0.5598038993741352 0.38076418560299347 0.2537124878122188 9 394 519
0.559742672176397 0.35301708794114167 0.2614544990885349 9 394 537
0.5673335196436273 1.1811645811998972 0.024833946736849244 9 395 169
0.5592366261933861 0.4254601357198078 0.23968608589717066 9 395 491
0.6151337508422627 1.0878379711320088 0.024334960928361404 9 396 212
0.5826478431350839 1.1379077624334868 0.02391288516739931 9 397 187
0.5897457673475647 1.1157948179897441 0.026558859795030365 9 397 196
0.5962334775839416 1.093516058780676 0.026901832906703782 9 398 205
0.5616510882425236 0.4091155775124574 0.23740775715633922 9 398 501
0.5626034995007072 0.3110101328868051 0.264600470104197 9 398 565
0.706365117907426 0.9170914595744348 0.018406842087517195 9 399 292
0.7161207288169431 0.8975899710705193 0.018986561633806742 9 399 301
0.5610988430834035 0.39439551982296456 0.2399736134559871 9 399 510
0.5613466381699508 0.36615848001900736 0.24784252982711868 9 399 528
0.5400729858345028 1.1907244146736249 0.022511194488472053 9 400 158
0.5618951048928864 1.147542871204774 0.02368698271600833 9 400 178
0.5565504404857373 0.46283786949953004 0.22097057760136374 9 400 468
0.37267830614657194 1.4521731637102815 0.02808805492472488 9 402 24
0.5571018863105327 0.47479596412907843 0.21340011011929017 9 402 461
0.5596805778332898 0.4479329705528451 0.21976880511984076 9 402 477
0.5051310467908887 1.200210981973476 0.02976160426373986 9 403 144
0.5583658889050862 0.37913544390715503 0.23828398400458628 9 403 519
0.5365904992273454 1.1586856288573641 0.02289118876347529 9 404 167
0.5913469827016623 1.056526842345363 0.021467612947279946 9 405 216
0.5616192113477482 0.3437785668827438 0.24312275146254775 9 405 542
0.5496798183695868 1.1085015570716485 0.02539994006220736 9 406 187
0.6880762267468614 0.8753413131620601 0.01855827588257264 9 407 303
0.5579698956187013 0.41691559451359117 0.2200543196640703 9 407 495
0.5605773606159161 0.31071166772240655 0.24965090973385273 9 407 564
0.5626072289562649 0.2978133845275108 0.252351649051579 9 407 573
0.3600097433280567 1.4307091058218853 0.02522975837832142 9 408 25
0.3634778600780689 1.417057882011878 0.027407433047685004 9 408 30
0.5593923443231704 0.4023734044180788 0.2216641284192542 9 408 504
0.5592185698606338 0.387933519120474 0.22597928416782298 9 408 513
0.5032448207331033 1.1703523481673885 0.023810667308495015 9 409 153
0.5264388851381518 1.121018717908043 0.026106618910495705 9 409 176
0.5538679724973753 0.4888917105103834 0.1972775330117711 9 409 452
0.559933053904563 0.2733051136104438 0.2573838642278098 9 409 590
0.5639965666549887 0.22827097476848868 0.2667537734774543 9 410 623
0.553771614188474 0.4798274212903922 0.19606421373619687 9 411 457
0.5571264296268011 0.47191685038971487 0.1966276811160037 9 411 462
0.5566178747813207 0.4562630048308772 0.2015255772544713 9 411 471
0.5596289429485751 0.4416080678370036 0.20426524296820947 9 411 480
0.5609362839661962 0.24956559539491968 0.2603588674593576 9 411 607
0.5100695596131715 1.1303847010844157 0.024261440928793565 9 412 168
0.559888831845729 0.3794792187828623 0.22062740267427883 9 412 518
0.558604563793645 0.36523711403612036 0.22553589649463657 9 412 527
0.5455839540711431 1.0453100657844852 0.02554215649419722 9 414 207
0.5568993612445143 1.0285171307878311 0.024507057769559082 9 414 216
0.5539397574510757 0.5410826226181205 0.17176511805905748 9 414 423
0.562551135659641 0.23681779545421638 0.25809052940926214 9 414 616
0.5629349219508479 0.2195746097084954 0.2630384981159831 9 414 629
0.5174703633924478 1.085771133764469 0.025948025982274636 9 415 185
0.4923183508478042 1.1319052456740486 0.023070093196152053 9 416 162
0.5560424524541346 0.42513377869368224 0.20145488963379332 9 416 489
0.5559026310660213 0.39415914685301345 0.2108528724877763 9 416 508
0.559180701748724 0.3386319261577279 0.22579892373140686 9 416 544
0.5596806317073351 0.3046629172909411 0.23575342224950424 9 416 567
0.5637007136957058 0.2918794101005346 0.23743478902811654 9 416 576
0.558493138172381 0.41061080473934053 0.20259438306605115 9 417 498
0.463781776343426 1.1554270512363622 0.02632677695457797 9 418 145
0.47421644991973166 1.138384910377433 0.025829578544235732 9 418 154
0.6777212044265428 0.7849063480951063 0.022531259821853 9 418 335
0.5511068884738423 0.5303787752908835 0.16636042313547095 9 419 428
0.5134387491430407 1.0558735384169973 0.02452378595746485 9 420 194
0.674758848260324 0.7731964931679607 0.0226387500582943 9 420 339
0.5515929491565345 0.5175407354343293 0.16798329136033607 9 420 435
0.5530498797078462 0.48557340816357736 0.17694421180412845 9 420 453
0.5535967179240601 0.46991821566972164 0.18142367780001045 9 420 462
0.5531195850630751 0.45428216223513446 0.18645692209059272 9 420 471
0.5561481097496505 0.4396371096761789 0.18927178062459316 9 420 480
0.4899282315615201 1.1027136690227297 0.020552750930320496 9 421 171
0.4951441543298958 1.0896129945995123 0.021704674503434607 9 421 177
0.6768692343002356 0.7516934772614823 0.025538941552605277 9 421 348
0.5566539981949183 0.3791691830901382 0.20556974632039537 9 421 517
0.5573137656161574 0.36514946193478326 0.20950196094778073 9 421 526
0.47277496277334574 1.1160705500576005 0.023362312323368273 9 422 161
0.4959708277002375 1.0637706514451408 0.02417194689779567 9 423 186
0.5135864160462698 1.0300720593536377 0.02483612001119817 9 423 203
0.5357054525073315 0.9973784336926086 0.022703083604046936 9 423 221
0.664955863548703 0.7781960956713551 0.018917911291153056 9 423 335
0.5485610894158939 0.6263320397301371 0.13004059735701434 9 423 378
0.5514731992201809 0.5972676181604385 0.1373962510867468 9 423 393
0.5543535258158585 0.5554472374261411 0.14870363672678077 9 423 415
0.5501957936499378 0.5464948312123658 0.1537610470652555 9 423 419
0.559996293386447 0.3512091334149255 0.20857800774621382 9 423 535
0.5619654556834054 0.23232703044518593 0.24415591662592945 9 423 618
0.5604436414435878 0.2204364483472695 0.24866369559872376 9 423 627
0.5619219917843974 0.2086096284277969 0.2514948151825457 9 423 636
0.5409249801952325 0.9764282629544764 0.021290022816728205 9 425 230
0.6829989528316858 0.7322034409896925 0.01811861691771932 9 425 357
0.5544942272433708 0.39414869276794634 0.19457299711131792 9 425 507
0.5586159532856596 0.3044038164261362 0.2201513389577755 9 425 566
0.5606950249802283 0.29149944957789975 0.22300254476525105 9 425 575
0.5579288198306147 0.4107988327155477 0.1855644670598322 9 426 497
0.4297490996330222 1.1386649983561323 0.027820208083290998 9 427 139
0.4388368906792215 1.1240509833587022 0.027300438086511836 9 427 147
0.663789121428872 0.7426663647483482 0.02057592609547687 9 427 349
0.48226478481021795 1.0516293243306116 0.023153549367018966 9 428 186
0.5517144283819527 0.5370793438257409 0.14557323560265878 9 428 424
0.5590745986133314 0.2626657083306452 0.22753889676041572 9 428 595
0.4602630185082942 1.0774942637463925 0.02494336171429168 9 429 170
0.6720710299318828 0.7052631877352032 0.022694350784122075 9 429 366
0.5507764116645368 0.5651831121284623 0.13519720887096043 9 429 409
0.5523021502813777 0.5222740447640977 0.1478462964138385 9 429 432
0.5514514030207215 0.505563722445606 0.15358711988502582 9 429 441
0.5513311193279223 0.4893569503424947 0.15875748497881004 9 429 450
0.554631809937803 0.4742609889816702 0.1616489773829799 9 429 459
0.5560630293297317 0.4588970218095986 0.1656790751533589 9 429 468
0.5556399771143329 0.4450627962754447 0.17027320472498486 9 429 476
0.4283805468969908 1.1194231213832562 0.027276895168953708 9 430 145
0.46797105952669593 1.0587441485744638 0.024043530050271378 9 430 179
0.5556459542343047 0.3839342934339432 0.18761345456930667 9 430 513
0.5573408951994976 0.3699237852864555 0.19108046593242878 9 430 522
0.5608928988807831 0.23764054701610943 0.23086060600739833 9 430 613
0.43544188708270415 1.1000291961797244 0.026967952329269185 9 431 154
0.4425837933326129 1.0925781529484526 0.025274641222883032 9 431 159
0.48062962717125823 1.0189553956506776 0.024566405718186135 9 432 197
0.486914128837428 1.0075861418302539 0.024601961062445055 9 432 203
0.49770186838842523 0.9917144163898131 0.023503867972365144 9 432 212
0.6253426801032025 0.7771996964164193 0.019009909817576442 9 432 327
0.6356374299840307 0.7603977898538479 0.018488556061856176 9 432 336
0.6554723219804195 0.7263366528734786 0.018021245928467655 9 432 354
0.5480610849313953 0.5543959747937762 0.13390720793729272 9 432 414
0.556607541988319 0.4296040667324181 0.1687297568781474 9 432 485
0.5608255384585084 0.225178038204275 0.2313472569706403 9 432 622
0.5592971892038952 0.213365622134291 0.23597514892622362 9 432 631
0.5227320986468887 0.9379972684415135 0.023887865378790507 9 433 239
0.5142276821255883 0.9558771210533539 0.020597944677435365 9 434 230
0.6564372528653899 0.7004268527591436 0.02081964712630724 9 434 365
0.5551197518256603 0.3976903767996038 0.17588284563959478 9 434 504
0.5592765133055885 0.29551290539182307 0.2062176061302582 9 434 571
0.6262688521289304 0.6246769626257991 0.06007296265235107 9 435 393
0.5547490288436777 0.41383276225529425 0.1689841720837364 9 435 494
0.4025024594009853 1.1193322832018713 0.027532268448437147 9 436 136
0.4078208119716372 1.095163134838642 0.03225226150234661 9 436 146
0.45609388767385917 1.0223803555871098 0.027835468571977273 9 436 188
0.5153052317632598 0.9298094381674029 0.02348049035987909 9 436 240
0.6313416493590298 0.7362552021841626 0.018860734098417264 9 436 345
0.47967428593479544 0.9767740716667999 0.026510851501715393 9 437 212
0.5512699311240571 0.5473515290280455 0.12392181710716166 9 437 418
0.42747760479662744 1.0519075282050616 0.03006713800727079 9 438 168
0.4436860720072211 1.0480178657904275 0.021904712813233473 9 438 175
0.5528659452316993 0.5307709709136947 0.12628902621052496 9 438 427
0.5521677981897046 0.5138675103019688 0.13218090115199077 9 438 436
0.5529624032562587 0.48154703229163964 0.14220828482229741 9 438 454
0.5527555818046413 0.46738796906177416 0.14692378859680622 9 438 462
0.5550819594787623 0.45227936219411913 0.15047447335603825 9 438 471
0.5588811856227364 0.2510247581758569 0.213581349476051 9 438 602
0.39349995962409356 1.1068095047538893 0.029621131537973633 9 439 137
0.44008863664616427 1.0388676591286208 0.024563479797931276 9 439 177
0.5037691351265323 0.9291108770560381 0.023149992276648712 9 439 237
0.6199411096647177 0.6027382706797642 0.06164737098155881 9 439 402
0.5543904044258854 0.44170372346476583 0.15232924245125867 9 439 477
0.5559791604566917 0.382541922730333 0.1706670475530272 9 439 513
0.5559732203256338 0.3698425222166675 0.17480579374490168 9 439 521
0.3701916211459797 1.149674579958247 0.026873778227947787 9 440 114
0.4119983525104637 1.0740422759931212 0.02711030497341871 9 440 155
0.40297219926951766 1.0910674773657365 0.024440488097843494 9 441 146
0.45328075473173735 1.0036822979627722 0.023535951639203856 9 441 194
0.4856722019820473 0.9577804819644697 0.019557032297772947 9 441 221
0.5900223162763782 0.7653733843812364 0.0213366401601629 9 441 324
0.5997893707915912 0.7513318045063886 0.020202664272814252 9 441 332
0.6247962483634785 0.7115334903578198 0.01856043422532938 9 441 354
0.5578240716056043 0.3556408283339975 0.17455849260662148 9 441 530
0.5560845926869707 0.32795163167256847 0.18465668130366497 9 441 548
0.559281942794871 0.22603147793316852 0.21618798863181743 9 441 620
0.5567900717396931 0.21421453729311501 0.22152519640147772 9 441 629
0.5001514036697204 0.9159555842128421 0.0223681327941172 9 442 241
0.6352032837828125 0.6952025922513102 0.015380843679038914 9 442 363
0.6180843375560212 0.5829482740773413 0.06238837681330789 9 442 411
0.5549396096838478 0.39804402186010807 0.1604137229623166 9 442 503
0.42849183026831494 1.0281664381700795 0.025316547497053143 9 443 177
0.5559717777196006 0.4278866913984365 0.1480148528750873 9 443 485
0.5565777585145018 0.28363910936432396 0.195254498882663 9 443 578
0.4493136257628828 0.9893865934821585 0.023421826756088393 9 444 198
0.4865918780240226 0.9346247376405484 0.01943551074638694 9 444 230
0.5531219085289835 0.41219680128470176 0.15292217155958832 9 444 494
0.5577330263113182 0.25534294479937825 0.20211510839105817 9 444 598
0.5951534391847392 0.7298680464798604 0.02043060522291784 9 445 340
0.5549302386697829 0.44783661748202375 0.13805083820514064 9 445 473
0.4081965724381549 1.0452652867907926 0.02459052076629642 9 446 164
0.4481099683640035 0.9640118250870403 0.027830998403640894 9 446 207
0.607293570572237 0.6984440265865275 0.01888260798868968 9 447 356
0.6235007925400141 0.6691236396945133 0.018974302348426675 9 447 372
0.6193499378110554 0.5807898820387888 0.05099477328861168 9 447 412
0.552848333611199 0.47505301059363403 0.12619376570297225 9 447 457
0.5535725208514656 0.46289289058533095 0.1298254273833802 9 447 464
0.34164269209185805 1.1471945457707737 0.02567544998747673 9 448 104
0.5545349398476742 0.38249122087491155 0.15419673263142208 9 448 512
0.5563298352928059 0.36839951001019233 0.15784450053395527 9 448 521
0.3987365651213939 1.0446182894484686 0.0234080128738674 9 449 161
0.49051555581136497 0.8858074345032022 0.02149553761759526 9 449 250
0.5822089277493222 0.7325712649961492 0.017758674582107004 9 449 336
0.5542099262002295 0.4454060412843893 0.1312849537034102 9 449 474
0.4187012345398641 0.9947656431425834 0.025804050059450523 9 450 186
0.45324789996564196 0.9449065681046626 0.02173226368865755 9 450 216
0.6085906975865951 0.6783216196903894 0.017734259723124035 9 450 365
0.5572844763716567 0.35404766933493964 0.15826347323357592 9 450 530
0.5555355310182148 0.34457248043441846 0.16252085309139497 9 450 536
0.5559627354692105 0.32032691301130095 0.17044818288767305 9 450 552
0.5573972330456535 0.2202298848331794 0.20337511432565458 9 450 623
0.5569596580745115 0.2083823037334146 0.20763991342335442 9 450 632
0.402344837024314 1.0232667563548954 0.023739039184953015 9 451 170
0.4604140697174771 0.927237403264916 0.021011191448016442 9 451 225
0.4673195601023159 0.9093306735018802 0.022884103641788278 9 451 234
0.47707665129946486 0.8988977676432479 0.020494229464543823 9 451 241
0.616599639575124 0.5327934074877202 0.05979402063323147 9 451 435
0.5519360415169909 0.40434079824038316 0.1425618232258925 9 451 498
0.5529705950024949 0.38983644861611794 0.14684663242969842 9 451 507
0.5498883909902517 0.42877891390732115 0.1335444734395731 9 452 483
0.5550004022258402 0.42133442361630813 0.13296049404048627 9 452 488
0.5559170417424378 0.2861987131833027 0.17832365945021622 9 452 575
0.4229778893510987 0.9747472052102961 0.022983897315510315 9 453 195
0.42561262760594876 0.9663748927351031 0.024228089950899867 9 453 199
0.49057151629861007 0.8632808106881126 0.019678677575414527 9 453 259
0.5756359563829988 0.7083011807964175 0.018185798976768863 9 454 345
0.555659774210415 0.3408130555855025 0.15612019872272387 9 454 538
0.34502594193669966 1.0901877014949548 0.026647999271608103 9 455 125
0.6168363787434836 0.503004738998639 0.060937310107890386 9 455 450
0.5527439951424815 0.44425858336377194 0.12051596533794917 9 455 474
0.3275407992405548 1.1045467249370553 0.030183265286879868 9 456 113
0.5797154492768769 0.6897405524358222 0.017358697378262233 9 456 354
0.6145232361913214 0.5907687673636767 0.029948028783125302 9 456 406
0.6178459202198732 0.5793574925831226 0.03182570235903781 9 456 412
0.5525228087514648 0.38252216845214293 0.13988972060797233 9 456 511
0.3152559702963549 1.1221086300750662 0.029428909314413332 9 457 102
0.41159808008545506 0.956812404049714 0.026867532400790095 9 457 198
0.5549083669001209 0.36830775498980284 0.1413742781992784 9 457 520
0.3654815025652043 1.0337798943958219 0.02654308761764801 9 458 153
0.618680591523246 0.4858080310399726 0.059123473545294125 9 458 459
0.5571889703266419 0.20144363640241253 0.19582640121077755 9 458 636
0.3008582298923227 1.1370441605227553 0.02862242724982289 9 459 91
0.4184340590244391 0.9369194786824371 0.024915257303184335 9 459 208
0.5345659484022927 0.7465963365351796 0.018701367919790823 9 459 319
0.5784902973486858 0.6689304462811094 0.01832521919058472 9 459 363
0.5913420033608803 0.6546669885565027 0.015274797438826981 9 459 372
0.5985143674577817 0.6488806109944447 0.01281690026648763 9 459 376
0.554972819143005 0.35381319581224296 0.1424929707730438 9 459 529
0.5565324955389755 0.21439692760767898 0.1899734289764885 9 459 626
0.3052380732533462 1.128062795339188 0.02673147207078963 9 460 96
0.3795212960719313 0.9990666376730315 0.025272838255297136 9 460 171
0.42605049445879195 0.9202801171529866 0.023657182619195805 9 460 217
0.4439180978254489 0.8915486528831378 0.022505695463872266 9 460 234
0.6015519531411696 0.6369125457410046 0.012750526189485245 9 460 382
0.6087862124483133 0.6202323826036803 0.014044030232752691 9 460 391
0.6213323712162393 0.46897885603656503 0.056746361451080585 9 461 468
0.5556003257709349 0.28446219173586584 0.16250049093084673 9 461 575
0.6129594991021392 0.6087298759922318 0.010789071522552374 9 462 397
0.5555351825690623 0.3106401699488503 0.1515020186293624 9 462 557
0.3376783192983288 1.0662018916876739 0.021167802717718898 9 463 131
0.6134326555013991 0.5960342629337365 0.01262706441753858 9 463 403
0.5560816980404621 0.33927124374078504 0.13919431877903787 9 463 538
0.3173131046491737 1.0912304358142655 0.022934700443536515 9 464 114
0.5319386744890966 0.7244650699802122 0.01655326885664543 9 464 328
0.5524962936909691 0.6854816304639952 0.01730257646569433 9 464 350
0.5786351145033535 0.6489502733278225 0.013652608946014944 9 464 372
0.5529578853961385 0.3843585315328109 0.12136590652698132 9 465 509
0.5521959807208628 0.37140269819367494 0.126438722401506 9 465 517
0.30201350392862025 1.0988958034774845 0.025399773646955337 9 466 105
0.5809969714372567 0.6282147272732999 0.014888265805024337 9 466 382
0.6186929902308391 0.486594275037179 0.04119018053932355 9 466 458
0.33678304947957527 1.0349513556386227 0.023707452149961616 9 467 142
0.45281176239479626 0.8393639626779682 0.019260072288496577 9 467 258
0.617415359372265 0.4413446764670202 0.05591804784615961 9 467 482
0.5574452548929307 0.20080041979907504 0.1799842770838569 9 467 635
0.389490334206134 0.927821955849611 0.025954440984615634 9 468 202
0.459811787221424 0.8202827595976704 0.019316242008602158 9 468 268
0.5531094603942316 0.6658105811057904 0.01472690838818913 9 468 359
0.5842803661197582 0.6165756292698695 0.012344635146883887 9 468 388
0.553804522895031 0.35684415841351014 0.12474991168391814 9 468 526
0.5573786311620945 0.23945994017547273 0.16442815696906377 9 468 606
0.5559700810665925 0.21517307750274434 0.17401486569329405 9 468 624
0.27890741898584515 1.1107464189927447 0.02922165375686614 9 469 91
0.3537229970511999 0.987914547059572 0.025155749828277285 9 469 166
0.40946978382777344 0.8870633734577367 0.025471144158720538 9 469 225
0.4200274738854398 0.8733278111780565 0.02360691847928531 9 469 234
0.6220733970405852 0.4255558685719966 0.054250490131149576 9 469 491
0.6192076264243369 0.46906195444464654 0.03828466817992637 9 470 467
0.6225796459874342 0.41470813000176726 0.05566433997271636 9 470 497
0.28571435926776834 1.091014757864812 0.02746612831329931 9 471 101
0.610675040694101 0.5406414826795923 0.015766922199484723 9 471 429
0.554160746334817 0.3392200621095068 0.12503804825901255 9 471 537
0.5525493929735646 0.3117691174748866 0.13598799119729255 9 471 555
0.3082449329351651 1.0563697469395403 0.02314927390770838 9 472 123
0.3167032869851303 1.0410677899658105 0.02319712809028096 9 472 132
0.35838317127188646 0.9692355584529371 0.022140312168127285 9 472 175
0.3868061591434815 0.9106745152603658 0.02488636876124417 9 472 208
0.2952773149272806 1.0663082634443057 0.025746220608313886 9 473 114
0.5561457863285828 0.23570872141028087 0.15746796846987576 9 473 608
0.6217597858371764 0.39795759488386895 0.05367464267954136 9 474 506
0.5517318106103012 0.3730492573585993 0.10849939617202753 9 474 515
0.5488674432982579 0.6251006334785447 0.016308334666845226 9 475 377
0.588880603736351 0.5616258379988559 0.01327808165042521 9 475 415
0.25203046580248456 1.1325665416802622 0.023204550851490646 9 476 72
0.3149743224501861 1.015131969936534 0.024866638403708174 9 476 141
0.3251607153712649 1.0020487686041812 0.022965267892703922 9 476 150
0.619043280473282 0.4347549518192834 0.03768784958512761 9 476 485
0.6191701399321977 0.4095824673223725 0.046830547365936614 9 476 499
0.5538641772700431 0.20168806749987872 0.1659592930427235 9 476 633
0.5493789745375913 0.24459646510432587 0.15135540352707344 9 477 601
0.5541057290940306 0.21467672456443143 0.1592381370924293 9 477 623
