2.5518333821657264 1.8825625000947277 1.0264537487438001 9 5 15
2.521274696525598 1.41804331071103 0.9911761644463883 9 5 133
2.5437219822805606 1.6933442438581827 1.007360810739194 9 6 65
2.5599425573908396 1.6854255581671602 1.0038555355505085 9 6 67
2.584351597928869 1.6453147970491444 0.9961038799938513 9 6 77
2.5410381120852312 1.4847383922198207 0.9853929669412888 9 7 117
2.559385147349283 1.6635706289412548 0.9939746858424001 9 8 73
1.3678856022345625 0.1003288994582272 1.0645215787616165 9 8 561
1.2703007007544727 0.09540741348843307 1.081263064942148 9 8 584
1.6700973955121499 0.1022774330153493 1.0077702862750597 9 9 503
1.377574507424855 0.10364945109571622 1.0598076491996125 9 9 558
2.5584124763964664 1.6813063503145917 0.9876633146601792 9 10 69
1.6933515883002594 0.09226779207684821 0.9989794279820643 9 10 501
1.39355513543758 0.10560805157508257 1.053815755931387 9 10 554
1.3403250289102728 0.09387467734570132 1.0622792174468552 9 10 568
1.2135468349064218 0.0874181176512765 1.0843764017944124 9 10 599
1.1038281656502988 0.09405311025904406 1.1046034660958692 9 10 626
2.5704171670457336 1.7019819314838092 0.983335628954858 9 11 64
1.4532646544392294 0.10760343665517613 1.0364652941607426 9 12 541
1.3277481407516976 0.09551238387572569 1.0581719079427434 9 12 570
1.3145954276320138 0.08616242211849245 1.0597070542823044 9 12 575
1.2165475421553742 0.08204363903201095 1.0771505529160827 9 12 599
1.203087086564441 0.07466266506246311 1.0789217627588183 9 12 604
1.1762183286287018 0.08694153893505674 1.0849285077470858 9 12 608
1.0943454785319269 0.0858108656418759 1.0997055418788806 9 12 630
2.5383005279960913 1.2306820418822944 0.933390242709767 9 14 177
1.0981060761968027 0.10058512588201385 1.0945095605523063 9 14 625
2.5087091984296 1.2937131580500378 0.9404598152997247 9 15 164
2.5324132169624582 1.2097762680685158 0.9282168819238034 9 15 182
1.8133563410791562 0.114615622537519 0.9598036665715406 9 15 477
1.6436802846498728 0.10008455702084662 0.9900165949471195 9 15 507
1.1606681992964434 0.08804961828769531 1.0787598913528438 9 15 611
1.0639997753500838 0.09729955570507087 1.0976086160311458 9 15 635
2.5362750137296457 1.2412909792851141 0.9261230053860267 9 16 175
2.5163493748842987 1.2266887073250294 0.9284873483865241 9 16 179
1.1374327743122916 0.091597586089879 1.0804066435649906 9 16 616
2.5284240257692043 1.3578222933931616 0.9342996503296277 9 17 149
2.5094000105523344 1.3211904296437023 0.9344306504190288 9 17 158
1.577639752947328 0.10602614842441183 0.9955871733023752 9 17 517
1.562311120061075 0.10486886368850046 0.9983738848609981 9 17 520
1.069091462735874 0.08024485153373662 1.0892326276326347 9 17 637
2.5321225178731934 1.4396626798257004 0.937134623027369 9 18 130
1.8286197411283607 0.10098364216920208 0.9436803382798179 9 18 477
1.6210406902662866 0.10627054131011526 0.9799878412863778 9 19 509
1.537149065854438 0.0965239316287756 0.9951470938293447 9 19 526
1.513267267252718 0.09394403085793845 0.9994811934784462 9 19 531
1.1253391502798367 0.09784997193177536 1.0742706484336253 9 19 617
1.33699054853031 0.09680761045632202 1.0302549374356662 9 20 566
1.7579238270236326 0.11282469131140327 0.9465190831411631 9 21 485
1.2292803853103245 0.08103658677130676 1.0463781162523456 9 21 594
1.1938332329863028 0.08858414397193548 1.0540129471923168 9 21 601
1.152895830865661 0.08590968602864457 1.0617252426499288 9 21 612
1.0981834523406593 0.08827077210569167 1.07260844769206 9 21 626
1.0834763284949194 0.08844730351524821 1.0754894944748505 9 21 630
1.7786439870925905 0.11119348879376689 0.9383649372943884 9 22 482
1.109398586544365 0.086950248003135 1.0672942108785495 9 22 623
2.5038102390270183 1.1881116086705739 0.8968819246487468 9 23 189
1.729734848638325 0.10341283005141211 0.9432987934649544 9 23 491
1.558059741489279 0.11340752496241135 0.978211213066411 9 23 518
1.679364009793142 0.11331933410064399 0.9503984648174817 9 24 497
1.5250582375807777 0.08384066347169306 0.978206638119291 9 24 530
1.4612652811643154 0.09914104128765588 0.99242086072157 9 24 539
1.2362405698501548 0.079350720002336 1.0352673614905095 9 24 592
1.169475440906532 0.09033464485709253 1.0496465695415447 9 24 606
2.5294859105466694 1.3196473926784447 0.8960823245547213 9 25 159
2.5369070316787146 1.27854461456594 0.8905042860741882 9 25 168
1.7306503615173685 0.10630985737911525 0.935578633140791 9 25 490
1.7098046492328292 0.10790911239879764 0.9399187123475905 9 25 493
1.137887806166404 0.08985145477151946 1.052829562308432 9 25 614
1.1267984513819111 0.08509540154162631 1.0545805052007031 9 25 618
1.1149972072892707 0.08132826678909866 1.056572623995364 9 25 622
1.0775716244950988 0.08656197498813989 1.0645996924958592 9 25 631
2.5165608006521913 1.30889304074699 0.893280771906347 9 26 162
2.532111670258732 1.2709844759404556 0.8863435329731113 9 26 170
1.7469789754401175 0.10782779104722473 0.9285091089090601 9 26 487
1.0869157283453152 0.0915692078163084 1.0602355624645394 9 26 627
2.5262338505012525 1.4600568450406475 0.9022098145846839 9 27 127
2.522700525391993 1.3614698670095688 0.8929965361645472 9 27 150
2.527801898127007 1.338926019146038 0.8896871830389508 9 27 155
2.516711124089751 1.2650831062070291 0.884504736431074 9 27 172
2.537800244654173 1.248213569906794 0.878513528354486 9 27 175
1.6576672944476356 0.11895626795433323 0.9438525332222374 9 27 499
1.6421159339103681 0.11696204630298013 0.9468163398617319 9 27 502
1.4654848481622047 0.0925771207256294 0.9803042469724864 9 27 539
2.5210883515545666 1.4143588909863833 0.8943728012345866 9 28 138
2.505709130753647 1.372940325238223 0.8933263800896175 9 28 148
1.6231112822585134 0.11234329532460774 0.946443587192958 9 28 506
1.425296220564271 0.09623024688757464 0.9853567342142802 9 28 546
1.278858333223928 0.10259112746463206 1.0160172457415464 9 28 576
2.5247392352927536 1.3231201166658386 0.8800246498616342 9 29 159
2.528372119528933 1.260080460573274 0.8728445566370502 9 29 173
1.2682201241203417 0.10357455253982217 1.015033236872251 9 29 578
1.1710728279178655 0.0875190964228938 1.0334512323509477 9 29 605
2.5356788399447083 1.5749347859760727 0.899235122607226 9 30 100
2.515562060877528 1.4164680066940114 0.8871544627348502 9 30 138
1.685701311191101 0.10873335607054546 0.9254887861320655 9 30 496
1.158511361091656 0.09169935663045403 1.0333552114678075 9 30 607
2.522623031629638 1.4763069508608788 0.8875606617767455 9 31 124
2.4970441786249866 1.3977227583085674 0.8848023439828633 9 31 143
1.4589128637459647 0.09514220346337598 0.9676847953837852 9 31 539
1.244948955871695 0.10338725799641169 1.0133405648028522 9 31 583
1.0794087826925443 0.09039644079055775 1.046663518549436 9 31 628
2.5244684211322412 1.447169501611937 0.8798696780733047 9 32 131
2.5217800079762096 1.4302828268762686 0.8786822520802332 9 32 135
2.5053879355917674 1.375930732914661 0.8764923941870333 9 32 148
2.5213204563200717 1.281167309800533 0.8632874527572364 9 32 169
1.399181216170961 0.1080832640558711 0.9780556170962516 9 32 548
1.3520920726342143 0.09796478439983414 0.9869347249787814 9 32 560
1.1164506396315577 0.08920713886079801 1.0357177780737568 9 32 618
2.5352612203217166 1.6873773023164902 0.8983811597617876 9 33 73
1.6191021866501316 0.11186263102520932 0.9282667271646865 9 33 506
1.6070206557908946 0.10726346698252764 0.9303517408608094 9 33 509
1.3841108029351876 0.09357031435892416 0.9762594339673829 9 33 554
1.2287971595782037 0.09598336735707003 1.009495316214437 9 33 588
2.5385536858606645 1.6641948042479042 0.8910637886373186 9 34 79
2.5155618454883584 1.4835498666070235 0.8769847625697968 9 34 123
2.537281630944067 1.347205266748737 0.8580023736233614 9 34 154
2.5244628135024296 1.335575511044858 0.8595208048491075 9 34 157
1.083409662182171 0.08646665102767392 1.0363461347258545 9 34 627
2.5472592854334355 1.5747029219649726 0.8755189132218179 9 35 101
2.511489441708819 1.3114441061091155 0.8553714064858772 9 35 163
1.2088947786954616 0.09287659142317217 1.006965915306127 9 35 593
1.1307469005231507 0.09127633652250222 1.0236254126308353 9 35 613
2.533857870615256 1.6942633912606455 0.8868689314928023 9 36 72
2.519852880066956 1.5059805850775745 0.869867450652168 9 36 118
1.5883026030171596 0.10608764323903341 0.9228773107629865 9 36 512
1.552939880122961 0.10733421147609667 0.9306779684973063 9 36 518
1.4023444412379609 0.10138240531322529 0.9626993842349681 9 36 548
1.3759081597776526 0.08934948178371616 0.9671511572449256 9 36 556
1.119113021581387 0.09477646215403634 1.0234117317567868 9 36 615
1.0951509482361164 0.08328570552750136 1.0273847028722674 9 36 624
2.5621848705103094 1.7273429976360122 0.8800338082791801 9 37 64
2.52510196676465 1.4639606012058233 0.8599316194543828 9 37 128
2.5076932082298833 1.3967680332931143 0.8565386680402064 9 37 144
1.519063159431973 0.11210777264479255 0.9348497438334772 9 37 523
1.081681388025626 0.08501727851088359 1.0274445322679733 9 37 627
1.3287031894306103 0.10157995171590017 0.971874300017278 9 38 563
1.1769676074143494 0.08442627607015041 1.003383156226037 9 38 602
1.6528966491732815 0.11390720299409973 0.8980385646192142 9 39 499
1.2729362624697234 0.08848465344192746 0.9793820352617408 9 39 578
2.5465895493693393 1.7141843043122966 0.8693885504876806 9 40 68
2.5345389776804836 1.6780152139756315 0.868132110466314 9 40 77
1.5244774696287466 0.11449625727927515 0.9228167969358213 9 40 521
1.0690935103694317 0.09224075189639591 1.021867654648105 9 40 628
2.511199858128652 1.377595007757617 0.8362008028560483 9 41 149
2.534015701322397 1.3394082054243954 0.8268960776803002 9 41 157
1.595354135549198 0.11583913964548254 0.9033474811842988 9 41 508
1.4636301552410322 0.11065853767925216 0.9323309631236144 9 41 533
1.1186137320612939 0.08966402732661005 1.0074316133996797 9 41 615
2.492280102962649 1.2923259182497113 0.826671567477654 9 42 169
1.455099471316486 0.09845301452436539 0.9292784913127232 9 42 537
1.3204747324050559 0.096657558811448 0.9594858662445432 9 42 565
1.2892647925949905 0.09147552916738144 0.9659633139948982 9 42 573
1.1282766010262466 0.09063995296667415 1.002230785786185 9 42 612
2.5338388885803917 1.7050601742560456 0.8585642283116394 9 43 71
2.503465331500228 1.4191492818469362 0.8337598673198504 9 43 140
2.5194722958589804 1.3913120876556664 0.8270330384377538 9 43 146
2.5278124261918333 1.3193026562737344 0.8171502561157487 9 43 162
2.5107474670623646 1.4451250184299784 0.8306130420035153 9 44 134
2.517235745562336 1.3348627924006666 0.8168277421680088 9 44 159
1.3416939152291465 0.10140712093369686 0.9482876105450594 9 44 559
1.1534599699567591 0.09080397475656099 0.9901876984052262 9 44 605
1.1385881793211137 0.08987178187884903 0.9934875580798642 9 44 609
2.528688631030676 1.3785801538567646 0.8146328803821286 9 45 149
2.528488727080066 1.3206440523425336 0.8081784491983408 9 45 162
1.5387741239088002 0.11724884469998686 0.9011839209597656 9 45 517
1.476723907868012 0.10476415544366535 0.9140793314062291 9 45 531
2.511566366992543 1.4595668814440836 0.8232844316637948 9 46 131
2.5127320719711563 1.4205488568829496 0.8186109568504978 9 46 140
2.5243674321930554 1.3930669128671886 0.8128112118510277 9 46 146
1.4999159527559125 0.10706853735901678 0.9052767673106318 9 46 526
2.52255913139164 1.4290643211721759 0.8128680315193522 9 47 138
2.5327955687252333 1.3618457807479762 0.8028493043037136 9 47 153
1.5030899002161133 0.12765616163325033 0.9031478571410138 9 47 521
1.4480604452653356 0.10533808821375867 0.9134609577900958 9 47 536
1.4026442208208945 0.10037782497025916 0.9234999986722451 9 47 546
1.2663319856038213 0.10099346094013728 0.9553907613668138 9 47 575
1.2160228446820662 0.09497355158238552 0.9664517435222222 9 47 588
2.4951268287986816 1.4881854690248262 0.8216292242007487 9 48 125
1.2528830823371122 0.10027753294122843 0.9550901040670229 9 48 578
1.0928283714734763 0.10736175900523803 0.993506377966571 9 48 616
1.0668489573417148 0.08543136856085853 0.9971073987372605 9 48 628
2.5034092590297594 1.5138425737075978 0.8182550496327086 9 49 119
1.4051532341482873 0.10087992526980694 0.9157827637429087 9 49 545
2.5391997091873484 1.6794937036797264 0.8244956026508266 9 50 79
2.524072336192384 1.3917689633636665 0.7948783156372736 9 50 147
2.511657994133585 1.3444181133896276 0.7923665888935671 9 50 158
1.5087297843663932 0.18281655285756537 0.8969839992921405 9 50 508
1.4972451046019477 0.16884937182372983 0.8981051552714888 9 50 513
1.259982368701061 0.0953294067228101 0.9460924319928286 9 50 577
1.2372055724058912 0.09644711873063727 0.9516429912651924 9 50 582
1.210581001376109 0.08852970402805949 0.9570663173709709 9 50 590
1.1975472495893793 0.08912496490195876 0.96023744045359 9 50 593
2.529172009106101 1.4490807293480137 0.7958263007987859 9 51 134
1.4478316410276912 0.130822002861529 0.9018197611676712 9 51 530
1.3861851994817207 0.10296061075133744 0.9133531295367328 9 51 548
1.3558913895361393 0.09936469254199931 0.9201928985713741 9 51 555
1.105126979312113 0.10279204804558817 0.9806646585956604 9 51 613
2.5160407634057407 1.7178425014274843 0.8259094992007706 9 52 70
2.516545736251592 1.4984353563080348 0.8001699756428422 9 52 123
2.5112684117847732 1.4341393043780069 0.7939351931271029 9 52 138
1.5092846241525808 0.19987293734921252 0.8914020404098459 9 52 504
1.4046494717965095 0.11767269367763955 0.9070319881528001 9 52 541
1.368102222750054 0.10439169746623111 0.9107278094290653 9 53 551
1.2507369802296409 0.0880804773340198 0.9372902159517823 9 53 580
1.0536748441484245 0.09983193751109054 0.98648531769578 9 53 627
2.521544807823552 1.7118097657745288 0.8152954260215833 9 54 72
2.510138486814271 1.6876162805378543 0.8152240866713077 9 54 78
2.49714945875105 1.48874198228217 0.7949142530440568 9 54 126
2.5132780204507528 1.404865881133472 0.7810724716923046 9 54 145
1.4470313377793476 0.18599417446242583 0.8975178705310153 9 54 518
1.4102921104053108 0.16182372327081884 0.900029356746 9 55 530
1.3277176635542807 0.09991296626710211 0.9129696771977243 9 55 560
1.1310933409079929 0.08592899128474141 0.9596258744306181 9 55 609
2.5243815004463306 1.5987937141317818 0.7924861998320158 9 56 100
2.516535993344401 1.4148958256090047 0.772470580084847 9 56 143
1.426861510539492 0.19291298615529495 0.8960313293823992 9 56 520
1.185592023862329 0.0866057192663936 0.9430001805692774 9 56 595
1.0249271542420695 0.09200292523917963 0.9833736339608271 9 56 636
2.5249313597924083 1.714792063625534 0.8018765927873058 9 57 72
2.520657286087858 1.6660092497886045 0.7970836721330999 9 57 84
2.502138780712222 1.5037009369482508 0.7822063186813832 9 57 123
2.5240617836339534 1.4544369477212085 0.7708369843808084 9 57 134
1.5074259273812545 0.21672498931274808 0.8752186167248033 9 57 500
1.3657390686132644 0.15008661688544844 0.9024746890030243 9 57 541
1.283525484201525 0.09136045827798012 0.9158818319230067 9 57 571
2.5124103213329856 1.4256915114555149 0.7657825181659934 9 58 141
1.4357108001908176 0.21619428329591805 0.8893702914647724 9 58 513
1.1140701560118076 0.09321261070417663 0.9550590407544772 9 58 611
2.502287604309573 1.5011042567047248 0.7729750202720821 9 59 124
2.5233828025652505 1.4165668347908007 0.7573993267896525 9 59 143
1.3587105845337457 0.18747982880984582 0.9016483712140587 9 59 534
2.501623097343474 1.7376501625546155 0.7975581478768112 9 60 67
2.5441853958652847 1.6933427187027426 0.7813610700954078 9 60 78
1.3503555651575876 0.18058041811258452 0.8993822913581918 9 60 537
1.3127301568038554 0.13344427380771529 0.9031679286269265 9 60 555
1.3057589577306665 0.11707489896278744 0.9029374141622936 9 60 560
1.143379505154679 0.08868180479894106 0.9406361776027463 9 60 604
2.5155022678563927 1.4932175070871971 0.7597207474812553 9 61 126
2.5218132482907283 1.4797279660914315 0.7564557515327839 9 61 129
2.532310715675819 1.465775742624143 0.7520661422915998 9 61 132
1.4472122039398985 0.22256063420181516 0.8762882731330462 9 61 509
1.2578307020856847 0.10469728659095057 0.9101307183454398 9 61 573
2.54303866898288 1.695325368218778 0.7730924676072074 9 62 78
1.411463408227725 0.21577042743362385 0.8809542582713851 9 62 517
1.304515001657268 0.18575131700086867 0.9046973142203638 9 62 545
1.3040828482754847 0.17702332464643966 0.9037314073435583 9 62 547
2.5121138058690167 1.736794122047666 0.7818082515889954 9 63 68
2.5394299430572183 1.7290145768193859 0.773790118356961 9 63 70
1.2849843819886275 0.16275886689263608 0.9034099513197844 9 63 554
1.0972066601594253 0.08914613340764821 0.942763764772016 9 63 615
1.0414939251338953 0.0893255461179181 0.957171269624344 9 63 630
2.511262013719924 1.5432946111731056 0.7535527419371529 9 64 115
2.5147434076128636 1.5001448669634514 0.7472670404132097 9 64 125
1.4244126228594516 0.2307057425832002 0.8721941879837751 9 64 511
1.4202288788318922 0.2157490114543772 0.8714157329349365 9 64 515
1.3685919947118472 0.22024355084162073 0.8853903033297742 9 64 524
1.2581972333845843 0.1611866548548675 0.9067031186214464 9 64 560
1.2558256530076315 0.1222571273489883 0.902464196036397 9 64 569
1.3255346382197588 0.2087507296487785 0.8916332996384656 9 65 535
1.2893967963645412 0.19311678291135004 0.8991177506558107 9 65 546
1.2222672273063233 0.11496525251918177 0.9068632705104168 9 65 578
2.5113304630595334 1.5150449469858092 0.7410020240537107 9 66 122
2.525251896174794 1.4529628041580405 0.7295158509264654 9 66 136
1.3365345357848422 0.2113307068958068 0.8855507092253081 9 66 532
1.3123402755351348 0.19294039004690666 0.8895939060298841 9 66 541
1.1028930739260925 0.08789985354054153 0.9314229371667042 9 66 613
2.523125660356682 1.740990481610143 0.7619982665400142 9 67 68
2.5211734723795893 1.5368054209973563 0.7366384436738529 9 67 117
2.5199040518668525 1.4979989990730105 0.732056315180199 9 67 126
2.511856128057308 1.4637472999072414 0.7298443950629098 9 67 134
1.0796898059260076 0.09170615230198509 0.9347912831875025 9 67 618
1.237443121495001 0.18285548459422007 0.9012081892378716 9 68 559
1.2797933109459456 0.20789040592072983 0.8896649811780464 9 69 544
2.537542709226955 1.7320322769574763 0.7437604119389782 9 70 71
2.5233149194837847 1.6909681112177735 0.742304274706886 9 70 81
2.5089715626683793 1.6164605273831456 0.736573177991491 9 70 99
2.515927469996528 1.5052064728465004 0.7203753832321153 9 70 125
2.503664522427669 1.4713082023637718 0.7193128261615027 9 70 133
1.4175298265092713 0.22739907234639656 0.8516179652181906 9 70 512
2.5008380428631334 1.5500730503233786 0.7257039828814965 9 71 115
2.526445617990175 1.4878360300832976 0.7107120476505961 9 71 129
1.2530637376590879 0.21854760076427304 0.8913377848325528 9 71 547
1.046352342174789 0.1002623543938479 0.932018720405998 9 71 624
2.53481411875277 1.717653183325098 0.7337314987128309 9 72 75
2.529553042252752 1.7052994214525015 0.7335575323377408 9 72 78
1.4254558413192089 0.22826777007005394 0.8421986682112216 9 72 510
1.0259004841613228 0.07959703407638186 0.9317184413454 9 72 634
2.521743020627744 1.7389818569213757 0.7356347102856691 9 73 70
2.511661872735064 1.6898649413002544 0.7319732474632393 9 73 82
2.5120590918984043 1.5254058940698365 0.7103536896311372 9 73 121
1.391012835217547 0.23906642040964243 0.849341665211198 9 73 514
1.3381307569220575 0.22684991890026263 0.8622367891693345 9 73 527
1.2992428644386156 0.22204823019673636 0.8722664625043206 9 73 536
1.2018523669176717 0.19183223741069932 0.8950054075933549 9 73 564
2.518465247481644 1.6166567465139423 0.7114846677055243 9 75 100
2.5003434686080315 1.51061292283255 0.7024942528807775 9 75 125
1.199635441948901 0.2011143921154508 0.8900752737236389 9 75 562
2.5297139102100976 1.7584700988439712 0.7226500097353115 9 76 66
2.516501944160756 1.5016311888583107 0.6922140554204539 9 76 127
1.2806435872487076 0.2234995989631463 0.8670720899861044 9 76 539
1.2546756005722852 0.22595426193184265 0.8746401153042143 9 76 544
2.5194284662331645 1.743047940134716 0.7190089140888042 9 77 70
2.5230245132801565 1.7185390740440718 0.7147274850952999 9 77 76
2.5056004327682255 1.5508825396337036 0.697226900494473 9 77 116
1.3824486624998324 0.23421121540831114 0.8364399077480338 9 77 516
1.319228483980401 0.22264207816478665 0.8526277047369586 9 77 531
2.5028860868557667 1.4824776232667738 0.6842321891085319 9 78 132
1.1786459673930927 0.20644524885497817 0.8865360682233768 9 78 565
1.0405922407465906 0.10766076979635542 0.9122227350494225 9 78 622
2.53006078113317 1.7247375433029366 0.7045750829785775 9 79 75
1.2875232854628673 0.21882455175456172 0.8539478437790008 9 79 538
1.2207109599986137 0.2162702978468345 0.8725594503357792 9 79 553
1.2076487862091188 0.2159584285332672 0.8762234167981005 9 79 556
1.187846573163243 0.20488022999718591 0.8803471946074994 9 79 563
1.1501410303811688 0.199832401448639 0.89036412324628 9 79 573
2.4970537782513365 1.5195150830288293 0.6816488954136959 9 80 124
2.48588286657614 1.468008290366007 0.6778520733078147 9 80 136
1.258302743740717 0.22335344456785733 0.8593581980374632 9 80 543
1.136304686035863 0.19928447986937114 0.8875894442778545 9 81 576
1.01672427180423 0.11545646719834957 0.9104800500583518 9 81 626
1.0029836054676184 0.10591785949507826 0.9131231389510137 9 81 632
2.5190496585380537 1.7277077493121793 0.6945852991190773 9 82 75
2.513307776341405 1.5376318420626212 0.6702047258979971 9 82 120
2.492891560336132 1.499782556469398 0.6709119389574091 9 82 129
1.266099340304819 0.21852956862864392 0.8494449140251144 9 82 542
1.2446978608316022 0.22125358957669006 0.85599442572123 9 82 546
2.5134035537854515 1.708083799981622 0.6889999850486851 9 83 80
2.520721212124167 1.5477046162269168 0.6601364996821452 9 84 118
2.5116668228408363 1.526443612113468 0.6598371010168205 9 84 123
2.5067876922611494 1.4872896710983512 0.6558431760058975 9 84 132
2.489142844941631 1.453410888078746 0.6563049858092883 9 84 140
1.1917166998946254 0.22733278680439506 0.8653108321713678 9 84 556
1.0252367014713741 0.17633494784399462 0.9068425901547343 9 84 609
2.5153472177882517 1.4786218452268807 0.6474385524552679 9 85 134
1.8070546771345715 0.268242015653132 0.6869885590593017 9 85 440
1.1678954443675205 0.20628050517760732 0.8659614329497126 9 85 566
2.509216257016074 1.7521769284852389 0.6827668607621383 9 86 70
1.8009680793318137 0.2610275736029337 0.6789731969630154 9 87 442
1.1389999803066573 0.20802222154819816 0.8679846162318607 9 87 572
2.5033278078874 1.6379047724753248 0.6593360595872492 9 88 98
2.512302579693505 1.5561399460078171 0.6451149531866429 9 88 117
1.2294077873447269 0.2217528412668699 0.8395836647061085 9 88 548
1.2206977989168293 0.2213667569504807 0.8421284232068078 9 88 550
1.1765649881722713 0.22559224614326134 0.8558951936048742 9 88 559
1.1266819560496166 0.2112989116127082 0.8687636415370541 9 88 574
0.9618525952285728 0.14029833960852844 0.907929317905728 9 88 634
2.51390401086708 1.714167229745096 0.6623703458839347 9 89 80
2.481298866431616 1.4847481179747342 0.6396057892626427 9 89 134
2.4985067028440326 1.7530950745565943 0.6634415697413565 9 91 71
1.7232289484795693 0.2777735555008156 0.687258305415194 9 91 449
1.2687830804440188 0.2260869313116598 0.8177223150932442 9 91 538
1.2103329238617822 0.2288948000593829 0.8358572386390042 9 91 550
1.197354204381354 0.2284311453243122 0.8397282887421795 9 91 553
1.1385109110178155 0.21781134428948512 0.8560585388634472 9 91 569
2.4747062501088104 1.4435713104855714 0.6215847044232862 9 92 144
1.1706104842322138 0.2278416425197125 0.8443333554084687 9 92 559
1.1098672303366428 0.207639842073013 0.8599535694847285 9 92 578
0.9822737699575386 0.20536716986987313 0.8985472637683514 9 92 612
2.503515414077103 1.7098959006839753 0.6465476334196752 9 93 82
2.496698897534908 1.5441180386640685 0.6246508538140642 9 93 121
1.6741960043673507 0.2717593013747137 0.6928075480824863 9 93 457
1.1803145830112536 0.23035126066141842 0.8382896335211615 9 93 556
1.2392348790631615 0.23376185878100242 0.8171649376068026 9 94 542
1.122751566888155 0.22707705541256162 0.8521123735932121 9 94 570
1.6024976968236015 0.2744306294914902 0.7069293184510788 9 95 467
1.1898343111145857 0.2322268295109926 0.8287023043393877 9 95 553
1.1767429514782985 0.23111402511474477 0.8291399568621878 9 96 556
1.1401778547973227 0.21992244494860236 0.838894263014845 9 96 567
1.1033379484845334 0.2105746413505929 0.8490049459755369 9 96 578
0.9270904826107251 0.18748605490009407 0.9005521933941254 9 96 631
2.5090419713009764 1.7554672488122143 0.6330628490505894 9 97 72
2.5004578838456077 1.5736854849032054 0.6089327104470061 9 97 115
2.4952747424125628 1.5565420106893937 0.6080276429138401 9 97 119
2.497610240738105 1.4725107034517444 0.5948977001375483 9 97 138
2.467634734963574 1.4394216527097188 0.5994094459059465 9 97 146
1.0186655580730217 0.21275482456970485 0.8725043186358011 9 97 599
1.683265690934343 0.2772972390453061 0.6694655030956613 9 98 454
2.512727009594482 1.749374441049292 0.6217424389899893 9 99 74
2.4692946594494476 1.4587787257710674 0.5922087270558041 9 99 142
2.4873701700086093 1.4391802734780823 0.5835638887278108 9 99 146
1.0656072014021114 0.22253729428677582 0.8526474294039394 9 99 584
2.511513830092001 1.7379528124248047 0.615772188074796 9 100 77
1.6027745769836428 0.27103270796508183 0.6855551524839402 9 100 467
1.557581566322618 0.26160495989268284 0.6985344695280183 9 100 476
1.1921668947932766 0.23412216482922377 0.8107774550947198 9 100 551
1.0950513526842218 0.22425887742525896 0.8402249642515102 9 100 576
1.0146794667236114 0.2140433271141 0.8642881592568987 9 100 599
1.0048171336218301 0.2082401302456014 0.866559890464635 9 100 603
0.9158196165646355 0.19264592784088785 0.8925645705138174 9 100 632
1.156554233005923 0.2246157538205289 0.8172314879263951 9 101 561
1.1425141940571053 0.22137047399892706 0.8212377581896295 9 101 565
1.041641097987483 0.21237878234443075 0.8521760289938484 9 101 592
2.4887477738610024 1.459581381647573 0.5716954205857728 9 102 142
1.6587374695018482 0.27273246303954535 0.6594294459706396 9 102 458
1.5772883170673995 0.2695373124232032 0.6851571660573279 9 102 471
1.5347147457592887 0.26854689409775867 0.6987077969348248 9 102 478
2.499396628170513 1.728452212056296 0.6042358173256783 9 103 80
2.510457199271471 1.6481259884740722 0.5884602535496523 9 103 99
0.976216089239021 0.20854978811838887 0.8661847585638369 9 103 610
1.6050394493821518 0.28667381400699754 0.6704251768559145 9 104 463
1.052222681404806 0.2233974269893595 0.8405444304660312 9 104 586
2.517356835547259 1.7265142116327743 0.5887069119424859 9 105 81
2.493596672091881 1.4116639674326659 0.5482084426985065 9 105 153
1.7325383722158265 0.27346842561695217 0.6225138585170539 9 105 447
1.5720545749979258 0.27658119658724 0.6754526359004811 9 105 470
1.0829164761720669 0.22345948401632088 0.8272067941838894 9 105 578
0.9123847705559067 0.20791269873177587 0.880569744912215 9 105 628
2.4955555660032047 1.7605679726696826 0.5963897683934191 9 106 73
2.4925910675287293 1.6599446993778182 0.5818656246199944 9 106 97
1.1821917885658009 0.2294279753499644 0.7921318948047564 9 106 553
1.5350111164180291 0.2747084878740287 0.6790557078311864 9 107 476
1.4404082605113933 0.2741821734818528 0.7102224139630042 9 107 492
1.3527013703617765 0.25045086650599835 0.7355203467676658 9 107 513
2.5078955056185808 1.7504761168738496 0.5813676372815343 9 108 76
2.497418332626249 1.5044768016829353 0.546598579814924 9 108 133
1.6239223048750475 0.27993393840207337 0.6462261536461851 9 108 461
1.5573589439479627 0.2761520751707818 0.6677385152068619 9 108 472
2.4789137122274774 1.4528436096342427 0.5398266923565291 9 109 145
2.475243459499084 1.4122770394139361 0.5347147190663856 9 109 154
1.0692861312611681 0.2342182545589342 0.8199076914891015 9 109 578
0.9939428267721895 0.2195002077650936 0.8427532538187703 9 109 601
0.8995106882012598 0.20665258756955263 0.872261594445777 9 109 631
2.481379339248619 1.6640783718195016 0.5672533607749257 9 110 97
1.46846990707203 0.2824099161437288 0.6901963016754753 9 110 485
1.1274970189402278 0.22812043451258868 0.7960562144532117 9 110 565
1.1147922381774553 0.23265965023731772 0.8010304493626054 9 110 567
1.5317689435931812 0.27947235310606366 0.6643644556499131 9 111 475
1.5107057568421076 0.2815206360400815 0.6717893651454505 9 111 478
0.9399890430591515 0.22172029813338212 0.8547910075770019 9 111 615
2.4767312867777997 1.4601027314855308 0.5269946443546919 9 112 144
2.4561684304326636 1.4167190535759095 0.5270910341117703 9 112 154
1.6156546424741023 0.2786288252452971 0.6316569510318093 9 112 462
1.556409653618778 0.27918138158880956 0.651822500168767 9 112 471
1.4561565222574144 0.28145281778684716 0.6861579192125133 9 112 487
1.4462108013816533 0.27525096169768437 0.6885460819421627 9 112 490
1.411123583472951 0.2712713468839194 0.6998066735936868 9 112 497
1.3620699320484082 0.26635065237990996 0.7156513897182144 9 112 507
0.978483870512052 0.22569564035347178 0.8392079309459677 9 112 603
0.9508247597781494 0.22445600790686981 0.8483851858350295 9 112 611
1.5709181263360517 0.28215014343159783 0.6431568498551818 9 113 468
1.3482190149304027 0.26838355027547767 0.7168231416153874 9 113 509
1.0834509085922408 0.23661386452271715 0.8019541530057401 9 113 573
1.0430292092213314 0.23716606271202867 0.8158107237858085 9 113 583
1.0310974879465744 0.22873190191355697 0.8185327351102274 9 113 588
0.9228000890798755 0.21922374558213464 0.8539085055735561 9 113 620
2.4919377628849344 1.667937317598285 0.5451728755599787 9 114 97
2.4855340527759404 1.5061715862169107 0.5215019068152903 9 114 134
2.4780474828658354 1.4616913399302378 0.5169534286265032 9 114 144
1.5901747080817856 0.2816681704646793 0.6322597884900063 9 114 465
1.3785949628426493 0.27394493560108146 0.7034609446055129 9 114 502
1.3359297133296737 0.26913477427392474 0.7172986665970393 9 114 511
2.4711076534648013 1.4495527222566986 0.5124536613224467 9 115 147
1.4145764626705564 0.27082183302630414 0.6866702193853299 9 115 496
1.265087775147531 0.24961526958237767 0.7347019679211408 9 115 529
1.0468712999639167 0.230711714683018 0.8067523493878616 9 115 583
0.8968035397901983 0.21547466421677575 0.8559421769879267 9 115 628
1.683185768083763 0.28206266661560364 0.5916099248811137 9 116 451
1.3175425777584489 0.2606242620176733 0.7146013348144369 9 116 516
1.3013373902865368 0.25674175008075584 0.7195791056420218 9 116 520
2.467895047870446 1.4966638404174333 0.5113079031690352 9 117 137
1.5455875144758804 0.2843051551402931 0.6353507133496893 9 117 471
1.053934384303806 0.2294789650858693 0.7973484631830623 9 117 581
2.488788666727272 1.7690747359413268 0.543446582260904 9 118 74
2.4948403369728123 1.5494458960695214 0.5055670559168569 9 118 125
1.5217413100026023 0.28264440285860015 0.6391950405242619 9 118 475
1.0775310699235114 0.23339138492946576 0.7863449989471307 9 118 574
2.461109101749103 1.6690577082211147 0.5320350077032342 9 119 98
1.3873512089417024 0.27195512461485505 0.6804432170189096 9 119 500
1.3454297997172069 0.26598746319791644 0.6941841721501308 9 119 509
1.5107987103593365 0.2899663452017456 0.6358846725834875 9 120 475
1.3666370506471563 0.27963833284978445 0.6850503401747285 9 120 502
2.501719789827925 1.789334973109582 0.5278763237593956 9 121 70
2.496556569122916 1.5610674422143458 0.49202373537229604 9 121 123
1.6342893391173439 0.2843430855317468 0.5869947507191358 9 121 457
1.6168896577025982 0.2872002978688135 0.5936359123542979 9 121 459
1.4694475077559392 0.27855798155084877 0.644488413558184 9 121 484
1.4236185035030622 0.2826595783686656 0.6614153129849482 9 121 491
1.3956383091821567 0.2728154052655465 0.6697112570351088 9 121 498
1.3290804906177878 0.26952852956119333 0.692768343946174 9 121 511
1.2805269588622188 0.2623751591064871 0.7088032751811602 9 121 522
1.1637010525096778 0.23819498591203647 0.7462349878360652 9 121 552
1.0842724141773497 0.2362571422556634 0.7740784414900393 9 121 571
1.101296541491779 0.23474535634818428 0.7642882425247574 9 122 567
1.0128558199248474 0.23087167146693477 0.7951602508048472 9 122 590
1.0048081547501992 0.23138395631108022 0.7981128575495171 9 122 592
1.6881344482752323 0.27947091572217975 0.5580831049245991 9 123 450
1.5922380726254857 0.2893964954644459 0.5940766710495426 9 123 462
1.2614743852356836 0.27377308367639275 0.7099192706436771 9 123 523
1.2480655125835103 0.24471070237539538 0.709879612024714 9 123 532
0.8667295214004516 0.2145580448734341 0.8414116214531342 9 123 635
2.503821278117454 1.7843401282285662 0.5118458986477026 9 124 72
2.4694499614421486 1.5341380756048353 0.4823470198614639 9 124 130
1.6637602908817066 0.2863377765622146 0.5634824163248134 9 124 452
1.2210452282862974 0.2467908657213198 0.7161812641216596 9 124 537
1.0182949393354717 0.23560047542295415 0.787270898676201 9 124 587
0.9791765852707739 0.22849160862873497 0.80015855085892 9 124 599
2.5039464863590517 1.7644300179365127 0.5036144452914988 9 125 77
2.466840746160962 1.5128142572129684 0.4747390527640638 9 125 135
1.5700653993265545 0.28996295017092666 0.593493022146353 9 125 465
1.4808136144164432 0.2859952442726068 0.6251023939048899 9 125 480
1.3745405628305618 0.2783426389550372 0.66224780690489 9 125 500
1.3032068132588532 0.28016499714500487 0.6883506936516047 9 125 513
1.1943103222683982 0.24458232569764338 0.7217500700818928 9 125 543
2.481570862688061 1.6844888682170063 0.4933837926970843 9 126 96
1.4413594093432627 0.2786042014660697 0.6340256870734127 9 126 488
1.06571628953719 0.24231680021086088 0.7644094204706967 9 126 573
2.4626151092018116 1.559535521695019 0.4742189303427682 9 127 125
2.4631250045365958 1.514864989857812 0.46645653558610634 9 127 135
2.45492147598223 1.401452910872662 0.4502174554067824 9 127 160
1.5480741494214294 0.2956196041856889 0.593830763686572 9 127 467
1.3364583060640374 0.2863612137353786 0.6695388232668086 9 127 505
1.2851208237034428 0.2575485479946713 0.683399675752355 9 127 521
1.2007342160350534 0.2501097970249835 0.7129545223435572 9 127 540
1.1143197522837232 0.24273775489856586 0.743261219394008 9 127 561
1.104164846621212 0.2309630191085923 0.7449725950394896 9 127 566
1.0492493596606045 0.23720260975085972 0.766084986406368 9 127 578
1.576386320274871 0.2881826332658335 0.5778785255922115 9 128 464
1.0707372101043224 0.23915696699354028 0.7550807012938214 9 128 572
1.483646688893108 0.28577015517943405 0.6073025470773701 9 129 479
1.2734452660035047 0.26199265011464123 0.680744735143237 9 129 522
1.2272320660091076 0.25466649138123865 0.6965320301181868 9 129 533
1.215009262135786 0.2572860052844419 0.7014873925577834 9 129 535
0.9053557137963755 0.2216326053027533 0.8095699800937057 9 129 620
0.8558974445871019 0.22114222090987523 0.8277236157678741 9 129 635
2.449541781835281 1.464253329469115 0.44775894655108184 9 130 147
2.467596378333789 1.4488834206887073 0.43842732034627185 9 130 150
2.479901644221359 1.4151999177975085 0.4280782625814732 9 130 157
2.4731520046303452 1.4065713825983872 0.4290961533443469 9 130 159
1.5949492905238436 0.2879087446750175 0.5622234021038308 9 130 461
1.3383684678274308 0.27750424146820984 0.6555069107946547 9 130 506
1.299364661744571 0.2653435875929713 0.6678689543589234 9 130 516
1.252048399069699 0.26254643880191386 0.6849204484716355 9 130 526
1.1735846818555393 0.2467813880202281 0.711284192825365 9 130 546
2.4813354512494925 1.5263098674581035 0.44159013356382193 9 131 133
2.4718224814366354 1.3981773321761277 0.4230108112875519 9 131 161
1.4628242119208208 0.28161271532662413 0.6059183441666316 9 131 483
1.2351471809250478 0.2591382051856015 0.6868080656147206 9 131 530
1.030894829241502 0.22674841441859206 0.7572643910602711 9 131 584
0.9838252961281779 0.2412528890560437 0.777293645778814 9 131 593
2.4964977230084466 1.6862674009885823 0.45859083187293903 9 132 97
1.4945911039574484 0.28964915206678477 0.5912392216370732 9 132 476
1.2949360167601893 0.27240919040022393 0.6629445279285369 9 132 515
1.2025550512047194 0.26205868031409874 0.6957111844255552 9 132 536
1.0813297676835414 0.23682209368165674 0.7366877006576753 9 132 569
0.9138517445891472 0.21587228833205296 0.7957116264999843 9 132 618
2.4774579901342006 1.5329155233898615 0.4340587403714913 9 133 132
2.458204130198183 1.4013196232159384 0.41837608582942565 9 133 161
1.458850405668257 0.2784900214760868 0.5984836664612585 9 133 484
0.9935185047569524 0.23204949838327527 0.7653214616967423 9 133 592
2.470290121907931 1.4148644976617288 0.41104120153197976 9 134 158
1.5461622752352808 0.2924499955277837 0.5637462193123053 9 134 467
1.5004943068818823 0.28349940071453794 0.5794300818036631 9 134 476
1.3972072906804731 0.28547959973057946 0.6187900319333556 9 134 493
2.46122219221302 1.3979383191645887 0.4063475206946603 9 135 162
1.2923766667113492 0.2721866753056723 0.6521481843309302 9 135 515
1.2329582304133935 0.2715605743328722 0.6745889635541895 9 135 527
1.219506196565909 0.25194682650784594 0.6762480207318451 9 135 534
1.152404789819642 0.24046437155602396 0.6996971125278414 9 135 551
1.0425285108448523 0.23151519419395683 0.7398254661289503 9 135 579
0.8926746318610421 0.2172992519063166 0.7942009023056131 9 135 623
2.4167394368726853 1.4677159453577366 0.4304565509428948 9 136 148
2.439506261796015 1.456582229151154 0.4198098973199036 9 136 150
1.2113278668482153 0.24968456247902027 0.675162840917243 9 136 536
2.4100091270841744 1.4871862917228484 0.43144233276467214 9 137 144
1.5740893854918248 0.28910835365829857 0.5393605252152722 9 137 463
1.5336926215401463 0.2850683951233528 0.5541223392938954 9 137 470
1.1726217760934037 0.259362151374694 0.6879091234129069 9 137 542
1.1051471765347884 0.2467084799813115 0.711518933180296 9 137 560
1.069456040758828 0.24893847592687002 0.7255891630989757 9 137 568
1.0599003903166326 0.2503998236441687 0.7295094108787865 9 137 570
1.0310886969012965 0.23771447917515665 0.7383000231326484 9 137 580
1.389542031214613 0.28892500130037124 0.6059365448435223 9 138 493
1.3730950260027193 0.28373029124536875 0.6113432515552997 9 138 497
1.2658576394285554 0.2611244790925471 0.648601330602786 9 138 522
1.161789192458048 0.2555092026344483 0.6876642386588936 9 138 545
1.545686319530796 0.27931735634213783 0.5397160137590467 9 139 469
1.342259085890686 0.2858187280283917 0.6195608385632563 9 139 502
1.0471790446868579 0.24883421772375547 0.7270801684750878 9 139 573
2.3699202055169266 1.5414162118357781 0.4416481251893116 9 140 133
1.4374695870768956 0.28113959962553947 0.5776879481848627 9 140 486
1.2441617713628246 0.2704068490470013 0.6508814985120017 9 140 524
1.0223481922574011 0.23086140845975622 0.7299784896004269 9 140 583
0.9790864635954231 0.23649788490535717 0.7478025184373502 9 140 593
0.8574535721662497 0.2177483422138784 0.791703000219535 9 140 632
1.5094499348473664 0.29141432153910385 0.547218472591637 9 141 472
1.0921159941144367 0.25642616005801466 0.703850054131169 9 141 560
2.342149489215389 1.4748108393046653 0.4305826674980546 9 142 149
1.4214459503474648 0.2782803490289698 0.5750091743647117 9 142 489
1.4079513195803615 0.27988356918121426 0.5805930682649869 9 142 491
0.8688620796281454 0.24338144999524536 0.7854479271589779 9 142 622
1.3061001037100082 0.27657679946687463 0.6159483435233554 9 143 510
1.2516707224212131 0.27941878474671533 0.6379160574939293 9 143 520
0.9650889320963798 0.24072903653295308 0.7438200633423306 9 143 595
1.4897178768498156 0.30003102791467473 0.5435250370577968 9 144 473
1.451517715689175 0.2862688883743829 0.5561356724618043 9 144 482
1.4175896770852692 0.2849111693685691 0.5693210963887531 9 144 488
1.2283601402704203 0.27246550869905706 0.6419708789907528 9 144 526
1.1187927015450834 0.252489423707134 0.6817034090082221 9 144 554
1.1091191108369833 0.25350478621879335 0.6857190812985373 9 144 556
1.0606802011860883 0.24654981348638927 0.7036273235185739 9 144 569
1.1966987762216812 0.2695232191331911 0.6501504874422501 9 145 533
1.0313192816591632 0.25100543349704796 0.7125378753974128 9 145 575
1.348154143991031 0.27488878275872475 0.5867866006977223 9 146 502
1.1653527876723806 0.26718567549596695 0.6584198802023622 9 146 540
1.0886717307776699 0.24579774946079103 0.6851226780508806 9 146 562
0.9590975669745878 0.23993287738357827 0.7358235565594683 9 146 596
1.548481519313525 0.28691144935471913 0.5044738340981174 9 147 466
1.401932510630179 0.2811012887464561 0.5622349772113147 9 147 491
1.1657796415774704 0.2565177435084771 0.6524960098319271 9 147 542
1.0361636235227516 0.24788497330898607 0.7029365605109352 9 147 574
1.123672013122434 0.25708537743377846 0.6657896647627649 9 148 551
1.2803997349293876 0.27104872799179747 0.6011668685781025 9 149 515
1.2659626228359948 0.274923782381701 0.6077398891475613 9 149 517
1.2508506257617893 0.2795749006363706 0.6147312111781328 9 149 519
1.1790758132740398 0.2644999949301394 0.6410001057224419 9 149 537
1.0815336324876115 0.25030439047363195 0.677873806159106 9 149 562
1.0168929099022948 0.24489841607261487 0.7030566433526237 9 149 579
0.9962899142018031 0.24609988890178536 0.7116290245222714 9 149 584
0.9655246137974294 0.2376044010449867 0.7225092355548439 9 149 594
1.4935857819113791 0.30274988946066683 0.5163182935982611 9 150 471
1.4667539749279488 0.289274788087992 0.5247145586963781 9 150 478
1.401247258019764 0.27932667133246825 0.549514591616985 9 150 491
0.8754707611243173 0.23343580092631466 0.754931474087766 9 150 620
1.375593178797709 0.28581167098194227 0.5569859609287922 9 151 494
1.288267775452857 0.27160599369546645 0.5900209225116821 9 151 513
1.120598502557945 0.25723147770177635 0.6558780879642885 9 151 551
1.5381273770383792 0.2915654572467574 0.48711149500801465 9 152 466
1.3463033666103394 0.2812803259049157 0.5639660184437614 9 152 500
1.0560476828395382 0.2611125794633702 0.679386870544532 9 152 565
0.9748960691964488 0.25414675572570444 0.711406130172475 9 152 587
1.4140756296642687 0.28587241008129016 0.5327182136780183 9 153 487
1.3968552610256486 0.2807057314526107 0.5388436129677052 9 153 491
1.3841764262398935 0.27679869917905586 0.5433340139542848 9 153 494
1.0390679976797432 0.24706664908985454 0.6801023738939487 9 153 572
0.9911678259232046 0.24745290224475003 0.69994213147561 9 153 584
1.252484776701662 0.28306408508817893 0.5948833814788272 9 154 517
1.2403110489753895 0.2850139856712568 0.6003015165705992 9 154 519
1.1119988724424075 0.258538346838153 0.6484447240222388 9 154 552
0.9226049710941295 0.24366057081846426 0.7241192726434529 9 154 603
0.8284680953453123 0.22931589019030874 0.7604079955362033 9 154 634
1.4542992653196634 0.285743903977147 0.5073656189989262 9 155 480
1.3389544929359303 0.2706632279579386 0.5525103169490699 9 155 503
1.3250403367493944 0.2684949589550425 0.5578893478306479 9 155 506
1.18811893866392 0.27783653273249653 0.616693827796048 9 155 531
1.1454683091415503 0.2691992335853819 0.632800890565586 9 155 542
1.0091060860316212 0.24700308407611127 0.6853355505245952 9 155 579
1.4395371763028655 0.28716787262676835 0.5094360651822814 9 156 482
1.0962067511538338 0.26389389888207004 0.6485776693346728 9 156 554
1.0772064091178821 0.25209530902263744 0.6542575660061865 9 156 561
1.2298592689339674 0.28745885579913666 0.5932383440221636 9 157 520
1.2042908845811038 0.2742534246609565 0.6014328932430293 9 157 528
1.254468326471506 0.2871664297332135 0.5788243583648692 9 158 515
1.1291674847938264 0.2689709890216685 0.628184636909037 9 158 545
1.1209102446994448 0.26361726777132377 0.6306321357709114 9 158 548
1.0374455797702202 0.2524292207439882 0.6636924063378358 9 158 570
1.4628354184866004 0.2908577389309639 0.4871744759247907 9 159 477
1.4119685898711265 0.2929294861845002 0.509144118059847 9 159 485
1.3752378451031317 0.2697742513162782 0.5202101796839317 9 159 496
1.1628064709600714 0.2616856291920544 0.6087019481754969 9 159 539
1.0747649366962 0.2652646814256352 0.6467262156032363 9 159 558
0.9611764634611355 0.25325514083501854 0.6925476381031846 9 159 589
0.8661277997293961 0.24271737013515482 0.730795063046101 9 159 618
0.8204995271813302 0.22904805278397378 0.747479822816661 9 159 635
1.2615015052185679 0.2836265558174502 0.5670781231769517 9 160 514
1.1981775325954447 0.2726622781457455 0.5919034230928699 9 160 529
1.0340395741332813 0.26308084970564627 0.6599334275897892 9 160 568
1.511474239017377 0.2857843282494892 0.45650951958279906 9 161 470
1.246048368320407 0.282833773421888 0.5694747734373244 9 161 517
1.2097800262088303 0.274625913940141 0.5833788260093877 9 161 526
0.9704788583504191 0.2444045975601945 0.6798162295835649 9 161 588
1.3896198494500487 0.2896485313704673 0.5050886959347864 9 162 489
1.3740884434612346 0.2881223226888039 0.5114616057686487 9 162 492
0.9513319575601513 0.24356339517630898 0.6843343285494068 9 162 593
0.8398306265207707 0.2426538354563743 0.7320660494924373 9 162 625
1.0646172248224204 0.2673702336411905 0.6366365222206717 9 163 559
1.4803999199720455 0.3185233797030569 0.462832050276496 9 164 468
1.3008441938368085 0.2874567046180365 0.5344995456515481 9 164 505
1.0128880955295725 0.25059734481816087 0.6520094738195458 9 164 575
1.002286480627977 0.25360000479612665 0.6572020984046044 9 164 577
0.9910934884655265 0.25288945687091546 0.661913268151476 9 164 580
0.9806074480168794 0.2515140864787089 0.6661858594325112 9 164 583
1.0491744403895726 0.25914865666223985 0.6342733727328332 9 165 564
1.0324489124902438 0.2593541153040102 0.6415972863591808 9 165 568
1.4472251601963029 0.2984160161688374 0.46433601631193433 9 166 477
1.4104960753217122 0.2887278041772503 0.4784589556265155 9 166 485
1.0893326281746623 0.26072109386471265 0.613312536122512 9 166 554
1.4579449003635243 0.32923601125218394 0.46137162543953214 9 167 469
1.2499591703184538 0.2881320361877928 0.5444689704179331 9 167 514
1.1251885350333564 0.2686163930969174 0.595353564917789 9 167 544
0.9764254625647861 0.24838356590862043 0.6566335075018269 9 167 584
1.3769030675168206 0.2858061419858764 0.48389707875623666 9 168 491
1.3244959146118465 0.2970213671275137 0.509285517600548 9 168 498
1.3135326245324983 0.2921138389800242 0.5131315093943926 9 168 501
1.2510286451902042 0.29582574423901153 0.5414593291785081 9 168 512
0.8819385009268621 0.24174147502931653 0.6933855178907479 9 168 611
1.0998061728094748 0.26968866405519853 0.599077760403919 9 169 549
1.0118971327083932 0.2505915601937305 0.6341622127681075 9 169 574
1.2715721902621262 0.29436328108079524 0.5238169939854901 9 170 508
1.2081389150615396 0.27247611459684684 0.5475939677041468 9 170 525
0.9806586908459096 0.25350541228310397 0.6449816454975621 9 170 581
0.9566045565925081 0.2501585709528853 0.655006535920735 9 170 588
0.937194520202727 0.2554066563887183 0.6647145784166653 9 170 592
1.1402015845351428 0.27730243151981604 0.5749023969185674 9 171 538
1.0591579312547323 0.2600879251074204 0.6076125153223758 9 171 560
1.0384097921113022 0.2598328837418804 0.6168356396371448 9 171 565
0.945279000066187 0.25346911692147067 0.6571677774771141 9 171 590
0.851728178093117 0.24150345236551995 0.6965423067060258 9 171 619
0.8214986674019467 0.24206310266788655 0.7101705677793821 9 171 628
1.3223471058276766 0.28575497134173933 0.49093498391159685 9 172 500
1.0174656186482367 0.2591699673993184 0.6223657870790337 9 172 570
1.3766365992263725 0.29195980028621826 0.4634545015472118 9 173 489
1.1851450076835062 0.2729718258458038 0.5458921224595423 9 173 529
1.1228801898508478 0.2695508576082166 0.573264766078851 9 173 543
0.9953806593783103 0.2557362805064338 0.6279120750889051 9 173 576
0.9875136254399521 0.2556874222020511 0.6314495758217215 9 173 578
1.3809163712245713 0.3420407719418015 0.46749272234985084 9 174 478
1.3836106470053837 0.3299628461899853 0.46377288100091896 9 174 480
1.0580757196575323 0.2672395576369955 0.5982259010585169 9 174 558
0.9488443640840856 0.254611213904647 0.6450830136676742 9 174 588
0.8342397290631305 0.2385678754671614 0.693666915784646 9 174 624
1.370173850352338 0.31081191818494225 0.46152606456816425 9 175 486
1.2327074797151958 0.2729943219374844 0.5161955820466594 9 175 519
1.0934705092270636 0.2700885111238964 0.578924853018471 9 175 549
1.0237069729547534 0.2579534253730178 0.6081357969943552 9 175 568
1.384727641962404 0.3619635992622261 0.4611711693194971 9 176 473
1.2686724903820998 0.28688463574620293 0.4985241953930162 9 176 509
0.9565658133629189 0.26110729839678637 0.6357237337408043 9 176 584
1.3221303258419692 0.2915568078135724 0.4707693215081812 9 177 498
1.1502221345187342 0.28005352579402754 0.5472297678973995 9 177 534
1.1110385537779959 0.26831154337433283 0.5627473027029495 9 177 545
1.040259027844338 0.26035207719155173 0.5935530974960227 9 177 563
0.8125470703321993 0.2416538890517086 0.6941087386461591 9 177 629
0.8017434038826106 0.23004549033584443 0.6966337937950917 9 177 635
1.3375494974796376 0.2919380710419588 0.4594269490254972 9 178 495
0.9353303332553311 0.2569687392875424 0.6374008667657489 9 178 590
1.3491050617202116 0.3107963274308174 0.4537043858994567 9 179 489
1.2742021492434095 0.2790903914564882 0.4816703792777566 9 179 509
1.240785034658575 0.2761431581581828 0.4965115516277534 9 179 516
1.230205653612107 0.27647472040347987 0.5014770766834027 9 179 518
1.2181945895812498 0.2734444857492013 0.5063952607245139 9 179 521
1.0222722149460097 0.2596510002167749 0.5941441463088505 9 179 567
0.9815520522469814 0.260151932456973 0.6130928167344164 9 179 577
0.9691870855486007 0.26086792536753567 0.6189657780533004 9 179 580
1.295239933348359 0.2835134396855674 0.468579532417821 9 180 504
1.2467321781199576 0.27934270621662116 0.49023800956344576 9 180 514
1.1544032582344066 0.27286229254572225 0.531771529690756 9 180 534
1.0780273995084835 0.27183670688886696 0.5670476878565134 9 180 551
1.0658924213318823 0.26620300676320063 0.5714927814384272 9 180 555
1.0021459209116736 0.2673998574853478 0.6013709336665765 9 180 570
1.3091125784135216 0.2849201716356109 0.4581056763561224 9 181 501
1.054113897969354 0.26391883525072 0.5726456639127844 9 181 558
0.824849950686739 0.24168671232078998 0.6749130924444675 9 181 624
1.2633078416191992 0.2717430895780035 0.4724241848242283 9 182 512
1.2069620909919068 0.27174900096362187 0.49883455322019865 9 182 523
1.1737681578112678 0.26962432107723844 0.5098518230178759 9 183 530
1.1406888041075969 0.2694301178648395 0.5253803190890487 9 183 537
0.8309837413971741 0.24408553654118315 0.6657184663146924 9 183 621
1.299369420318282 0.33518133227158153 0.46050619367707735 9 184 492
1.293236379659012 0.3162269821526995 0.45932272479110825 9 184 497
1.050291805654414 0.26478655930813755 0.5630804783654259 9 184 558
0.9928298013224555 0.25506157821227804 0.5881475267656728 9 184 574
0.9413450818780498 0.25026579153911754 0.6077957240393931 9 185 588
0.8188012018503767 0.2399461210911622 0.6637347487797722 9 185 625
1.2701915465654452 0.3205257763280007 0.4626253095053148 9 186 500
1.2505968459831884 0.2995026696231311 0.4674021015133438 9 186 508
1.1745767966701077 0.2754657752046774 0.4984224710268743 9 186 528
1.1155454143103558 0.2731486061727626 0.5260595702380442 9 186 541
1.072913239810293 0.26617788543750986 0.5448689486764835 9 186 552
1.032268200882489 0.2684166751527086 0.5647303806018587 9 186 561
1.1941134521288017 0.26972349947028373 0.48370048187944903 9 187 525
1.023260206125869 0.26337522007313496 0.5641058247851825 9 187 564
0.9528652192174942 0.26599809713023825 0.5983761743652952 9 187 581
1.2327509262510024 0.27041772668100017 0.46110726121977264 9 188 517
1.119429510180794 0.27180285982315544 0.5158866428085433 9 188 540
1.0103682515370471 0.26279029410156873 0.5663429745662178 9 188 567
0.9454403230848631 0.2599376300714926 0.596931193444175 9 188 584
0.800285508021777 0.24324281505774636 0.663057626771201 9 188 629
1.2153617811401045 0.266560683623686 0.46439699556378833 9 189 521
0.9335625234004417 0.2547284301170365 0.597834513301094 9 189 588
1.2279648278994695 0.31115449775249204 0.45965615278387717 9 191 509
1.1680510944500453 0.27214770259971877 0.4801860361547525 9 191 529
0.949525796297902 0.2651544583320611 0.585014782587045 9 191 581
0.8187800261857767 0.24510578250241277 0.6442225270826332 9 191 622
1.2345165529767905 0.34757421433528934 0.46030820233280534 9 192 500
1.1171143501561889 0.2795520608645665 0.5025791214109975 9 192 538
0.9918835648297493 0.26988943893088435 0.5616477446664938 9 192 569
1.0640219124412325 0.2681059435294384 0.5220357741760128 9 193 552
1.120792494649318 0.26890203227988185 0.4902707288923116 9 194 539
0.9625554297668102 0.2599574502046562 0.5662630328777063 9 194 578
0.7996567958916823 0.24907588013458515 0.6441191725303915 9 194 626
1.142030450228505 0.26530286421228055 0.4748648718695554 9 195 535
1.0511709973194292 0.2656900462525642 0.5199228647215886 9 195 555
0.7897041647639238 0.252445012923042 0.6463576410427682 9 195 628
1.0191331801465515 0.2717356369632764 0.5332567343954846 9 196 561
1.1389526057627748 0.2615217829826575 0.4672546407498428 9 197 536
1.0811076397290262 0.2738664653414318 0.4989199088630315 9 197 546
0.9965348825163218 0.2528986155173931 0.5325052951609891 9 198 570
1.029079720984014 0.27134510732415706 0.5164643301494432 9 199 558
0.9379341345339225 0.268020058183323 0.5578156275966071 9 200 581
0.8544626871513072 0.2577547195499035 0.5976357480714327 9 200 606
0.8037998342784196 0.2573944458832802 0.6231502555526979 9 200 621
0.7839430524156987 0.2416367338091523 0.6226348709254981 9 202 630
0.9951902319243189 0.2578902185633547 0.5148777611080371 9 203 568
0.9482168548155432 0.2613483360599358 0.5397053463108534 9 203 579
1.0893932292183568 0.27664461934453 0.4669521474055214 9 204 542
1.0394114779756223 0.26845925765130385 0.4907152534101038 9 204 555
1.0092537234400536 0.26894517744935076 0.506316159206585 9 204 562
0.9369732654181233 0.259646498695596 0.5412717984471448 9 204 582
0.7892844257813172 0.24930098034323844 0.6147104012095694 9 204 626
1.0002861434528936 0.2638150878413774 0.5058007777650018 9 205 565
0.8893060946890963 0.256950692993658 0.5614234656598074 9 205 595
0.8539810316870708 0.2608057673660511 0.5805396598509852 9 205 604
1.0535364837922108 0.2602421049064332 0.4734575677300683 9 206 553
0.9974244380947976 0.26000541926798815 0.4985126940392428 9 207 566
0.7937081645098407 0.2569221292843282 0.6036871338032455 9 207 622
0.7841103212123195 0.24771048675383778 0.6065074691714101 9 207 627
0.9370556029569603 0.2718824200815084 0.5250594268094264 9 209 578
0.920549840714439 0.26858139096933265 0.5329261486123883 9 209 583
0.9774892127155157 0.2652075106143006 0.4983662688270203 9 210 569
0.908145403685618 0.2639750116643751 0.534559216055923 9 210 587
0.7738426175087207 0.24728356863866185 0.5977362443977648 9 211 629
0.980477486169379 0.26405920418293505 0.48863992759788166 9 212 568
0.9062156462470166 0.2730138142424652 0.5301777629226225 9 212 585
0.8501623988833442 0.25183371968203616 0.554826325378774 9 212 605
0.887681017371996 0.2518587945619142 0.527390147002504 9 214 594
0.9522288101702951 0.26047752290267034 0.49104901286110647 9 215 575
0.7917973982426474 0.25134193225423074 0.5713648464818829 9 216 621
0.7751268880739297 0.25178211031918285 0.580456523711703 9 216 626
0.9696177869366065 0.26938459034509177 0.47199661755784383 9 218 568
0.9284334999254735 0.2651243121183309 0.489431427902302 9 219 579
0.8390803831077338 0.2613505383783825 0.5372343727629207 9 219 604
0.8207091898883945 0.2599103700884886 0.5395446012196252 9 221 609
0.9322173649294392 0.26618104437916035 0.47587734077950694 9 222 577
0.9210481138595272 0.2642915225709961 0.4776590909083094 9 223 580
0.7533027139610906 0.8778041274773174 0.7210169046908504 9 224 465
0.7679392803580061 0.26686373102812677 0.5559571900874318 9 225 622
0.7602910383191628 0.26850154601341947 0.5606407113181855 9 225 624
0.7514588990679547 0.906703515746423 0.7233661392609452 9 226 456
1.0018018437288814 1.4589733187966947 0.7196429880325569 9 227 219
0.7652654337635134 0.9817654586637807 0.7316692370330079 9 227 428
0.7572852676910033 0.9505008002862025 0.7223143338976881 9 229 440
0.7540235799736505 0.9406742793185529 0.7216523575294514 9 229 444
0.7481615151170726 0.8503072572261345 0.6988359924754296 9 230 474
0.7620349282148979 0.2527487445844758 0.5339749583970639 9 231 625
0.7489218031079219 1.0031861140796583 0.728895351155609 9 233 424
0.7430242063370092 0.965598442892083 0.7225420872399466 9 233 438
0.7542298771157074 0.2516800541688349 0.5308878778116416 9 233 627
0.7545442708103252 1.0284596477679742 0.729300050613562 9 234 414
0.7465649073333329 0.9744027894810792 0.7168874682651751 9 235 434
0.7284462776039791 0.24926865866997527 0.5379198324648133 9 235 635
1.025433868283221 0.6669718120030232 0.47078365364296926 9 236 461
0.7489416905298687 1.0019877883342716 0.7168325441776411 9 237 424
0.7564290664490325 1.0809774321703332 0.73035115427323 9 238 395
0.7509136387106765 1.07017255080498 0.730735737454213 9 238 400
1.0531230965922675 0.6963867276463684 0.4505775939273913 9 239 448
0.7683055305830138 1.1242302038538003 0.7290272434121678 9 240 377
1.0298882809073016 0.6935568522266542 0.4596284943694362 9 240 453
0.7565504935729537 1.1055452734030655 0.7252268478672347 9 242 386
0.7589974590563293 0.24829193767492153 0.4902615450800005 9 243 623
0.9963080748339115 0.6777440879655132 0.45986404847167006 9 244 463
0.9336332005065733 0.5774686209328106 0.4704514779485476 9 244 501
0.8890889747408566 1.4524785175776613 0.730559588676465 9 245 233
0.7696559364947957 1.1911949156715944 0.731802164570889 9 245 352
0.7565780377868307 1.1735339275309107 0.7291869469541638 9 247 361
0.7574588135141342 1.1649806299641836 0.7263175545094023 9 247 364
0.749712345510571 1.144666414181129 0.7254816734703237 9 247 373
0.7472642944464354 1.1240480106219217 0.7213428148575443 9 247 381
0.9105278657014169 0.5514795969907365 0.4658746137202816 9 247 512
0.7725579232713737 1.2398497052719102 0.7347321097402536 9 248 333
0.7684853179918274 1.2260429305448628 0.7334352114747413 9 248 339
1.00161310747415 0.6912995058567806 0.4447713373626354 9 248 458
0.963088103267731 0.6666154670397768 0.46151219206747696 9 248 472
0.9438582615088744 0.6469238296005573 0.4678498476252091 9 248 481
0.9293450749503256 0.623454197523555 0.47027555599485305 9 248 490
0.7167177294689956 0.2431048287166182 0.4884144958878973 9 250 635
0.996540655461396 0.7056892631942293 0.4401173807143328 9 251 455
0.9593437211143749 0.6838993876446438 0.45703417933500434 9 251 468
0.7793571781265751 1.2985911507980665 0.7354134197723943 9 252 309
0.8935227418809921 0.6163019531770679 0.4713944715591778 9 253 499
0.7432650387843489 0.2508163790152007 0.4628966176657685 9 253 624
0.7507742697997282 1.2106130161903774 0.7229633967647794 9 254 348
0.7645081278990935 1.2819456921043477 0.7315272697809561 9 255 318
0.9476135522732438 0.6951982099292762 0.45210223562395657 9 255 467
0.7668030115293698 0.405347860039432 0.48395097403292375 9 255 582
0.7263620778914546 0.2535524031201253 0.4666552630395715 9 255 628
0.9951538773046003 0.7040230499025713 0.4208585889317462 9 256 455
0.8984819558740269 0.6536389404340142 0.46742979653379835 9 256 488
0.7132172682528386 0.24804692243850845 0.4695983802053241 9 256 633
0.7555889184903422 1.2654173279011813 0.7268101702719696 9 257 326
0.7473174276493202 1.2459946815699614 0.7265366594651604 9 257 335
0.9117087589771358 0.6848415739999942 0.46412675248626134 9 257 477
0.7717773769132144 1.3465473724809676 0.7367408856695035 9 258 291
0.8969573093020271 0.6734318304494269 0.46644126833688127 9 258 483
0.756292196429031 1.3301628069233677 0.7391141150765446 9 259 300
0.7547006628321975 1.308691572245986 0.731202762191575 9 260 309
0.8210368447208465 1.455134503253975 0.7279074198374546 9 261 240
0.8984165187917224 0.6898408979721795 0.45886139778768076 9 261 478
0.7103434079549498 0.3088425763024203 0.4700299646731272 9 261 619
0.7709959821580905 1.376362162635806 0.7345695658327499 9 262 279
0.929395417020527 0.7021812167352643 0.4387125012060291 9 262 468
0.863880955313713 0.6610997223358643 0.4689994327707101 9 262 493
0.9128178500233466 0.6991417407588021 0.44084068797438625 9 264 472
0.6835302459010344 0.30240217359523003 0.4743190205208885 9 264 628
0.7563699817388949 1.359919270146122 0.7308795089461052 9 265 288
1.0751398847925169 1.0846681627649573 0.44363989236728885 9 265 339
0.8821266653416704 0.6897086984982277 0.454204428578318 9 265 481
0.709302719394427 0.36712643462741434 0.47269946977480437 9 265 605
0.7655938696891882 1.411780577218458 0.7372010053515136 9 266 265
1.0838680427174843 1.101449064620477 0.43514348873393693 9 267 333
0.9401733408842743 0.7100572412894377 0.41458182617367245 9 267 463
0.8690059905305778 0.6882662496699301 0.45479435311633454 9 267 484
1.0726686054833818 1.096125402131927 0.4370724191172646 9 268 336
0.7881822062413948 1.4577062593202232 0.7275054783572762 9 269 243
0.7642036088192394 1.4428244501221772 0.7389309775098347 9 269 252
0.9280232553865861 0.7069930799691773 0.4138401279112718 9 269 466
0.9055905067656069 0.7060969891818318 0.428371341151768 9 269 471
0.693829548728993 0.38283022483278173 0.47268639751911223 9 269 605
0.7516454768279803 1.3812898871987045 0.7262713161087379 9 270 280
0.6737940082641967 0.35236226991776975 0.47325030938006396 9 270 618
0.7523885591099404 1.404795253588588 0.7299608880766275 9 271 270
0.8640235290733402 0.6978163287597936 0.44579978510981677 9 271 482
0.9014917055059564 0.7116422339137535 0.4211505264652353 9 272 470
0.8606448937724758 0.7027060575850257 0.43815359218658667 9 274 481
0.8531540011257623 0.7015891700188897 0.4428500214946216 9 274 483
0.8456848935192665 0.7005234368503817 0.44754717116178444 9 274 485
0.8088244944527061 0.6757927802242985 0.46118367382599024 9 275 500
0.8636119261894328 0.7019778301166142 0.4244945198968044 9 277 480
0.8202561309999574 0.6945573768299611 0.45168538108991085 9 277 492
0.7839133857311862 0.6789821818935622 0.4716408297748884 9 277 505
0.7750560292008277 0.6684430858502071 0.47445930112064505 9 277 510
0.7666034659821503 0.6567876171215115 0.4730221702096047 9 278 515
0.664771604040138 0.4320177985964422 0.4740207420810887 9 278 600
0.654441431280952 0.40776107197987965 0.4736791574816317 9 278 609
0.6273731080290043 0.3585074287094945 0.4735173401790993 9 279 629
0.8011065311415826 0.6948673355727413 0.4536953368522507 9 280 496
0.6762974102125734 0.48153735277071386 0.47400293841914354 9 280 584
0.6145388452227948 0.3528272820123852 0.47334612790542363 9 281 634
0.6729112997401556 0.5000537153094142 0.47479056782660023 9 282 580
0.6258303481771184 0.39562002110187144 0.4751217933454732 9 282 620
0.8512949725026784 0.7049593782807653 0.4108255270151884 9 283 481
0.8376922392047352 0.7015411511106477 0.4192066822981275 9 283 485
0.830294813370045 0.7004698621035212 0.4240083647931461 9 283 487
0.7600404799841534 0.6862673900199534 0.46836338319680326 9 283 508
0.7508186224644899 0.668687817605393 0.469320000829446 9 283 515
0.6165943392358404 0.38610781237303615 0.4749742300699116 9 283 625
1.0198829730033516 0.6886766669143838 0.2801973713358368 9 285 450
0.7444545940784755 0.6841793223282135 0.4676778727948425 9 286 512
0.6587773793587643 0.5215690289062693 0.4769105643220457 9 286 578
0.6321448217718135 0.47315750672674683 0.4768695753515899 9 287 598
0.6252965450612326 0.44491071527310666 0.47282441009313136 9 287 607
0.6107381405794698 0.41478084637404766 0.47361591701765526 9 287 619
0.6030963597019459 0.3785874028254683 0.467635041681822 9 287 630
0.6155712361745349 0.43619017707620134 0.47334816362187326 9 288 612
0.8046555130210535 0.7081746370279443 0.42164460402669257 9 289 490
0.7853063495983708 0.7031974336826815 0.43379075125444566 9 289 496
0.7116979820440674 0.6658869380432753 0.47418979322407373 9 289 525
0.6316606946257952 0.5001993415010961 0.47857545747524455 9 289 591
1.0171139435431567 0.6879463962081473 0.2602636103763798 9 290 450
0.7730013309850419 0.7026880829891562 0.4386404215045683 9 290 499
0.5940268924669239 0.38345345342767967 0.4647582519150608 9 290 631
0.7896368442006929 0.7014640121923699 0.4226485253981611 9 291 495
0.6044448973715334 0.41392377377783585 0.46340077263170576 9 291 620
0.744570854645622 0.6945402904625568 0.4489591802245083 9 292 508
0.7328709751875616 0.687223551659718 0.4550078515516369 9 292 513
0.7004734738615437 0.6675871373846367 0.4719561220811168 9 292 527
0.6910147243676922 0.6433611561440054 0.4709998438344818 9 292 536
0.640238781228653 0.5422724960421044 0.4751128137100231 9 292 577
0.6156726505286239 0.4684626467882036 0.46915203971511343 9 292 603
0.6230371475210201 0.5218229479973189 0.47379387729110634 9 294 587
0.86195412334129 0.6911070661966474 0.35176931478336004 9 295 480
0.7620188628117239 0.70950106134653 0.4300891462461578 9 295 499
0.6926431760189882 0.6771417537477153 0.469902870808808 9 295 526
0.6602809342396032 0.6212343783037653 0.47531087384994786 9 295 550
0.604777298653836 0.490806593527664 0.46987703535996217 9 296 600
0.5897266728115692 0.4454357370163877 0.4661332088146666 9 296 616
0.711536859665346 0.6973276437725189 0.4554887573569635 9 297 515
0.6133725142250877 0.5269302156176456 0.47176226835653856 9 297 588
0.6805408238432618 0.6685446088163587 0.46516822319014084 9 298 531
0.6760585903533909 0.6620219063147645 0.46632413158621544 9 298 534
0.6522503068928296 0.642020528620203 0.47368694955558555 9 299 546
0.5759703089351111 0.4388413417919601 0.45971284563281234 9 300 621
0.56943986561604 0.4015476995249052 0.45229298502843873 9 300 632
1.257109597269932 0.6923079463074946 0.035600529069935716 9 301 409
1.2543926521694806 0.67994644840663 0.03354169792708839 9 301 412
0.73387509636778 0.7018858379477255 0.4258770909577645 9 301 507
0.7169106633075959 0.6999349934177164 0.4377863560401263 9 301 512
0.8737318864787913 0.687827028747594 0.31367174826803446 9 302 477
0.7010102930989078 0.6964795641269437 0.4447713333500083 9 302 517
0.6189446526396891 0.6053430627924437 0.47560266773120463 9 302 565
0.5983015671306711 0.5409382804221399 0.46965810190416146 9 302 588
0.5948860763875665 0.5090205500288241 0.46165225110286734 9 302 597
0.5832014797797225 0.4994045124973352 0.4635898655207702 9 303 603
0.6769611044310053 0.6936466393244358 0.4545012520693268 9 304 524
0.6618973615740915 0.672181289521415 0.4586272008336949 9 304 534
0.6412031164305612 0.6613346604151413 0.47049401213176845 9 304 543
1.2404437648773226 0.7249970399087654 0.03854530750362839 9 305 404
0.737447490144417 0.7066506481107782 0.40984573463788454 9 305 504
0.5660808339111862 0.4292638071648027 0.4458852680219132 9 305 625
0.5879460897398625 0.5499332262596033 0.46619397725929956 9 306 588
0.55420999370275 0.40729795097013666 0.44384902363631906 9 306 634
1.2126342187811168 0.6726638777216614 0.0318345947181895 9 307 419
0.6325438936794071 0.6683992470726348 0.4687325298324212 9 307 543
1.2540381628961625 0.7615389520269779 0.02531327234132541 9 308 394
1.216098357341937 0.7258294457297054 0.042047664706359456 9 308 407
0.5829841961790938 0.5380680855844293 0.4588442219330975 9 308 592
1.1983327825544015 0.6816583755081405 0.035591293423506754 9 309 419
0.5586846654802506 0.4473489313952279 0.4430888000672013 9 309 622
1.2338923550294634 0.7824428144460895 0.037577650598971335 9 310 392
0.6747639207245528 0.702128597028345 0.43727417882702024 9 310 521
0.6601296753629375 0.6914311272909428 0.4448194006918351 9 310 528
0.582503236442667 0.5919838998955755 0.47035461871565 9 310 578
0.5552265930953015 0.40368826074472075 0.42729956957236714 9 310 633
1.1962963920972123 0.7330865508947977 0.04453795142076289 9 311 408
0.6093590156529407 0.6726319429926781 0.47370427075877397 9 311 548
1.2261320807043796 0.8046075392582828 0.04100929920696306 9 312 388
0.6393422176712416 0.6937005520460238 0.45433142561723816 9 312 533
1.2092230215679471 0.7737446594556459 0.03342719549944895 9 314 397
0.6096667123480313 0.6768496446538785 0.46434922025121583 9 314 546
0.556857290987693 0.47238330490289515 0.43493742483658937 9 314 615
0.5557575806748198 0.4442885162213881 0.42612902196487834 9 314 622
0.568015052591375 0.5416754187958381 0.44654429114833083 9 315 594
1.2124362734285334 0.8116757112736106 0.03395844347707855 9 316 388
1.160388406570012 0.6816288150137446 0.02952682829724873 9 316 424
0.6385929774399168 0.6974893819055061 0.43825176311561886 9 317 531
1.2144679359083619 0.8233013878128821 0.026341951948660958 9 318 385
1.1706868245007063 0.7517425558849963 0.03578143493598995 9 318 407
0.6689424525104901 0.704316467253219 0.40948576016344074 9 319 520
0.5771958921677518 0.6351640892876045 0.4575919253381586 9 319 566
1.2248129982356477 0.8875839887419517 0.030604988588913917 9 320 369
1.226154607141521 0.8693058686545243 0.023133107387092622 9 320 373
1.2077350574934658 0.8533266051459163 0.03209014750431938 9 320 379
1.171473755750598 0.7954518854066982 0.04045705706404501 9 320 397
0.569474322037717 0.6130129097299009 0.4523871377810529 9 320 574
0.5563455460076888 0.5393283055807971 0.4369206880185066 9 320 597
0.5565864772673446 0.376261258081678 0.379532706193199 9 320 635
1.1629406829775588 0.7826684647571555 0.037740761866210004 9 321 401
0.6375329563005647 0.6987823995616287 0.4250274428505567 9 321 530
1.154016908659357 0.7475879736150318 0.02746708820397714 9 322 410
0.5624318572540974 0.5846079573446872 0.44084898135035067 9 322 583
1.1726903032593978 0.8511071602184334 0.044204250147753976 9 323 384
1.1662656625539225 0.8418430552247225 0.046054284870774786 9 323 387
0.6689511108555768 0.7046235735106455 0.39469460258630784 9 323 519
0.6060986091741067 0.6948311516928314 0.4414317422629541 9 323 540
0.5561231949454376 0.5600149402670274 0.4335913820888855 9 323 591
0.55510857352344 0.4702978990032267 0.4026183923104516 9 323 613
0.5618065761409607 0.5829980187051156 0.433599975055601 9 324 583
0.557563140487515 0.5032532015267217 0.408657058600697 9 324 604
0.5589679245240107 0.3747441228324011 0.36185420005454194 9 324 633
1.173539817119499 0.8674977702869556 0.03942934098571782 9 325 380
1.1414650086650153 0.7592707047882474 0.026632304702363108 9 325 409
0.5616642692770815 0.6290701558210219 0.4465417800445006 9 325 571
0.5569886466946612 0.5193584423034181 0.41117780459169584 9 325 600
0.6014377808686358 0.7010907327582019 0.4366528877892224 9 326 539
0.5604477324816459 0.4095545620761394 0.36542576502734847 9 326 624
1.1300003008226536 0.7661200392797708 0.028345647236577065 9 327 409
1.0916183358070204 0.6798556131217608 0.028462817532189044 9 327 434
0.6369891408896939 0.7014643916442607 0.4044044821039754 9 327 528
0.5603888636592045 0.5891848037763587 0.42613424092078755 9 327 581
0.5581515999240739 0.500958177551261 0.392558249831753 9 328 603
0.558849915248319 0.4177357265096495 0.36201739514945475 9 328 622
1.1435616784239573 0.8451017018796054 0.03582682929618075 9 329 389
0.5654591808751587 0.3968363196382101 0.3452491589474498 9 329 624
1.1352627504981005 0.8192953271621664 0.02829857476269626 9 330 396
1.072099831230561 0.688294142907266 0.032487133308914284 9 330 435
0.6145906799919949 0.7048259401890677 0.41282682013967054 9 330 533
1.1145409675498408 0.7970113230426998 0.03222350267322893 9 331 404
1.0979517182922565 0.7369216454684402 0.023987182075737357 9 331 420
0.6319646209003946 0.7033548646462314 0.3943675868565357 9 331 528
0.5619979082696758 0.6793284202348211 0.44307319889727603 9 331 556
0.5574832895907873 0.5841837931338836 0.41217258919277033 9 331 582
0.55968238116642 0.5432878676584045 0.3917840080614783 9 332 591
0.5609721704820932 0.4522839361043216 0.35751134051265354 9 332 612
0.5649926194769317 0.39263940333631675 0.33243303383325773 9 332 624
1.1166001454110104 0.8256856324163687 0.031079624691487506 9 333 397
1.096532318440762 0.7728136107602672 0.02831083994289818 9 333 412
1.0517922656304317 0.679257326475182 0.031041850927458148 9 333 440
1.125494902607361 0.8632515843223785 0.03254057479091976 9 334 387
1.1025612341411761 0.8164917030283066 0.02944316584577189 9 335 401
1.0833885517594637 0.7542653043026775 0.022468023448601215 9 335 418
0.6017402130110745 0.6996214728860441 0.40321391004789886 9 335 537
1.0347720632285513 0.6815842991561247 0.031219307307064126 9 336 442
0.5644760131415758 0.5185816104864198 0.3637202382772886 9 336 594
0.5594205738102607 0.48761702441814414 0.3564931992235192 9 336 603
1.0653073468657839 0.7527180641895501 0.027078794258378558 9 337 421
0.5603716169647178 0.4232799959891498 0.3280079966526217 9 337 617
0.558736666758841 0.3526972793409584 0.3031946342668763 9 337 633
1.0230288256963331 0.6985983686796366 0.03753399342303565 9 338 440
0.6558167309943495 0.6819476894640044 0.3401100617700872 9 338 525
0.5712599846727224 0.687182195278254 0.4131584015959324 9 338 549
0.5565803810413442 0.6127171959032465 0.3977877196999684 9 338 573
0.7182515949570583 0.6899321392184425 0.28653383909970254 9 339 506
0.5940846750279691 0.7008082952965295 0.3953568974300652 9 339 538
1.060889733501831 0.8072194882016742 0.03633928276322029 9 340 409
0.5594472457133397 0.5701176404182084 0.3720317262808608 9 340 582
1.0636342807823211 1.114740221849328 0.14467557904484551 9 341 332
1.031954529479847 0.7348871409775575 0.028821823996896923 9 341 430
0.6760583193325773 0.6846722714769959 0.31226961874643844 9 341 518
0.562438097457133 0.3723407271648167 0.2913986441106089 9 341 626
0.9842032660033548 0.6411344194855377 0.02924189853802961 9 342 459
1.018918503018566 0.7390987259449354 0.03169286345764499 9 343 431
1.0459970861549586 0.8285521176521853 0.03749494420072774 9 344 406
1.0423207660855724 0.7745584908630113 0.020157288220122194 9 344 419
0.6126139523322947 0.6897803518096721 0.3567271915017638 9 344 534
0.5652807784293694 0.6920382494429083 0.39820235635234 9 344 548
1.009771772837345 0.7711937067325451 0.041953868268143735 9 345 425
1.0051004061437263 0.7262469738460504 0.02886166341987928 9 345 436
1.001113032007527 0.6980077009748742 0.021542238938906833 9 345 443
0.5998306592532715 0.6920069491986975 0.3647772680657184 9 345 537
0.5659654801338719 0.5294305928443324 0.33203207635669374 9 345 588
0.5642548051287959 0.4933239382085808 0.31975664925488423 9 345 597
1.1755703569858438 1.1447978627460702 0.03656286081885285 9 346 312
1.0726792465519719 1.1369623934901272 0.12246260880874327 9 346 325
1.0639338429038598 1.1258530307109003 0.12577430948759605 9 346 329
1.0248580697032603 0.8248380306827805 0.04454258362727925 9 346 410
1.0255259083696329 0.781161027436968 0.027280466560393624 9 346 420
1.0049491034333733 0.7611218110271124 0.037402620557795974 9 346 428
0.5566990616057478 0.4324916439801294 0.2991285392786016 9 346 613
0.5635154426047124 0.38062948278745434 0.27342754815094006 9 346 622
0.5584979832826716 0.3273727546190579 0.25741768697224066 9 346 635
0.991848133685145 0.6996133022149635 0.02030485696233786 9 347 444
0.6477187638899835 0.6823271328227318 0.31199603483280947 9 347 525
0.6372977906719588 0.6860992661741683 0.3224753782016285 9 347 527
0.5841361465998751 0.6930646670192127 0.371229260105971 9 347 541
1.0541900021316448 1.111553371544705 0.11492702455085912 9 349 334
1.0214363046283994 0.8130419009156307 0.028360833063648894 9 349 413
0.5638986740184696 0.4879905513592959 0.30228065140594396 9 349 597
0.5625952211422395 0.3722513579477753 0.2587715583738377 9 349 623
0.5570163527821799 0.3291036858950105 0.24699611788742204 9 349 634
0.6604469470640406 0.6812552696326015 0.28856667688260473 9 350 521
0.9919195441091813 0.7725243421333632 0.028746295514694653 9 351 427
0.56839777723636 0.6808913226447033 0.3652868054928682 9 351 548
0.555249932988864 0.4083822188116275 0.2710339465874121 9 351 617
1.134262342331149 1.1653542027659118 0.04655311811617513 9 353 311
0.5677417775110721 0.6795618359478297 0.35782961816282954 9 353 548
0.5658815800013647 0.6266175386791497 0.3387852418207593 9 353 562
0.5599094321717691 0.5939109264048963 0.3312866738422293 9 353 572
0.9622610717152218 0.7757431902217241 0.041618625534387776 9 354 431
0.963377878627802 0.722388601695523 0.019709720549237142 9 354 443
0.5650692519837188 0.5353296499739018 0.29988191898192507 9 354 584
0.5646544218914993 0.4970375619340901 0.28523764586412015 9 354 593
1.1197702348838046 1.1635729162131774 0.04906010386212767 9 355 313
1.0782667947663498 1.1387929546748818 0.07627269718257645 9 355 324
0.6104270425050469 0.6812779405341332 0.3129367733585382 9 355 534
0.6034157486238241 0.681585697554282 0.31930141864957773 9 355 536
0.5552285339492478 0.4063117970112211 0.2539415922486814 9 355 616
0.9583445326378692 0.7559375041189496 0.027616273785338485 9 356 436
0.9586900067956023 0.7381380216579181 0.020284041039950296 9 356 440
0.9389094817752714 0.7009956438879614 0.0233017052634219 9 356 452
0.5576329244501073 0.35844219480923334 0.22880099344523908 9 356 625
0.9537510861399912 0.789140907960751 0.040002761291855204 9 357 429
0.9489313633469532 0.7276398507367849 0.01997722335760943 9 357 444
0.9259394481295184 0.6978141048175204 0.028782173735300454 9 357 455
0.5807292917617803 0.6789992096317639 0.3308117393598786 9 357 543
0.5606612453390494 0.4404347659775041 0.2543622402636805 9 357 606
1.1090215563322723 1.1605019094093514 0.04299111958877866 9 358 315
0.9777972808634661 0.7966808345642984 0.016535687154102252 9 358 423
0.5533444888226773 0.4088524808577265 0.24430346285391424 9 358 615
0.5585168310878937 0.3096234408154521 0.20024228608465977 9 358 634
0.9107046696524901 0.6960223109881731 0.032074292472725086 9 359 458
0.5832079909885584 0.6778132558179442 0.32038739949175477 9 359 542
0.9395740755348285 0.7853841863111434 0.0368046657217298 9 360 432
1.0915460173986768 1.1563686593334563 0.04266519048594164 9 361 318
0.5564028923431814 0.40825042061489913 0.2288716118657237 9 361 613
0.5633956921023607 0.6190800320015968 0.3031448132578438 9 362 562
0.5633261034997847 0.5819850080241915 0.2882849289224212 9 362 571
0.5547672068200235 0.31813862372658486 0.18994179412250034 9 362 632
1.0651217927525656 1.1409557982703094 0.05094787445970783 9 363 325
0.9146916773232585 0.7600618297952229 0.03480917751522061 9 363 442
0.5615603865206344 0.5449667195030212 0.27098375234506333 9 363 580
0.562016555474369 0.5183753784659642 0.25983436508745505 9 363 586
0.5594457157121475 0.4957410515491998 0.25305061994233835 9 363 592
0.5524227580093104 0.40179520880135344 0.22155789222531852 9 363 615
1.0877242835076288 1.1657055562119545 0.03543591627725906 9 364 316
0.6189052921698691 0.6781549698563991 0.2682575827632574 9 364 530
0.5947396498733395 0.6785049508411161 0.29057576768180526 9 364 537
1.045474821214312 1.1155126461267482 0.049108128591836664 9 365 334
0.9276887228914421 0.7874327618725647 0.024293597817637513 9 365 433
0.9024796045792443 0.7208804422358255 0.020471329568101826 9 365 453
0.5597443793614537 0.4789266297879071 0.23776210629973837 9 365 595
0.5586957753582538 0.43967763262501025 0.22278471396369293 9 365 604
0.5534411601924328 0.3537653743632523 0.19272543522859276 9 365 624
1.0551621983802384 1.1302145357426157 0.04136068158265305 9 366 329
0.5621038799331537 0.5400521710055766 0.2563605547518166 9 366 580
0.5636417704582937 0.5161095387967107 0.2451830850410177 9 366 585
0.8959745779285291 0.7337312155758002 0.022009335509984185 9 367 451
0.8902620599915243 0.7166486541427028 0.020320601218742462 9 367 456
1.0714126936718886 1.1725364083004728 0.033968150005036835 9 368 316
0.561599547760137 0.638639774551091 0.2891147201639075 9 368 556
0.5622390753294854 0.5063987563439412 0.23428418338139645 9 368 587
0.899199910786586 0.7601855065417795 0.02016188073856151 9 369 444
0.8753695735875211 0.706058004052772 0.020126648172482886 9 369 461
0.8636222892502305 0.6766441506135843 0.018985446627977742 9 369 470
0.5536516773746669 0.3988894501026743 0.1939275253409114 9 369 613
1.055985948023331 1.1825316178816 0.04285844984442577 9 370 315
1.0524224398821795 1.1504095452527696 0.03293560163763498 9 370 324
0.8646755065997136 0.7058983500218298 0.025218989308851247 9 370 463
0.5888522226215989 0.6831498201996862 0.2740455178163834 9 370 536
0.5645251580397581 0.6077537687226133 0.26569879712174527 9 370 562
0.5597332647204729 0.5764017512648505 0.2572437733513748 9 370 571
0.5514743810904225 0.33112776592764903 0.1593792821508715 9 371 627
0.8824638630808335 0.7846544762728214 0.03149320674904166 9 372 441
0.8423674158237962 0.6759227720538692 0.024110785074917818 9 372 474
0.5593081303486884 0.47780204528756176 0.2085606698302982 9 372 593
0.5549735835394144 0.38196965792594817 0.17283514565685554 9 372 615
0.5445688499951522 0.3010423799321136 0.14902194018972303 9 372 635
0.8489142624019981 0.7088441127419556 0.026811678311366105 9 373 465
0.8603534086509943 0.7459489273342764 0.026654529676077177 9 374 454
0.5582333893282072 0.5254630750993148 0.22107933516285727 9 374 582
0.553843256306766 0.43699748697007035 0.18825818310117404 9 374 603
1.0247785466635635 1.1622392209433507 0.039939156598349124 9 375 324
1.0160918468300677 1.1436568779363108 0.0404132776325552 9 375 330
1.0139850177707508 1.1296338062124023 0.036536986151551876 9 375 334
0.5515720423036183 0.38689253735795814 0.16513711428940825 9 375 614
0.5502871245539959 0.3403107482050176 0.14682276887589163 9 375 624
0.852965735472315 0.7508589035341621 0.026127667414719502 9 376 454
1.0308060963795043 1.1967553140969138 0.0391414450525307 9 377 314
0.5753512442416391 0.6758207211955025 0.25562264021920633 9 377 540
0.5582900867857709 0.6647244784983555 0.267285128119122 9 377 548
0.5557697587323418 0.5465640700032428 0.219823612542416 9 377 577
0.5583866705857636 0.4621910959396258 0.18170199692514455 9 377 595
0.5494939606915491 0.3605720577890743 0.1429367347829431 9 378 619
0.8346429057001374 0.7257464666299034 0.01865292290717413 9 379 463
0.8242163140020748 0.6958467095117296 0.01600712935212334 9 379 472
0.8388262147605765 0.7601660295019983 0.024445791656679372 9 380 454
0.8126287868620379 0.6961834611537576 0.01771761498979285 9 381 474
0.8179523867222631 0.7511933829289271 0.031301913810931614 9 382 460
0.9995997169372872 1.187809614946247 0.036868054036059306 9 383 320
0.5736801139655547 0.6833493058033207 0.23604323431071417 9 383 537
0.5614860902425107 0.6618993748091682 0.2387306874284003 9 383 546
0.5604962233840051 0.6218617196030511 0.22247171278315725 9 383 556
0.5555841922255329 0.5025755082986112 0.17594869908842448 9 383 585
0.5493297186391005 0.4429924168434214 0.15642497223973129 9 383 600
0.986676703400033 1.1603583566256055 0.032912474013816695 9 384 329
0.9807460862247588 1.148225955487905 0.0334905004628534 9 384 333
0.8090904699519785 0.7695428286543043 0.03359098586424181 9 385 457
1.0025147278996718 1.2122937868584533 0.03025591241346426 9 386 313
0.9756046496536328 1.1652027989158038 0.03635854002878891 9 386 329
0.5522919679200051 0.5736442922793321 0.1971710644217397 9 386 569
0.5560449100456922 0.537741166786144 0.17787183066113554 9 386 576
0.5512509584416638 0.49071182382458645 0.16217464565771134 9 386 588
0.582306020514897 0.22737220714546846 0.01713797249005422 9 386 631
0.9844304340523344 1.1870152238862104 0.03235508266723297 9 387 322
0.60123801493293 0.2890107807972604 0.020462567785972663 9 387 613
0.5982629102566298 0.25165931604047564 0.007132222677919797 9 387 621
0.5898712417238906 0.2390992218608201 0.009968109538676773 9 387 626
0.5512260345335777 0.4997689387446478 0.15316212268103846 9 389 585
0.7851094987469662 0.7489887907400306 0.024583667086831795 9 390 466
0.7733272199136754 0.7213223108812977 0.024194066148901516 9 390 475
0.766008736865516 0.7023584154704062 0.02316942191035709 9 390 481
0.5712386868026809 0.6826358653473417 0.20925104097420588 9 390 536
0.5988947124279266 0.34375115550929314 0.032513140164307286 9 390 602
0.7588749701026865 0.7161897071149471 0.026898958278691154 9 392 479
0.5562656227769587 0.6538072329312807 0.20320854691916868 9 392 547
0.552185485479066 0.5164887164689205 0.146521388272987 9 392 580
0.9609027368607304 1.189882005036233 0.028505753923704802 9 393 324
0.5725086293186105 0.6818290096959381 0.1950683360160419 9 393 535
0.5840705476216425 0.315656184158672 0.020766299331578697 9 393 611
0.7462185102283101 0.6921664200872599 0.019477851349687603 9 394 487
0.5912030489999104 0.39363229123793664 0.04351860904392546 9 394 593
0.9486886939469843 1.2057886131383704 0.038461477571213765 9 395 321
0.575866162009952 0.6837257825452063 0.18407427050437808 9 395 533
0.559832051468512 0.6372409494446891 0.17959555794573223 9 395 549
0.5908105541629483 0.3318684248437136 0.011623209314963079 9 395 605
0.9651258088044161 1.2313168607372424 0.02840491800396583 9 396 312
0.7435257144017691 0.7233193429758367 0.026615175083115616 9 396 480
0.5669435203302677 0.30691447793258897 0.019985026598673628 9 396 617
0.5596328051761649 0.27210313421668664 0.011832061004570571 9 396 626
0.9287416155200037 1.182199088790291 0.03876453145766989 9 397 330
0.7195750273697876 0.6762467495127975 0.020436979483060114 9 398 496
0.5938420680276424 0.683666846449611 0.15284074647774726 9 398 527
0.5843982679528967 0.35179384758885535 0.012791328472264718 9 398 602
0.5551292193382683 0.29468794327729153 0.012306188406000729 9 399 622
0.9469784240974464 1.2386926171022372 0.03133504832440659 9 400 312
0.7226368184657537 0.7189255366459393 0.027103968958530622 9 400 485
0.5563134388043637 0.6343347089025246 0.1562258798042464 9 401 549
0.5524569919046507 0.5656975262440658 0.1289589232196895 9 401 566
0.5449587348048283 0.30801170895779606 0.019355169260891092 9 401 622
0.9334717638271539 1.226590746753633 0.030331177077431715 9 402 317
0.9108399041611288 1.1972137131231655 0.035725467135231614 9 403 328
0.7190424849093353 0.7241274347004055 0.01896962909776434 9 403 484
0.6612203625566997 0.6425275299644133 0.04189038268768863 9 403 517
0.5907384020019292 0.45255968834893023 0.028344951987214095 9 403 578
0.6526146128292829 0.6424987411742074 0.04620020257578239 9 404 519
0.5603901230094539 0.6842254984484666 0.16191688226292156 9 404 535
0.556148030800231 0.37060749060333364 0.022146110642409234 9 404 605
0.922886053375481 1.2415024903467402 0.03403255985155185 9 405 314
0.901529080619129 1.1871578836057712 0.026652089821084468 9 406 332
0.6680061221016451 0.6579561497784125 0.027788725524698688 9 406 511
0.5865514426242804 0.44406462569363825 0.01462621845075529 9 406 580
0.9139538306192436 1.2382306038844555 0.03247553494211375 9 407 316
0.5553309938964204 0.6828880441938008 0.15372770512503964 9 407 536
0.5685291139773192 0.4253858552663763 0.020246714580312686 9 407 589
0.5650286822896281 0.3910976973293194 0.008030008401593625 9 407 597
0.5568375575042498 0.3840290870821379 0.013406249765032685 9 407 601
0.8930039112101591 1.1980255383007143 0.026501565144130934 9 409 330
0.6868733374226712 0.7382644318188096 0.031019428864969 9 409 487
0.6791423325667145 0.699314009521276 0.021048988562654136 9 409 498
0.5536613957115477 0.6490310943582052 0.13104893350205815 9 409 544
0.5281380860232744 0.3360689917417672 0.012007936225087112 9 409 619
0.507478626325872 0.31008769538413294 0.021849204904086594 9 409 631
0.5952394620561623 0.553515291965172 0.03753346213700404 9 410 553
0.5802104230678364 0.5043795946644063 0.03054858364571289 9 410 568
0.5561328176355855 0.4391886015740343 0.025697480346407398 9 410 589
0.6718600047195605 0.7136600375449971 0.02609393693902029 9 411 496
0.5467443669152975 0.40777266936811607 0.016269855977830705 9 411 598
0.4971756563294246 0.30347614402550493 0.020317704094976907 9 411 635
0.8876877830282814 1.2318158107706312 0.03386657972968887 9 412 321
0.5341069735792207 0.39637983350486783 0.019733338522886612 9 412 604
0.5198853652040297 0.3595338295383126 0.01763544610574619 9 412 616
0.5524785077025599 0.46219798233184295 0.02163832772475649 9 414 584
0.5112088747147266 0.3652909674843363 0.020273677647500765 9 414 617
0.5116706359652617 0.3440021424896451 0.009672308002641072 9 414 621
0.6364242160981888 0.6620320847037713 0.020989454674870345 9 415 516
0.6476033138313844 0.7133151062840402 0.028585221080636325 9 416 501
0.5857572616719527 0.5715240187811768 0.028179159126337838 9 416 550
0.5824969339421374 0.5621520448231037 0.027251810962690026 9 416 553
0.540335167593654 0.45800181101157333 0.02339923660273735 9 416 588
0.4947061682114441 0.3439935553413309 0.01861237471380317 9 416 626
0.5110454654395362 0.39805435493608465 0.017243146602744952 9 418 609
0.6032813650284427 0.6395590768054473 0.02758436568291378 9 419 529
0.5360794053351535 0.48346804928492126 0.026185918137164643 9 419 583
0.5517679021783468 0.5434617291239483 0.03320632346117525 9 420 565
0.4987058691322057 0.39497333254329936 0.01989930573660703 9 420 613
0.5305606138785324 0.4980204996506905 0.029945334410990343 9 421 581
0.5052478694186686 0.4317662256159325 0.025801983413817453 9 421 603
0.6107272994405792 0.6753048043531011 0.02258435710070339 9 422 518
0.49373259333225317 0.4244079797427269 0.030307891318411828 9 422 608
0.5192904601703872 0.5023601708491148 0.03523585173684607 9 423 583
0.5110495408995057 0.46261810252263547 0.025010172156542998 9 423 594
0.48327089704206116 0.3702014513337084 0.010820652257883534 9 423 622
0.5916489131900567 0.6477468134054125 0.020962750137062613 9 424 529
0.5386159335370818 0.5283083820685246 0.021701701577573562 9 424 571
0.5007373163717999 0.4580292512040014 0.029588496017811217 9 424 598
0.48165914936417764 0.4013530296393517 0.023141698578579728 9 424 616
0.475208866528266 0.38038939359855406 0.015379265166438616 9 425 622
0.4653973392474168 0.37260061022100954 0.0225453301320524 9 425 627
0.4600192103332915 0.3413330617959369 0.013212471132210357 9 425 635
0.45544363796057863 0.3639410705737922 0.015399000221090642 9 428 631
0.562098746611456 0.6389397108609778 0.026431371169311157 9 429 538
0.5511619980082109 0.6132586572012424 0.026069729115679507 9 429 547
0.5376089588297618 0.5730102721293457 0.021431840958786585 9 429 560
0.5213271666429647 0.5364629505537202 0.02173134288985601 9 429 573
0.6787922132682483 0.9391341422524744 0.03866903741348393 9 430 435
0.477244570405012 0.43991146348861965 0.014356051996179175 9 431 607
0.5027137339340922 0.5174597571206527 0.01939601222110765 9 432 582
0.5626732964528864 0.6726074106040876 0.023911833066231347 9 433 529
0.4639404733836271 0.43909358556642464 0.019803503464499883 9 433 611
0.4591014812668467 0.4277309383375034 0.019643494022013375 9 433 615
0.49944194356584204 0.5518380469041575 0.03113161733628922 9 434 575
0.49534123056708124 0.5254819188785813 0.022545606257578843 9 434 582
0.44226873785102283 0.41089621724423786 0.025860862707111743 9 434 624
0.4867580897129993 0.49457397514298496 0.012129258031909007 9 435 591
0.46728677968569277 0.4765039221499763 0.02082867734986049 9 436 601
0.4466865698788547 0.4631569687793007 0.03795290020841269 9 436 611
0.48876541851704225 0.5212131664463211 0.0139358412033872 9 437 584
0.47748264812665353 0.4963851452729977 0.014412096021353626 9 437 593
0.4512343833525796 0.46306326799490627 0.027982201452815048 9 437 609
0.5119802540784611 0.6049522933250295 0.02494848757822199 9 438 558
0.48445354972919197 0.5403156451662254 0.02403827063425501 9 438 581
0.41947925043316614 0.3993879641589033 0.027844785088524393 9 438 633
0.5268966140762258 0.6541873534852982 0.028060115009615805 9 439 542
0.46929122889939856 0.5156004261470462 0.024451044011322143 9 439 591
0.46019658411072717 0.4876022495983099 0.020741709246322015 9 439 600
0.5687983288261271 1.5456709482634012 0.42620558982728163 9 442 245
0.5689405890489901 1.5278176573646818 0.4167899326104141 9 442 253
0.47449159562597076 0.5537459051527394 0.024007699114612535 9 442 580
0.4612142395944103 0.5043816284940377 0.014148401724255244 9 442 595
0.4041099251816396 0.40260202354082697 0.02434988454677134 9 443 636
0.5690229779228435 1.5078694566449764 0.3993812711022109 9 444 262
0.5170671605780863 0.6680150312630773 0.018843912002222574 9 445 540
0.50858343909653 0.660526717876057 0.020397707795904996 9 446 544
0.5644826268638217 1.5345794515843976 0.40834691330043915 9 447 251
0.493955174116826 0.6484339401641632 0.026943478475759175 9 447 551
0.5670427134533238 1.5207614695303144 0.3944924084013337 9 448 257
0.4390865589853511 0.5254087504729925 0.02354068443408841 9 448 596
0.5690458927153184 1.5546404115011343 0.4030065796665201 9 450 242
0.5671359398599755 1.5728506170569134 0.41154295114570605 9 451 234
0.41607172283149974 0.5116238398530071 0.030199825937521796 9 451 606
0.5690013486327141 1.539586187736854 0.38802670323603916 9 452 249
0.43369881347376116 0.5506296429522575 0.024872530801699044 9 452 591
0.4103305367987745 0.5006453319915039 0.026711585952350347 9 452 610
0.39047852497276647 0.4442544564567248 0.020831612343018557 9 452 629
0.3999660728660813 0.5008208678583626 0.030244678584082862 9 454 613
0.3833287577818111 0.4536320260575224 0.025327438630156962 9 454 629
0.47569061353593 0.6713892331030447 0.024209783811448116 9 455 549
0.4499991111629672 0.6159279206634318 0.0259847879648909 9 455 570
0.5736730915078336 1.553425148832162 0.37552817634477753 9 456 243
0.5774554397015477 1.5185699268378805 0.3483431946203397 9 457 258
0.4020957001849216 0.52462091193583 0.026580854511627283 9 457 606
0.5650367787761857 1.5798368324910308 0.3935052530149623 9 458 232
0.3693438079256497 0.4421267473191841 0.017813914551325194 9 458 635
0.5777568924151678 1.5193118917518387 0.3373660749449834 9 460 258
0.5692733197475018 1.5846196708020284 0.3802295278007519 9 461 230
0.5777804162998019 1.5451177628468677 0.3478267118196601 9 461 247
0.40739573769026827 0.5550757152316783 0.018002084260130502 9 461 596
0.5658710804100658 1.600619414802827 0.3897844079499009 9 462 223
0.5697749793648583 1.5760793883177349 0.3713332602006545 9 462 234
0.353083345762531 0.46053219574925475 0.029724145813227576 9 462 636
0.45705626464584537 0.6862928159700643 0.018373197789837148 9 463 549
0.4351575786590588 0.6348715617832861 0.017649080773035175 9 463 568
0.41379245505085716 0.5686764499799102 0.008080705996909687 9 463 590
0.4316510594224744 0.6563302474694397 0.0293325785687093 9 464 564
0.3719756843394034 0.5154603602740115 0.02231278127293601 9 465 616
0.4176645841708243 0.634778665701615 0.025892008212596407 9 466 573
0.448283931244953 0.7059432002665442 0.02185217672798312 9 467 546
0.44824556238297597 0.6931089533470767 0.014715960570978348 9 467 549
0.3986635600623828 0.6005785161411707 0.02645443452444507 9 467 587
0.35875169444246735 0.4877436016838079 0.014432313337767066 9 467 626
0.5742161760289777 1.5577262157360767 0.32624375163504205 9 470 243
0.35714631054967794 0.5088530766809227 0.014384096117061151 9 470 621
0.5748413376160322 1.5370845506199715 0.31000956450116046 9 471 252
0.574194026815744 1.5989028758158839 0.3422317128261756 9 472 225
0.5678916533707765 1.6740936501586403 0.38968113142587346 9 473 190
0.41032384858741944 0.661641801312324 0.01801621416332333 9 473 567
0.36006739112161523 0.5404752343893655 0.014553555116855632 9 473 612
0.5747072494752697 1.5749273934556962 0.32048663164700164 9 474 236
0.5759740611575059 1.5211620240600028 0.2880637423271113 9 474 259
0.3545751508540216 0.565530338951111 0.0268024508476139 9 475 608
0.5714478842455261 1.5485715722038187 0.3021217909429639 9 476 248
0.4262136039650094 0.7330136157418011 0.02411898500543952 9 476 544
0.39122394856709497 0.6335689224262695 0.01301106113320949 9 476 579
0.380262304365913 0.6109719326094538 0.014457846398050478 9 476 588
0.362226357023384 0.5851806740862417 0.018754509218875226 9 477 600
0.3618714099537039 0.5765028827451084 0.014212497440384997 9 477 602
