2.4479433388952745 0.6084720977142333 1.487376106883112 9 112 395
2.4545998801917523 0.5976816963989435 1.4869971227367191 9 112 397
2.436857017897171 0.6134956541716945 1.4719355770377307 9 115 394
2.457840660837073 0.5811121091078829 1.4706787164293342 9 115 400
2.4187840774200917 0.7869893951405477 1.4692785108869044 9 116 362
2.413745710560849 0.688698405561265 1.4684550845589521 9 116 380
2.382014264989045 0.779044525356578 1.4602965676691222 9 118 363
2.3865930513224844 0.7956192704830756 1.4549572851353072 9 119 360
2.408137062839238 0.7589617656000497 1.4535215049375705 9 119 367
2.384421950113151 0.6766900637004181 1.4538767702870345 9 119 382
2.3858949218017464 0.6659983110980097 1.4536968194420243 9 119 384
2.395743206289896 0.6394094243183073 1.4529422536675858 9 119 389
2.4010873633046317 0.7476463823657433 1.4484520365691251 9 120 369
2.4053709508029044 0.698971267427429 1.4424500512366487 9 121 378
2.4135401106537717 0.6396743802087212 1.4414520366586574 9 121 389
2.4716683962613595 0.5915517643551206 1.4379161727558634 9 121 398
2.419013496640602 0.8364494633729797 1.437674060095294 9 122 353
2.3495613802139728 0.787578319204174 1.4410095816129322 9 122 361
2.413182540792692 0.7592065922870773 1.437273043871067 9 122 367
2.4177406455664556 0.7485400458785352 1.4369249457208264 9 122 369
2.397492732932111 0.7311081982500842 1.4378677270983378 9 122 372
2.42183023585155 0.9253100646817259 1.4329531147740622 9 123 337
2.3961841535488406 0.812676326208523 1.433371866262084 9 123 357
2.442251096048367 0.6949161837453532 1.429711874065232 9 123 379
2.4396162003140036 0.6019951096051205 1.4290158697765136 9 123 396
2.4651163298361363 1.4072343244764305 1.4293171820104815 9 124 254
2.3627459435763 0.7615313942903106 1.4295226999096111 9 124 366
2.4452369694266807 1.4140459508910435 1.4249742757427173 9 125 252
2.4200725313866043 0.9697886480224693 1.4226382971275542 9 125 329
2.4230962492041215 0.9478406071370291 1.422268893845368 9 125 333
2.4034940968388936 0.87368979785662 1.4227958249432038 9 125 346
2.433119049423402 0.7108960583103192 1.4196274411226746 9 125 376
2.420413657987411 0.6016114945711812 1.419440626888084 9 125 396
2.522792672163438 1.8476507311031294 1.4183142246277414 9 126 184
2.4806089179164252 1.5421220832678684 1.418327820451379 9 126 232
2.4509413589815474 1.5038247199032035 1.4198210624488539 9 126 237
2.3999037902614027 0.8075001036793545 1.4170927162765925 9 126 358
2.421911988213368 0.7596524331678889 1.4153442442481703 9 126 367
2.4034858035368893 0.7367389491734769 1.416279011618168 9 126 371
2.4106582244291315 0.6772175023492424 1.4153400896586454 9 126 382
2.4582876515735044 1.4473426026253087 1.4133044857449084 9 127 247
2.4365281164735744 1.3890385287504252 1.4141950856766126 9 127 256
2.398281885389226 0.9284275541194668 1.4128329144464828 9 127 336
2.42720451190416 0.6886620452935801 1.409055657014414 9 127 380
2.3756997824681694 0.6598457628008069 1.4120562749549723 9 127 385
2.3941779485791863 0.6226585310711105 1.410591254620067 9 127 392
2.429611548815708 1.5628815105286002 1.4104744793348456 9 128 226
2.4351096958461387 1.552788324623518 1.4100397105451137 9 128 228
2.455574070785696 1.5235029797883706 1.4084872926407175 9 128 234
2.4246795716208216 0.8980430172140422 1.4055093789226225 9 128 342
2.4201128800582774 0.886468984765987 1.4057119012656878 9 128 344
2.3710685565741008 0.8325146621341781 1.408445909809966 9 128 353
2.374308260724942 0.8164536991215168 1.4081093598398762 9 128 356
2.3805159552040207 0.7788474232239372 1.4074102006136955 9 128 363
2.463477184311381 1.7535036755882467 1.4041246332271076 9 129 196
2.4650616011221382 1.742002984372744 1.4039310672908771 9 129 198
2.4578113186472073 1.3774088731037308 1.4015965841094928 9 129 259
2.4149517376349854 0.7646630011163512 1.3997021419014544 9 129 366
2.4271886087136836 0.6013363898135246 1.3976321385230204 9 129 396
2.443687729464218 1.6629560792462035 1.3991025795927206 9 130 210
2.4201057919557973 1.3798513914801847 1.3985810656470061 9 130 257
2.374950326304814 0.6650157924412651 1.3962886691974428 9 130 384
2.472798967440085 1.7759432951994452 1.39226387517671 9 131 193
2.4579413368654754 1.578589080079893 1.39186286760755 9 131 225
2.448056525605732 1.5163476029219174 1.392097530583421 9 131 235
2.4458363678366766 1.480355632972831 1.3919903988252509 9 131 241
2.4222751757770076 1.4503918631556476 1.3934094234340706 9 131 245
2.445861658521219 1.398289461331451 1.3913927369622678 9 131 255
2.412383477149558 0.8969012533726445 1.3900774692383147 9 131 342
2.3835008658573806 0.7790172072694465 1.3912277151290002 9 131 363
2.387326157021892 0.7140321277138979 1.3904901294014747 9 131 375
2.436155311600265 0.5903605015156761 1.3862003608200966 9 131 398
2.4950099158480046 1.760152268861488 1.384857016218264 9 132 197
2.424514828702648 1.3640843444603157 1.387085470890261 9 132 260
2.472404626070748 1.3289782741936618 1.3834325453542022 9 132 268
2.4018972561935064 0.6874563949929771 1.3839357271864627 9 132 380
2.4034930007732864 0.6386708920009037 1.383479151445847 9 132 389
2.459604982403143 1.7236249899681537 1.3814310724858605 9 133 201
2.449522232137821 1.6183130125988758 1.381448458223278 9 133 218
2.4460085855319824 1.4281301274261389 1.3804102974572094 9 133 250
2.3743216870588726 0.8328564683490246 1.381578097162098 9 133 353
2.4157500775764404 0.7701429406331733 1.3781360705670083 9 133 365
2.4384919362288437 0.5901926156132313 1.3752565243999508 9 133 398
2.461292191405416 1.7972524834778993 1.376097416969451 9 134 189
2.4685119452771556 1.715110361756032 1.3750198940560798 9 134 203
2.468383266754993 1.6788722884491245 1.3747912359047945 9 134 209
2.475196264508722 1.5550768435019604 1.3734701561189797 9 134 230
2.4669385823308114 1.510937229550762 1.373794743844714 9 134 237
2.4443813088538238 1.2880907112617455 1.3740090519511985 9 134 274
2.40644251630197 0.9464318975330348 1.374587390409567 9 134 333
2.3909861673115813 0.872766806415418 1.3752538006583825 9 134 346
2.3911182671184665 0.8123347057006733 1.374846670401253 9 134 357
2.3990038481065796 0.7253595930534793 1.3736878043411331 9 134 373
2.3962697990369417 0.6708626034054638 1.373533073614515 9 134 383
2.4039860011683247 0.6222872790476602 1.3726392672968568 9 134 392
2.445494558251697 0.5737560486653068 1.3692299589131118 9 134 401
2.440304565021971 0.5519550380896416 1.3694730211522645 9 134 405
2.4361882931574477 1.3444524792880457 1.3694184916516599 9 135 264
2.4609569212717495 1.2687018996511124 1.3670526335047772 9 135 278
2.3802832616665324 0.7842139977813875 1.370119008248536 9 135 362
2.4977182721450415 1.7934803608535457 1.3618026849980744 9 136 192
2.4576973490978444 1.74229855729372 1.3646025380608786 9 136 198
2.4711769850483263 1.6444549029526798 1.3629557502111869 9 136 215
2.447299124151551 1.6246524600038983 1.3646918822427612 9 136 217
2.480533597719776 1.5393988944257377 1.3615855473579925 9 136 233
2.4184489331419976 1.3809687148256709 1.365445677188939 9 136 257
2.40539966329567 0.9186032418603428 1.3636331807038542 9 136 338
2.3901920040620346 0.8507233275792184 1.364400936306406 9 136 350
2.4109461712450626 0.7149328534817877 1.361956279088544 9 136 375
2.3918253824897935 0.6977386693716309 1.3633383544510886 9 136 378
2.4002885780807217 0.6437365175945378 1.3623498482173544 9 136 388
2.493769667463137 1.774082553912565 1.3562156663970657 9 137 195
2.4345657514176504 1.461365134704534 1.3590788487088923 9 137 244
2.4548844828517105 1.3435769440896141 1.3567713232777492 9 137 265
2.3827788278459154 0.8720717855786402 1.3597249946006136 9 137 346
2.391271691982768 0.8178492843671992 1.3587311271619904 9 137 356
2.459632158347172 1.8105785948739832 1.3534106908152392 9 138 187
2.465788304607311 1.5655174195577142 1.3515253920984491 9 138 228
2.4372496694188963 1.357073342761081 1.3526615484487408 9 138 262
2.46421305995793 1.2875187418377787 1.3500809725151912 9 138 275
2.468956498376026 1.620791771818976 1.3458721765308133 9 139 219
2.4346635502153826 1.491388210031364 1.3480092107261044 9 139 239
2.4920873131382613 1.8054399394606162 1.3391639435697642 9 140 190
2.4152385338702023 1.710745353271266 1.345162775944437 9 140 201
2.4328644477757613 1.597635896213741 1.3430864848189898 9 140 221
2.4365405063003185 1.4745590315012083 1.3421366387380511 9 140 242
2.4445535501474347 1.4238096902040793 1.3411962128238388 9 140 251
2.447883291211322 1.4070564664830354 1.340827948497694 9 140 254
2.427295057779018 0.6222207237451038 1.3384897848267148 9 140 392
2.4297626896591034 0.5894803874105885 1.3381112853787052 9 140 398
2.453638652531008 0.534812237658278 1.3358106981700915 9 140 408
2.447488980704117 1.710578297457109 1.336734461229356 9 141 203
2.4582615678800557 1.5582674758301138 1.335050459507262 9 141 229
2.461032161207165 1.5233345064263402 1.3346383993153352 9 141 235
2.4145870215130634 0.6820058241396232 1.3344624348250778 9 141 381
2.446489518551219 1.8256037885632863 1.3316581890404326 9 142 184
2.458398500445752 1.80583738726901 1.3305188919805326 9 142 188
2.382571718105409 0.8226877497894421 1.3325236484374634 9 142 355
2.3895245196035475 0.7574041409012873 1.3316041054762386 9 142 367
2.3664141867918835 0.7668764286310888 1.3283187528659588 9 143 365
2.3743839513110268 0.7238380058755445 1.3274117836007522 9 143 373
2.400367188449742 0.6759349069278207 1.3248709328177046 9 143 382
2.4099384657469036 0.6434857434673693 1.3238683253079897 9 143 388
2.418656307070636 0.5728015006412113 1.3227699403384796 9 143 401
2.4570611258945227 1.4459613292790559 1.317591165815232 9 144 248
2.4464272340071687 1.4195213494903103 1.318447681743783 9 144 252
2.473402068871822 1.208916398950578 1.315088971303518 9 144 289
2.400983789704847 0.9129521204858513 1.3204269152886847 9 144 339
2.4371177482130277 1.3062753536624736 1.313200237583004 9 145 271
2.370668818189995 0.8711558137967247 1.3176119324842377 9 145 346
2.3946470496599455 0.7193032209850581 1.3147722147709247 9 145 374
2.3889376791473125 0.6645613670110426 1.315081159108344 9 145 384
1.6121750584548211 0.10262515513463044 1.3849298992563708 9 145 519
2.4807874713437577 1.718272201633857 1.305023883878843 9 146 204
2.483925869701129 1.6585131885464297 1.3044996501785646 9 146 214
2.437623078165414 1.4177569938480874 1.3079596581288522 9 146 252
2.4704993457268647 1.2087021997409386 1.3040558635498853 9 146 289
2.449264511709245 1.1409719432881988 1.3058051926392684 9 146 300
2.466520260312839 1.1266510145449824 1.3041195292583825 9 146 303
2.3921587414937 0.8898816752263683 1.3102470155596355 9 146 343
2.408005716489825 0.819227942296607 1.3084799946705232 9 146 356
2.3862590578175995 0.7626078347721732 1.3103200139723432 9 146 366
2.388091562917677 0.6753510285508486 1.309814506038178 9 146 382
2.4803586309985977 1.8287654360715058 1.2996690608194683 9 147 186
2.486644482427026 1.8127076609479706 1.2990068757009134 9 147 189
2.4224415776895434 1.6503855917534884 1.3046032701288524 9 147 212
2.4263944450010704 1.5921243228785447 1.3040146056191748 9 147 222
2.431868406861813 1.5819597515860004 1.3034516078881924 9 147 224
2.438919197656182 1.560349566650514 1.3026959712210786 9 147 228
2.446386873323305 1.26219816350519 1.3009112209425113 9 147 279
2.386647555919385 0.6535069970792946 1.3044818093053805 9 147 386
2.4008074800486328 0.5507253843497648 1.3027519116216255 9 147 405
2.424950730980921 1.4737037929581784 1.2980844733906816 9 148 242
2.4300137701507225 1.4221742099968446 1.2974165038364676 9 148 251
2.4072970853812503 1.3580051518886942 1.2994257149028035 9 148 261
2.4267244323340207 1.3278263877955085 1.2974229787134912 9 148 267
2.457965588967361 1.1601704232741132 1.2938039806893002 9 148 297
2.3928790567863887 0.8567548352583416 1.2991608018716427 9 148 349
1.5181668159538027 0.10505089816390689 1.382275400282971 9 148 523
2.434296683669651 1.6611335356754966 1.2920866631529395 9 149 211
2.3975045685570993 1.3964114531841865 1.2949265424639615 9 149 254
2.452128797531069 1.2288772985915433 1.2889657339687246 9 149 285
2.448876913064845 1.1933936116462962 1.2891791244680673 9 149 291
2.427039455526372 1.086012410475278 1.2910194950385843 9 149 309
2.414032322680589 0.6486440048958175 1.290953597075952 9 149 387
2.4172661734145144 0.61040003204137 1.2905125543719573 9 149 394
2.4126728716295287 0.599425609909322 1.2909357971711173 9 149 396
2.418929980113943 1.4961609052423008 1.287453002008584 9 150 238
2.41422025998579 1.471286671306372 1.2878583070008343 9 150 242
2.4549958009113664 1.1310160811670387 1.2827492588500236 9 150 302
2.3978601265511177 0.8739220725185359 1.2877948152395735 9 150 346
2.396616113334556 0.8238915635651871 1.2877767197740098 9 150 355
2.385639853976964 0.6968494391151705 1.2885224018125134 9 150 378
2.3767490135513945 0.6801763328375477 1.2893747289827542 9 150 381
2.4368788903917653 0.5611692370073491 1.282942911262935 9 150 403
2.462062769281004 1.725909630412483 1.2779650491739005 9 151 202
2.4587405298631007 1.6762304848244913 1.2781755857508292 9 151 210
2.3771842902168903 1.3974460681795955 1.285834219522325 9 151 253
2.413859877741942 1.3895116770998688 1.282037296083127 9 151 256
2.4316936594407035 1.1788882218365573 1.27964369488472 9 151 293
2.3846374241711024 0.7898903399556821 1.2834586535082644 9 151 361
2.4008860683202147 0.6645686104018546 1.2814540476172454 9 151 384
2.3843045820490048 0.615200964295751 1.283030509296255 9 151 393
2.4184242247373913 1.3384388006562697 1.2758094233438617 9 152 265
2.454539365676754 1.6998053887055202 1.267129607412178 9 153 206
2.4221913688533685 1.6765549775687496 1.2705186549706844 9 153 208
2.4539933215687304 1.113932702465482 1.265909773122419 9 153 305
2.3720498568447943 0.7944822351114553 1.2739265432079838 9 153 360
2.3996611540371924 0.697284862053773 1.2707784587290214 9 153 378
2.411251534122227 0.6647651052291271 1.2694750507588606 9 153 384
2.421798030715244 0.5882120164849731 1.2681866003504076 9 153 398
2.4558514171466332 1.7310325983637345 1.2612706635226312 9 154 201
2.419432946755198 1.2289277016840527 1.2642268436324877 9 154 284
2.428882786690886 1.2192919472564472 1.2631872157233994 9 154 286
2.447953926673738 1.176668274044372 1.2610439483642397 9 154 294
2.449087521433411 1.1537015325708284 1.2608767490438098 9 154 298
2.356929924639378 0.7171783955248283 1.2699821282078525 9 154 374
2.408559147972535 0.6372101780031016 1.2642488942808754 9 154 389
2.4358338937739057 0.549779743743967 1.261132117221373 9 154 405
2.4856403161732175 1.7175720337408418 1.252186433626438 9 155 205
2.387067838167234 0.9008396432771737 1.2616018657545682 9 155 341
2.393361347438189 0.862523378856368 1.2608456257492986 9 155 348
2.389120621271069 0.8122742449655671 1.2612247809109345 9 155 357
2.3735048404500483 0.7561936786589278 1.2628420499095832 9 155 367
2.4162428254195634 1.5623801422565058 1.253843795313005 9 156 227
2.440891834848689 1.4865476703568457 1.2509851164420385 9 156 241
2.37143704693226 0.657940045231809 1.257496684228486 9 156 385
1.3530791441717525 0.1048390390586843 1.3701425947090002 9 156 532
2.451307497895542 1.8344715099563684 1.2445205946089466 9 157 184
2.4787511186564473 1.8266301295045615 1.241406476620182 9 157 187
2.4506092111401925 1.7364997722493225 1.2444774109437584 9 157 200
2.481685026819906 1.717012688369617 1.240937907696359 9 157 205
2.4335424702945874 1.5144569818567069 1.2461310596234068 9 157 236
2.414450352143656 1.4616779169492797 1.2482248864800298 9 157 244
2.421442339450597 1.3520459930427156 1.2472972618082152 9 157 263
2.3589781680764617 0.8044830631827418 1.2536802041257127 9 157 358
1.6420840480312822 0.10538473008890537 1.3339013245812068 9 157 516
2.4475336066446665 1.5787559721039415 1.238870525698369 9 158 226
2.4251134684852387 1.3883668147872603 1.2412518589937827 9 158 257
2.438419969884441 1.3212068232713738 1.239656030877578 9 158 269
2.4474477901066476 1.2998185328399552 1.2385978280775525 9 158 273
2.419874226302456 1.264545700457572 1.2417279823235692 9 158 278
2.386178075884837 0.8175924314556438 1.2451440937194511 9 158 356
2.397216482112216 0.6859711641192104 1.2437433827375521 9 158 380
2.4528972134527915 1.683461421807657 1.2325639791250809 9 159 209
2.4163619467817936 1.551563378235222 1.2367182265779402 9 159 229
2.431127635984485 1.209068912054275 1.2347310849053104 9 159 288
2.3955867127347257 0.7463935948509349 1.2385119015158499 9 159 369
2.3791387864108224 0.65252810108873 1.240355261318188 9 159 386
2.425622747570899 1.752975407429238 1.2300242809655235 9 160 196
2.4373665786015746 1.4986725836748933 1.228497548022496 9 160 239
2.406359859189473 1.3782714983815816 1.2320975828339698 9 160 258
2.4077132047366527 1.3610982211350362 1.2319282465774202 9 160 261
2.4302275893928384 1.3373305332851277 1.2292537005232116 9 160 266
2.4167662723204155 0.5382951366935576 1.2304102192191013 9 160 407
1.3849785869002198 0.103948419616958 1.3521499690337455 9 160 530
2.4530420433225166 1.8370315194558855 1.2209853161181576 9 161 184
2.4325092261997634 1.5452428188297302 1.2233573219809732 9 161 231
2.4941689232991844 1.828676465886022 1.2101341889899322 9 162 188
2.4540854004979185 1.5761763163715916 1.2149905552428135 9 162 227
2.4153640748300966 1.7142823251966854 1.2139500371703482 9 163 202
2.4468437227316002 1.7133442962182563 1.2100677095603636 9 163 204
2.4466391888765746 1.6707844141888377 1.210099762539149 9 163 211
1.6425964759078613 0.10760448852861293 1.3095154848582813 9 163 515
1.4702506457052 0.10333866179571516 1.3307720901450972 9 163 525
2.4007885687424433 1.3837384594709883 1.2101379323531192 9 164 257
2.380552821176961 0.789536648677111 1.2129033573919958 9 164 361
2.4053970970421297 0.7412767940566074 1.2098159045488115 9 164 370
2.3865864515456523 0.7237299425865336 1.2121749472359076 9 164 373
2.436527061997558 1.759159774089832 1.1997033501685408 9 165 196
2.4466452206720035 1.6050396837590932 1.198518152503098 9 165 222
2.4126521497316595 1.5584112554082705 1.202856215361299 9 165 228
2.4231972292862096 0.587090123506566 1.2021327280080607 9 165 398
2.4427248799437606 1.7253007747970697 1.1931141511147092 9 166 202
2.4412359544434983 1.6701286524231056 1.193353249681474 9 166 211
2.4530774552593337 1.23228574377745 1.1922116485030367 9 166 285
2.3802798141114327 0.7123610816540433 1.2020140484292863 9 166 375
1.2536027803850436 0.10059200163126814 1.3472786509096446 9 166 539
2.3848999526279395 0.6685961308742011 1.1959766679798147 9 167 383
2.3914244740211648 0.6358933426446141 1.1951634131761282 9 167 389
2.4075275980547413 0.5922846781518201 1.1931153046200076 9 167 397
2.426946940397206 0.5758991845577781 1.1906054895645566 9 167 400
2.422651889688597 0.5264684307390245 1.1912191053273702 9 167 409
2.4028188812280558 0.5429500478418114 1.1882949779728427 9 168 406
1.7015346172115566 0.10325820415255693 1.281374338123469 9 168 513
2.4138428013068034 1.3825059334048122 1.1800070934010904 9 169 258
2.396927634435855 0.6194035151842497 1.183469109632105 9 169 392
2.457407002392818 1.5679123766753067 1.1680611900348226 9 170 229
2.407481449216926 1.439989915489025 1.175048882627979 9 170 248
2.41099241422326 1.429142054259914 1.1745934335959491 9 170 250
2.418019803287367 1.40740496180559 1.1736818717685993 9 170 254
1.139621869383585 0.0974982775511758 1.3490478506792531 9 170 548
2.436094449971666 1.6824820244136918 1.1649084476026006 9 171 209
2.4341335204927375 1.5431035572301868 1.1654626961403969 9 171 232
2.406497342319486 1.5169415293328294 1.1693035069849922 9 171 235
2.3723794528289757 0.7668249383315029 1.1700078697349237 9 172 365
2.389171219634906 0.7180563815380181 1.167789333931944 9 172 374
1.5025195419952415 0.10548160133972195 1.2922196881960555 9 172 522
1.396236112518645 0.10191687728863008 1.3069755460227381 9 172 529
2.4005104453812898 1.707111633695653 1.158171361532784 9 173 203
2.403896813562473 0.6081912871694276 1.1604678778031832 9 173 394
2.380366188355856 0.7175646502086739 1.157977982390594 9 174 374
2.4030009475696614 0.5970972371592886 1.1550917530522247 9 174 396
2.4196400665087285 0.4982358787540736 1.1529984866947245 9 174 414
2.3937710598865483 0.668411066743015 1.1506715642070136 9 175 383
1.7146118697694495 0.10707616510345042 1.2501038448081223 9 175 511
1.248442142249194 0.10270535997821872 1.3172115303341712 9 175 538
2.3898268871647366 0.7013449571827581 1.1455987230542444 9 176 377
2.388141089902979 0.6186974924073336 1.1461116662334878 9 176 392
2.4190689639270526 1.7336199380834292 1.1321567522720335 9 177 200
2.417630650635474 1.714878334106936 1.1324338303045804 9 177 203
2.4000561256284936 0.580316136906376 1.1389648223768212 9 177 399
2.407350035873939 0.5638508952039277 1.1379470295674223 9 177 402
2.4058529702610416 0.5090572176528492 1.1383579915112478 9 177 412
1.6626129540819492 0.10400469920642541 1.2493043920158582 9 177 514
1.5420301663094511 0.10380625987435554 1.267076695658453 9 177 520
2.3810477908372407 0.678837749067559 1.1358930228850141 9 178 381
2.419462601666179 0.5968910725186864 1.1304691434803926 9 178 396
2.4204162261446402 1.7167097280978019 1.1203190185480594 9 179 203
2.425684677828956 1.7003336806052234 1.1195890079859994 9 179 206
2.4079908005802544 0.6187790861757102 1.1265302017737875 9 179 392
2.3879624945833875 0.5309057969306255 1.1298983943588599 9 179 408
1.436267798476924 0.09879123528503209 1.275159659341623 9 179 527
1.1505045148146968 0.09565049517126623 1.3182768234346496 9 179 547
2.4264230179235913 0.5912249862405603 1.118260166931325 9 180 397
2.426503556110021 0.5469249088081937 1.1184334398233589 9 180 405
1.5204971016528637 0.09971679314250115 1.2585387618067272 9 180 522
1.327239204685724 0.0969801451259592 1.284456369628727 9 181 534
1.268241189129859 0.09637954137185456 1.2900823784387279 9 182 538
1.2685502658508927 0.09577937202420694 1.2830660249317716 9 184 538
1.0350923635518825 0.09576350256684496 1.3203066219179729 9 184 556
2.4184314022181574 0.5464094729855289 1.0917229487705686 9 185 405
1.73394139360909 0.10407095712096925 1.191555360941856 9 188 510
1.1368522250675748 0.09660580229152116 1.2910078158515201 9 188 547
1.0332614679331344 0.09391455054980602 1.2927868855505258 9 193 556
1.5987179330443957 0.10273110891905757 1.1772190632011943 9 197 516
2.167586001789182 2.020915919452888 1.035310510959424 9 201 136
2.2034159187195033 2.020692327835686 1.0285297472561452 9 201 139
1.2296451066981873 0.10320342381841596 1.2271299258215316 9 202 537
2.125415531788272 2.037930366921083 1.015438951675859 9 206 130
1.7634745850793738 0.10626520941154294 1.107380409499618 9 206 507
1.578214907709926 0.10422357825342776 1.144111780224847 9 206 516
0.9858677692951574 0.09705969738645337 1.2615628956941132 9 206 558
1.465164238333962 0.11102233466360412 1.1625302573059615 9 207 520
0.9343926839990022 0.0907587810099223 1.2688637606173279 9 207 565
1.4200532883459425 0.100789944375684 1.1563073359712108 9 211 525
1.1062412840997138 0.09470616489036843 1.2180650172871372 9 212 548
1.2543780333671521 0.10469786243127832 1.1834558308179366 9 213 534
0.8929930619771715 0.09487273880760627 1.256775274545436 9 214 567
0.8175261646750904 0.09219390458673349 1.2700592918646552 9 215 576
1.2158789089009567 0.09936800923843647 1.1811540635304556 9 216 538
2.071770353864003 2.030091940184006 0.9548231245270172 9 219 128
1.417492632394163 0.10618371751669331 1.1220604034435882 9 220 523
1.131761231955257 0.09860094014040466 1.1825649279196255 9 221 544
2.0816390048162603 2.042691003671076 0.9358249468444444 9 222 127
0.9082013693167348 0.09384387777031844 1.2269985349364894 9 223 565
1.7214714902918127 0.10040020842678654 1.0366098235264913 9 224 509
0.9788496479002102 0.09715028842008167 1.2077119439348585 9 224 557
0.8197798055393246 0.09446336673028799 1.2443917412480947 9 224 574
2.0649955292114175 2.0474815916484523 0.9229292374063149 9 225 125
1.5445414191510514 0.10556384312882905 1.0731690389591662 9 225 516
1.8684718530623403 2.043546099021871 0.9634222664919417 9 226 107
1.8623486399606786 2.031192451422342 0.9494959717429808 9 229 109
0.9884468150662677 0.09914842100050314 1.1898780477986561 9 229 555
1.8818815176298824 2.04861252953212 0.9340701086366031 9 231 108
1.3685974300369281 0.10594794512065753 1.087308546890728 9 232 525
0.8826033362967249 0.09589264419498478 1.206454533267209 9 232 566
1.1034901979956433 0.10230905532905232 1.1489254183458946 9 233 544
0.8077615023406732 0.09308081136229662 1.2220180794103142 9 233 575
1.8618249533788886 2.0448071091621203 0.9233801378190634 9 234 107
1.2499218556151472 0.10010577800377585 1.1092351686416888 9 234 534
1.8806524111018699 2.0455752320231837 0.9081786422659327 9 236 109
1.8430478100471648 2.036853235564681 0.9074262049958891 9 238 107
1.0513573513838124 0.09547745149976494 1.1456103738671635 9 238 550
1.1265748121790402 0.09799457588781901 1.1195157903276673 9 240 543
0.9651461066526912 0.0995140068124497 1.1613596192367535 9 240 556
0.9153649737837155 0.09531789982890715 1.1683010310106992 9 242 562
1.1707829067027093 0.10164679443199287 1.0834632122523589 9 247 538
1.0706201621895357 0.10050808693110547 1.1107540489157683 9 247 546
1.0110826462492137 0.09689158408718157 1.1205940109940427 9 249 552
1.2021816229045421 0.09845941046068873 1.042714175214328 9 256 536
1.0451848029900674 0.1044880448135096 1.0879262880976763 9 256 546
1.0591862622404649 0.10354029033084644 1.0772254856110801 9 258 545
1.5382210207615237 0.11138705836586671 0.9071479955423042 9 265 512
1.0406604336460703 0.10220186843015788 1.0461122909053877 9 269 546
1.5068845363568402 0.1748938882443838 0.8939729101463074 9 270 497
1.5136624328223687 0.11870063216202886 0.8933307035181155 9 270 511
0.9014176997527847 0.10156157051883252 1.0681058823861225 9 276 558
1.3932112144683177 0.11041306805708195 0.9033414735192571 9 277 519
1.3870368057109457 0.14110024510683117 0.9004638588522862 9 278 511
1.0357829867207393 0.09797991906694337 1.0176496697824544 9 278 547
1.410421714556735 0.20802644835180706 0.8867286187078722 9 279 492
1.3684820306205672 0.18486906653714807 0.8973052277041264 9 280 500
1.374420970786543 0.12087052644679686 0.897189016518838 9 280 517
1.3467902424941687 0.13328608788823304 0.8981173137200991 9 282 515
2.3898180296661327 1.7131978547071722 0.49261173029632666 9 283 209
1.3302213371865115 0.10744938081330224 0.9005447662069346 9 283 523
1.0327131383417814 0.09742625030785534 1.0018773852492338 9 283 547
0.8152849266589752 0.09890963822807541 1.072714350351545 9 284 567
2.3866581937768907 1.7066258677210904 0.48113828939525427 9 285 210
1.3093174375517203 0.16882769205774806 0.8979717126668985 9 285 507
0.9286510417866423 0.0975064746734462 1.030867813441937 9 285 556
2.4195420569605455 1.6996930010502989 0.46361570211707015 9 286 213
1.2829565008452275 0.1519685836910123 0.8997995125117065 9 287 513
2.344791000284882 1.6991931074679547 0.47682829849640984 9 288 209
1.0410864626836378 0.09702720592110814 0.9820868425766329 9 288 546
1.2911267202855456 0.21073113792947817 0.8873256683226212 9 289 496
1.2574433070098987 0.19172432910153303 0.8997492772348652 9 289 503
1.2682841245144 0.16850814210342813 0.8966757281345588 9 289 509
2.317283964837326 1.6963528057221489 0.47398878394758936 9 290 208
1.2424365633395942 0.14160824324971644 0.8989908181720402 9 291 518
0.78686349423987 0.09716274028627159 1.059162549002638 9 292 570
1.0295610087348919 1.9641327316478117 0.9044496667354514 9 294 17
1.222496815718075 0.11400549889072598 0.8956518785788374 9 294 527
0.9944311263490448 0.0952647622887498 0.9785149417672361 9 294 550
0.911444621226063 0.10267409199585542 1.0081989742361084 9 294 555
1.2693649842180363 0.21663338392300324 0.8714872686355624 9 295 495
1.23768998196226 0.21144297279206836 0.8831430345727139 9 295 498
1.2250725280786399 0.20643464803712008 0.8840767387695245 9 296 500
1.24513316302412 0.22005294459141778 0.8686019227383407 9 298 495
1.1803118720320809 0.20029556925990633 0.8931477783034645 9 298 504
2.1787569410074603 1.7395389864994972 0.4671208858890361 9 299 193
1.1610597844978803 0.12642816395393663 0.8990715422816785 9 299 527
0.8445298540684567 0.09419075534246879 1.0112582281711737 9 301 564
0.7713845275819653 0.09416968087123934 1.0386247379856668 9 301 572
0.9268539979978454 0.09901705795029492 0.9738434685783807 9 303 554
1.1755433403647393 0.22346099097415117 0.8679613737343848 9 305 497
1.1405246151628674 0.21610884062004543 0.8815974587966816 9 305 501
1.1346331425649232 0.20381165689715408 0.88428729989449 9 305 505
0.9964930392071878 1.9431841252097242 0.8670758064313783 9 307 18
1.206738585444632 0.22455776884670375 0.8483823257659281 9 307 495
0.8395123780490641 0.0960054297989591 0.9854982435120124 9 310 563
0.7532528327842005 0.09727878163397796 1.0192314795188653 9 310 572
0.9490767534146578 0.09944929755872878 0.9358743034565532 9 312 551
1.1766676799531017 0.23157889654362984 0.8333182414614857 9 314 494
1.0773662176992702 0.21903664247288168 0.8734616808435349 9 314 503
0.7187512150501938 0.09623131206707236 1.018542268078777 9 315 576
0.8601517017147284 0.09608143808684988 0.9492402747563311 9 319 560
0.8333072345730788 0.09264921962067885 0.9603620904464263 9 319 564
0.7444365712241781 0.09500509406363 0.9966391429044995 9 319 573
1.1637427176028945 0.2386691066896539 0.8042096333722759 9 323 492
1.1035376707467075 0.23207849862835805 0.8295910615230758 9 323 497
1.01364666771035 0.22258051087470987 0.8674736752056057 9 323 505
1.22297526451126 1.4460752119820768 0.7261953535200394 9 324 175
0.6676428802256416 0.09498629937790792 1.0142125739081305 9 324 582
1.3129045639847297 0.2541321051595973 0.7331675161629018 9 325 481
1.179776952795967 0.23880921008811762 0.7860223901434329 9 326 491
0.8171258239723811 0.10043062104497402 0.9390183553928755 9 328 562
0.7541027851700768 0.0949176934886059 0.9661628596673836 9 328 571
0.8692560148857602 0.09905380869875724 0.9104301567983488 9 330 557
0.6389487629037582 0.09273996259162343 1.0072256811837312 9 331 586
1.0318159637012194 0.23315646122129863 0.8275426362755933 9 332 500
0.8632805621103026 0.18572722684649845 0.9028973155574438 9 332 527
1.3002606504530956 0.26149665636995856 0.7013344041188305 9 334 479
1.278905192980622 0.2535687690483923 0.7110549243466319 9 334 482
1.1259526380571216 1.451768541166106 0.7218075099835102 9 335 164
1.156299849954493 0.2407529064481121 0.7616137191381387 9 335 491
0.8377422371783196 0.10603007076484716 0.9017005462874663 9 337 557
0.8179667772777217 0.16959012461388157 0.9045384611856973 9 338 536
0.8205772624139982 0.1438650867632264 0.9045227725642764 9 338 545
0.6366915937414059 0.09355467921824778 0.9834561357332792 9 340 585
1.084557177567088 0.2414649543955938 0.7710764530737555 9 341 494
1.0490958203458367 1.4461148786378513 0.7282712718228558 9 342 157
1.1462717892448677 0.24735717680191216 0.7313554547459971 9 344 489
0.7755823648458937 0.10018634966818452 0.9083423054471165 9 344 565
1.0197518085604274 1.4562763999237531 0.7294078699420246 9 345 151
0.7750399535945229 0.18667521937609877 0.9015033205550191 9 345 533
0.98214442861346 1.9452747347461938 0.7199333150517253 9 346 21
1.008982444509886 1.4399502669819453 0.7312376553765254 9 346 154
0.9392978548290802 0.2379203292719796 0.8199579471976288 9 346 503
0.7867447296152565 0.2111836044043912 0.8918551604915411 9 346 523
0.7656583601723994 0.1347286624379591 0.9052100783787247 9 346 553
0.6185973888208911 0.08837770821130198 0.9754852446234017 9 346 589
1.0761003121276254 0.24474292251880247 0.7488774061503376 9 348 493
0.7304051528947575 0.17270094336437625 0.9107845484780321 9 349 542
0.6795295389305518 0.09710208198105008 0.9382652599050745 9 349 577
0.9700209661543118 1.938506077008946 0.7099970425350418 9 350 21
0.7478919503058532 0.11474773369678104 0.9023373039068763 9 350 562
1.3856785117177965 0.26070553294441823 0.5861196642186179 9 352 475
1.3432600848553817 0.25897810300155355 0.6063613236471739 9 352 477
1.1949722705533283 0.2515817472843431 0.6732198387889108 9 353 485
0.7361065826396032 0.20496306351707483 0.8944897922800837 9 353 529
0.7191939637832072 0.09898097027761776 0.9077455431594705 9 353 571
0.7140880901647146 0.19149235357533645 0.9026786839163656 9 354 536
0.6978469257487501 0.15641163422995186 0.9092503853114937 9 355 551
0.6987318007868579 0.14326699861947068 0.9094748543003948 9 355 556
0.6761076891313087 0.09912522863164486 0.922548094062309 9 355 576
0.6147036037102078 0.09450518793109275 0.9523310577624189 9 355 586
1.0374741271968193 0.2462146471452269 0.7340216262973749 9 357 494
0.6887739377779243 0.17362359800187688 0.9039752883340157 9 358 545
0.6146937584665626 0.09586330099417728 0.9412344005013125 9 359 585
1.2392295591916618 0.26493101306596756 0.6228974341191021 9 360 479
1.1738415948420742 0.25673372770318326 0.6514959099554668 9 361 484
0.8394201658610805 0.23906925440986027 0.8141861824708407 9 362 508
0.680443797582228 0.20063990855562897 0.8949538170318763 9 362 535
1.1574067669283343 0.25538946362955706 0.6518173558304778 9 363 485
0.7059848897896268 0.21780112227107662 0.8784175691393004 9 363 526
0.6649456729820431 0.10056678017654741 0.9049058640847876 9 363 576
0.7228148680831257 0.22437899164680186 0.8666674665661918 9 364 522
0.6515472428139699 0.1594529912710082 0.905658033952053 9 364 554
0.6561235404349848 0.18823579074736518 0.8989842704019233 9 365 542
1.0246104261678632 0.24980628123942783 0.7072004929738365 9 366 493
0.6486273085105421 0.11738002589451857 0.9035940655360643 9 366 571
0.7879753178452351 0.23708761409438128 0.8239117584988063 9 367 512
0.6669879728428216 0.21313421174317593 0.8863838677366815 9 367 531
0.8600996353466643 0.24250403621374972 0.7838047337616896 9 368 505
0.6289876038488693 0.1500172199828832 0.9061129085947857 9 368 560
0.6437749752874571 0.09611657053716682 0.9014663944833875 9 368 580
1.2582040515997956 0.27130962329272224 0.5758910910742967 9 369 476
1.220328508075203 0.2658340738779841 0.5955005718757826 9 369 479
0.8525958627022421 1.1070043619036174 0.7309575149110581 9 371 231
0.9661425894886417 0.249462364885092 0.7188865336965253 9 371 496
0.6213728736830135 0.14415254132112287 0.901833957830809 9 371 563
0.6225276280165786 0.12910136315686882 0.9020530293910698 9 371 569
1.0783512704565812 0.25578223179015713 0.6532459225961704 9 373 488
0.6980910944373564 0.2306980439142221 0.8516967273487581 9 373 521
0.6499837620605593 0.2134112732744483 0.8775732446096043 9 373 532
0.8218904600176435 1.211769742396939 0.7304443597621897 9 374 197
0.8215144522622058 1.1811988107959128 0.7323170451530177 9 374 206
0.7940444054837341 1.2747348522695527 0.7379654639018096 9 375 175
0.7883290111463632 1.34353064720757 0.7336318922758132 9 376 154
1.3775225059622906 0.26052326024236416 0.48462598229555764 9 376 474
0.7771595159428595 0.24026503957001488 0.8006432056802683 9 376 511
0.8029525054714497 1.16490623675839 0.7323542026080871 9 377 209
0.6041659428463826 0.14053426401053315 0.8941055687488733 9 377 566
0.6025979325641364 0.11201412865258153 0.8965202695217994 9 377 578
0.8065082767976355 1.119860122790801 0.7294851222421375 9 378 223
0.5975861596447245 0.10378371348148696 0.8968375926444413 9 378 582
0.7834739277092138 1.1482440185870741 0.7366030621987876 9 379 212
0.7550458543120506 1.3553620271705706 0.7365591961584481 9 380 146
0.767949725112322 1.3214643353790654 0.7316013730479481 9 380 158
0.776631492094727 1.192039709680081 0.7342977882045104 9 380 198
0.7886775321761967 1.084679760914654 0.7339532659342302 9 380 232
1.3422428724945994 0.26073129740436496 0.4856104750448993 9 380 475
0.9206805384848284 0.25269194801856165 0.710688262309956 9 380 497
0.6818837484889071 0.2328850569537101 0.8390480276229617 9 380 521
0.5962274479066245 0.1639998400903726 0.8885859260930573 9 380 557
1.3620641072755255 0.3284799205804032 0.46676749706858267 9 381 457
0.6404556344817709 0.21656378714380453 0.8591353785511955 9 381 531
0.5961104096879282 0.14683830333421188 0.8868214482770853 9 381 564
0.7582089827073966 1.300750729559554 0.7310243814372509 9 382 163
0.7760500548215008 1.0518325609198125 0.735669603450068 9 382 241
1.1721822759586205 0.2596105232778563 0.568219144250681 9 382 482
0.7530643471689622 1.3587537046859575 0.7269915815222829 9 383 145
0.7638756431623386 1.2471234659134192 0.7275751970803559 9 383 180
0.7509202723536723 1.2218032653755477 0.7360138433585678 9 383 186
0.7161685991564795 0.2406830060282401 0.8111037492084399 9 383 515
0.6039364127535536 0.12699187872608397 0.8781386920043692 9 383 571
0.7556865939037836 1.1880303705542106 0.7319440070208774 9 384 197
0.7488076943271382 1.1725345116726629 0.7331367042165364 9 385 201
0.758783687013801 1.147315897879431 0.7257383016696054 9 386 210
0.7580061956801141 1.0470177178695301 0.7320102815752683 9 386 241
1.333226925707017 0.26845373207827616 0.46368688541195024 9 386 473
0.7434989646383134 1.2656948086301174 0.7237250898064566 9 387 172
0.74692099245575 1.247474010145733 0.7229192201043277 9 387 178
0.7463973679055254 1.185093698746973 0.7268610602234065 9 387 197
0.7557043089269162 1.1043012294617274 0.7264996554602955 9 387 223
0.5980618822893413 0.11091737277441416 0.8710138969177947 9 387 578
0.7506724197826347 1.1350516134086863 0.7240249678448067 9 388 213
0.7440033697913653 1.0718994660200876 0.7280100832120193 9 389 232
0.7471955373219092 1.0156704162014174 0.7295762948463167 9 389 250
0.9863750150939066 0.258082199222763 0.6424526764387499 9 389 491
0.8604770903131516 0.2529064521983512 0.7122157186344183 9 389 500
0.8265909163944352 0.24763035996443095 0.731222629122136 9 389 504
0.649492672627084 0.23062226689834409 0.8299326028594043 9 389 524
0.5823108527187542 0.15627825591627098 0.8713954573844468 9 389 561
1.3107030038955951 0.2899773151407802 0.4572679913700757 9 390 468
0.5830522875891686 0.14619320571983574 0.8687884619858317 9 390 565
1.2787365670779645 0.26365928944766537 0.4722381790848682 9 391 476
1.1814004185841842 0.2634290852411588 0.5263614932099125 9 391 480
0.5873500097333426 0.1272833849331363 0.8591215705576 9 393 572
0.5821064680122163 0.16722399051633052 0.8568389597513004 9 394 556
0.5854826263862125 0.1493127731589784 0.8560266594013155 9 394 563
0.5910870654402822 0.10390963265566533 0.8528152020435535 9 395 581
1.1378292663912917 0.2617859626822143 0.5265976104654877 9 397 482
0.5792536952343832 0.14084301681175415 0.851637623057591 9 397 567
1.0734612443641263 0.26147715909709024 0.5593247579039022 9 398 485
0.6664460294154229 0.24049870201749723 0.792910465695374 9 398 518
0.6525837552079241 0.23579744440560246 0.8011123752996613 9 398 521
0.5939659225824416 0.12150643416061457 0.8416289953332582 9 398 573
0.5928619630170675 0.10977162834051402 0.8429841909410551 9 398 578
1.2309950327445147 0.30234812690337265 0.4626509969281183 9 399 467
1.2283708544476433 0.26167922858975556 0.46245120238712323 9 400 478
1.072544570718143 1.0895352744121276 0.49211313931807776 9 402 256
1.0822853407177309 1.0845278885601104 0.4867863634868135 9 402 258
1.0798200288920976 1.0761440881849453 0.48874223133725514 9 402 260
1.2080294104851101 0.25675819080299767 0.4618790343013197 9 403 480
1.0074723739819784 0.26132992721063875 0.5781846951518355 9 403 488
0.7329711195636917 0.7182849476821469 0.7055385413868489 9 404 346
0.5852976551398532 0.14937209783265248 0.8278616614862333 9 404 562
0.6464307564017038 0.2353433992158318 0.7777251297902391 9 407 521
1.1021508668800304 1.1146677218123333 0.44798787456718214 9 408 252
0.5857756733336188 0.1531235382195001 0.8159516957442223 9 408 560
0.8474119365584512 0.2600153141317735 0.6472314345119093 9 410 497
0.6200215825760782 0.23038675004610176 0.7818117740132279 9 411 525
0.9918964862658703 0.265360279454681 0.5531827523562565 9 412 487
0.5809235680772669 0.13662347626264482 0.8085161215208249 9 412 567
0.5850299357781656 0.1299880291431469 0.800768262925619 9 414 569
0.7344258951187213 0.25498994465847524 0.6988538985195742 9 415 506
0.577836984964621 0.16792470868178644 0.7940097461866752 9 417 554
1.0924354988181784 0.253884981668557 0.4655563204012445 9 419 485
0.6071228699098368 0.23409975022580032 0.7627812354914214 9 420 524
0.5768663038416935 0.14292145077057206 0.7848382340970874 9 421 564
0.7427444372687555 0.25468019918095264 0.6710472496636143 9 422 505
1.0535615580924451 0.255829978115491 0.46966498525746503 9 424 486
0.8304178697137281 0.2573547698261156 0.6093862630856659 9 424 498
0.5737405199236498 0.17431367760713923 0.7702330915706812 9 426 551
1.033274127421598 0.7014557300229711 0.4392740893169256 9 427 359
0.6707361278256172 0.24418105379324329 0.7010133648182775 9 427 514
1.007748973161965 0.6853575186981925 0.44858121048135335 9 429 363
1.0031421941157808 0.6992401827165188 0.4465385221522342 9 430 359
0.854189842411933 0.26615164621195897 0.5620762041688492 9 433 493
0.9576964685417162 0.6924243810690996 0.44874171033653765 9 437 360
0.9227312252185587 0.6492100408200889 0.47482123736890314 9 437 372
0.9564765125950516 0.6819273570630866 0.44639393733002386 9 438 363
0.922863570089064 0.7001594630702617 0.4632916569142642 9 439 357
0.9388757736320583 0.6807583607534167 0.45028097433366376 9 440 363
0.9027819705594573 0.6986228449373197 0.45372141086833495 9 445 357
0.6107993416026958 0.24062374345931348 0.6818826474263205 9 446 519
0.8718617535698006 0.6663784693190777 0.4694561028053501 9 447 366
0.8714611378608252 0.6564374197356648 0.4704877198561408 9 447 369
0.868870268619967 0.6431207668392105 0.4732609579391509 9 447 373
0.8689114022197806 0.6299732236358428 0.47423860710853916 9 447 377
0.8945032702014599 0.7013638441691432 0.44762040541943326 9 448 356
0.8571506420482857 0.6786045190183165 0.4560204371747072 9 453 362
0.842889583320962 0.577153773916115 0.47381703573543943 9 453 393
0.8428941584980947 0.5643095405049686 0.4748199219739242 9 453 397
0.6228583305750433 0.24901017675677717 0.6452969112464673 9 455 514
0.6103205328769423 0.24403605488268387 0.6544058941268189 9 455 517
0.5977612860709014 0.23921686129862563 0.6635175576327119 9 455 520
0.8280673256617266 0.6474981176978807 0.46748669829307765 9 456 371
0.8302885037966417 0.6185837452530952 0.4682291414207851 9 456 380
0.8316123287840469 0.6089745929769098 0.4680674116149963 9 456 383
0.5753676934941276 0.22412638198137058 0.6772862391484779 9 456 528
0.8360901247868815 0.5448997745187532 0.4663427832812008 9 457 403
0.8441806532012333 0.69741237846952 0.44479811073849085 9 458 356
0.8238313276202316 0.5703900683197947 0.4692282896288613 9 458 395
0.8256496574053447 0.6087025275926777 0.4612081520148572 9 459 383
0.8503131829998398 0.7045248223168442 0.432383614165865 9 460 354
0.7349335454973576 0.26549593758293133 0.5492355443849579 9 460 499
0.6948129166793979 0.2567333720310312 0.5782846819519167 9 460 505
0.6056308215615478 0.24666159906714313 0.6420993663200676 9 460 516
0.8083202125436999 0.6400055088399372 0.4599168458067575 9 462 373
0.8051417674127288 0.5355531747811163 0.4706497935378784 9 462 406
0.8287523604241176 0.25577710980673973 0.47655831586648834 9 462 496
0.7916024893811398 0.5201396282377104 0.4743351673395644 9 464 411
0.5860527753154692 0.23499385483145896 0.6447178658387659 9 464 522
0.7898349915676752 0.6867435518199183 0.4546791052683741 9 466 358
0.5798055150524104 0.22592662450397427 0.6438686572711284 9 466 526
0.5617366241014905 0.19800019925473367 0.659179503373052 9 466 539
0.7755573140062684 0.6572596054491642 0.46377353025035006 9 467 367
0.7766887482562113 0.5790861471364662 0.46941980893823443 9 467 392
0.5600037462334739 0.09762485777800634 0.6657454536268723 9 467 580
0.7742769630485984 0.6289134718769442 0.4634353753495284 9 468 376
0.7668287511463912 0.6130527098543785 0.47014873961245685 9 468 381
0.6856781286647677 0.26231198884245166 0.5547670518530479 9 469 503
0.5966083070800567 0.2417093260918005 0.6212265153135923 9 469 518
0.7747397457466585 0.47416888803176976 0.46881380549516294 9 470 426
0.807985070315012 0.31540839537576487 0.4578487447788786 9 470 477
0.7676245755520295 0.6850734727224057 0.45274515288438266 9 471 358
0.560526809656956 0.1699262394588329 0.647465558154755 9 471 550
0.767264660104328 0.6945220012574567 0.44858930424443 9 472 355
0.7510534840622358 0.615531190710141 0.4671390602740977 9 472 380
0.7483054212368327 0.5847268759832345 0.47175073136752 9 472 390
0.5714734644795896 0.1490818782029788 0.6382013055493037 9 472 557
0.5694554733693735 0.1271681825021681 0.6385296669829124 9 473 566
0.5993688143221734 0.24240303995744894 0.6005518223110813 9 475 517
0.5748590326267042 0.23028325776632408 0.619736224349532 9 475 524
0.7273311321598104 0.6697253328064525 0.46583492706519447 9 476 362
0.7371725428848905 0.6426071372720968 0.46084286270658525 9 476 371
0.7854718471680617 0.27302805144323994 0.45656633964356264 9 476 492
0.5743363151779044 0.10253783481127876 0.6279959342314761 9 476 575
