2.435044441884125 1.2308319722742123 1.2199325852823888 9 3 426
2.4398619825437526 1.2177275476318257 1.219524782729899 9 3 429
2.427581431263126 1.1891122106176337 1.2157296054149278 9 3 434
2.43439058764879 1.1768300654304613 1.215639627820619 9 3 437
2.4430730884770875 1.169997701681479 1.2162131396009106 9 3 439
2.4551938189452787 1.068588193930876 1.20554871160639 9 4 461
2.439294159311441 1.022250143958096 1.1999658606890231 9 4 470
2.4333170781577964 0.9977292219562688 1.1973187550417144 9 4 475
2.4293931906538084 0.9695048129034538 1.1946445180708198 9 4 481
2.443558209859071 0.9505735849809068 1.194968482634981 9 4 486
2.4615321957799905 1.1320548361751295 1.2068872517807245 9 5 448
2.449782637428771 1.0341503784861057 1.1979328881246625 9 5 468
2.4425398068685813 1.3183153499054039 1.2142882053253499 9 6 409
2.4700979204941858 1.3082910438122617 1.2169303192602186 9 6 413
2.445221664559302 1.1942928653937896 1.2008314354576737 9 7 434
2.4682538883584644 1.1240986389020788 1.1983777795803254 9 7 450
2.4677606480111782 1.1095618031663688 1.1972269862462512 9 7 453
2.4461767081673793 1.0559350804046088 1.1905683341895092 9 7 463
2.4486538575705836 1.0426512662391114 1.1898742462041723 9 7 466
2.4352997264628153 0.9477340938678919 1.1811228593269685 9 7 486
2.484237538707396 1.0951442348777416 1.1937825283071088 9 8 457
2.450984679305435 1.2054992776012303 1.189130158906786 9 10 432
2.4599395002200533 1.1937494864015652 1.189332406246099 9 10 435
2.4606933658692682 1.0735242569522436 1.1806672538314478 9 10 460
2.4590583890539923 1.1687840803252054 1.1830046370688028 9 11 440
2.463771377337088 1.274514492653844 1.1866825438087787 9 12 419
2.4844231356999678 1.0942962969827856 1.1762101360181445 9 12 457
2.4165141609460465 0.9594160046813274 1.1545444284472732 9 13 482
2.4037601988725905 0.9472430198282809 1.1522292396680949 9 13 484
2.4102423101536754 0.9399477341192429 1.1524540258661746 9 13 486
2.426052142404978 0.9751447924322222 1.1525142922924307 9 14 479
2.4377070372118803 0.9870270760769307 1.1504022875414197 9 15 477
2.456899616840621 1.070820858810591 1.1496351682468013 9 17 460
2.4529977622216226 1.2949847603843299 1.159859431875893 9 18 414
2.4484770252942236 1.2329205413018929 1.1552210206032036 9 18 426
2.448267585565552 1.2179381049920952 1.154196074603995 9 18 429
2.4365414117918367 1.0042962516788587 1.1386416055343251 9 18 473
2.4477236730849223 0.9797377009048786 1.1382002283825567 9 18 479
2.4547740487654677 1.1511993205506788 1.1460152238862744 9 19 443
2.4572806446314157 1.142290865368576 1.1456918201013948 9 19 445
2.4495107973117296 1.0400522815335356 1.1381024063474747 9 19 466
2.4459250600403637 1.015811745255122 1.1361179250483073 9 19 471
2.4856027968583136 1.0976373193187465 1.1413234484706267 9 20 456
2.447175341960779 0.960847100045916 1.1283468924360318 9 20 483
2.470036377018089 1.270221968132869 1.1464529516729267 9 21 420
2.4746471264614733 1.2465631086281523 1.1453996554838284 9 21 425
2.4554807565612915 1.2000399364672645 1.1404074976302778 9 21 433
2.4914755728184472 1.1088130280357031 1.1382306655520635 9 21 454
2.458344659435671 1.0326854103946248 1.1298788686056065 9 21 468
2.4481664955661224 1.3335620507536605 1.1437355251770263 9 22 406
2.447549406298718 1.3127663420428632 1.1423428358894578 9 22 410
2.4634490153990822 1.0715718588709797 1.1285445552891136 9 22 460
2.448514491041159 1.0437380417258715 1.1252397773887606 9 22 465
2.454902147473806 1.294913739184773 1.137416506008793 9 23 414
2.4703689422209907 1.1947445567026649 1.132644879302563 9 23 435
2.4561928314867654 1.2899753159263216 1.1281562862745937 9 25 415
2.472935308233958 1.1459841548635001 1.1209132101080093 9 25 445
2.468854752104524 1.356608512685138 1.1288989879292541 9 26 403
2.4753876622200095 1.3382622953329393 1.1284126015281926 9 26 407
2.470129685420046 1.3258721226397259 1.127148561507853 9 26 409
2.4776881458321585 1.2772393446000851 1.124915044083943 9 26 419
2.453838240828331 1.2564898699508649 1.0668678205499975 9 38 421
2.4637894798915676 1.2905488708256425 1.064837403133232 9 39 415
2.455699162028076 1.0135254193018475 1.0500070647092512 9 39 471
2.460233935723082 1.1094643096824137 1.0463478802402881 9 41 451
2.4616022241525353 1.0287135101390648 1.042437991133812 9 41 468
2.4394548288732443 0.9947288136239767 1.0390550647065993 9 41 474
2.043667623172193 2.0519625507172954 1.0567376618338034 9 42 237
2.4417055270850287 1.0796764153145324 1.0390264710667219 9 42 456
2.46333608809603 1.168704982840457 1.0404857083017265 9 43 439
2.431617566212352 1.095550177480101 1.0346204757407405 9 43 452
2.4509091572241792 0.969495012242534 1.0299664853493042 9 43 480
1.9660909061985636 2.0415268298319864 1.0413855596509565 9 44 229
2.468378677966524 1.2050178044989888 1.0380460392967654 9 44 432
2.458256731654238 1.0364890566450722 1.0293169400403723 9 44 466
2.4625466025194296 1.2891315953172409 1.0369938449313327 9 45 415
2.4788689326929694 1.218439866742286 1.0348520829089147 9 45 430
2.4600801864786725 1.1524609854636934 1.0304371855806616 9 45 442
2.4685795621851523 1.1306168057602364 1.0300207508249768 9 45 447
2.450812221169376 1.1105588301992193 1.0278225540846082 9 45 450
2.455845361765297 1.045032735950197 1.0251203591981564 9 45 464
2.4491673971672125 0.9962879004721589 1.022370136870824 9 45 474
2.4709500343559005 1.3127845699364398 1.0340406996940144 9 46 411
2.472644315190268 0.9928775194907407 1.0194635387914166 9 46 476
2.4602790231364775 1.3556253093991788 1.0305896030395205 9 47 402
2.464655511546706 1.2132312180846068 1.0244553217818835 9 47 430
2.4663345206003022 1.0475011525201299 1.01708259095776 9 47 464
2.4546163548019324 0.9601705083739149 1.0123370823001148 9 47 482
2.4350919459399503 1.283676967291346 1.0210288581932487 9 48 414
2.479029789390905 1.2586352137624024 1.0228563431930238 9 48 422
2.4534198766002033 1.1942367969787187 1.0182822403519802 9 48 433
2.4490516769945403 1.104533756846086 1.0140053708133943 9 48 451
2.4340757331520346 1.0101114130883448 1.0088091169963782 9 48 470
2.4587859697917755 0.998067447706374 1.0099274624398669 9 48 474
1.9620528981084235 2.045652633492537 1.0187002066379869 9 49 228
2.45348361534088 1.310959605430861 1.018831226726197 9 49 410
2.4642903593828636 1.2177669763061572 1.0154706149541277 9 49 429
2.4829821012042657 1.1688780488540973 1.014561134266534 9 49 440
2.4889865881976654 1.1558798685927338 1.0143871555914246 9 49 443
2.460169955483995 1.0691298234902478 1.0087109077653507 9 49 459
2.4724365054232633 1.0535067361389319 1.008832740056694 9 49 463
2.1328515604346325 2.0097554099712718 1.0141100283693554 9 52 255
2.4445099630255753 1.3433983904921751 1.0010126834038242 9 53 403
2.445279256070506 1.3698574590274366 0.9974414700731477 9 54 398
2.469855374383719 1.3057765737536653 0.991648621953429 9 55 412
2.451245434872611 1.26798334861355 0.9891046371851961 9 55 418
2.447533793682931 1.3652106692721657 0.9879938780016978 9 56 399
2.1100955365860115 2.0189542999309227 0.9894436109231286 9 57 251
2.086886715394035 2.0148513254437823 0.9786075856826534 9 59 249
2.1460245448580704 2.0204493839679567 0.9818722542258158 9 59 255
2.1519937269736595 2.0129617076224653 0.967494071748632 9 62 257
2.093607199136184 2.0144605550273313 0.9600288404689934 9 63 250
2.1823094516064727 2.0096635269572634 0.9639743081271955 9 63 261
2.2328522210084714 2.013341084403965 0.9664338387197737 9 63 266
2.4402903361173456 1.1671003570625447 0.9481266986146503 9 63 437
2.266244956455714 2.0173401004735667 0.9631315746642009 9 64 269
2.4534850000490938 1.2163388498946541 0.945737491374159 9 64 428
2.4609189912757947 1.1339792286361083 0.9434186411518241 9 64 445
2.46040983575888 1.347903965427844 0.9455478151791573 9 65 403
2.466419863796101 1.1453705452936858 0.939442071981783 9 65 443
2.4494026891541427 2.0025786543291204 0.9604206744636608 9 66 290
2.1161360412554657 2.0070075307735626 0.9417500059682534 9 67 254
2.476673704760262 1.9937109849873624 0.9560320102090457 9 67 294
2.200912123291607 2.0172570618836234 0.9406040882021347 9 68 262
2.4692656266901394 1.9763701296124934 0.9499664250619948 9 68 296
2.341317513293027 2.0173482252111343 0.9410249903243232 9 69 277
2.174914183049999 2.0182134330462937 0.9298604617874243 9 70 259
2.1952725677412497 2.013734501072948 0.9304808750496566 9 70 262
2.282016325388729 2.0163354042213086 0.9337225415603861 9 70 271
2.3943885014228616 1.9942034799498678 0.9372184948820083 9 70 286
2.2981375386197316 2.0082833087575827 0.9290451642136311 9 71 274
2.260796562460698 2.0150287212885116 0.922911891160056 9 72 269
2.3859131798474955 1.9890946325809453 0.9264600502499929 9 72 286
2.4565790590261765 1.9819077784750592 0.9286583301059869 9 72 294
2.4378513620011977 1.214550491296135 0.9080439592610038 9 72 427
2.445582904268191 1.1920133942174915 0.9077180764035093 9 72 432
2.268230691231583 2.007612286288383 0.9179594826076711 9 73 271
2.351478355934213 1.9927112380119423 0.9202769769112881 9 73 282
2.397940119302663 1.984048792972587 0.9215616640661362 9 73 288
2.4740765485504204 1.9798279646671348 0.9239188848364045 9 73 296
2.4475867695070455 1.2482619830811548 0.9045773314694007 9 73 421
2.298755898071811 1.9966960437041206 0.9085705921466979 9 75 276
2.452178539007969 1.9795311106391817 0.9126997902173029 9 75 294
2.453819890922226 1.204284554942244 0.8943610867826451 9 75 430
2.4110565002973385 1.379793308334553 0.8925241095288099 9 76 393
2.4302917226757823 1.231445425263236 0.8896624642092763 9 76 423
2.4243802708044595 1.363711076255503 0.8830361430478648 9 78 397
2.4195554717364143 1.314561787734768 0.8818624442795578 9 78 406
2.4456692033574496 1.2931706977842174 0.8820673519011076 9 78 412
2.424052837650997 1.3257308805318928 0.849075156141446 9 85 404
2.4366313199758594 1.2831990601982146 0.8391207217883528 9 87 413
2.4233753419322888 1.3939508119568078 0.8309206749768527 9 89 391
2.434531286267778 1.3503627200380175 0.8304727632482148 9 89 400
2.4193090787260245 1.3284381188607626 0.8252811662709871 9 90 403
2.431018509644896 1.4128382901178418 0.8118421522449796 9 93 388
2.423874662931373 1.340200455307949 0.8063184118382581 9 94 401
2.439959809761739 1.4491717572749094 0.8024269707900565 9 95 382
2.4367189795938544 1.3933049136326892 0.8019704508189449 9 95 392
2.4378005194829715 1.4207659235375463 0.7973115946552893 9 96 387
2.4386023923429314 1.4759394481492318 0.7878482158285608 9 98 377
2.451220182056425 1.404294923017032 0.787401583479407 9 98 391
2.422049004381769 1.3655194359932132 0.7872637695937498 9 98 396
2.4454429018072092 1.3909563412648474 0.7824601157874221 9 99 393
2.4298831366783977 1.5052947088084867 0.7731796645823047 9 101 371
2.4457530539378887 1.4787922451151478 0.7729770776226936 9 101 377
2.426595449799929 1.4590729948422148 0.7582741552214172 9 104 379
2.438158870276515 1.4254935749388498 0.7581089280989725 9 104 386
2.435424880481622 1.4571655534350731 0.7482795375128888 9 106 380
2.4489251080381855 1.451880775967429 0.7480894857193697 9 106 382
2.409299264593239 1.5123464211083113 0.7436615842720332 9 107 368
2.4304053573599833 1.4548053986304963 0.7384632685714336 9 108 380
2.4225293697366914 1.4956795099127924 0.7285604465833418 9 110 372
2.398567450473849 1.5181745175799999 0.7090769303331288 9 114 366
2.43881697401487 1.2124478483971952 0.5842647990482925 9 140 425
2.4200476628332392 1.1752680784997465 0.5865025228835128 9 140 431
2.4044322621124827 1.2469399402707755 0.5806161869467991 9 141 416
2.4278919372692385 1.1879166084097081 0.5807878219256257 9 141 429
2.4301987100391473 1.4234590356654497 0.5687867237457753 9 142 385
2.408086338194495 1.2900788910005794 0.5742155028679223 9 142 408
2.39587603888658 1.1618004704211282 0.5788326867970022 9 142 432
2.434739085818844 1.118838563085143 0.5775146164068214 9 142 443
2.4424920909381114 1.4508996423168827 0.5620480417796327 9 143 381
2.411612654360303 1.1869815493152234 0.5673454247191683 9 144 428
2.4119430629520546 1.1717849043495663 0.5677978259047551 9 144 431
2.4352470161221405 1.0588323022318582 0.5697084710110472 9 144 455
2.4464025181541267 1.1217863794072762 0.5621124548653036 9 145 443
2.430821751583763 1.1019364660869313 0.563857866867109 9 145 446
2.4044723202323914 1.4846656831061875 0.548355251727288 9 146 372
2.399530889631739 1.1622077991006434 0.5593309542025036 9 146 432
2.4007256275260973 1.505528015838878 0.542835136401715 9 147 368
2.407721615837328 1.2366706941682866 0.5513898496835508 9 147 418
2.4446012078008663 1.151026695203964 0.5466647451897093 9 148 437
2.4483099724458715 1.1318426117559488 0.5470476505557349 9 148 441
2.4143750496241947 1.0764404658158673 0.5515272399666796 9 148 450
2.407192571132402 1.4575024693511336 0.5338133835801442 9 149 377
2.095432857258227 1.8146787726147287 0.5304249517380395 9 152 286
2.3843570591026153 1.4639984572467415 0.5201522123509561 9 152 374
2.090067090077148 1.8293930694815372 0.5154866807476111 9 155 283
2.391440307186656 1.4555711519362715 0.49956631711923033 9 156 376
0.5947973041884915 0.26715084990952787 0.7013862166376194 9 159 633
2.1021810527219675 1.8320188412534946 0.484469424065001 9 161 284
2.122102497457769 1.832925607542266 0.47751315185928067 9 162 286
2.425145330401021 1.0813449936563573 0.4829679720451984 9 162 449
0.5945010527235832 0.27155688046106136 0.6592552027917156 9 188 626
0.5679666369027836 0.2592763580509308 0.6580330642745549 9 192 635
0.5881416669479543 0.27051119976529986 0.6514439842185162 9 194 626
0.560746107959974 0.2578523652294273 0.6464580491606229 9 201 635
0.5783532565974704 0.2715049647815105 0.6397173717066911 9 203 624
0.5611762473658763 0.2589222173762973 0.633492421865876 9 210 633
0.5768813653399628 0.2696112431186529 0.6225633288345681 9 215 624
0.5584660122966163 0.2575096379690801 0.6212130494630559 9 219 633
0.5757445437645978 0.27009105001914097 0.61536669133999 9 220 623
1.0724763072345556 1.1086997721428742 0.43697280537673316 9 222 303
1.0767711653543515 1.087386351288903 0.435252521398175 9 223 310
1.111909610873043 0.6695885376679078 0.4669279649151596 9 224 454
1.0396116721720756 0.6639057552469101 0.4711216421209907 9 228 448
0.5539557226324872 0.25733036757723027 0.6091641055052907 9 228 632
1.0381799749604974 0.6531645689631218 0.46995166253534837 9 229 452
1.1030844921190015 0.6427607740540866 0.45805325537939795 9 229 463
0.5670168896561496 0.2672863173826565 0.6040834726344214 9 229 624
1.0833304715795324 1.112180284679107 0.40734353051537847 9 231 304
1.0722419898387765 1.0884953637140091 0.4090875870371154 9 232 309
0.9590477252184633 0.676407422678438 0.4735402412483074 9 233 433
0.6049213080978298 0.2804451327912545 0.5889694488060421 9 233 614
0.9667083682554254 0.6613958037342258 0.47110624607742835 9 234 440
1.0756521323141446 1.094032573516056 0.3987518318471805 9 235 308
0.9367302745136143 0.6689370498265168 0.4716790066030105 9 236 433
0.5530455421580961 0.2546844791546458 0.5966543046574158 9 237 633
1.061836189438877 1.1065417434804776 0.39124449688950114 9 238 302
0.8971056887255668 0.6799203483231602 0.47409156095068766 9 238 423
0.8956408077103699 0.6914330103259387 0.4707382585509634 9 239 418
1.085743888494897 1.1105752605919452 0.3795487922645936 9 240 305
0.8263606886194417 0.680842522648368 0.4800806279736634 9 242 412
0.8694104371323228 0.6352133171140142 0.47582864710406125 9 242 438
0.8327538307423226 0.6622119063436978 0.4785475296338357 9 243 421
1.0705332884308527 1.1120863525104394 0.3704989993279312 9 244 302
1.0771339162190308 1.10218013895572 0.3701782043867149 9 244 306
0.8648908531388233 0.6131480825707303 0.4748158454183899 9 244 447
0.8002753927144313 0.6826272731320178 0.4789326986586474 9 245 407
0.5602903196817506 0.263287051645867 0.5809263908128403 9 246 625
0.551444510861853 0.25326910506383793 0.5841233499011672 9 246 633
1.0638502236933638 1.1082659053312884 0.3602696984716559 9 248 302
0.7486524311218787 0.687620265962916 0.4813422624223041 9 249 396
0.7163598308447396 0.687960066000597 0.48456215488541093 9 251 390
0.7389832937312613 0.6770576246470638 0.4805830530320759 9 251 399
0.7721451465044675 0.6212288341306728 0.4796541353169521 9 251 430
0.7969516487298611 0.618350575345273 0.4741741435778377 9 251 435
0.7976768444375102 0.5990995491069264 0.47637263944786346 9 251 444
1.0712601692603527 1.1129373210369438 0.3457220196765012 9 252 302
0.7603189374698216 0.6475054116968249 0.47704964268845484 9 252 416
0.6978737936340533 0.6933468630970939 0.4798669440362853 9 255 384
0.7064967439625416 0.6837637779122918 0.4789967653468287 9 255 390
0.5590332345057902 0.26312522191620313 0.5679116011097418 9 255 624
0.5498368124066967 0.2518502560377773 0.5715621879765107 9 255 633
0.5709761645935436 0.2746882930835982 0.5620445920417503 9 256 615
1.0666190238382465 1.099991667265415 0.3331137040946873 9 257 305
0.6987602377549225 0.6400184609941219 0.4822994766127594 9 257 409
0.6664737567602323 0.697268907914888 0.4807972931078045 9 258 376
1.0719590781982584 1.0998406616675203 0.3225803641729684 9 260 306
0.6751351948491393 0.6518688382722733 0.4804720870787502 9 260 399
0.7038038698447799 0.5941993635481273 0.4808747331134112 9 260 432
0.7237214226821467 0.5761461219433217 0.4782670990451402 9 260 444
1.0702829299453533 1.1093246882277283 0.3186622759862162 9 261 303
1.0787754894927954 1.0900360021354465 0.31907439588482056 9 261 310
0.6732443811296482 0.6324690734919705 0.4814757107930641 9 261 408
0.6808000006721153 0.618840481204826 0.4813758692809238 9 261 416
0.6210206671241988 0.6919716620047329 0.4847646598847457 9 262 369
0.641719873470604 0.6863823335471329 0.48026940564264686 9 262 376
0.6100865815922637 0.7058278487387808 0.4817273184018305 9 264 360
0.632404049465616 0.6635897221784209 0.48169964709057883 9 264 385
0.5665751071754954 0.26688597485189564 0.5520476980832736 9 264 620
0.5509683966471661 0.25538724974626903 0.5575984155287971 9 264 629
0.5905995139537443 0.7154125261020554 0.4775792823323388 9 268 351
0.5991305221078439 0.6881505155445531 0.4791102677833065 9 268 366
0.6434072793297457 0.5875694036258556 0.4794554206387514 9 269 425
0.692557430096826 0.4811102184046858 0.4812867112742706 9 269 489
0.647558370116981 0.5376324623653751 0.48341502050401286 9 270 452
0.5929131129227827 0.6669154534941915 0.47789903852993415 9 271 375
0.5571708260503838 0.2615330465583073 0.5416916207392908 9 273 623
0.5503065919434015 0.2502177708911844 0.5451707927640536 9 273 632
0.6265185415112746 0.5149173792643253 0.48109695485177084 9 276 461
0.634655596849646 0.49037930467721447 0.4824265333711752 9 276 476
0.5939381915842517 0.5778289771165533 0.4772014056017051 9 278 421
0.578889883782995 0.6080255676875833 0.4750834222197035 9 279 402
0.584887631170332 0.5932679483237346 0.4755890996190457 9 279 411
0.6468995278007692 0.42737166692881 0.48097991905316767 9 280 514
0.6158484838498549 0.4698529607523996 0.47980242885884616 9 282 485
0.6215836744222565 0.4575410510090816 0.4800241585155481 9 282 493
0.563511627709216 0.2652761695807975 0.5257169821967982 9 282 619
0.5502612390016792 0.25377122667230884 0.5312474281170091 9 282 628
0.5642137392920596 0.6211158911613889 0.4698322948599887 9 283 392
0.5616222094582458 0.6908124720798727 0.45612552123638606 9 285 356
0.5855714342804516 0.5258214250172417 0.4745682888129519 9 285 448
0.5865133856461129 0.5103715570534372 0.47667383174347877 9 285 457
0.5921195996860051 0.49633050736970674 0.47720487979149295 9 285 466
0.5976954264793144 0.4823441521723574 0.4777363474173425 9 285 475
0.6191630530270587 0.44165714565415953 0.4777552346377687 9 285 502
0.6681411983395888 0.36116947188542325 0.47589774987875305 9 285 556
0.569711135566298 0.5762628085220671 0.46774720949032794 9 287 417
0.5755302999988509 0.5618410901775746 0.46828217585015003 9 287 426
0.5776102125082117 0.5463133046571126 0.47009031391828443 9 287 435
0.5629076938468859 0.6033593634199244 0.46367623923857215 9 288 401
0.5559859405874142 0.6620307760611781 0.45463107487660903 9 289 369
0.6096990237418001 0.41022978890710604 0.47835610499383907 9 289 520
0.6116178578453026 0.3961389197017304 0.4782648509195234 9 290 529
0.6176304646091508 0.3687947242930075 0.47907434027426565 9 291 547
0.55633160784248 0.2599304632267109 0.5149030906733265 9 291 622
0.5485045529425772 0.248578707705866 0.5190711975434372 9 291 631
0.6232975166945168 0.3432339764027389 0.47801380432255297 9 293 564
0.5588533451458432 0.6014991815344217 0.45408491197468515 9 294 401
0.5630336878876354 0.5254762869225886 0.4651497607864177 9 294 444
0.5856385302075214 0.4357862527071998 0.47279398167218073 9 294 501
0.5594847789717143 0.5849257021226305 0.45290413245744787 9 296 410
0.5598524866896086 0.5686232863399564 0.4554679025570318 9 296 419
0.5610167370660881 0.5528387530601311 0.45770010662085253 9 296 428
0.581129797484435 0.418813431482328 0.47348847067467936 9 296 511
0.5542198719028343 0.6649529454395964 0.43757259345261995 9 298 367
0.554724265457369 0.6299527107173124 0.441349645518539 9 299 385
0.5803692079615732 0.3904138085436044 0.4732978522552642 9 299 529
0.5662738639249931 0.4521156727168841 0.46569034972455825 9 300 488
0.5904091376051915 0.3539399207567654 0.47455024411274194 9 300 554
0.5542824871385255 0.2610345217304606 0.501580664953998 9 300 620
0.5497934012147607 0.24961706466648326 0.504918132890902 9 300 629
0.5616370379914687 0.5348852283688875 0.44964104957476375 9 302 438
0.5562839928301921 0.5963101329365016 0.4390615482922483 9 303 403
0.5569767719989803 0.5229515349855669 0.4513683771821544 9 303 444
0.5646269889059946 0.43704332654080935 0.4635832690574316 9 303 497
0.5542167038952296 0.5788191870986572 0.43903449151011026 9 305 412
0.5554759569228468 0.5629176612906017 0.4413714553978619 9 305 421
0.6085196566541162 0.27836367249213845 0.47328489387877026 9 305 607
0.5574109532337208 0.4495745739450883 0.458589344686467 9 306 488
0.5648251985022639 0.40231724466736996 0.4626790301925703 9 307 519
0.5539382099229131 0.6331181502028841 0.4240665173174022 9 308 383
0.5565272977610511 0.4701158445442183 0.4500719976893043 9 309 475
0.5583965743158448 0.44147566207573763 0.4545058191616764 9 309 493
0.5554331138148421 0.262167303029589 0.4871264500401917 9 309 618
0.5507042664778756 0.25320352521218853 0.4902756058375447 9 309 625
0.5483494838468939 0.24190118244993442 0.4930504317050341 9 309 634
0.5525983848460504 0.54547339588408 0.4344480873590649 9 311 430
0.5820744595232055 0.30004709250971445 0.4683451830058589 9 311 590
0.5554483346482937 0.6792431214637926 0.40768897932025394 9 312 360
0.5539178982451589 0.6024168828898593 0.421977707739301 9 312 399
0.5534244409502563 0.5616827558149518 0.42761106522055103 9 313 421
0.558232079367155 0.4346538456753506 0.44887894782709314 9 313 497
0.568558914845902 0.3325945107895483 0.46377940111708005 9 313 566
0.5910866882151413 0.272556833163385 0.4669786644910058 9 313 610
0.5546352720230592 0.5857902389630669 0.4209943584466131 9 314 408
0.5815016868413555 0.287144428095578 0.4659671599911617 9 314 599
0.5537020889978153 0.6602662703846177 0.4058853839600702 9 315 369
0.5549286215021649 0.4545053309203535 0.4429406425165875 9 315 484
0.5560834975186917 0.40897830098677845 0.44913754209810314 9 316 513
0.5548527014443716 0.6331386899573657 0.40660943958351525 9 317 383
0.5565717998017017 0.6164798168929323 0.4090817485986309 9 317 392
0.5548112102449838 0.44452918823442916 0.4395980245253063 9 318 490
0.5568619135207412 0.3537114544387238 0.45568589653567076 9 318 550
0.572498734087878 0.2848507385249418 0.46299960497749815 9 318 600
0.5532653382416857 0.24791230941537235 0.47650385863131983 9 318 628
0.5557830722272028 0.39939255548077407 0.44591515873351595 9 319 519
0.5659860573303938 0.3047605725593725 0.4583295041562572 9 320 585
0.5557802847328078 0.5988856739409707 0.40504964676353555 9 321 401
0.5562221096670252 0.34018036115746336 0.4518444904046683 9 322 559
0.5682955545036703 0.27202197798699695 0.4604411813593752 9 322 609
0.5552469487881143 0.4601148020839947 0.42602911320635645 9 324 480
0.5550233373411064 0.4296251745546107 0.4319234295715366 9 324 499
0.560756320283747 0.6896712066018447 0.3763014179829005 9 326 356
0.5566377259491501 0.6160787769972214 0.3919619905822839 9 326 392
0.564644043200951 0.2833382594629887 0.4531661643845797 9 326 600
0.5636837026742193 0.24648884032668528 0.4606103580958117 9 326 628
0.5575825818934095 0.44572685163985154 0.422679326540827 9 327 489
0.5537132808636401 0.435352161237757 0.4260897851544093 9 327 495
0.5513457100726825 0.3605655424336939 0.44142467756144976 9 327 544
0.5616242619345144 0.3034609811242258 0.4487540200468305 9 327 585
0.5555494345544059 0.3263900682881153 0.44323905577146594 9 329 568
0.5639311002353691 0.2708150223369635 0.4510374076860635 9 329 609
0.5528489271901567 0.4036725590176085 0.4274078030475036 9 330 515
0.5558201614878269 0.34747312678929315 0.4356931378511362 9 331 553
0.5552816503278174 0.4526659107764092 0.41159277268634653 9 333 484
0.5548785900956363 0.4207009454119915 0.41811517833609535 9 333 504
0.5559517633338719 0.3326144378043186 0.4319660649837618 9 335 563
0.5559121344696675 0.3019445152970261 0.4381541749933484 9 335 585
0.5583808879843948 0.28980610328885587 0.43966844896255663 9 335 594
0.5586870538670635 0.2777258815878546 0.44198473657790327 9 335 603
0.5608402524454869 0.23733667759614302 0.44930402526613833 9 335 634
0.5563280707933126 0.44447530037464317 0.4075438104751565 9 336 489
0.5542530286492675 0.4328544990332506 0.4106784652961398 9 336 496
0.5533240258304924 0.348849569397467 0.4213331036106722 9 340 551
0.5541887249627713 0.3273531447813426 0.42377510973194965 9 341 566
0.554640638653779 0.3977539706599585 0.4055660911193003 9 343 518
0.556120905452708 0.2763884004050983 0.4303581834503987 9 343 603
0.554317149867825 0.3018592270743861 0.4241019967198578 9 344 584
0.5568177733568985 0.2896943313561137 0.42567644099478186 9 344 593
0.558375974098352 0.23713048833242456 0.4361045108180907 9 344 633
0.5558631929963982 0.44176854514532776 0.3923372454395058 9 345 490
0.5592507754312659 0.4280072250854721 0.39390670163877584 9 345 499
0.5586292156080077 0.41330558474092255 0.39198338836582713 9 348 508
0.5541150554104657 0.3404472177323214 0.4076896042956931 9 349 556
0.5553476965007555 0.3248589344446747 0.41054530997773203 9 349 567
0.5553456272294096 0.3832545751083044 0.39627126638370064 9 350 527
0.5556359105918105 0.2762713430634955 0.4160005551836391 9 352 602
0.557611664354956 0.2669874180622452 0.41722046367178117 9 352 609
0.5611645574723875 0.6810220978789219 0.3235547466231461 9 353 360
0.5567096061161356 0.3117029008718701 0.4061833874984613 9 353 576
0.5562465387211979 0.2991973967724706 0.40910862699776906 9 353 585
0.5576739584115561 0.2394476214405939 0.42160034838177873 9 353 630
0.9342166008676229 1.2968520972696551 0.03333428802123484 9 354 229
0.5566228019668917 0.4425369368092826 0.3757978172662412 9 354 489
0.5591095382299617 0.4285265905119371 0.3778584655985311 9 354 498
0.5553531517072132 0.2867144481699314 0.41056687200731634 9 354 594
0.5555613856054369 0.4150648531636808 0.38050521279302607 9 355 506
0.5578997274389721 0.35706951742363535 0.3871995808413733 9 358 544
0.5566723048663643 0.330760629091853 0.39359731142351917 9 358 562
0.5571613901108403 0.2861433117784835 0.40337584248384195 9 358 594
0.5611984850878765 0.2541414545835835 0.40885314863473077 9 358 618
0.8618084344450099 1.3575511606130495 0.030198905152656885 9 360 198
0.8950074185122108 1.3356639155937597 0.021184201761678345 9 360 211
0.5612452474400463 0.4444475458206406 0.36263190899533243 9 360 488
0.8961444791823097 1.3017209879796585 0.02510815303188907 9 361 220
0.5585464134435546 0.2775787638358818 0.39978525762497297 9 361 600
0.5578639740109069 0.2655171818048077 0.4028076487040353 9 361 609
0.558456717018387 0.6774815417599405 0.3071248373696681 9 362 361
0.5591272098270095 0.31753458679194557 0.3887955169727926 9 362 571
0.5589024002377928 0.29516305974549284 0.3939845003912621 9 362 587
0.5584227997654251 0.2314933950046812 0.40868450205035983 9 362 635
0.5646426736987994 0.43013198591799323 0.35901097233229273 9 363 497
0.5589099858064307 0.3759669573373718 0.37383761447044195 9 363 531
0.5595964943174913 0.2533064941041532 0.40159494381015376 9 363 618
0.8488474022226631 1.338932937707327 0.026984811199141312 9 364 200
0.564878388686062 0.41560292548199196 0.360435783680625 9 364 506
0.5662734286556901 0.4076508030948306 0.3580770642827536 9 366 511
0.8356825137175101 1.3355283032600704 0.023796388349671793 9 367 198
0.7940181017247441 1.382715723848833 0.027675699355588 9 368 176
0.8700712633538543 1.2474261666194368 0.026228483869911612 9 368 229
0.5634474579178772 0.7158644314495964 0.28369833112403 9 368 344
0.5636251652502129 0.3975341889628023 0.3579965634114787 9 368 517
0.8481688706240089 1.2670050688930383 0.02484644667532887 9 370 219
0.5609309486683872 0.28161768223183664 0.3829191892033309 9 370 596
0.5593163489104758 0.26940047478535256 0.38650558480177394 9 370 605
0.5582526876243986 0.6750957231758725 0.2893198888097078 9 371 362
0.5591511803893013 0.321873289280176 0.37250856880191097 9 371 567
0.5599164815860567 0.30915090677949053 0.3751823361556397 9 371 576
0.56310929941343 0.24668179598154671 0.3885595999341074 9 371 622
0.5652242675951132 0.4291770182625265 0.3426199321729029 9 372 497
0.5590305237170812 0.2570704699974801 0.3862545629823415 9 372 614
0.7790351720546003 1.3344875005975139 0.029901321046739815 9 373 185
0.7949876827809004 1.3227102328217861 0.02563441884460438 9 373 192
0.7419263266861487 1.3754607396315677 0.03349363634423541 9 374 165
0.7334477278062943 1.406325444281257 0.02676237133530246 9 375 155
0.8126288191658206 1.282369896975795 0.02117558991263402 9 375 207
0.5648009940448339 0.4142339745655297 0.34092121743990467 9 375 506
0.56182699068996 0.3686525383272276 0.35321976439347835 9 375 535
0.7585643913276885 1.3539445384194926 0.025025567452940156 9 376 175
0.8306400148196318 1.227708766073456 0.023161696773850382 9 376 226
0.5655976840035326 0.3553894857770752 0.35296681259380297 9 376 544
0.5656014386670691 0.3998257477549977 0.34042357458382816 9 377 515
0.7972275801023367 1.2366385891300538 0.026811580634507837 9 379 216
0.561629949354482 0.28292254016988977 0.36721537594067044 9 379 594
0.5580240797852951 0.2705922924011319 0.3718708144475583 9 379 603
0.7196303318918258 1.3582667878347072 0.029270865815983704 9 380 164
0.776141554779413 1.2732769432239333 0.024361923165628796 9 380 201
0.8437980406618619 1.1531227160373372 0.02300546743935572 9 380 250
0.5660269421181096 0.30811226645940604 0.3573366759025362 9 380 576
0.5662887421726088 0.2982271437550592 0.359645526777733 9 380 583
0.5619982210820754 0.24384109497220546 0.374963481975793 9 380 623
0.731941951754967 1.332789447853643 0.026859200217465018 9 381 174
0.7482380238556949 1.3146854959598682 0.023858967463992187 9 381 183
0.7761493690838746 1.262458293349197 0.023954253165245687 9 381 204
0.5660289110010617 0.4315211072345636 0.3251764824500273 9 381 495
0.5640201023459606 0.38810158394945177 0.33680665630119067 9 381 522
0.5609134146811634 0.258221455219321 0.3702662046112498 9 381 612
0.7530271512768469 1.2858459282060135 0.025732405404504943 9 382 192
0.7705361243917195 1.2467404476978863 0.027364329025477252 9 382 207
0.5603508561501344 0.7098448483641657 0.25277450740959373 9 384 346
0.5656796527847383 0.41648342212254513 0.32355250137582225 9 384 504
0.5647976462039842 0.3617002118453785 0.33764001736045146 9 384 539
0.5689591961685893 0.3278858319179 0.3441537534432536 9 384 562
0.7844966872894781 1.1948779678373507 0.024736435834600834 9 385 225
0.5656315480453639 0.34812036835475035 0.33887888325568055 9 385 548
0.5627261527595806 0.40137283061493495 0.32506542963977436 9 386 513
0.5616213094465344 0.23627589873100574 0.36713795776577285 9 386 628
0.7075907302218458 1.3139694211061628 0.024665258457295614 9 387 173
0.7808974243924713 1.181741078856463 0.023696568708577725 9 387 228
0.5628045188385453 0.45670483364617837 0.30922801857457527 9 387 479
0.5672809850340874 0.25722194607799725 0.35754176878567406 9 387 612
0.7680522253086204 1.1922942437801747 0.024059239387644205 9 388 222
0.7902520608916199 1.1616293175240817 0.021386252210929824 9 388 236
0.8051590781299351 1.142243395278647 0.019285526592044744 9 388 245
0.5680279423326886 0.27199455939847683 0.35176069798902765 9 388 601
0.5652844461943604 0.24505639928044642 0.3598877236607295 9 388 621
0.6449903816769236 1.388539353747857 0.02924179056380871 9 389 136
0.6568419531261731 1.3671618565967698 0.029085181458747167 9 389 145
0.6779040446367175 1.3216714838708796 0.03071727941670621 9 389 163
0.7235264823709904 1.260002349198386 0.024860683607500267 9 389 192
0.6255845121931467 1.4053314254939915 0.031181164603634626 9 390 126
0.7049861411228366 1.2789748464422415 0.025818321193832094 9 390 182
0.5621444242097179 0.3897591643979781 0.3210334372183522 9 390 520
0.5670644217574288 0.23284106394714793 0.35883260282155194 9 390 630
0.7266610383212295 1.2310399866868953 0.024825112922458814 9 391 201
0.643513221946113 1.353465303156887 0.030057167252145023 9 392 145
0.5616460171487866 0.35719209902427085 0.32604397616587855 9 392 541
0.5651043929497181 0.4250050070477957 0.3050525783810191 9 393 498
0.6138734016540179 1.3930446588805068 0.02816419644818602 9 394 126
0.6385983514949145 1.3302941247855258 0.02963660766524745 9 395 150
0.7222195262661002 1.1962879300117009 0.02414220949292245 9 395 210
0.5651332062939376 0.41018787926396916 0.3051874814821352 9 395 507
0.5653248152487896 0.2957928163940373 0.3349351870064332 9 395 583
0.658503785949339 1.2781212738867562 0.03071358596577256 9 396 170
0.7314289477064015 1.1802195795554957 0.020940878826512743 9 396 217
0.5621045790101916 0.4521940748693625 0.2938121218014036 9 396 481
0.5659473688575195 0.25838241926967925 0.3427005236129772 9 396 610
0.6072518005380974 1.3748611701537716 0.027355938452485185 9 397 129
0.7463152745901236 1.1314946774523775 0.023553991507669902 9 397 235
0.5654240665643718 0.28844947869666243 0.33335734788703475 9 397 588
0.5651104683063966 0.275939607534832 0.3367990024090636 9 397 597
0.5671371142172655 0.24613283517962697 0.3436472723032917 9 397 619
0.6137992646519566 1.3486682637933225 0.0281519955076579 9 398 138
0.6829435088521196 1.227682131322908 0.026252805574512594 9 398 191
0.5626763009452804 0.3747797395297088 0.3101924510498055 9 398 529
0.658972590271139 1.2472165872497287 0.029944539830472516 9 399 179
0.669370695267216 1.239658198020549 0.02684046879932378 9 399 184
0.7465734164461462 1.1153318800057628 0.021864816962242406 9 399 240
0.7610302437637684 1.096720104042348 0.019695982935097334 9 399 249
0.5624470842334518 0.39490602411163517 0.30316274878306476 9 399 516
0.5689782153152916 0.2338279116911383 0.3426317379331363 9 399 628
0.568885122285427 0.22466474567343786 0.34510517204545976 9 399 635
0.6809713544450309 1.2192946919713166 0.02364288520925928 9 400 193
0.6836122009666326 1.194012213311599 0.029065374889371 9 400 201
0.7318717783233146 1.1237514185095128 0.0239625124664693 9 400 234
0.7597514899531221 1.0827896374822619 0.021113484802430138 9 400 253
0.5610128971020449 0.3574954022621902 0.3119879232883346 9 400 540
0.6285306234746417 1.2883425034325644 0.02825746568530385 9 401 159
0.5893840662967685 1.3557968648032643 0.026746206242603376 9 402 129
0.5625203217094962 0.34384434791819957 0.3113113394793475 9 402 549
0.5632554889218648 0.42181501984443437 0.28818249544996566 9 403 499
0.6007752388019827 1.3028739089323633 0.029588761895646076 9 404 147
0.6769141856520666 1.1785701696944366 0.025062664448423533 9 404 204
0.5612230225312332 0.41160803053011985 0.29008834964184316 9 404 505
0.5851653407748848 1.3185853265319971 0.030322902429672838 9 405 138
0.6848889080760405 1.155456629039116 0.02446424456969587 9 405 213
0.689450243326283 1.1360626462485093 0.027431230220747116 9 405 220
0.56616666410599 0.2622783781160922 0.3262342703702501 9 405 606
0.5658928957690509 0.22369005793185148 0.3368332381149638 9 405 635
0.7156498982690134 1.085667982277097 0.025096926517292784 9 406 242
0.5662132620939841 0.2856077936447091 0.3181497496512883 9 406 589
0.5677189854820457 0.2512685429240466 0.32673565206792754 9 406 614
0.5625388984337693 0.38442164609725243 0.29127814602430796 9 407 522
0.5620787071834069 0.3703771715053937 0.2953474530593724 9 407 531
0.6123571723975583 1.2415564042031244 0.029120368051602785 9 408 168
0.6339167321807224 1.2008096052953454 0.029345027749179353 9 408 186
0.5665158404312279 0.23889834978661034 0.3273261208460582 9 408 623
0.5803362969199501 1.2999098778992093 0.026564789310186354 9 409 142
0.6395454698529383 1.1893950414348324 0.026804918316450044 9 409 191
0.720872031592807 1.0612767619634789 0.02061753540302802 9 409 251
0.5889893987755591 1.2774680612351423 0.025520225762101223 9 410 151
0.6911962663325448 1.0992733859284556 0.019647007880980505 9 411 232
0.5621163189261168 0.34848492531412745 0.29411104911679314 9 411 545
0.5633394767910014 0.33514324591474337 0.29718273787413724 9 411 554
0.6028817498073027 1.2294826227703508 0.026088110740356996 9 412 169
0.6111320606908092 1.2034709708376639 0.02907697832453615 9 412 179
0.560826653156365 0.41863926799434403 0.27344545613887616 9 412 500
0.5614233659677387 0.3804623932788129 0.2837640212311221 9 412 524
0.5641230455643542 0.2624363886271379 0.31522395090849237 9 412 605
0.634149726734975 1.1551437727403262 0.027891408215709568 9 413 200
0.6485496537250599 1.1384404330190083 0.025111104312142585 9 413 209
0.7073550769694377 1.045348112491153 0.020708021267823007 9 413 253
0.5593725150562214 0.40373508563471033 0.27648569920239563 9 413 509
0.5856000693408885 1.2433259905573748 0.025582856300149004 9 414 160
0.6520266121308134 1.112387968159918 0.02782322997694675 9 414 218
0.5670589055405165 0.22594822859762598 0.32049077523775477 9 414 632
0.6010089448273599 1.1976154655696707 0.02763954139369229 9 415 178
0.5647553951948984 0.24972391432022734 0.31330839286151546 9 415 614
0.6379821697027206 1.1296876615632763 0.024734049201780905 9 416 209
0.5618264084016961 0.3894068140913792 0.27366789120670787 9 416 518
0.639853375179489 1.112120825887838 0.02596554477209745 9 417 215
0.5656504669659825 0.23732466385763107 0.3129277093815557 9 417 623
0.3996613316026718 1.514543407328142 0.035157090414242864 9 418 23
0.5176727754256496 1.3201765692076335 0.028333467762654108 9 418 117
0.5248971834566738 1.3108450709904858 0.02718517647096197 9 418 122
0.55017241736526 1.2689542731972843 0.025798295095770585 9 418 142
0.7734697417434175 0.8458289939155117 0.02863823803312915 9 418 335
0.5598135467678488 0.36548266496987414 0.27782609960125026 9 418 533
0.5579079543234313 1.2463761489489276 0.025406751656645854 9 419 151
0.40070539825534524 1.500985810784953 0.033035803851861556 9 420 27
0.6255414235200096 1.119459321707875 0.02317754766082114 9 420 209
0.6378980326721664 1.0823857514568083 0.02725256307417334 9 420 224
0.6514433232591028 1.0653458372666313 0.024954392142718218 9 420 233
0.5608039535165056 0.3380376494214146 0.2815090959634621 9 420 551
0.5686468289582951 1.21716579984062 0.022600615418735037 9 421 163
0.5952350553095043 1.1310565769012286 0.03052400275807088 9 422 197
0.6597088387981771 1.0443031908305085 0.021141641025439473 9 422 242
0.6656695886159827 1.033551375107662 0.02106287445018329 9 422 247
0.5610895777801627 0.40607567083622786 0.2580981552325765 9 422 507
0.5654463419249183 0.24311851423037967 0.3028253797836047 9 422 618
0.5163039027312576 1.2703797223448616 0.029747229653225737 9 423 131
0.6286380928256694 1.075136899650735 0.026123508174630383 9 423 224
0.6406822414843091 1.0571033110817776 0.024894633375324382 9 423 233
0.5641319850247899 0.22442271234482153 0.30722965725809775 9 423 632
0.5653867641068148 1.1843309871346854 0.025672652391343087 9 424 172
0.5736433505088652 1.1694380125579924 0.025563548158809346 9 424 179
0.5662313993411487 0.25492882701045044 0.2955303106900083 9 424 609
0.5305800128918576 1.242221072227373 0.024852656387055805 9 425 144
0.6427160152828992 1.0436412363374648 0.02229447870143253 9 425 238
0.5588871372584908 0.39094013603017963 0.2580581293908153 9 425 516
0.5615123721421722 0.35854742363555653 0.2660964562155489 9 425 537
0.5039961381104705 1.277910439912119 0.026090309452517224 9 426 125
0.5800342704484553 1.1469250063853926 0.02057635358519727 9 427 188
0.7450489775843354 0.8363819095092851 0.02218677366476063 9 427 333
0.5588243470681981 0.3764983656960361 0.2586049157818038 9 427 525
0.5313407763810162 1.213300862295113 0.024845983199090815 9 428 153
0.5874888036728267 1.0905857782459973 0.02776724351926918 9 429 208
0.6283410879564612 1.0297805413974401 0.023412826483093507 9 429 239
0.5537702423053154 0.5275163263319016 0.2129454364298533 9 429 435
0.557207214869801 0.5121149135577641 0.21562468711842198 9 429 444
0.5610251175140224 0.3322322930137039 0.26679802551403364 9 429 554
0.46011769415049986 1.3062739829823626 0.03096408614802537 9 430 102
0.4740907517238926 1.2921070254631668 0.027499717618291397 9 430 111
0.6008658035269272 1.0560759039220358 0.028010991484862746 9 430 223
0.5583361880317326 0.43745017634797195 0.23519423766532555 9 430 487
0.5637666736848663 0.2620978828038123 0.28431800477382807 9 430 603
0.38014339444494627 1.4493519192197506 0.029720095994061446 9 431 33
0.3883377249211577 1.4272166904455177 0.031804987045239486 9 431 42
0.5537485426565625 0.5515141970088738 0.20178548752580183 9 431 422
0.5560097755263457 0.48308237993154135 0.22094609633235252 9 431 460
0.5643379026420323 0.24558228085872014 0.28718040092756447 9 431 615
0.49595971962637675 1.2392687962968343 0.025888888214628647 9 432 134
0.5746746636749217 1.104636544520723 0.022648762272257983 9 432 200
0.5625164351057467 0.23339632949616185 0.2901013441951898 9 432 624
0.5629850970778372 0.22152420474277218 0.29339504133580724 9 432 633
0.5831970368050474 1.0844094320845767 0.021332010737938 9 433 209
0.5619031074712207 0.40641269542737224 0.2367632807550788 9 433 506
0.48421247574118875 1.219545979517124 0.03306289929935646 9 434 136
0.5141650797776736 1.1930595375545783 0.024366864973417446 9 434 154
0.6002076877945255 1.0470391464961766 0.020463069456162497 9 434 226
0.5544588848503744 0.5328341361454123 0.20090621452758084 9 434 432
0.554284150019585 0.49826374640750004 0.21142219339124757 9 434 451
0.5595621740696941 0.3914313505277237 0.24067995674345655 9 434 515
0.5607310073617122 0.3617819086813825 0.24896474598943974 9 434 534
0.4686046662942086 1.2557157938431935 0.028228541804976137 9 435 120
0.7223520755228359 0.8163662298821001 0.0193251507602763 9 435 336
0.5363980159261748 1.1322688042085263 0.025058849040969444 9 436 180
0.551295513014784 1.1182378097295316 0.020964931343300464 9 436 189
0.5623120123208498 0.4324955969956124 0.22290716688168488 9 436 490
0.5595628255103052 0.37692078819144453 0.2413151082442353 9 436 524
0.5970939313876177 1.0179570055053078 0.023099726390227504 9 437 235
0.5546756473644028 0.5160288402187041 0.1978155101164788 9 438 441
0.5583695876946548 0.46721526672756475 0.21064858147317445 9 438 469
0.5602071085980218 0.33378380046242323 0.2503901343092847 9 438 552
0.43339000836722297 1.2925999175719518 0.026339605206471606 9 439 97
0.4398451941147461 1.2626385546277037 0.03187194921612546 9 439 108
0.5606670431097049 0.44021923562167903 0.21565780922996047 9 439 485
0.5625354648960782 0.2591671791423946 0.2701243214757424 9 439 604
0.5563444528910233 0.49109770734060026 0.20051077281147645 9 440 455
0.5552313164669065 0.4784582348370594 0.20503307551424754 9 440 462
0.5608767537113167 0.2467350176507226 0.27313568433130286 9 440 613
0.3656698321165307 1.3776744292031453 0.033464607086259424 9 441 47
0.48403232667993334 1.1623456962328866 0.03246569826038748 9 441 154
0.5369420644982779 1.0870393618481027 0.025550074572011305 9 441 195
0.5627399017285095 0.23711425231322686 0.2733017851566173 9 441 620
0.5601934621930424 0.22523710028115274 0.27842158276287243 9 441 629
0.4393401946144685 1.252799294198074 0.027435361511968903 9 442 111
0.47792064833473846 1.185038123416184 0.026358778307404407 9 442 145
0.4967483851983061 1.1474189062218207 0.027243598578647887 9 442 163
0.5010361051469999 1.136026520760742 0.028320553626816847 9 442 168
0.5411327862363188 1.0637013705116394 0.02779070782803572 9 442 204
0.5532574808942402 1.0564647568321863 0.023095966597938666 9 442 210
0.561062231945229 0.3198574057211627 0.2468844763047049 9 442 561
0.38304173516004403 1.3458942215017764 0.028223231472591204 9 443 63
0.45649670897583916 1.213398417025169 0.02725258232611505 9 443 129
0.5587249471082802 1.0344873096261171 0.024196213451153747 9 443 219
0.5729345076338977 1.0198265832968432 0.020597437612716152 9 443 228
0.5887375427821098 0.9858365392240308 0.02209411694296859 9 443 244
0.5543675043903258 0.5413854567389706 0.1800220871628715 9 443 427
0.5553671059217402 0.5249559792061353 0.18455679823592375 9 443 436
0.5594885913002305 0.3950238085296672 0.2225916744687375 9 443 512
0.5600325233172267 0.3666176937623112 0.23111197240468273 9 443 530
0.44176513906431647 1.2260409493545943 0.029215129047585497 9 444 120
0.48542321361736607 1.1582567393160712 0.0252171158582577 9 444 156
0.5100809312260914 1.117434797238266 0.023750937556952456 9 444 177
0.5279016783768998 1.0852902860164428 0.02351545053527193 9 444 193
0.5515043873794453 0.5785400209004347 0.1680294230055147 9 444 407
0.5500989586217095 0.5664553339011958 0.17260944717901805 9 444 413
0.5612161347649419 0.3526912417771774 0.2329016358588034 9 444 539
0.3671305017514994 1.3485733061191199 0.031420988365273406 9 445 56
0.38257717309580463 1.3243642413992944 0.030073160584553116 9 445 69
0.5117084959649102 1.0914411646097464 0.028366792699370036 9 445 186
0.558063227168923 0.3849558406945105 0.22275968467468354 9 445 518
0.6474639239367603 0.8545705193056742 0.02150024321077626 9 446 306
0.5547183381231874 0.5170621439673408 0.1792759436484005 9 447 440
0.55469940359554 0.504321959884904 0.1833028526989885 9 447 447
0.5552023246050065 0.47421684894377786 0.19249983211111377 9 447 464
0.3821607300910408 1.3107870053711996 0.026925543603432356 9 448 73
0.4013583137094364 1.2743348929037757 0.02724880252225248 9 448 91
0.4106531174470114 1.2557453252140927 0.02770285003978057 9 448 100
0.5553002726775395 0.6318550755276366 0.1405970968957856 9 448 381
0.5549394391057654 0.44645578984387674 0.1994469676762819 9 448 480
0.5590250911516295 0.2548599601260308 0.2576612107127352 9 448 606
0.5599974522717069 0.21480166099820175 0.2697635117209307 9 448 636
0.3558875126480818 1.3442927846294834 0.029128124501856867 9 449 53
0.4303043135374628 1.2137083391502799 0.026987588724632583 9 449 120
0.6746999846057549 0.7838138231299587 0.020286563463057794 9 449 339
0.5546766318956905 0.5618328984537476 0.15894302978639585 9 450 416
0.563145732693628 0.2422326092409729 0.2557377368118601 9 450 615
0.5596941651936815 0.2302354698256091 0.2615861306642919 9 450 624
0.35979134275506175 1.31862423637468 0.029948292297649948 9 451 62
0.4016113502151558 1.2450121261107046 0.02881368485581537 9 451 100
0.4428791188686554 1.170574604420047 0.02826836406486466 9 451 138
0.45390070051759845 1.1543370453370672 0.026958813483977773 9 451 147
0.4747568872287914 1.120360130540747 0.0255193064071082 9 451 165
0.5574668261483032 0.614168783743729 0.13849091205550113 9 451 390
0.5540789285283576 0.5947795367856633 0.14668318310613793 9 451 399
0.5595933233797674 0.43183221236749997 0.19549508798784743 9 451 489
0.556200691166306 0.40152291236192367 0.20717918368577926 9 451 507
0.5628084149195949 0.3185680867195795 0.22978837343731695 9 451 561
0.4322755667666095 1.1940526757251906 0.02448802797978744 9 452 127
0.43466401305786007 1.1806413801326403 0.027374759105132873 9 452 132
0.49929879027899216 1.0658758342747934 0.025936989427852164 9 452 191
0.5273846766421006 1.0206771505077907 0.023814909045849486 9 452 215
0.5441792034265401 0.9831012749970109 0.025927602833263452 9 452 233
0.5510010612446739 0.9744375422597105 0.02467011255069851 9 452 238
0.5517518352871499 0.5379654165239726 0.16415143055205994 9 452 428
0.5552449381046186 0.4825091941329442 0.17986366209744697 9 452 459
0.5591238620576489 0.36991903042986046 0.21366384035793706 9 452 527
0.5592586712868841 0.3605729925308685 0.21658028193146173 9 452 533
0.4680548068681587 1.113844802478115 0.026523313947832694 9 453 165
0.4777908392143333 1.0962832491740242 0.026394660012013738 9 453 174
0.4971906218300456 1.0521919554147412 0.029064945714043056 9 453 195
0.5539017951017222 0.576856405284609 0.14830786750864222 9 453 408
0.630610616966673 0.8213446453752576 0.021627208763090877 9 454 315
0.5570475610469934 0.3883718224758609 0.20515980518718924 9 454 515
0.44265278133388897 1.1429087189611487 0.02724636559525795 9 455 147
0.5584213512684776 0.22143572909394338 0.2564848028909711 9 455 630
0.37666705064296324 1.2644670915389182 0.02478994909789678 9 456 85
0.6703355381707747 0.7365741948006801 0.020318948137103998 9 456 357
0.5546926904160661 0.5217754254085103 0.1594050622277614 9 456 437
0.5521393112812928 0.5063926155256568 0.16593297777799942 9 456 445
0.5552393201612796 0.46627553337390487 0.17710914764417862 9 456 468
0.5584322744486426 0.34603684346790375 0.21426075281207357 9 456 542
0.35721651315051317 1.28573694837963 0.02704038688714172 9 457 71
0.48059821186456664 1.06681735961948 0.02422588974090978 9 457 185
0.5063385417042892 1.0203877506707406 0.023885751723141224 9 457 209
0.5589578391020026 0.3188403620948531 0.22093866872436618 9 457 560
0.5600581008296662 0.25328622898333847 0.24164626657669586 9 457 606
0.4028970961673922 1.189537365674116 0.02845373182928901 9 458 118
0.6396366999411733 0.7806678838538592 0.01938797458970698 9 458 333
0.6530841438116664 0.7527808131879759 0.020397820197088357 9 458 347
0.6609425199325603 0.7248089217820816 0.02232105419161723 9 459 360
0.5544396190818539 0.4904967113542619 0.16365371105517368 9 459 454
0.560152139793973 0.24067234322139153 0.242174543547101 9 459 615
0.560824875755457 0.2285716260668711 0.24573820414721892 9 459 624
0.3347227047583837 1.2921941002466206 0.03107090935619905 9 460 60
0.6420748534553812 0.759566219037396 0.019844126016157926 9 460 342
0.6684508853365017 0.7065488514781223 0.021286929893570283 9 460 369
0.5555502725085888 0.43500955332525654 0.1792215915056008 9 460 486
0.5577328175132287 0.42200421198122945 0.1821783330914717 9 460 494
0.559302824055523 0.21785302607251666 0.24843678515972956 9 460 632
0.3560203413294951 1.2581366857527014 0.026882488960642048 9 461 79
0.4062507245894448 1.1657199832914915 0.02681748391557237 9 461 127
0.41394186802484534 1.1464084217741726 0.028512243067563725 9 461 136
0.4485783696671596 1.089370689365718 0.026258157699351026 9 461 167
0.5011861728851358 0.9908525438715303 0.026760629281339154 9 461 218
0.5127573103864786 0.9754194002151955 0.024811334383445627 9 461 227
0.5188130883065339 0.9554320553933698 0.027725274134643207 9 461 236
0.6176735657587229 0.7988646528278719 0.019233345413766756 9 461 321
0.5546249932870706 0.5590885871576844 0.1368311448409183 9 461 417
0.5581566452594244 0.37324859014254036 0.1960649682314366 9 461 524
0.5598397240854706 0.3593356738684955 0.1996355106908343 9 461 533
0.33632293763566534 1.2780880085865236 0.029830945976821788 9 462 65
0.4727281784490972 1.0338565134169997 0.0274279549094103 9 462 194
0.5545197138123713 0.5764775199346392 0.12902855544968572 9 462 408
0.5514109173094945 0.4769911794762478 0.16389722904725268 9 462 461
0.67343196228194 0.6943011473376549 0.01484387250046515 9 463 375
0.5578271091642297 0.3920944150111307 0.1861803864990681 9 463 512
0.5609322466989046 0.3375936529139805 0.20239765805536902 9 463 547
0.41834651538311196 1.1243647690669716 0.02575037433269345 9 464 145
0.40660101519453495 1.1390488717412595 0.02562335460026466 9 465 136
0.42672957962846203 1.0973136256855944 0.02717388817408517 9 465 157
0.5544972590293328 0.532114631076521 0.13750776691808064 9 465 431
0.5529508366919538 0.5186196916551643 0.14297789573430775 9 465 438
0.5530302465225188 0.5076200921410307 0.14661002390135125 9 465 444
0.5544550441260028 0.46162485199660147 0.16112383416781495 9 465 470
0.471703523526405 1.0078880996538047 0.026919750581982815 9 466 203
0.48310228824165047 0.9927529589702166 0.02494748689395576 9 466 212
0.6346382603916572 0.733885259128821 0.018087381983948436 9 466 351
0.653564379159117 0.699746912854233 0.01783728835415821 9 466 369
0.6638402693801335 0.6830199694971861 0.017094336193706372 9 466 378
0.5578422359942905 0.3099577616044268 0.2079440356031521 9 466 565
0.5576822278392971 0.2867357074297389 0.215839830480421 9 466 581
0.5575741186007428 0.24352614536398876 0.23041429118822654 9 466 612
0.6005123649232973 0.7770297067283495 0.019832540430321677 9 468 326
0.6407858270564354 0.7152265455789586 0.015636885234000752 9 468 360
0.5586473273622276 0.2310062305168587 0.23042341391895382 9 468 621
0.33151621266677456 1.2467221103707393 0.026199831459461143 9 469 73
0.34707313755411784 1.2186610115634662 0.025994259051232316 9 469 88
0.4130314128674597 1.0924638668316862 0.02757167216445744 9 469 154
0.490168700738164 0.965967518111024 0.02226657881951355 9 469 224
0.5549215361807758 0.43380295460350876 0.16223020837428925 9 469 486
0.5561620088031336 0.4189239288581046 0.16649960185612955 9 469 495
0.5612784749744252 0.22007175700114695 0.23071902740941996 9 469 629
0.5585894292067928 0.21228056706027498 0.23504038284965545 9 469 635
0.6276841788650589 0.6103592062998437 0.054595002435189555 9 470 404
0.5561988303300119 0.37648218628917307 0.178941712206524 9 470 521
0.5560685474354228 0.36227666306139783 0.18385493363414174 9 470 530
0.3111473388171879 1.2614964342851134 0.029097029563834642 9 471 60
0.5524906232219887 0.490585105754222 0.1404139091355301 9 471 453
0.5532765285280838 0.4747337724770484 0.1453285252222838 9 471 462
0.35448799044247936 1.1714490841503475 0.030174812605926915 9 472 106
0.496404742165951 0.928087462265934 0.023978365307038896 9 472 240
0.5560534953902337 0.34801650082611285 0.18492456524776868 9 472 539
0.5598048639927659 0.33764323912764566 0.18610959198510846 9 472 546
0.3914708207963977 1.1054977108548742 0.027023820946838195 9 473 142
0.3616172263253594 1.152895442037307 0.0272353879665741 9 474 115
0.5521565601141044 0.5065326016583847 0.1289906454289912 9 474 444
0.5528397079384558 0.46025964061762303 0.14449843285427733 9 474 470
0.31639360101883496 1.2406276559125686 0.023303681455089986 9 475 69
0.4217969846378218 1.0415004621513089 0.02502263783337333 9 475 175
0.43291782993928274 1.02684337200342 0.023008602822387703 9 475 184
0.4581747662877522 0.9776842009157789 0.023919548983300065 9 475 210
0.4666892239099124 0.9605252327267089 0.024429422541484058 9 475 219
0.6184758151931805 0.5876950653369889 0.056653245557070186 9 475 413
0.555861759414819 0.3098693952250203 0.19253195621726027 9 475 564
0.5606371311480854 0.23642800709179196 0.21487368755089586 9 475 616
0.6206423600012482 0.5737920684118772 0.05779915561242899 9 476 420
0.5585145184795697 0.21454735073633047 0.21849851873072867 9 478 632
