2.5069868679242915 0.6558485006373388 1.1467538197872336 9 3 249
2.513186949358054 0.6354584075980154 1.146041927807588 9 3 253
2.524089673228593 0.6184261057727356 1.144915658771517 9 3 256
2.497667211065699 0.5969234377997821 1.1472263059204604 9 3 262
2.5010891704396885 0.572167609295014 1.1467433182481466 9 3 267
2.524181507506557 0.5415533998192872 1.144394273953955 9 3 272
2.5063882770292345 0.503090515279421 1.1457902935297657 9 3 281
2.4923138282383133 0.4684307310732393 1.146866287300996 9 3 289
2.4340306993140115 0.12704462962916674 1.1500020350908642 9 3 361
2.418218173175162 0.1185719191200083 1.1514141671486091 9 3 364
2.3632096686899478 0.11295065599196108 1.15648582081189 9 3 370
2.3442960727351334 0.11158423728831712 1.1582333878526838 9 3 372
2.2734116013866337 0.12508231765786415 1.1649071459558544 9 3 376
2.1854343573854784 0.1235898483224882 1.1730684609370483 9 3 385
2.1614580277748265 0.120985954724812 1.1752779957479214 9 3 388
2.10504091359808 0.12084144447147316 1.180517018296577 9 3 394
2.068269500751773 0.1209406896671763 1.1839329864762527 9 3 398
2.054240010094955 0.11416439476274531 1.185190828917702 9 3 401
1.9794033893228837 0.12631806229089726 1.1922226909796296 9 3 407
1.8441113297015441 0.11207404242565344 1.2046935049399212 9 3 427
1.767077106120662 0.11833426439514305 1.2118901609414614 9 3 436
1.7104068536002213 0.11442563814283169 1.217127582569491 9 3 445
1.6981571332335408 0.10933773783990364 1.218231385151623 9 3 448
1.6850100825569974 0.10492793608049666 1.2194230551436025 9 3 451
1.6604247012353786 0.10377523533688171 1.2216988399156063 9 3 455
2.5285208366495286 1.3515429834756199 1.145489750718514 9 4 87
2.527536559020602 1.3396559498540617 1.1454970501409614 9 4 90
2.5096584051623343 1.3040414185873508 1.1469263809923231 9 4 99
2.539184174683312 1.275336210303661 1.1439363590438354 9 4 106
2.5502598678778723 1.246471721412882 1.1426845885422 9 4 113
2.549131753439559 1.2341989518421093 1.142702674005867 9 4 116
2.5253744761043473 1.2228899951135914 1.1448610754854507 9 4 119
2.5265027491424847 1.185843775038271 1.1444882618465182 9 4 128
2.5189619526371994 1.1656211608812996 1.1450537314386304 9 4 133
2.5254935922135657 1.1276528398816228 1.1441648787527359 9 4 142
2.5350203726786633 1.1100471759079387 1.1431401093401319 9 4 146
2.5024183284150023 1.0750179330502345 1.1459617573196925 9 4 155
2.5011882534832863 1.0624717298022794 1.1459874886014871 9 4 158
2.5086274359725276 1.036185393168538 1.1450970959652045 9 4 164
2.5196961409459613 1.013466631088415 1.1438901857283388 9 4 169
2.4992790002047296 0.9772076113084993 1.145554246475555 9 4 178
2.517064548206146 0.9355128070210249 1.1435776200601206 9 4 187
2.5167583387217807 0.9223619563462462 1.1435119043617683 9 4 190
2.5016820502920503 0.885013187425298 1.144664613881706 9 4 199
2.51598318388062 0.864799293783121 1.1431709791944353 9 4 203
2.5096154135931577 0.8569698918567239 1.1437149954763113 9 4 205
2.4734789234721175 0.8278740136469613 1.1469125305079433 9 4 213
2.495133370144731 0.8058021072609025 1.144712292575838 9 4 217
2.4899365985957465 0.7887833740959174 1.1450798202018038 9 4 221
2.507196153990459 0.748760952026845 1.1431648103454766 9 4 229
2.47224012959137 0.7289960032450127 1.1463181660771349 9 4 235
2.4771058062787032 0.6865599679022794 1.1455542406923118 9 4 244
2.479214026185705 0.6768018060893548 1.1452853035368271 9 4 246
1.619822948577717 0.09213095689220108 1.222100062773229 9 4 464
1.580839525013978 0.08930852963686298 1.2257549594825101 9 4 471
1.5278098965115703 0.10121808381858388 1.230840030117605 9 4 477
1.512453628355552 0.08777855112418909 1.2321910955539457 9 4 483
1.4898153497347224 0.09179978409061618 1.2343542606132103 9 4 486
1.465831839990501 0.0891308274298237 1.2365961311665832 9 4 491
1.4139706815378998 0.09184463649176777 1.241504905410026 9 4 500
1.3979924858048849 0.09214914645101402 1.2430134538448514 9 4 503
1.374458085463303 0.09068459388168337 1.2452216465618648 9 4 508
1.3632910079645708 0.09156207064603006 1.2462807435369174 9 4 510
1.3501532454847056 0.0902365075549243 1.2475097838002018 9 4 513
1.3279552502837337 0.0923558742038102 1.2496177621076066 9 4 517
1.3030031729671556 0.09325465324322924 1.2519766051676502 9 4 522
1.2677631461320504 0.08814034904464485 1.2552621061947529 9 4 531
1.2352524258689281 0.09651059529781936 1.2583872833736098 9 4 536
1.2183572075735836 0.08510880110929797 1.2598980905477193 9 4 543
1.2074089982500815 0.08349026132543402 1.2609186016245333 9 4 546
1.174760799788197 0.07916215388906944 1.2639654102757012 9 4 555
1.1568897205483097 0.08055560510158144 1.2656602438626332 9 4 559
2.5193468642319483 0.6055942699311776 1.1367022823203332 9 5 259
2.5258561574744345 0.5460461749991876 1.1356201711225322 9 5 271
2.504847949899733 0.449664979044329 1.1368866606061543 9 5 292
2.506681674734718 0.439182138688175 1.1366303581595911 9 5 294
2.501034584114827 0.39631629605769214 1.1368399846416926 9 5 303
2.542601864511732 1.2804133978947965 1.1357089230841484 9 6 105
2.5343706208207273 1.0982894547257143 1.1350079950071619 9 6 149
2.518440185153536 0.9447642410967054 1.1352900064321831 9 6 185
2.524537626669318 0.6471727332741561 1.1322471265858542 9 6 250
2.5274971452767923 1.174829497943591 1.1322918398252508 9 7 131
2.527725097432962 1.1077776896349765 1.1316820789845636 9 7 147
2.498206851755266 1.0809016482595206 1.1343535619831648 9 7 154
2.510071124786065 0.8666721452299571 1.1313087393912593 9 7 203
2.502552474235034 0.8096016307161458 1.1315492741406608 9 7 216
2.503840233271195 0.7638456164480425 1.1310216775337836 9 7 226
2.5194442897252447 0.6057786987061402 1.1281005021703132 9 7 259
2.5173917652055975 0.9936322800173882 1.1275993841531045 9 8 174
2.5315876680746805 0.9302835660894255 1.1255933980088646 9 8 188
2.527604531612927 0.9042349160219807 1.125749436400358 9 8 194
2.532633483041268 0.7394706774473088 1.123717636298902 9 8 230
2.515057454749038 0.9594242900163857 1.1233937229225603 9 9 182
1.9538929440281256 0.12399485752029626 1.1720403131140982 9 9 410
1.8638707974785689 0.1067602172301303 1.180989587935149 9 9 425
1.65550318180525 0.10382000189178142 1.2020662178621797 9 9 455
2.4976802863599996 0.8112771302544683 1.1195201141701743 9 10 216
2.5090763907895433 0.4183560706972995 1.1142897102414113 9 10 298
1.625182437458069 0.0978652030216205 1.201752753201296 9 10 461
1.5527323115717377 0.08462550385248213 1.2090564737386909 9 10 476
2.145384433076073 0.11162340064724496 1.1444128658652013 9 11 391
2.021709736297311 0.11419832052781098 1.15731656515052 9 11 404
1.966931202675526 0.12061646252007341 1.1630892384758116 9 11 409
1.7020845458563716 0.11563871271050763 1.1906082950748136 9 11 445
2.4863825763038263 0.1647093204753558 1.10497007367064 9 12 349
2.228866743302549 0.12371023049619034 1.1316770836658727 9 12 380
2.1245158462476357 0.10738148999099173 1.1425025772397284 9 12 394
1.880129085439076 0.12304027933891071 1.1684692833412682 9 12 419
1.8614276845228348 0.1157852817511591 1.170360103986606 9 12 423
1.7901508967989836 0.11767830823881198 1.1779029954458267 9 12 432
1.6988059560520032 0.10865103460914005 1.1874391976196847 9 12 447
2.1330730831517366 0.12687032204262794 1.137776781834419 9 13 389
1.124157201984863 0.08194146650601075 1.2451332569631974 9 13 565
1.1162089413229328 0.08205894346925202 1.2459846300899997 9 13 567
1.1065758604296239 0.08378174380772663 1.2470353007130202 9 13 569
1.0978142702961895 0.0847800522968174 1.2479841440615491 9 13 571
1.0031000563047971 0.08185040257245091 1.258077817911289 9 13 598
2.5073545035180533 0.36838881562372994 1.0961755465104208 9 14 308
2.494268123903934 0.22926897502167765 1.0958625370159536 9 14 336
2.029583551371346 0.11819044551683655 1.144831702183196 9 14 402
2.487491040277455 0.2939119158942458 1.0929296470951653 9 15 324
2.4604322162320957 0.15408660386286455 1.0940862506580857 9 15 353
2.457128681509223 0.12382656584117613 1.0940563696295411 9 15 359
0.8863297176064673 0.07836863896283086 1.2659017298036237 9 15 635
2.531106673658128 1.3825782402772795 1.0983006013064482 9 16 81
2.5263085712394626 1.3666561250780191 1.098619156487099 9 16 85
1.1844827255822685 0.08386876199265259 1.2305061338989467 9 16 549
0.9433827839551661 0.07273082467851366 1.257165361382239 9 16 618
2.546555982632092 1.3594024716415247 1.0922664081059834 9 17 87
2.547830100392458 1.3109238761848983 1.09144262023262 9 17 99
0.9956494621278531 0.07586852395730914 1.248919253680671 9 17 601
0.9065253481633371 0.08107365433631064 1.2590295385860228 9 17 627
2.5092835212297517 1.5640424362250631 1.0954883576835344 9 18 34
2.492368185736348 0.5273020696664055 1.0823177468184024 9 18 277
1.7772592299651322 0.12254523210759838 1.1579785939936003 9 18 432
1.369189540280958 0.0897359758966465 1.2040398370251155 9 18 507
1.0684571714500235 0.0732952976845751 1.2380979898952227 9 18 581
2.5761051010969416 1.5353078431015919 1.0834851341695555 9 19 43
2.5155802639060947 1.41566792745415 1.0886680188899978 9 19 73
2.504540060043418 0.3740910183653434 1.074218013660111 9 19 307
1.917167302507798 0.1126293412777688 1.1380975919514844 9 19 416
0.9190684829882927 0.07257457841627835 1.2527484122431876 9 19 625
0.8892860217534928 0.07500372161133839 1.2562242173450162 9 19 634
2.4973863417699853 0.3459985150231184 1.0701283794585055 9 20 313
2.0198785416577527 0.1162415990065031 1.1223603800632735 9 20 403
1.0127562512951664 0.08046530479510494 1.239539169379249 9 20 594
2.519329069117195 1.5707580730066666 1.0828311913768345 9 21 33
2.5138156016016344 1.4403188869363226 1.081375138180988 9 21 67
2.5157729788732586 0.7364276739285549 1.0697653460251446 9 21 232
2.5329326687379647 1.515381114470414 1.0763956540178492 9 22 48
1.2433698833692495 0.08862329441540107 1.2070233808017838 9 22 533
1.207148715977163 0.08576497247575565 1.2113139437047244 9 22 542
1.1270778746251358 0.086961398187273 1.2209241994796074 9 22 561
1.1058694468288568 0.0848276280380511 1.2234287504258168 9 22 567
1.00003377960702 0.07775385758110032 1.2359868119529243 9 22 598
0.9626269420726512 0.07475686149563354 1.2404170695980037 9 22 610
2.5110946232113074 1.541362047214085 1.0755539228443918 9 23 41
2.509488330187706 0.6770343932215312 1.0608516273101372 9 23 245
2.5030090596580945 0.6262304487258052 1.06076135019668 9 23 256
1.3565865429854187 0.09235285342280841 1.1905166748165532 9 23 508
2.555235629746921 1.3919135060440535 1.063587059915292 9 24 80
2.5127674820169195 0.8711128606367828 1.0595400723558157 9 24 203
2.5005885993740224 0.8505991733998607 1.0606692213355866 9 24 208
2.513877173958613 0.7374400547441162 1.0570283492646144 9 24 232
2.4999104976122526 0.5056388056194497 1.054621783461382 9 24 281
1.530447068884554 0.10430408769887323 1.1663921161056843 9 24 473
1.0900352613969346 0.08018808696812263 1.2199791868182293 9 24 572
2.4999311899543804 1.2553493721458016 1.0639024795758427 9 25 114
2.537880563634055 0.7229391359155757 1.0494453238611197 9 25 234
2.4891907323132436 0.5771932247155264 1.05281870134582 9 25 267
0.9684679455914442 0.07648720433005662 1.2323563563159876 9 25 607
2.5101197968638456 0.9305641546548498 1.0524554396010477 9 26 190
2.538000251718369 0.8628258504433499 1.0476788428133585 9 26 204
2.5029632201686933 0.8416343400009731 1.051677720648635 9 26 210
2.4987266745214396 0.8333047859603064 1.0520525535910241 9 26 212
2.4741625248357284 0.6006656250582574 1.0507514930108504 9 26 263
2.0243914020307123 0.11611978065225603 1.0980798991796537 9 26 402
1.9009792208561351 0.11868504378306666 1.1136204801361933 9 26 416
1.8809016921427242 0.11638695651622566 1.1160975481912963 9 26 419
1.7928876731809797 0.11382410985469482 1.1270978596019119 9 26 431
1.3338562832007752 0.09260682242422114 1.184321298046158 9 26 512
0.8953881630178493 0.06892620441209996 1.2389169515198195 9 26 632
2.5042085741350646 0.9539848210020427 1.0494175134494372 9 27 185
2.5099002113546085 0.8995635245157042 1.0476397650922884 9 27 197
2.502643996753581 0.7498236748840112 1.0456582184851564 9 27 230
2.5022194602897585 0.6699108636442526 1.044162898785725 9 27 247
2.489544686375688 0.2602274165935998 1.0378300035207029 9 27 330
2.2495396104165226 0.11347490831109885 1.0654603315924822 9 27 379
2.200248022699563 0.11762690552085298 1.0717997662145908 9 27 383
2.0981381388257074 0.11041327088234998 1.0846256175952567 9 27 395
1.6094110709687728 0.11165762887351338 1.1467072760776884 9 27 458
1.3852360057758648 0.09522113092362217 1.174853908692873 9 27 501
1.2826738633321195 0.10194352407712337 1.18800735714794 9 27 520
1.2776876251298093 0.09463110345376724 1.1884987372404363 9 27 523
1.1701091129468206 0.08487087184855735 1.2019696140397869 9 27 550
1.1380227511173886 0.08062678192662376 1.2059615948790117 9 27 559
0.9552484457907775 0.07826412513976355 1.2291240880602514 9 27 610
2.515305327435079 1.0320489538096402 1.0453201501276572 9 28 167
2.5151747219726257 1.0014238506063955 1.0447266791405825 9 28 174
2.4800742929143875 0.9224306742230954 1.0476604313241868 9 28 193
2.5111448093790196 0.8543801214474738 1.042314189841841 9 28 207
1.947939216874612 0.10995182830435613 1.0998104926463652 9 28 412
1.8134492876073982 0.1095529161503368 1.117074485450168 9 28 429
1.3590415063031802 0.09890731517260676 1.1752199225026017 9 28 505
1.2570856316881458 0.09190514252672721 1.1881741334579705 9 28 528
1.237081409240662 0.08972577223257328 1.1906997597847893 9 28 533
0.9203717974942949 0.0668904939613375 1.2309183404177308 9 28 624
1.2115690914460087 0.09187021756982672 1.1911927688405077 9 29 538
2.490606549076321 0.9080630231871823 1.03753652012653 9 30 196
2.164643977331931 0.10948227065367355 1.063567479271605 9 30 388
1.9448205006269728 0.11548103253970732 1.0925623502203017 9 30 411
1.8409267466517432 0.10590151056185704 1.106005197490581 9 30 426
1.7563350675821172 0.11181040097467543 1.1172385392469382 9 30 436
1.7124983054985299 0.12121294948801964 1.1231930394627543 9 30 440
1.6885809553114717 0.11450772969392897 1.1261931774434124 9 30 445
0.8836778626620505 0.07500784130755167 1.2310691851091071 9 30 633
2.5191073788897387 1.102200059953518 1.0336837512976733 9 31 151
2.520922545938951 1.0194698848337826 1.0316598444547238 9 31 170
2.1463222053653332 0.10852010702311743 1.0617683657351615 9 31 390
2.0287782475272236 0.11650163853819362 1.077548052070565 9 31 401
1.6424109346257765 0.1134078024427927 1.1287838632744531 9 31 452
1.6057968957549675 0.11187763317510568 1.13361255929988 9 31 458
1.589936859042499 0.10559173966748348 1.135583016119339 9 31 462
1.4221813865964963 0.09672178670852238 1.1576667098675986 9 31 493
1.1850317803207748 0.0799697869426308 1.1887948075393369 9 31 547
1.1156048581171376 0.08710287908918124 1.1981671506053546 9 31 562
0.9842160900572523 0.07607904547542654 1.2153755962724824 9 31 601
0.9455875889210623 0.07820848355947163 1.2205506426819919 9 31 612
0.9372893066833348 0.08011909687932572 1.2216936770910267 9 31 614
1.8875016558469664 0.11449230975301239 1.092452485263732 9 32 418
1.8684488322692951 0.11169051040115652 1.09494819760193 9 32 421
1.3294283451012554 0.09987149012773555 1.16704414718902 9 32 510
1.0540383412767143 0.07970310187282736 1.2035663782750534 9 32 580
0.9076517770336254 0.07045669490049988 1.2230127422831558 9 32 626
0.8748640952854245 0.07307767365342555 1.227472004873073 9 32 636
1.0790598467206258 0.08712341486364639 1.197718840801097 9 33 571
2.3210888663727163 0.11255948866133747 1.0252981125608622 9 34 372
2.1785100121028362 0.11595657862170672 1.0449326390962657 9 34 385
2.0834461065977172 0.12019992297302706 1.0580697473049774 9 34 394
1.6577582910052395 0.11478859730170354 1.116330620616627 9 34 449
1.3780879236337853 0.10013367364700798 1.1543498022149983 9 34 500
2.53369420190358 1.3092939195274098 1.0197586096942806 9 35 102
2.5245578511405546 1.2847924101505268 1.0204437267818114 9 35 108
2.5203995333686207 1.2766527505908005 1.0208270183748622 9 35 110
2.5183373115206487 1.256064743546923 1.0206243741178613 9 35 115
2.504189283669896 1.21511187691272 1.0216138566412698 9 35 125
1.5549790518088935 0.1060210207675738 1.1268776040939958 9 35 467
1.219617088599309 0.0920279516305067 1.173033686125807 9 35 535
2.5328615915030195 1.4151197157600635 1.0183156259358463 9 36 76
2.5230939131420804 1.3708700211967417 1.0186098090977629 9 36 87
1.627295893522911 0.11203608135977006 1.113541225377587 9 36 454
1.527613117260611 0.1034987720390963 1.1272981507663489 9 36 472
1.514055402954302 0.088205001881144 1.1288261508147857 9 36 478
1.4571870756634229 0.104210594586583 1.1371811333183914 9 36 484
1.3255631655385869 0.1002900158992932 1.1555246329432256 9 36 510
1.2853053743464082 0.09764891029731348 1.161100075404934 9 36 519
1.17906685795084 0.09259509352583684 1.1758599277759352 9 36 544
1.15986980341696 0.0982871152660012 1.1786873366999624 9 36 547
1.1386909436562693 0.08060965227131689 1.1812250900840773 9 36 557
1.0310048434668 0.07769201394275393 1.1962395830148111 9 36 586
1.0031242313827946 0.08417017717753428 1.2003025199767883 9 36 592
0.9606172474523149 0.07549727415475926 1.2060466250060942 9 36 607
0.9232506541559617 0.08061002910256598 1.211405270895885 9 36 617
0.9131391571112046 0.07455747263569479 1.2126748284318047 9 36 622
2.536168181449913 1.4476965591476405 1.014580546900654 9 37 68
2.521100491178638 1.4313440176677865 1.0163075364365994 9 37 72
2.527178736696319 1.363451584398838 1.0137619422579096 9 37 89
2.5152653399106564 1.298427328605111 1.0138343218928654 9 37 105
2.5179638893299012 1.2695814471914775 1.012736332506765 9 37 112
1.588025061607986 0.10775337271793939 1.1155340926995816 9 37 461
1.244081005807993 0.09646049561873671 1.1639402936762173 9 37 528
2.5532264829904183 1.520130521994828 1.0099095877117286 9 38 50
2.2505879069230996 0.13464995239911381 1.018044829899492 9 38 374
2.0244685914291924 0.11114131629529433 1.0497887676613769 9 38 402
0.9853208265582873 0.07959912046772022 1.19761095436203 9 38 598
2.2669913981971983 0.13668050736893456 1.0113518203699932 9 39 372
2.5072803734291824 1.393191532591895 1.0051294559359207 9 40 82
0.9743601452458837 0.07526888661951614 1.194006156129211 9 40 602
0.9566675444970962 0.07282156642006932 1.1965239627987598 9 40 608
2.528009360688423 1.559352313098453 1.0024876522984525 9 41 40
2.526176620720255 1.5244602417153232 1.0018151384822334 9 41 49
0.8902140307774171 0.07495790836627658 1.2038676889867654 9 41 628
1.3086295063430458 0.09808117572975839 1.1397759773784166 9 42 513
1.0626757559039688 0.0884987104505921 1.1761404457312392 9 42 573
1.0479013432507485 0.08482258843907498 1.1782393732131071 9 42 578
1.4116123968964773 0.09709371349075968 1.121231627802751 9 43 493
0.9801154045533114 0.0773121060604911 1.1855750735062467 9 43 599
1.6564356234160513 0.10605448722614108 1.0811172695568685 9 44 450
1.209118839032659 0.09083084064651592 1.148623383440488 9 44 536
2.1530211130525445 0.12473298386501086 1.001950558825808 9 45 385
1.1298551838695117 0.08548540089754963 1.1577313997850256 9 45 556
1.075956113208585 0.08439137537831676 1.1659661896330733 9 45 570
1.0167300923465583 0.08096615037063204 1.1749498601301696 9 45 587
0.8729197869676213 0.06622533143194742 1.1941652258728566 9 46 635
2.5093185660654247 1.1189256595113415 0.9678340660971756 9 47 149
1.9552448096207828 0.11643531984445876 1.0240494804620055 9 47 408
1.708358678298687 0.1108193382796463 1.0624804764257343 9 47 441
1.207435660765963 0.0863782680955858 1.1400597444076612 9 47 537
0.8796624775997379 0.08465637261376058 1.1912558200380539 9 47 627
2.502769763742135 1.09831368470345 0.9639564558003022 9 48 154
1.8049830945262286 0.1185383467867358 1.0438271377082455 9 48 426
1.1638526156626186 0.08979276227250721 1.1441385186364916 9 48 546
1.1363796913629827 0.08469559586307929 1.1483175091755349 9 48 554
2.521292177800052 1.2343320735952146 0.9610006747484785 9 49 122
1.4500541163019167 0.10149124213521254 1.096059556711177 9 49 484
1.0907874644053113 0.08546978929413429 1.152801231712536 9 49 565
0.9619365195996818 0.07361397717651852 1.1729594519640103 9 49 604
2.532286286587384 1.1833201130440134 0.9533582768479052 9 50 134
1.5865121153080486 0.10575857120594434 1.0709788104740539 9 50 460
1.538884584747985 0.1000936649611599 1.0784577439717205 9 50 469
1.4762315233642194 0.11069927958940284 1.088874197977674 9 50 477
1.029343029332974 0.08225124538216289 1.1598398178378064 9 50 582
0.867985689374295 0.07823190266313373 1.1856634164321624 9 50 632
2.497032490767203 1.1303827196079923 0.9530643520306648 9 51 147
1.6015639211036354 0.11223597989640588 1.0652692554255316 9 51 456
1.3353747703317265 0.09448551947189232 1.1079033335881778 9 51 507
1.0801596988314093 0.07939180274180435 1.1488424510178779 9 51 569
0.8889041003680507 0.08113189938906573 1.179946906547531 9 51 624
1.544264636448421 0.11201317452125892 1.0711482787325595 9 52 465
1.4514311618944868 0.10680256504159491 1.086185316719663 9 52 482
1.3923151378220375 0.1058109274344925 1.0958379272486436 9 52 493
0.9293718712870016 0.07412302196433673 1.170635871705434 9 52 613
1.8235739366232875 0.11428601438239294 1.0216224836547845 9 53 424
1.1673290227259312 0.09791803879645511 1.1295759925931708 9 53 542
1.0968167387731336 0.0840644597829816 1.1407678928695468 9 53 563
1.3977820285139275 0.1084776840890691 1.088620785332243 9 54 491
0.892722386536118 0.07772867789941618 1.171835958815858 9 54 623
2.5613062825630006 1.5605534885230201 0.9400768113508454 9 55 43
2.053546901879668 0.11286026305328001 0.9751583545174255 9 55 397
1.5780304401437137 0.11286739108357535 1.0552151850699585 9 55 459
1.5500017997887645 0.11480747274960312 1.0600015527818107 9 55 463
1.3642854356257927 0.09719564593385788 1.0906550459699353 9 55 500
1.1597010090649773 0.08829707907166995 1.124788475546755 9 55 546
1.121802509308716 0.08156327324907231 1.1309345114458862 9 55 557
2.507911049087614 1.3993514522056703 0.9392864686840369 9 56 83
1.7896804903503662 0.11924040176970507 1.0160009045265261 9 56 427
1.0568458870845563 0.08309905636567683 1.1392074358550355 9 56 573
0.8706938888822224 0.06987420536996947 1.1703608254683637 9 56 632
2.514917871674449 1.4682751897654176 0.9363892331745421 9 57 66
2.529697657507061 1.4368449438138082 0.932726523337826 9 57 74
2.4983053296627804 1.3348924036403833 0.9344419973791478 9 57 99
1.2609025238940081 0.10698684193600849 1.102373896046582 9 57 518
1.2371980871041222 0.09967728108350027 1.1061736596650942 9 57 525
1.1525037180171547 0.0857441097932381 1.12018788187295 9 57 548
2.552585081044644 1.554260744933324 0.928864027095442 9 58 45
2.511878474302613 1.4007133973644166 0.9302961861849846 9 58 83
2.528904267435422 1.2895574362847797 0.9232942622238743 9 58 110
2.509979511744571 1.2269708109106088 0.9242813079732116 9 58 125
2.5042343682193016 1.214522270865007 0.9248201397924408 9 58 128
1.1220318797017537 0.09375628673548264 1.1228805318123645 9 58 553
0.9662743203387849 0.07548651888960034 1.1491435318895453 9 58 600
2.5152243733268604 1.465679276827839 0.9279292524852069 9 59 67
2.5264788272419207 1.3894274971444833 0.9231392539855547 9 59 86
2.5122822814849517 1.1976190515102423 0.9185039998855314 9 59 132
0.8723431620833657 0.07548049551183222 1.1629303947257892 9 59 629
2.5231278727897073 1.5457443644297006 0.9253858293530292 9 60 47
2.5058346807642318 1.4018797232689573 0.9230129370096536 9 60 83
2.540544466011297 1.3738406746891016 0.9158508095854001 9 60 90
2.4866288770440113 1.3326490497571455 0.9237859242349452 9 60 100
2.516479061070413 1.2531731352085385 0.9155425776502362 9 60 119
1.8874333655618845 0.11570361260625628 0.9833971246278317 9 60 415
0.8838059797456725 0.07456164064628368 1.155943029792806 9 61 625
0.8602064725993945 0.07444647426283924 1.1527745816666661 9 64 632
2.5024962669948723 1.2273453602893676 0.8911952964600838 9 66 126
2.5042837313443855 1.2144960692957332 0.8903368039144752 9 66 129
2.5134812394421084 1.4389780379743347 0.8936270606591261 9 67 75
2.5040822337852395 1.3697000994272577 0.8924969194929194 9 67 92
2.5178219266555812 1.3242777686366016 0.8880413141586128 9 67 103
0.9317285948383784 0.0794334641147958 1.1322466830107816 9 67 607
2.489987754670374 1.3905283820668397 0.8917715799942151 9 68 87
2.495737940980302 1.2708988597930047 0.8856400073238686 9 68 116
2.4949495556211034 1.2541055999735464 0.8850795359728004 9 68 120
1.5678149883653425 0.11238171214720838 1.011359465482435 9 68 459
1.437695640566813 0.10692975573991381 1.0356156439459328 9 68 482
1.4206615068016994 0.11115799522996705 1.0389996564337793 9 68 484
1.0229873360285993 0.081054040217722 1.1125646679759944 9 68 580
0.9669154925875101 0.08041225241420857 1.1230893689662715 9 68 596
2.533204027266353 1.4124222448960873 0.8802793007808801 9 69 82
2.5225745617135655 1.3545807649529449 0.8798212737674002 9 69 96
2.5227613546889316 1.3462808910761055 0.8794307305765495 9 69 98
2.502455655473844 1.3006266663559316 0.881329951225696 9 69 109
1.282678334860979 0.10058430097778048 1.0614095055289305 9 69 513
0.8514320722167914 0.07644770096331399 1.1421951114351503 9 69 633
2.5563900097679 1.5595638197185289 0.877934086025238 9 70 46
2.521701253092104 1.4372239744096234 0.8792643195721601 9 70 76
1.6248787109262808 0.11673785283087756 0.9935426347955809 9 70 449
1.5520635669554061 0.1090680908866597 1.0071373789023839 9 70 462
1.5382035508968872 0.11000566651290256 1.0098290285248819 9 70 464
1.34592466129472 0.10147304559634263 1.0462361122436241 9 70 500
1.2622608327148985 0.09695367310238279 1.0620424782875901 9 70 518
0.9453112187812973 0.07652609886415052 1.1217794848386888 9 70 603
0.9149962986079916 0.07730488851623374 1.1276115683412402 9 70 612
0.8889967014564888 0.07793097771596491 1.132611641705296 9 70 620
2.5233879504025944 1.596905352142853 0.8816898499950631 9 71 36
2.519258611067108 1.5887602399458305 0.882128182594642 9 71 38
2.5334551494261697 1.5506778602945714 0.8777176471264637 9 71 48
1.5219302449634715 0.11212522913152023 1.0095504310970977 9 71 466
1.4422746550652839 0.11818321590752201 1.0251754672892894 9 71 478
1.33284111738566 0.10296383466802483 1.0456073079457502 9 71 502
1.3093707567636568 0.10153069713879903 1.050069800289793 9 71 507
1.2519549583738936 0.09693431440358324 1.0609385315475832 9 71 520
1.207447251740463 0.09180643583641057 1.0692950246854165 9 71 531
1.187989857682803 0.089419260952043 1.072941835774544 9 71 536
1.8270872619195124 0.12158089874253664 0.9471709751508829 9 72 420
1.40304741143648 0.1053373643631057 1.0288663925688017 9 72 488
1.1192414050073214 0.08859823724760374 1.080400338098308 9 73 552
0.8702494906047289 0.07885613261525237 1.1287426377623646 9 73 625
0.8524634209443571 0.07502441152787753 1.1320544371112484 9 73 632
1.0922707994636278 0.09030360240786872 1.0829167341202173 9 74 558
1.0819294302061724 0.08886952899180178 1.0848933496667064 9 74 561
1.2375284358902752 0.09827859964039676 1.0515265177070239 9 75 522
1.1714129511182951 0.09324326451230736 1.064452359066478 9 75 538
2.516942212734773 1.3920295740078292 0.8524110531526994 9 76 88
2.506791964374479 1.329798195285727 0.8515325068384031 9 76 103
1.2248137398018188 0.10042415384226366 1.0511021751105383 9 76 524
2.539847406456821 1.61088075553647 0.8538336036341074 9 77 34
2.520885594282422 1.4784021136213483 0.8513850555201561 9 77 67
2.5203627171460683 1.37205051673343 0.8464479815802519 9 77 93
1.4859213778878368 0.11677645407932191 0.9960365897618947 9 77 470
1.375544701450364 0.10646777095091253 1.0178600558173212 9 77 492
0.973816357224963 0.07279121825242196 1.0974712409432448 9 77 594
0.9502070198523878 0.07944262937834301 1.1025591703412128 9 77 599
0.940176020156555 0.0758640051692443 1.1044172180067235 9 77 603
2.5119943998578718 1.5739402852881361 0.8534951244259334 9 78 43
2.509817226094874 1.4341050550380734 0.8472266699147465 9 78 78
2.495788128380361 1.4052213347511469 0.8486981472053025 9 78 85
1.7539524644349078 0.12073408625750881 0.938163387061653 9 78 429
1.7204356590497747 0.10950003390241703 0.9444518775003565 9 78 436
2.560067132236334 1.6183161589129933 0.8415589143929553 9 79 33
2.5357606504740806 1.56477454678912 0.8439472417935031 9 79 46
2.5265478433080726 1.4760328605536406 0.8415270665158424 9 79 68
2.5307716127640245 1.394218800542185 0.8366852458801025 9 79 88
2.4931680003330943 1.310838396328605 0.8403534981831019 9 79 108
1.0717016217426818 0.08348797378532602 1.0725183869972332 9 79 564
0.9061165894383689 0.07894063055120926 1.106288148124392 9 79 612
2.508238929585221 1.5868764665538682 0.8464534492329991 9 80 40
2.512792469387684 1.5002030160916786 0.8412500116217634 9 80 62
2.5086360160527486 1.4919645786547788 0.8417046852169658 9 80 64
1.442294585551136 0.11266132250665373 0.9944543746202938 9 80 478
1.341488318746264 0.09826131345876243 1.0145976169900697 9 80 500
1.0417711074877112 0.08557275985178725 1.0759687226135446 9 80 571
1.0155394902704942 0.0821187587311516 1.0812247724875195 9 80 579
0.9400673052184254 0.08039917704900001 1.0967512606395582 9 80 601
2.50959846457829 1.5642334452356115 0.8408197460453132 9 81 46
2.499596153946345 1.456039262429024 0.8375213110017709 9 81 73
1.2193194571087906 0.09759636602606925 1.036763652835148 9 81 525
0.9650668652975807 0.07834204147580381 1.0887959736759925 9 81 594
2.509720288220234 1.4163615053871952 0.8291043374434202 9 82 83
1.1960295831022196 0.09734643209891325 1.03856557894965 9 82 530
0.8605759526830625 0.07468985043042853 1.1078667712587293 9 82 627
0.8382173481915745 0.07280550380438555 1.1124669841716157 9 82 635
2.5182750847114534 1.6018094918360442 0.8323993219569753 9 83 37
2.4990449427938364 1.4573908141634622 0.8291127623690506 9 83 73
1.6524139764510455 0.1183153618311239 0.9400338724931858 9 83 443
1.311741742495131 0.09547960610336226 1.0109453832640167 9 83 506
1.0993180236914044 0.0916058761648939 1.0556896342431057 9 83 554
1.0756844713432017 0.09496122755406722 1.060860561172149 9 83 559
1.049981385832582 0.08986493322616518 1.0660389021932208 9 83 567
0.9263817113284067 0.07466537594738476 1.0914142436606773 9 83 606
0.9175435178889542 0.07707728669668068 1.0934069350627502 9 83 608
0.8763288996087364 0.07680713055121324 1.1021127683991225 9 83 621
2.5168362894443455 1.4383960793368518 0.820036576228967 9 84 78
2.5279172565480095 1.372438136891129 0.8142767864322185 9 84 94
2.5181483387162262 1.334643477624879 0.8144119097106136 9 84 103
1.2253444462464256 0.09425791411091611 1.0260645321921786 9 84 524
1.1612419265879723 0.0992033992034802 1.0399823772503354 9 84 537
2.5523150156248016 1.6262808618683366 0.8178567586270877 9 85 32
1.3949507026726908 0.10713048772312517 0.987214348751376 9 85 487
1.3483940648273254 0.10974197997519952 0.997347299822136 9 85 495
1.1440196874879887 0.09469466083249456 1.0404475324412719 9 85 542
2.5086148376214346 1.4598516160500123 0.814235396719859 9 86 73
0.8979947640609136 0.08151350273767433 1.0899921269368449 9 86 612
2.5098123841712496 1.4196993536338114 0.8074950989087971 9 87 83
2.5230900844131345 1.3743213796642764 0.8021838447844175 9 87 94
1.149467822651105 0.08835685439614904 1.0329617831302365 9 87 542
0.9669618686420498 0.0819429812911805 1.0723870526226467 9 87 591
2.5147481684028055 1.6092948796900282 0.8122550313454973 9 88 36
2.5289329375437433 1.5028319369969578 0.8034054213057913 9 88 63
2.501015505847927 1.4568646775295915 0.8070560793314527 9 88 74
1.6039417471070196 0.12045089226774186 0.931941746617204 9 88 449
1.0743054726323016 0.09599474788033557 1.0468702380336161 9 88 558
2.5361678875817155 1.6002534301276272 0.8027525800530088 9 89 39
2.5293580763627594 1.5877662741033733 0.8035778285928099 9 89 42
2.5050136634531257 1.4820517104368685 0.8032010597772175 9 89 68
2.4942727715991833 1.473461538289096 0.8051076526455657 9 89 70
2.513367518658124 1.4293725520558116 0.7984845970865567 9 89 81
2.5096308576669717 1.3962498221208781 0.7975063505581346 9 89 89
1.569845900505945 0.12060192249001833 0.9357789307287459 9 89 454
1.325493201429644 0.10061649432145048 0.9887103077895633 9 89 501
1.038603761233036 0.08495681301854319 1.0512810986671837 9 89 570
0.9955105433431388 0.08282317566384623 1.0579242481967928 9 90 582
0.933801345621599 0.08180622016422978 1.071608892248901 9 90 600
2.530144347985516 1.5091377007190672 0.7903830221343263 9 91 62
2.4823503893822014 1.3723160838433763 0.7934855297458676 9 91 95
1.1772645358499096 0.09533045562616049 1.0150877847441713 9 91 533
0.8424094616450588 0.07670308851794339 1.0891468016312271 9 91 630
0.8343173496246796 0.07230126093240341 1.0907165491664412 9 91 634
2.5356812767832233 1.6104879496232303 0.7904550407395944 9 92 37
2.4983404492596337 1.4959439276301278 0.7924447475842507 9 92 65
2.5099090947496245 1.4722316407088214 0.7884977843775541 9 92 71
1.5778862644391627 0.1222493501863231 0.9230574880623615 9 92 452
1.3134764259892031 0.09593939772893778 0.9812975626715728 9 92 504
1.1106980360024157 0.09662696690349604 1.0271362722459456 9 92 548
1.0807933674479038 0.09421403828979713 1.0337548643888277 9 92 556
1.052519314193793 0.08753160335199195 1.0397649616277218 9 92 565
0.9249095551016873 0.08237836331012272 1.0682972980694398 9 92 602
0.9045270025256136 0.07957350668645669 1.0727431519542994 9 92 609
0.8589161262627771 0.08113482845176301 1.0831327760798377 9 92 623
2.4807381067889684 1.3652851655345408 0.7846766083225636 9 93 97
1.400549970052126 0.09777358183433549 0.9583138481410396 9 93 487
1.217769919180292 0.09408683137943252 0.9996800509500355 9 93 524
1.0444744239114938 0.0870492908799636 1.0386983477903524 9 93 567
1.3185171958954525 0.10669250601786429 0.9741916084357947 9 94 500
2.5448550213656884 1.597798288406494 0.7745776074353287 9 95 41
2.5132929190136553 1.4499273517539724 0.7732737268956349 9 95 77
1.0819269369881317 0.09450984954158681 1.0247654554898142 9 95 555
2.510325796644596 1.623012474310133 0.7796992823629183 9 96 34
1.2667351376206182 0.1144273741601558 0.9800799884855285 9 96 508
1.2542914697098317 0.11264535426821443 0.9828659137985472 9 96 511
1.161572750003738 0.09373536870217491 1.003293718723747 9 96 536
2.521200502606649 1.6091212417187037 0.772018681950629 9 97 38
2.5447326716883047 1.6033622653519548 0.7661734051285997 9 97 40
2.5164564880076465 1.584921270589154 0.7716943255142438 9 97 44
2.462047962935884 1.4935296537024798 0.7790048034993403 9 97 66
2.5107818798217485 1.4635331126205804 0.765828809233416 9 97 74
1.5051600478492433 0.1210770726342505 0.9214913756842625 9 97 463
1.067613729418926 0.08398488689762917 1.0216329513706741 9 97 561
2.5085089086438224 1.4518278564489422 0.761245913661823 9 98 77
2.508782360015043 1.435358101498637 0.7601956973086693 9 98 81
2.5035032980920997 1.4269355089123177 0.7609348144068138 9 98 83
2.5043399007442595 1.406242084780895 0.7594991587944734 9 98 88
1.1674741701404123 0.0947459389091776 0.9958405719685375 9 98 534
1.0303887017085678 0.08551059499159996 1.0275725009897367 9 98 570
0.9995055467891201 0.08296985301813553 1.034693651244692 9 98 579
2.489437025976448 1.5125496344259197 0.765011489972686 9 99 62
2.46344597364263 1.5030105465096268 0.7705978833319767 9 99 64
1.2187348219528766 0.10450987491996089 0.9811975533649671 9 99 520
0.9424419984236301 0.08264120229080274 1.045391209622113 9 99 595
2.4920274038042014 1.4279521338831653 0.7548597433170473 9 100 83
1.2579572520035494 0.11082666724799495 0.9690589579626367 9 100 510
1.2507815413700385 0.10875872751701099 0.9706458397906265 9 100 512
0.8541645295517934 0.07565559952267198 1.06331429548053 9 100 624
0.8258559285111893 0.07702822025988154 1.070156612374491 9 100 633
2.505029900829193 1.6460208920850765 0.7607522326308737 9 101 29
2.51282483530222 1.6154394666668894 0.7569927199797123 9 101 37
2.4922468504802042 1.4858873101166359 0.7539498024063972 9 101 69
1.4115413128136043 0.10936700998595472 0.9288275793608577 9 101 481
1.3107708176116228 0.1079921560506758 0.9529645448597431 9 101 500
1.0556748011205013 0.08461239790513231 1.0128390526489073 9 101 563
0.910839707108098 0.08233838664410476 1.0475121781874468 9 101 604
2.481028351568524 1.5102077215432634 0.753776800044363 9 102 63
1.4680988244050444 0.11416823037992163 0.9119596363392098 9 102 470
1.0315877295832836 0.08103357125906063 1.0155274895139348 9 102 570
2.5359300130103777 1.5832616037717653 0.7406191208173246 9 103 46
0.9845449516739331 0.0900499113809432 1.024669660241964 9 103 580
2.495169307651569 1.6395876250392483 0.7497631057441099 9 104 31
2.4977355905472045 1.4923854574868394 0.7397882340136038 9 104 68
2.5186212829479953 1.4770601545314557 0.7336931278354913 9 104 72
2.4987959241693596 1.4638409672503687 0.7377159722092402 9 104 75
1.0839390764419645 0.08923218956603174 0.9974340140845522 9 104 554
0.8493557845461752 0.07990322774255931 1.0517747363082162 9 105 623
0.8334853757548275 0.07725820593550092 1.0555232647590285 9 105 629
2.518020196364854 1.6040463858844836 0.7331081925055296 9 106 41
2.482012654486444 1.5131800263382433 0.736176973377892 9 106 63
2.500358525306818 1.6308027801750022 0.7348660952704041 9 107 34
2.4830040931281623 1.4447814417401346 0.7270570882694732 9 107 80
1.3500074196163119 0.11428369705435393 0.9235739398318201 9 107 490
1.0484331744102626 0.09402715986728905 0.9976899147528902 9 107 561
0.9914060349537057 0.08342157912545023 1.0112625851950905 9 107 579
0.8559444027384366 0.0845039947637023 1.045219128878602 9 107 619
2.5303918636195726 1.6545200148217254 0.7244980221558347 9 108 29
2.5209612229068403 1.4841725184817545 0.7156419172863803 9 108 71
1.2646527712586304 0.11172170456940655 0.9414862013102903 9 108 507
1.2305593302060762 0.09993043457187922 0.9492932474836313 9 108 517
0.948073764045394 0.09041131009037473 1.0197929812161635 9 108 589
1.2472705366418337 0.10920261966384315 0.9424466126498582 9 109 511
1.1712562007332956 0.09860395818965473 0.9610059659903731 9 109 530
1.150912295843499 0.10088574758966495 0.9663136281122244 9 109 534
0.8305960935950492 0.08025464640187141 1.0461197404229468 9 109 628
0.8148582810288971 0.07783695497017629 1.0499473579300223 9 109 634
2.536249322456521 1.6449110055749068 0.7135286479846052 9 110 32
1.3163289309121926 0.10557900324268776 0.9213324783879981 9 110 498
1.0236711930258768 0.09313272983920129 0.9951475240079686 9 110 567
0.9187385100350631 0.0871769650650438 1.0215137014082547 9 110 598
0.8913407162562381 0.08469447075144831 1.02833559563322 9 110 607
2.4991154280565535 1.534131370590841 0.7111133121186802 9 111 59
2.5091697656532337 1.5185342905571577 0.7074750995964708 9 111 63
2.5187465049352644 1.5075672139571135 0.6997692074093951 9 112 66
2.503376444636479 1.6082347949274827 0.7062006823153973 9 113 41
2.50248225810925 1.4868588252685595 0.6980581833460819 9 113 71
1.209160051362553 0.10625513970238964 0.939099791762815 9 113 519
2.512847530850798 1.6535877536941483 0.702448581148087 9 114 30
1.064611481873937 0.08795675089766375 0.9724371564799795 9 114 557
2.5289187593656592 1.5186429666022376 0.6843123565743305 9 115 64
1.177163381427428 0.09674469758618365 0.9404222964839181 9 115 528
0.8242016118996891 0.07501503157187095 1.0318471316115476 9 115 630
2.5365747146905417 1.6298913183992687 0.6856227658233449 9 116 37
2.424935111651889 1.4689714204796473 0.7038059153101248 9 116 75
1.1106811991818806 0.10064387364281568 0.9551384357331845 9 116 542
1.0240255835214225 0.09150299976825282 0.9774551253595766 9 116 566
0.9479876404152174 0.08624836043744155 0.9944247120662368 9 117 588
2.531020006957821 1.6549489400170123 0.6799237863183312 9 118 31
1.042579477763347 0.08684951304298316 0.9662721759373356 9 118 562
0.8123969399105566 0.07896715144486954 1.0274706623772436 9 118 632
2.5311637561518667 1.635810050979676 0.6740090221356527 9 119 36
2.4083031038064755 1.4782902848305457 0.6957273977435368 9 119 73
1.077848693348365 0.09792203269929556 0.9545790284384092 9 119 550
0.9164530507469502 0.08513799643540865 0.9972274493458922 9 119 597
0.8878543103957326 0.08737676204024125 1.0051121377715786 9 119 605
0.8742160697904922 0.08463091513870968 1.0085948892747587 9 119 610
2.551200488337961 1.6306259724786836 0.6636815960055384 9 120 38
0.9805424748063891 0.08316326156562193 0.9769004167943295 9 120 579
0.9656005972167929 0.09097807213844566 0.9815329992071746 9 120 581
2.5359433288299695 1.6097032953441974 0.6617568380918821 9 121 43
2.502266830920623 1.5419065428910426 0.6659476251081065 9 121 59
2.4023436738965573 1.4793935807771208 0.6886381053271573 9 121 73
1.0508144054334838 0.08398505909992005 0.9548685513470727 9 121 560
0.9303553988673032 0.09023715249063935 0.9882590862817939 9 121 591
2.534315293011829 1.6224951081485026 0.6586161489783928 9 122 40
2.511831982091348 1.5228297286175652 0.6573653042106391 9 122 64
0.9045263466321432 0.08085530051977718 0.9918635447509454 9 122 601
2.5270727063001805 1.642691305656291 0.6576001430392079 9 123 35
2.531589111473239 1.6351333314032968 0.6557818750695767 9 123 37
1.0289174102993037 0.09208993224772066 0.9555214054840087 9 123 563
0.8083784427445739 0.08230675198972959 1.0158115323192338 9 123 631
2.5031790974552464 1.5286421902838314 0.6465190612599261 9 125 63
2.4819208467182317 1.5109069588775892 0.6511167743883988 9 125 67
2.4857835699943225 1.4988235839277038 0.6491107889607195 9 125 70
0.8100781343014041 0.07740623179992534 1.0071169058572016 9 126 631
2.5377338418816837 1.6471589810946077 0.6367936643516461 9 127 35
2.504647558596726 1.5220198266169724 0.6364443331602987 9 127 65
0.8439708495909808 0.07927718083840074 0.9950279174168771 9 127 619
0.8169223970630335 0.08235986485493352 1.0029347754205653 9 127 627
2.5172167977810362 1.6176383841150546 0.6357639879908077 9 128 42
1.0794405809649625 0.09297404445130208 0.9262679440140063 9 128 549
0.9204548009125788 0.08358127605844823 0.970867666961106 9 128 594
2.487200179705063 1.6718618604599376 0.639619911248277 9 130 28
2.065521455910477 0.2839843571757503 0.6507714151531288 9 130 356
2.514220713196461 1.5463340629557267 0.6172132892310453 9 131 60
0.9705449269715092 0.08368770607119558 0.9478659790531837 9 131 579
0.9124205951462034 0.07855742070174543 0.9643250894607776 9 131 597
2.5085300082903927 1.6681311637647411 0.6241082032053253 9 132 30
2.5071928194857147 1.6199164464154299 0.6205977049988122 9 132 42
1.9687625213028483 0.27917854532241293 0.669323419299983 9 132 366
2.5301224650121688 1.6594291985587801 0.6125164925700297 9 133 33
0.8735949058190429 0.08561083122272484 0.9678915768669506 9 134 606
2.5059819725158445 1.6343418567656594 0.6084210868136242 9 135 39
2.5109972830804748 1.622749795504325 0.605971002765002 9 135 42
1.9096103490236063 0.28265073249504447 0.6736511959381498 9 135 371
0.8074369072380827 0.07869532386324041 0.9842085375224897 9 135 629
0.9540241773314917 0.08879146387967696 0.9385884901556028 9 136 581
2.4843329170469732 1.6297338360350269 0.6053705848922258 9 137 40
0.9119600643153956 0.08806146178665308 0.9482578118141598 9 137 593
1.9024136191803231 0.28041190269911964 0.662347941951434 9 138 372
1.8915356060223343 0.2762197558174233 0.6652805853302746 9 138 374
2.4727696122971126 1.6659018965031926 0.6028431447212003 9 139 31
2.5107293809784466 1.6623169314211872 0.590998121174384 9 139 33
0.908307419986609 0.08921856460083943 0.9409289705000254 9 140 593
2.5223861584503635 1.6693803079624518 0.5788164217492582 9 141 32
2.4948220146942566 1.5650046701068712 0.5782436255303105 9 141 57
2.524807530773077 1.6624367631979922 0.5728292781368893 9 142 34
2.5240025377692126 1.629847966911811 0.5702323770900637 9 142 42
1.8108033810107105 0.2870929643169535 0.6734774662671827 9 142 380
0.8968549885638011 0.08517223216351466 0.9384102612600658 9 142 597
1.798824310414851 0.27428566898380335 0.6717759056770279 9 143 384
0.8341601246045918 0.0892841142090739 0.9554213434330057 9 143 615
0.7880766292400583 0.07626316228395646 0.9686035262259363 9 143 634
2.501971123376477 1.6655564847477098 0.570940608804364 9 144 33
2.4904720455758484 1.5629117581735916 0.5654393663297769 9 144 58
0.8619932164091879 0.08813076355919591 0.9410916949296577 9 145 606
0.8012177114561434 0.07967808824789469 0.9594442275711696 9 145 628
2.4927621546168277 1.6581749984754648 0.5639360594102772 9 146 35
0.9019865941229837 0.08955888407514934 0.9229146487414023 9 147 593
2.4958381659782507 1.6561935219335255 0.5535118390967559 9 148 36
0.8288444826276538 0.0869992596921354 0.9431870495475679 9 148 616
2.47738215746437 1.549354606451406 0.5449786693776533 9 149 62
1.6991936206591294 0.2732041449371363 0.6653175612849156 9 152 395
1.6853437003503569 0.27172724215508914 0.6697032540213796 9 152 397
0.8729017492997497 0.08746216644976146 0.917807452219749 9 152 601
0.8232485906680003 0.08599124919424828 0.9338894048225268 9 152 617
0.7780571502680562 0.082768206193778 0.9483494326096016 9 152 633
2.4928843352295997 1.6641353180709497 0.5319128846747725 9 153 35
2.5011150768908985 1.6537883490671743 0.5235335466068347 9 154 38
2.4743942747042196 1.566194245059592 0.5193041514067358 9 155 59
2.4971032108713036 1.6631470806671595 0.5163553922454438 9 156 36
2.496626334997933 1.6509310798089245 0.5153358475324709 9 156 39
0.8678063578905633 0.1429224531336517 0.9134436079445518 9 156 586
0.8613567636014099 0.09281445540951871 0.9107613048560823 9 156 602
0.8292497740500904 0.08133497751904395 0.9175769130535818 9 157 615
2.4980712298425924 1.661775040061335 0.5017426096603366 9 159 37
2.5120136729703333 1.568247596288917 0.4878043065872021 9 159 60
0.7740865065412912 0.08297860839432891 0.9281384125576289 9 160 632
2.4864363713449475 1.7024132385217114 0.5003077875032038 9 161 27
2.5227404964049356 1.6745203471083607 0.4850835812426686 9 161 35
0.8295356463686103 0.14796332820925429 0.9129129871703316 9 161 595
0.8241949733210794 0.13636391333781628 0.9135852654140708 9 161 600
2.4458243897465337 1.5455364757398002 0.48908772031538794 9 163 65
0.7940772046585931 0.0843131951584537 0.9132038225383057 9 163 624
2.490334254022114 1.6822657994293437 0.4780198601379966 9 165 33
2.4936497990308752 1.6672961219022149 0.47055423118765916 9 166 37
0.7865491797656212 0.10435342495307176 0.9096241773760807 9 166 620
0.8470781474663001 0.19697387599512428 0.8951000824723641 9 167 574
0.7645150184504861 0.08392416715587814 0.9125440439886942 9 167 633
2.4790257793104815 1.699607260188762 0.46955984778418147 9 168 29
2.4685270142669324 1.67415871911923 0.47063001713249464 9 168 35
2.5228225582245405 1.6600631446324423 0.44986692517796234 9 168 40
0.7586407749554185 0.1040654365466116 0.9140105253348678 9 168 629
0.8183021736121721 0.19442569574002344 0.8995053817024203 9 169 583
0.8822444231670992 0.2180243920299334 0.876296816417279 9 170 557
0.7974594563442381 0.1852136781817566 0.9032529985966501 9 170 592
0.7607159610222893 0.16504154497828738 0.9143048437213616 9 170 610
2.465166056396284 1.6964555921116267 0.45995766044798203 9 171 30
0.8701956226945173 0.21444439466353504 0.8745509106269973 9 172 561
0.8090856866594196 0.20163179300871126 0.8953324009133505 9 172 583
0.7375440229835009 0.13926236724570717 0.9145820017675427 9 172 625
0.7637396633757065 0.17240089009614823 0.9059510683609682 9 173 606
0.7396249794963698 0.16972486389411312 0.9144491002604391 9 173 615
0.9338419247279217 0.2272917117560591 0.8409818164641581 9 176 539
0.7593412824811956 0.18141876071931495 0.9004806891099282 9 176 604
0.8398308547531432 0.209894916043746 0.8710213408560157 9 177 570
0.7292940153609235 0.17133890321044576 0.9078431164911879 9 177 617
0.7021370336302368 0.1468620356083814 0.9152294342204939 9 177 634
0.8794880390305302 0.2240386536710537 0.8520646983781528 9 179 554
0.7844247982744992 0.20508589889863682 0.8856281810131508 9 179 588
0.7438732258448841 0.1928753402067407 0.8994833430252309 9 179 605
0.7987537011928361 0.21088551813880319 0.8726120051939003 9 182 581
0.6967327209360428 0.17534431994170174 0.9074221765959409 9 182 626
0.7142301207711373 0.19342077362856758 0.9001920397284762 9 183 614
0.8725479694304981 0.22338366518900088 0.840120560292518 9 184 555
0.7372602852556085 0.20832438612437643 0.8877543001914988 9 185 601
0.7192805024564077 0.1980556922810921 0.8908645860168656 9 186 610
0.667780675181534 0.17723225301983359 0.9084335928171654 9 186 635
0.6856980774127511 0.19382460878802332 0.9008223004999255 9 187 623
0.6956523664351935 0.19557107274377006 0.8892897432250308 9 190 618
0.7840262114382006 0.21549842093787985 0.853907788164307 9 191 582
0.6687301286604309 0.1876425007475171 0.8964179799432723 9 191 630
0.7138526819090547 0.2069808815883345 0.8728101403322045 9 194 607
0.7032943672943031 0.20838429568457917 0.8745914877264475 9 195 610
0.6868641831189317 0.20135253257949337 0.880385255712729 9 195 618
0.8581612430963812 0.23412933586419382 0.8091205261860315 9 197 553
0.8462342777800966 0.23040883187554462 0.8076898177341468 9 199 557
0.6880281270804302 0.20942004245771573 0.8703790492339104 9 199 614
0.7603880345318583 0.21971089669455068 0.8390189287451637 9 200 586
0.6620636103013959 0.2035811588077352 0.877767750606113 9 200 625
0.6476411299227728 0.20177324986050982 0.8835222559912441 9 200 631
0.7351357157967837 0.21467226995098532 0.8406389085676955 9 203 595
0.7226600922604804 0.2153623759493395 0.8459756285104986 9 203 599
0.6837323361554295 0.21078088444534115 0.8617597676466204 9 203 614
0.6630475461992431 0.20839286552098635 0.867538265119388 9 204 622
0.6377324561989999 0.20864617948652642 0.8653727081678927 9 209 630
0.6662703259916194 0.21521103110260364 0.851268253749704 9 210 617
0.729142264940744 0.2234210418009075 0.8195346986405602 9 212 592
0.7104967764948265 0.21772116329828628 0.8269315297702258 9 212 600
0.6556876565023614 0.2120385014929358 0.847534917055155 9 213 621
0.696262583472847 0.2180478075842749 0.825055119985422 9 215 604
0.7195308919075202 0.22547266697692714 0.8074249489645355 9 218 593
0.6402301981933007 0.20982301423701344 0.8409140468544928 9 218 626
0.6925627674879353 0.21864580484311613 0.8158681525806522 9 219 604
0.675500740306622 0.2221001266397553 0.8240634532833062 9 219 609
0.6530049245778984 0.22314368263156537 0.8263861319777316 9 222 616
0.6238512555405751 0.21987206572974105 0.8392663886816168 9 222 628
0.695894505167049 0.22779575420265097 0.8046597994865303 9 223 599
1.1305489339555046 0.2681786240949635 0.599783951371345 9 226 474
0.67190347126591 0.22548513090207756 0.8044777951600905 9 227 607
0.6309274330697568 0.21589362713897553 0.8222422173557309 9 227 625
1.1028667059140411 0.27526756993073276 0.5994536882303354 9 230 477
0.6930885861547159 0.22792115284734216 0.786588883861478 9 230 598
0.6473640577264423 0.22135543945022507 0.8045785276144456 9 231 616
0.7086445106583404 0.22504323289708217 0.7731407897447281 9 232 593
0.6230622381680212 0.22083412510970746 0.8134084955945585 9 232 625
1.096404418656583 0.27834344218546714 0.5922589654510868 9 233 477
0.6717814230436282 0.22377475880012643 0.7795048455898984 9 236 605
0.6614979749481146 0.22936087521434811 0.7853591856964818 9 236 607
1.0700770515839757 0.2654694277327785 0.5887499381849254 9 237 485
0.6148254045864752 0.22528015850444172 0.8020923577083967 9 238 625
0.9148638934575335 0.7302921128200144 0.7303128894303408 9 239 377
0.6545886212958811 0.22381354383712093 0.7768659356665908 9 240 610
0.6289595067120632 0.22435845055795545 0.7869081556785344 9 241 619
0.6963493295683688 0.2348133831506347 0.7465548243529889 9 244 591
0.6502592216515769 0.22518503256179123 0.7681792199279368 9 244 610
0.6161740245966796 0.22748912699927182 0.7856735290324355 9 244 622
0.6708745986259623 0.23310658426803443 0.7562739231148565 9 245 600
0.9186730711279449 0.26383185912075335 0.6328641252847296 9 246 518
0.6586897902389562 0.22647493851683675 0.7585652829079776 9 246 606
0.899655863996383 0.26216681621848825 0.6389580402542412 9 247 523
0.6213009101171525 0.22798720234439007 0.7750304294706843 9 247 619
0.9416749047648105 0.2600695980198633 0.6138758486183763 9 248 513
0.6976127332933202 0.23645397784902467 0.7347019378903453 9 248 589
0.8531342177779224 0.2610417449098166 0.6560708853858068 9 249 535
0.6603979107241364 0.228261167542525 0.7495677680849696 9 249 604
0.6330454094640255 0.22368505839671382 0.7600858130612244 9 250 615
0.6193970943453094 0.227387679046692 0.7677216714473865 9 250 619
0.7117263595248489 0.24160586361727798 0.7195890861971665 9 251 582
0.6668620042424211 0.233603320672779 0.7357894552791852 9 253 599
0.8462405821003576 0.2636740195385623 0.644089808957312 9 254 535
0.827718056274509 0.741802829808854 0.7309331563807814 9 255 388
0.6585752029618823 0.23961794813069104 0.7297805560681727 9 257 599
0.8271958033717506 0.25748712008324515 0.6403020987251657 9 258 541
0.6115305599512377 0.22927840297142765 0.7501935571164543 9 258 619
0.6408586424374851 0.2286700510967532 0.7316708741005056 9 259 608
0.7107833234239248 0.24472670303468202 0.6941194704372663 9 260 579
0.597424321726808 0.2252823749545101 0.7515460639872051 9 260 625
0.8711007558832264 1.002916244792247 0.7331177157031641 9 262 281
0.8080531762986143 0.7590916404459078 0.7248748772398902 9 262 385
0.8376867384035442 0.9114580706696669 0.7325837289661451 9 263 322
0.7907903983688114 0.7490354441854843 0.7269569288721085 9 264 392
0.8231194717532742 0.26373412851743927 0.6243595178775168 9 264 539
0.8100471117067942 0.2659815027461825 0.6318728112038129 9 264 542
0.5988544687247025 0.2293350024879377 0.7404787178991046 9 264 622
0.6480499451557677 0.23772199116118053 0.7122927081207332 9 265 601
0.7739885201454408 0.733326932658104 0.7251381330815113 9 267 401
0.6215247596622193 0.22773242359510681 0.7193992404389786 9 267 613
0.6130674827288689 0.22489275515948726 0.7235558811043069 9 267 617
0.7832406445333959 0.8083687360473335 0.7306527000656098 9 268 371
0.7773701830717377 0.7876700341278655 0.7302091364262296 9 268 380
0.6376250812098153 0.2270722867516788 0.7075462230668206 9 268 607
0.800585627114575 0.8802712936821973 0.7311859200027453 9 269 340
0.7937692515106187 0.860132476900354 0.7286637878511081 9 270 349
0.8285646281692924 1.0158396861506658 0.7346281950628701 9 271 281
0.8222561424965298 0.9742126153718991 0.7306346170631992 9 271 299
0.6525949231451391 0.24000723304682237 0.6928840955955743 9 271 597
0.8050119396204047 0.9581825097652639 0.7347344226754133 9 272 308
0.8066408077213618 0.9353959737753987 0.7296815176645812 9 272 317
0.7698155625451597 0.8144216056398982 0.7284086548639775 9 272 371
0.7657341251433438 0.8034761658942553 0.7287147138779316 9 272 376
0.7655400969240527 0.793081419911308 0.7269362699812898 9 272 380
0.7518103249338781 0.7766155118163012 0.7289700023251092 9 273 389
0.7520411388082748 0.7525710873474211 0.7244542577145623 9 273 398
0.8123844101260445 0.2632824759980723 0.6011703752163116 9 273 540
0.6671592267914368 0.24130855066458823 0.6790873149910042 9 273 591
0.7901111463748114 0.9193636213615737 0.7307357989574474 9 274 326
0.7503724595033894 0.7290163490762374 0.7183670079857818 9 274 407
0.6355549380529341 0.23383492094855818 0.6926679282658996 9 274 604
0.8400279868882405 1.0931944066171002 0.7316782289994946 9 275 247
0.8192904131258345 1.040043067403027 0.7336863440927965 9 275 272
0.7657889850440194 0.8621002005273382 0.7313559521115223 9 275 353
0.6009006750777123 0.2254299062494045 0.7079317259980387 9 275 619
0.7566747722121667 0.8357739388328068 0.7290236190730974 9 276 365
0.8083675688221161 0.2611547613472971 0.5933093320020778 9 276 541
0.6187497554764586 0.23224205555571875 0.696178035408188 9 276 610
0.80130393445328 1.005184617570761 0.7322351027685182 9 277 289
0.7459643513094583 0.768318494771545 0.71996157672164 9 277 393
0.7958591233474497 0.2657140510231457 0.5980633218684467 9 277 543
0.8237384581438889 1.0879836454971528 0.7321355897468262 9 278 251
0.7811875165856641 0.966507462476512 0.7339530118900841 9 278 308
0.7622075567340862 0.9082430194916167 0.7340028921825571 9 278 335
0.7461926361887441 0.7916481508650924 0.7214700308995012 9 278 384
0.7540764287971111 0.8894285205973794 0.7325362627178372 9 279 344
0.7455803253498365 0.8151393073770734 0.7235263076086282 9 279 375
0.8720167994355408 0.27372794532889655 0.5491265057413152 9 279 520
0.6106570054252959 0.23257301216805848 0.6922994343538902 9 279 612
0.7806133646750228 0.9905389946947885 0.7335406645218626 9 280 298
0.6479272940335582 0.24020657963119318 0.6692738529154665 9 280 596
0.7638922080251747 0.9511107403333511 0.7331982025979191 9 281 317
0.7470177497202537 0.8422088871785297 0.7224369366234078 9 281 364
0.7690749831404333 0.2575319929972326 0.5991288882828264 9 281 552
0.5896887093194847 0.2268963899335652 0.6976922585327308 9 281 621
0.800606847494524 1.0892203044854103 0.7353500414280177 9 282 253
0.7486285129554617 0.8715636026702678 0.7243949285770838 9 282 352
0.794196284165253 1.0749581084077773 0.7337973165278792 9 283 260
0.7579788369095568 0.9436235631408184 0.7299928222330235 9 283 321
0.9299763508895105 0.2662369821028421 0.5000589679336803 9 283 507
0.631418975111323 0.24014762265589407 0.6700876085660309 9 283 601
0.6199518304944603 0.23382985498425812 0.675604930250124 9 283 607
0.7829292382042738 1.057436749094554 0.7344781318269403 9 284 269
0.7759650014289856 1.038760330349434 0.735000366331735 9 284 278
0.7426579815019638 0.9035819712783287 0.7260924732442787 9 285 340
0.9463033507940697 0.2693022459913106 0.48386298829538343 9 285 502
0.7605446692780502 1.0227397547727948 0.7358666513626771 9 286 287
0.7448141795109942 0.914766819779163 0.7243423841495823 9 286 335
0.7490017725856561 0.9800806111326055 0.7318852356073163 9 287 307
0.9217889442189502 0.26282956565309457 0.489958686652715 9 287 509
0.6240209078129743 0.23838721003590702 0.6624162118814239 9 287 603
0.8219411988973326 0.2666069624180136 0.5467572218104327 9 288 533
0.6003010604991919 0.23644222801454307 0.6732741404809359 9 288 612
0.5890335442400021 0.23054529673986934 0.6788559857204342 9 288 618
0.749109254969216 1.0056377925811155 0.7316316364576037 9 289 296
0.7445028447282467 0.9932845011368298 0.731977062158753 9 289 302
0.7464828885670853 0.9548599360980969 0.7232735044331575 9 289 318
0.7890365839449056 0.26231919906708967 0.5622888734670836 9 289 543
0.5775472048499728 0.22880349680790624 0.6768389641101623 9 291 622
0.7478207164268076 1.0718642790468165 0.7352428921926756 9 293 267
0.7475610520937104 1.051803883788608 0.7314092822365273 9 293 276
0.744785856552602 1.0322588047960977 0.7292091839700934 9 293 285
0.868017934395126 0.26530813631277805 0.4981043053935498 9 294 520
0.6351894415155757 0.23822434032615925 0.6349217745589819 9 294 597
0.5910112027236013 0.23423134797702927 0.6582120026774432 9 295 614
0.5724274031582732 0.22788124636248241 0.6683323493407389 9 295 623
0.700669074523512 0.2539792760406554 0.5918004497723681 9 296 570
0.871402798366995 0.2596031303659274 0.4843312029429919 9 297 520
0.8277780626326838 0.268003589360279 0.5129786047292593 9 297 529
0.813891230418744 0.26693300427138933 0.5213399573599113 9 297 533
0.5716256719337027 0.2257008587783511 0.6597662278015325 9 298 623
0.7271761515858366 0.26097401800368747 0.5672838666974017 9 299 559
0.6535505055778026 0.2508488666749571 0.6049152138484761 9 301 585
0.6014790254316952 0.23852281384871366 0.6350210377259038 9 301 607
0.8585249206469128 0.2630904083683916 0.4718747190399354 9 303 521
0.7779128489109899 0.26509251526684263 0.5231957890208317 9 303 542
0.5801583189711557 0.23191972322805166 0.6382654152656537 9 304 616
0.5710817176197043 0.22674121930706526 0.6429390995722637 9 304 621
0.8096663255556811 0.2633784216848136 0.4924788917313341 9 306 533
0.6494420005267502 0.2538119406626964 0.5803854383583072 9 310 583
0.6077263221979554 0.24196747932051466 0.6048776876348406 9 310 601
0.5889495246411603 0.24162624687616896 0.6169677893492092 9 310 608
0.5701497788220746 0.23191393819554618 0.6182269544328336 9 313 617
0.8031724920407235 0.27408085496155943 0.4712865446252896 9 314 530
0.7601351192456807 0.25999688197268433 0.48632477171258526 9 317 545
0.7106985169664183 0.26225684085705847 0.5196603842984752 9 317 559
0.5485686100721734 0.2012229647660546 0.6139463673187694 9 317 633
0.6016176449919337 0.2437113034593028 0.5819444901586808 9 319 600
0.5915252014705702 0.2426167138842592 0.5884540798266314 9 319 604
0.5765066891215123 0.23775540671490036 0.5974249506910687 9 319 611
0.6368236581094874 0.25183211036365183 0.5570544520829275 9 320 585
0.6785964275336562 0.2647698871569897 0.5254196722821953 9 322 567
0.5621590544816586 0.23265222750568482 0.5969530215410476 9 322 617
0.554933357664674 0.2250451976275918 0.6001335977373506 9 322 622
0.5816576269296474 0.24541447224601898 0.5775303815566163 9 325 605
0.6751641162878741 0.26383040473975816 0.5112922517853902 9 327 567
0.7126506729385822 0.2532184416351484 0.4796993877182206 9 328 558
0.6225711713249231 0.25036472314153935 0.5412575230771941 9 328 588
0.5553648104452892 0.23161903137854312 0.5833699869825225 9 328 618
0.6235471204493319 0.25873514121063046 0.5393527479489834 9 329 585
0.5481817919132436 0.1875559187481639 0.5751813352922842 9 329 633
0.5500293817168738 0.21915301930487807 0.5781675781232888 9 330 623
0.5674620712891905 0.2434965133053355 0.5686337878947318 9 331 609
0.5454641590282812 0.1877900722602066 0.5680019086682045 9 332 633
0.6234833232372647 0.2582411279166188 0.5266104824955304 9 333 584
0.7265384830314268 0.34389458716756316 0.4675103917796657 9 335 527
0.5575577800422982 0.227757933425913 0.5597022111720639 9 335 616
0.6122747905487687 0.2547163220625688 0.524165751927101 9 336 588
0.6708900551721974 0.25525545958531315 0.47934289723514545 9 337 568
0.5825527158481565 0.2431193694039555 0.5331619841623554 9 339 601
0.5699978633589998 0.24186260798367654 0.5418702685265366 9 339 606
0.5448251405197464 0.17406593323090425 0.5374734957750121 9 341 634
1.4117035827931772 0.713707553729584 0.03184605621917869 9 343 313
0.7230570152333858 0.45807361460875673 0.4706693482263947 9 343 493
0.6972137057284469 0.3703198642748937 0.4681182001429849 9 343 526
1.41887767248832 0.7357507477046231 0.02719999698655351 9 344 307
0.5514083876098569 0.22934905079675838 0.5368022749858566 9 344 615
1.3967279786756588 0.7067760168110316 0.03152137848452519 9 345 316
0.6132381912802154 0.2511703363193001 0.49375864489420707 9 345 586
0.6014005309290196 0.25164452130132453 0.5025466967037154 9 345 590
0.5781993798361378 0.24926196279920032 0.5189586960385562 9 345 599
0.5671099195614181 0.24253701679199136 0.5254334127797922 9 345 605
1.403519032987675 0.8017662095297658 0.04041047730537928 9 347 292
1.4088608308679889 0.7839358042634119 0.03206502143295298 9 347 296
0.686770164227155 0.4185098194769803 0.474379198568069 9 347 514
0.6516564196151694 0.2784060904281489 0.4656624354359782 9 347 565
1.3985320842883224 0.7222793659758097 0.019659489151686138 9 348 312
0.6917141973363823 0.45248962865488074 0.4725961462386814 9 349 502
1.3853915338656337 0.7956872898938103 0.03818683875455031 9 350 295
1.3770435653362634 0.7137603993959206 0.02393396329211095 9 350 316
1.354564268666809 0.7061459318584784 0.0387817115534983 9 350 320
0.6737340419159377 0.3985809915590126 0.46924669965098675 9 350 523
0.6270546673688543 0.2504982470973922 0.467024461633174 9 350 580
0.5447751478717829 0.19930304958201916 0.5155419677482411 9 350 624
1.3686096646942116 0.7533850032792331 0.03540700840178679 9 351 307
0.6462057305281148 0.3442497918181471 0.47291301215358117 9 351 547
0.6047618058152557 0.24454554652172655 0.47889007694109353 9 351 589
0.5632330224792483 0.2338335836613039 0.5072537515472834 9 351 607
1.3603458138166968 0.7842101714381029 0.04464518720335153 9 352 300
1.345349757271717 0.6891442727275957 0.0319589694515352 9 352 325
0.6764358202411915 0.4447804827112919 0.4722703248691432 9 352 508
1.3824474973386776 0.8164625629456703 0.03147673074640056 9 353 290
1.3746973921181922 0.8070944578478001 0.03494312930867305 9 353 293
1.3301982689004364 0.6950046557769191 0.035411780409547955 9 354 325
0.6042000834399386 0.2419898718003246 0.4688512950289824 9 354 589
0.5709182728092215 0.24168788774260408 0.4939132934829231 9 354 601
0.5488395619383156 0.22125222214956652 0.5054055751678131 9 354 615
1.0794193229591589 1.116577104476062 0.3281138921006974 9 355 224
0.6175932600364414 0.2995985259066558 0.47008480232815597 9 355 568
1.3234926343971756 0.7256442922021286 0.03891476590466403 9 356 318
0.6419877079578373 0.3889493910379629 0.4711005446122871 9 356 534
1.3612070111400745 0.8271619934558365 0.031501722086948236 9 357 289
1.3159869487930478 0.6922487901038255 0.031392304146300454 9 357 327
0.5470644365175918 0.17646906675971596 0.4857594597782662 9 357 627
0.564204426956346 0.12920240612511336 0.46055505041165834 9 357 633
0.657326292866373 0.4619204155579515 0.4716314629585263 9 358 507
0.6176460740720904 0.3350624610094046 0.4693421230513115 9 358 557
0.5955536424202623 0.24855598919688182 0.46397901844106537 9 358 589
1.3463599420515564 0.7926645670598287 0.024599085367518647 9 359 299
1.3038881536973002 0.6969206512390071 0.03247662249220129 9 359 327
0.5966381419577594 0.28895191159811495 0.4703035249878983 9 359 577
0.5456399802619494 0.20892123604263402 0.488792080004121 9 359 618
0.5531077338330094 0.15405875946251602 0.4688751944184084 9 359 630
1.3581338156688645 0.8631792108702949 0.029114110705996454 9 360 280
1.3622583067580638 0.8425005874765714 0.02057044345070369 9 360 285
1.3264362893539747 0.7600370728346042 0.026785666376235806 9 360 309
0.5918064261914331 0.2726057908660151 0.4665324434954756 9 360 583
0.5505119398980091 0.22987618365609475 0.48727389534413157 9 360 610
1.0620942648967877 1.0706783279688157 0.30740382935302746 9 361 241
1.3329308308126286 0.80501921327687 0.028782726245542234 9 361 297
1.322922034168406 0.796647656567532 0.029683797902866127 9 362 300
0.5905828776374296 0.28973870707168303 0.4654249291550927 9 362 578
1.3421970025543233 0.8871226970446622 0.033744442293633936 9 363 275
1.3214308937880686 0.8088308885507721 0.029372336551043432 9 363 297
1.2860348264456745 0.71164651080118 0.03143358794099971 9 363 325
0.6069575486985463 0.35287885778508654 0.4659833985426307 9 363 554
0.5669978172296661 0.23667568822716878 0.46660820271955195 9 363 601
1.067724348959634 1.0997089854767557 0.2994726358272892 9 364 231
1.3150743215290077 0.8418117667503517 0.0383593740613315 9 364 289
1.2767204431643862 0.7073451093241933 0.032912184752000195 9 364 327
0.5558664327756617 0.22151248863045958 0.46805616742316447 9 364 609
1.291827425298134 0.7527140416085897 0.028408822913075227 9 365 314
0.6365561209430555 0.4864029485201856 0.4715762174638637 9 365 504
0.6239478145493207 0.4435678186307327 0.47013720189256125 9 365 521
0.6159566937614382 0.42213754236458056 0.4707364404225065 9 365 530
0.5591070708078283 0.12983168278248747 0.43804059632769965 9 365 632
1.31132965530923 0.8391628574911416 0.03134585689327585 9 366 290
1.3020561980809853 0.80753413808488 0.030248280090271473 9 366 299
0.6377706261988072 0.529055110278607 0.47872877462880137 9 366 490
1.3271016844893462 0.8840346283364499 0.02621404422754381 9 367 277
1.3193879835749043 0.8749227760997822 0.025243695983858894 9 368 280
1.279996494379406 0.7490452614473455 0.022789615738741942 9 368 316
0.6015603877781855 0.41831900152560975 0.471447781327083 9 368 535
0.5592196638653961 0.17884092106926164 0.4409734706940903 9 368 618
1.2993623177101212 0.8237936830824555 0.022796282885172214 9 369 295
1.2860783723141962 0.8128802642411527 0.030419555265249976 9 369 299
1.271685629883529 0.7832681192055525 0.03390869320607326 9 369 308
0.5695430892430163 0.24816962376009344 0.44804380565819935 9 369 595
1.2635438248444426 0.7707115016073527 0.03240299718704143 9 370 312
0.5691003738447653 0.2964082460165012 0.45484342183971815 9 371 581
0.5550008573226521 0.16219566070356706 0.4298577314027261 9 371 623
1.296667348354342 0.8399953391450982 0.015382523668038495 9 372 291
0.5792091553425542 0.37616002830328166 0.46510437261858195 9 372 554
0.555821320492873 0.21937657953078094 0.4413541000615844 9 372 607
1.2547516838739334 0.8196569070318532 0.03892821839046068 9 373 300
1.2532282068956266 0.7820114955188302 0.029909935005725696 9 373 310
1.2368332699037172 0.7380441925047705 0.031139359288296253 9 373 323
0.6087179302078286 0.5222831792925486 0.47476235221476015 9 374 499
0.5829897121296048 0.43317097424826967 0.471197836530461 9 374 535
0.5632847474927478 0.28645649533456385 0.44703784407292924 9 374 585
0.5530456527838936 0.18747707626895216 0.428272152666078 9 374 616
0.550322562387874 0.14217923893809647 0.41809922490927387 9 374 629
1.2397497170883818 0.81343513035388 0.040225459395617946 9 375 303
0.604749826854289 0.49703906213160876 0.4679014369668706 9 375 508
1.2657954478951734 0.9058271997911049 0.039918819257420024 9 376 276
1.2563610324757064 0.8604523068703888 0.03510384534261801 9 376 289
0.5882922225701179 0.4584117797704579 0.4674740893420598 9 376 525
0.5721587748067951 0.3839195242163538 0.4600934636588041 9 376 553
0.5580080688691215 0.25898371443147794 0.43722416048486656 9 376 594
1.204170070605001 0.7430156988433858 0.04067500461138529 9 377 325
0.5765093006885269 0.4278598022465281 0.46546893825813584 9 377 538
0.556342422522861 0.22003514008597502 0.4245330805520682 9 377 605
1.2353339821043456 0.8223704021735658 0.03261971596937996 9 378 301
1.21874079326301 0.7600648394059506 0.028929829158752085 9 378 319
1.2016102439771044 0.7208024060609093 0.03206476893699217 9 378 331
0.5582169771077695 0.2875224184276717 0.43508214457123984 9 379 585
0.556798457198756 0.21701146872241672 0.4166374340068977 9 379 605
1.266728740296866 0.931498478433817 0.028089907815867177 9 380 269
1.1932783557698012 0.7278582363789814 0.03173791596054132 9 380 330
0.550480210615236 0.18352288012333684 0.4091387985758941 9 380 616
0.5905821425970819 0.5253086486660297 0.46836580402917105 9 381 502
0.5865107097727043 0.5010760539330447 0.4649417882706355 9 381 511
0.5785159194027303 0.47741685107138143 0.4649197231857386 9 381 521
0.553469113289919 0.10846593807468086 0.3822672199377062 9 381 634
1.2356246554318004 0.8818226434814073 0.03078395677424095 9 382 285
1.2001688405053088 0.7933882136736433 0.03531200238231014 9 382 312
0.5706100429788794 0.45281079882246 0.46139036954227697 9 382 531
1.2239114649799276 0.8373469286215754 0.0234353650025223 9 383 298
1.19160032038616 0.7396244290003677 0.022734744641587534 9 383 327
0.5627153342342148 0.395032187335954 0.448479631835647 9 383 551
0.5526332871522217 0.14212562930264072 0.38551325912953427 9 383 625
1.2280610078715495 0.8951753299874202 0.03178256018230563 9 384 282
0.5524907020302268 0.2094214899044895 0.401238769396983 9 384 607
0.5464716421275709 0.16894677223606847 0.3948006654878631 9 384 620
1.2181745511958244 0.8799183015374399 0.031196134880823845 9 385 287
1.2090958983458202 0.8754600470399636 0.03752814776562796 9 385 289
0.5720638832837297 0.48414529102057235 0.4595317977378943 9 385 520
0.5531681442630774 0.2478462749141883 0.4082043088113987 9 385 596
1.236050060669916 0.9148153138092028 0.021612844912885176 9 386 276
1.1581038885110462 0.7455181258598922 0.03878893874011502 9 386 329
0.5644534263165536 0.4625546215666285 0.45659854131533806 9 386 529
0.5601944805587835 0.11117368790240678 0.35997510017171086 9 386 629
1.1848167437103907 0.8173417374423771 0.03233269316906373 9 387 307
1.178156070431599 0.7862478730219192 0.02904560386392907 9 387 316
0.5523233164123995 0.21714983833286117 0.39341340886217346 9 387 604
1.2245753639224382 0.9505959737859516 0.03248408572662975 9 388 267
0.5567986456618517 0.30090613134751365 0.4102869879461877 9 388 579
1.1992746856953254 0.8455117071129139 0.019152125956911403 9 389 298
0.5740965300803942 0.5509468558549309 0.4643536852664115 9 389 497
0.555180037062962 0.1767205856889147 0.37253472798260123 9 389 613
0.5538501394673088 0.15554881144594268 0.36756029464873663 9 389 619
1.2182231363626128 0.9273290029772259 0.022153070756073978 9 390 274
1.1737154230113669 0.821160255255508 0.029305795184431327 9 390 307
0.5619999446081907 0.4843181635102416 0.45224129895529774 9 390 522
0.5490751289954163 0.10231442954549652 0.352744783535728 9 390 634
1.2319513859012026 0.9775235997056442 0.020484102866485276 9 391 259
1.1735819498007478 0.8100106027098458 0.02167394973659631 9 391 310
1.1512431169325743 0.796220892407451 0.03673552958076942 9 391 316
0.5577601961484545 0.278523640206672 0.39295190703692406 9 391 584
1.2222906185057543 0.9693639000643618 0.021859886717970234 9 392 262
1.1843565175292623 0.9049282715246401 0.03556819226216312 9 392 283
1.1904814407890734 0.888630896083695 0.02107181931049995 9 393 287
0.5680365356013601 0.5540044785537693 0.45789034747973933 9 393 497
1.1374686205320528 0.7641701235502348 0.025727106692242874 9 394 326
1.1143684273417822 0.6912749014857912 0.02424825798862118 9 394 348
0.5576346149764901 0.27533764782781933 0.381967894510606 9 394 584
0.5611905551265575 0.20387330173447382 0.3579392126969769 9 394 602
1.1927544670279235 0.945421358869162 0.0267870028299364 9 395 271
1.1622537878378174 0.8723733798603859 0.03164938755097868 9 395 294
1.1834683800399508 0.8944614906664452 0.01530457430383736 9 396 286
1.1379121056401373 0.7897674944601151 0.023883942797394253 9 396 319
1.121842619725561 0.7291959285876357 0.019925769627721746 9 396 337
1.078254714637393 0.6778425669890209 0.04255633259600722 9 396 356
0.5555749343255344 0.3116530643568147 0.3876695893937774 9 396 574
0.5593357346478862 0.4975489544863936 0.43613546126283187 9 397 517
0.5575434807037465 0.4447312680069305 0.42203616016606116 9 397 534
0.5601271446088532 0.13958600368323637 0.32932318177996156 9 397 618
0.554147214470069 0.11263759153461095 0.32653667002140985 9 397 627
1.1837979479027627 0.9480667536574723 0.02192062312506793 9 398 271
1.1651561967433084 0.9285945346809135 0.03239857689786274 9 398 278
1.171634694163922 0.9089076318836241 0.020886975670452168 9 398 283
1.109427793371315 0.7529838065825742 0.0287946339450047 9 398 332
1.1082176828667376 0.723578111385173 0.02110247076119509 9 398 340
0.5570219186380567 0.18936238886269363 0.34326959701877713 9 398 606
1.1320638861776255 0.8465090067277525 0.0324189317401129 9 399 304
0.5584483836331494 0.4841969403559818 0.42652358590910366 9 399 521
0.5459124054666451 0.10213771121742177 0.3234368787750108 9 399 632
1.1857448138185382 0.9688426613653809 0.017462581833698865 9 400 265
1.1599355330887635 0.9018039045500883 0.020049757036107563 9 400 286
1.069463391045189 0.7071478716839963 0.036773746300143184 9 401 349
1.0518797256039631 0.6708585439626449 0.04135904335659513 9 401 361
0.8890332507807306 0.6970294598660356 0.19273355172283768 9 401 378
1.1403222963897413 0.89729219047946 0.027054846485969675 9 402 289
1.1064732820562135 0.7978337994577622 0.026973403801518803 9 402 320
1.0962281077994167 0.7616750079784856 0.025121877206759624 9 402 331
0.5529531192770325 0.46182240491440085 0.41494240184751585 9 402 529
0.5584604373815399 0.3789020349452754 0.38505728370362746 9 402 552
1.1565764607812627 0.9453459358213121 0.022737326839016747 9 403 274
1.098135299064987 0.7864520113159295 0.02646315783042752 9 403 324
1.076633532084227 0.7331268003295985 0.029388648328248612 9 403 341
0.5619100217845119 0.2852564372463746 0.3502932600269213 9 403 577
0.5612830379408529 0.2640577970641862 0.3444315718078097 9 403 583
0.5608286777109412 0.24982765959937425 0.34052645487593747 9 403 587
0.5599238660615203 0.16716308173666627 0.31630277284869046 9 403 609
1.0992892068229265 0.8221747325513339 0.03183191154792997 9 404 314
1.067859150367966 0.7183902261621864 0.028265776824630384 9 404 346
1.0458917941107204 0.6768094862750623 0.035178010170983764 9 404 360
0.5591558641387072 0.4698156459626974 0.4053425308232359 9 404 524
0.5645508774574994 0.1788349750553806 0.31214349391043616 9 404 604
1.1201987009264982 0.8718654218711621 0.023885846508336694 9 405 298
1.091686675795577 0.7997309538708843 0.02734330368766491 9 405 321
1.0519622256738084 0.6996915553860745 0.032301296094435106 9 405 353
1.1003006740260386 0.8467306230784704 0.02956472338366889 9 406 307
1.0847510169299026 0.7769277437193822 0.022133900615913804 9 406 328
0.5554518503820174 0.44265842269127575 0.3937958016733347 9 406 533
0.5592386340783271 0.1523343997401354 0.3015916747034382 9 406 612
0.5542372352972809 0.12378959539011047 0.2973375861590175 9 406 621
1.0852321077782 0.8129025961352656 0.028287568988771383 9 407 318
1.041091174946923 0.6858892889155807 0.028946021196356142 9 407 358
1.072342648971697 0.7525564839300691 0.016882975284085777 9 408 336
0.5400642971103644 0.10599836577598798 0.2973378528157742 9 408 630
1.117098836983821 0.9395251719798489 0.029752038087554 9 409 279
1.117423525333584 0.9080731717575073 0.019736709380686168 9 409 288
1.108703143068463 0.8933064842097995 0.023054863632920863 9 409 293
1.0708452421784678 0.8003999348809907 0.028557983460134828 9 409 323
1.0383778203804428 0.7090204216946383 0.029660537051373392 9 409 352
1.032941313755134 0.6707378239397157 0.02274153832658765 9 409 363
0.5615498669918904 0.2642093863508177 0.3231845439047665 9 409 581
0.5610510153487089 0.2499423879926599 0.31922552766918644 9 409 585
1.048787034227899 0.7370370807541933 0.0244857708615569 9 410 343
0.5586639184179282 0.4752461574868594 0.3877228557378338 9 410 521
0.5589570206743207 0.4286759468259399 0.3730124766960743 9 410 535
0.5584502487038108 0.2744851326184421 0.3256469229987875 9 410 579
1.0800373416178286 0.8360055607975623 0.022426512360278927 9 411 312
0.5580363386238909 0.13926208564287457 0.2804137280375196 9 411 614
0.5590145937794686 0.3044869295939674 0.32744795956566763 9 412 570
1.103024173172038 0.9472186273846053 0.02737062455894468 9 413 278
1.107041699654913 0.9322442176488362 0.019000195638766204 9 413 282
1.0049643989642032 0.6692257291662236 0.03001689722219769 9 413 367
0.5588962475628179 0.17890942782570662 0.2846946638232455 9 413 603
0.5501218382780177 0.09959083521405443 0.26786964133278524 9 413 626
0.8556888748368672 1.4885842331913133 0.42034245595397257 9 414 84
0.5603786554470069 0.24866237247651313 0.3016179856362404 9 414 584
1.081110042565653 0.905727116397675 0.025668452986607804 9 415 292
1.0667674148646218 0.8758279416355598 0.02944636476301543 9 415 302
1.025086871451426 0.7469220344820409 0.027167134939632964 9 415 343
1.0225053218618436 0.7335755639013999 0.02533389041135803 9 415 347
0.562359130776169 0.2896425238110898 0.30913765817091354 9 415 572
1.0039211969901458 0.7094887303170178 0.03047072479075119 9 416 356
0.5592408977258264 0.5435953455941384 0.3888700945202612 9 416 498
0.5576098558051182 0.48050276754532284 0.3670579468408137 9 417 518
0.5629413704851001 0.4349778353446798 0.3476521696970547 9 417 530
0.5563730934925352 0.21225668299227074 0.28298138440387066 9 417 594
0.5558234713429357 0.1381406890606589 0.259943883901014 9 417 613
0.5341482601529972 0.10992421539372854 0.2710722138060695 9 417 628
1.0736719837678215 0.9457746075802541 0.03214172928604597 9 418 281
1.035742622162423 0.8205806842311578 0.027501910549588393 9 418 321
0.9969070506788764 0.7014931090482974 0.025651429933845726 9 418 359
1.0738197401754124 0.9355440515494015 0.024374325807908104 9 419 284
1.0329102882783816 0.7895916588677871 0.015848672948341136 9 419 330
1.015728315105552 0.7648331657846247 0.023956756102237797 9 419 339
1.009174226504281 0.7280690063410955 0.018310509109464412 9 419 350
0.9884289932144028 0.672435248272764 0.019866153609150672 9 419 368
0.557762569007968 0.24235297808055578 0.28402901020516813 9 419 585
1.0545909422817012 0.9074568527071143 0.028974569575227482 9 420 294
1.036393497909765 0.8586556556560221 0.030339160363385353 9 420 310
1.0255909855942844 0.8488526917677117 0.03730117235786978 9 420 314
1.0268492321749116 0.830930459351183 0.030371279680450503 9 420 319
0.7586016855662769 0.6950807482805843 0.2377806255761632 9 420 400
0.5600712065656066 0.3735054356105141 0.3203399254099628 9 420 548
0.5505123755383433 0.10508986970195777 0.24313144591876723 9 420 622
1.0245430525278572 0.8141488080149281 0.02276722396576547 9 421 324
1.0611088638532158 0.9292703733921936 0.021153447587747287 9 422 287
0.9725738962137775 0.7088743144701702 0.028939894344097272 9 423 360
1.0288513645739312 0.885284989751998 0.028645838737709095 9 424 303
0.9974813375555176 0.7863146709187823 0.026168838499240676 9 424 335
0.9874488833948658 0.7445666233199569 0.022091775374565525 9 424 348
0.5635449876819225 0.49745951769716545 0.3399487117146085 9 425 509
1.0164637991088876 0.8690485343710429 0.02643287321496368 9 426 309
0.9865003823860357 0.7802300094900286 0.0259073492280677 9 426 338
0.5594288168880555 0.4410896916963336 0.32200137014409824 9 426 527
0.5502331381547295 0.149823737234847 0.23536108757438878 9 426 609
0.5455121350371328 0.12023578377498279 0.2301703449024164 9 426 618
0.5193445766805498 0.10719048786927976 0.2508461792471053 9 426 631
1.0289909559274142 0.9259168293502436 0.028794806069929013 9 427 291
1.0037819672960504 0.8392898469543815 0.024433065128137033 9 427 319
0.9963407447836043 0.8214477374964361 0.02568570115744606 9 427 325
0.7331329362797656 0.6926067169997668 0.23507177710928406 9 427 405
1.0036085007052358 0.8599660592397294 0.027065395576974627 9 428 313
0.9744479199805565 0.7817643504182423 0.029252090533745223 9 428 339
0.9589173739149099 0.6999999329933768 0.017187544883442207 9 428 364
0.9525966531497745 0.6851604512293539 0.018357746428841804 9 428 369
0.5562935720084154 0.24099132945337187 0.25208395056456223 9 428 583
0.5561359932184925 0.2257892165555857 0.24722179073911343 9 428 587
0.5262849228252994 0.10562057514741552 0.23623111321993617 9 428 628
1.0156411219173291 0.9302120697236185 0.034390854465072174 9 429 291
1.0084201178374954 0.9024109971634022 0.032140925861767755 9 429 300
1.0045056161537758 0.8834769224369158 0.029642965914246755 9 429 306
0.9676133185904172 0.7529049748774976 0.021941506468953653 9 429 348
0.5604415546465945 0.4202232874892251 0.30370534852550213 9 429 532
1.008108988710956 0.9226358292180145 0.03484089760616138 9 430 294
0.552188517146733 0.28564342998091763 0.2634774838655236 9 430 572
0.5510658069448969 0.1225191562099297 0.2104031607658734 9 430 614
0.5425945110445596 0.11876207540524986 0.21733352995318334 9 430 618
0.936819078084703 0.7356401495746968 0.037280511088800594 9 431 357
0.5557925828159251 0.2146800912513851 0.2327011461052786 9 431 589
0.7773473387898624 1.5019913763377866 0.4440229655672272 9 432 76
0.9892987061560878 0.8616451116153679 0.024115147683049454 9 432 314
0.55193687962677 0.2836599606636987 0.2557571852732723 9 432 572
1.001701289164131 0.9180123825331613 0.02660256571567965 9 433 296
0.9657083000884841 0.8298872068705401 0.03211846475920055 9 433 326
0.9259046641634332 0.7441421666975087 0.04214548341906443 9 433 356
0.93598641028247 0.6997829328132648 0.017445868510144624 9 433 367
0.9229478358045866 0.6816156814444071 0.024057399953103964 9 433 374
0.5555018289310286 0.31147867085843917 0.25794874113728383 9 433 563
0.534909197496165 0.12186193936363487 0.21442275641710262 9 433 619
0.559592196525031 0.5042866465039434 0.31517659546370114 9 434 506
0.5642620060854383 0.42871124897838664 0.2851823264939064 9 434 527
0.7971658715855161 1.4883804736808661 0.4110510720592355 9 435 85
0.9206960630259586 0.7321975133775206 0.03464580456217936 9 435 360
0.5611993669744713 0.44489571363614067 0.2900948463921147 9 435 523
0.556335541866575 0.38785071476474986 0.27560410126248636 9 435 541
0.5581638180977234 0.2984652525060696 0.24363391639332388 9 435 565
0.9896193762200598 0.9086370954027266 0.02233469088411022 9 436 300
0.9742145595942753 0.8568600147111056 0.019944909089527174 9 436 317
0.9513575366055953 0.7976558004109549 0.02236785363752891 9 436 337
0.9228488166814568 0.7484113904780557 0.03372257683416979 9 436 355
0.9784240748863366 0.8890613005858025 0.022407553558011273 9 437 307
0.9326963280724083 0.77479343458517 0.028678965318027494 9 437 346
0.5628493788228486 0.42062190987061876 0.2731406357755235 9 437 529
0.5496284621641758 0.23881628330640048 0.2243913314585313 9 437 583
0.5418841427745407 0.12187472360070606 0.1922852733674354 9 437 615
0.5123451820492232 0.1137426157385657 0.2186600842836799 9 437 628
0.9567208373317808 0.8329386266100869 0.020429357544963445 9 438 326
0.9520614389459114 0.8246200398536337 0.022203082762093596 9 438 329
0.9280027898921563 0.7663658263582487 0.026143725340738833 9 438 349
0.9422773396185669 0.8046338714590785 0.02075859979029593 9 439 336
0.5569769329284026 0.2574206240016883 0.21595802671972852 9 439 575
0.9596150660346645 0.88238349450944 0.02586768183169963 9 440 311
0.5511146973578493 0.20156912670992222 0.19885535947534105 9 440 591
0.8937969105765586 0.7058457635075539 0.026499595455854008 9 441 371
0.7005366036169451 0.6892236040436079 0.2137748200170806 9 441 411
0.5604593707906467 0.5404597875241853 0.3024255698567839 9 441 493
0.5626310987670884 0.438042935786338 0.2649817957609857 9 441 523
0.5349393262526448 0.11399314803088112 0.18102532938109883 9 441 618
0.949649331306333 0.8826393651139469 0.027342316030954494 9 442 312
0.9040682687791444 0.7458470324240429 0.02573065114798201 9 442 358
0.8839939802916534 0.7003295547432898 0.030110072436760227 9 442 374
0.5613716594777309 0.4693106089397425 0.27345509337676943 9 442 514
0.5512493661404566 0.2342381414623107 0.20236096144585303 9 442 582
0.5082173110286041 0.10428163750846586 0.2005581514786139 9 442 630
0.9315618922464823 0.8153892760298814 0.013605597541957781 9 444 334
0.8910721147641083 0.7275522260373497 0.023858953866942922 9 444 365
0.869152345139786 0.6832913927297689 0.030554632275568316 9 444 381
0.9392995542612055 0.8796588028299617 0.023892057754178353 9 445 314
0.9244181991111926 0.8521847883537769 0.029347733180704605 9 445 324
0.8977397411099459 0.7930740103053253 0.03568813651788094 9 445 345
0.8906337186098048 0.7657278736310126 0.03332783546499618 9 445 354
0.8923585340807048 0.7475569690897806 0.025242154159273333 9 445 359
0.5568946555904617 0.37990693040452217 0.2323945365933442 9 446 540
0.5479160505683878 0.23369211749847119 0.19029923704266594 9 446 582
0.5487520558622815 0.20488250971393995 0.1793631900942001 9 446 589
0.7235119279557781 1.502297475914836 0.4535612883322766 9 447 75
0.9317005035141004 0.8757507032921007 0.021676057000417526 9 447 316
0.8550976908042955 0.6868628316547478 0.03323221195096093 9 447 382
0.5615693056121033 0.5800014811262735 0.2942555764980168 9 447 479
0.5574969416853977 0.5421987356469737 0.28511669385958527 9 447 492
0.5610229566936364 0.45860300991005576 0.25216067128306463 9 447 516
0.5584012298331982 0.3626560894711046 0.22111859913795096 9 447 544
0.7476667396040029 1.4892978011982836 0.42142675508386485 9 448 84
0.9092618779850419 0.8279285444160821 0.023431515168134354 9 448 333
0.8945120104450264 0.80076592188429 0.028905947841103785 9 448 343
0.5493586369147646 0.2985800069323137 0.20404288281499583 9 448 564
0.5490371924852846 0.2646694844112867 0.19241782989636413 9 448 573
0.5011183123454912 0.11297525216293591 0.18400245559064143 9 449 628
0.9069517577838644 0.8587493963111665 0.0281759229437184 9 450 324
0.5600514548989965 0.49108377747893794 0.2538207131551311 9 450 506
0.5547764823299883 0.43159685566245654 0.23812879267251152 9 450 525
0.5424157684363383 0.10991605122288495 0.13668062527458513 9 450 613
0.868157487224378 0.7237647822129682 0.015815885293892995 9 451 369
0.7281292565550654 1.4977257951141798 0.43255605296164124 9 452 79
0.561371658994688 0.6084035550234927 0.28715842089036614 9 452 469
0.5119799430890312 0.11608282268207182 0.16233684845823926 9 452 622
0.8449579418492756 0.7046450002812419 0.0243920611478603 9 453 378
0.9144260385174645 0.8949912354185037 0.016371898717500333 9 454 312
0.8969280778636342 0.8788426147723567 0.02874817704398991 9 454 319
0.870800245834918 0.8005669835068706 0.027757049820538393 9 454 346
0.864175854298957 0.7869054633247791 0.02972900113640886 9 454 351
0.8590761444941184 0.7588668360799996 0.02494817044794262 9 454 360
0.5618271656763388 0.6347011057556677 0.2891743551572654 9 454 460
0.5566806907833974 0.3500640858546271 0.19219577290077283 9 454 546
0.47586662498493837 0.10871874034614981 0.1894045669728388 9 454 637
0.8796305086256728 0.8364697131249408 0.027258250312858223 9 455 334
0.5539014171659113 0.4138307497517473 0.21430804502391587 9 455 529
0.5476806267165132 0.19834720551389529 0.14307213417486242 9 455 588
0.8342907024735078 0.6922805701796526 0.018240880218333366 9 456 383
0.5621610404091655 0.611457286147179 0.2734777422672281 9 456 467
0.557450061855908 0.5681155507369275 0.26271917290899816 9 456 482
0.555158128512115 0.5476387742225004 0.2577055345042578 9 456 489
0.5577957948885027 0.47487137514883726 0.2286169133472169 9 456 510
0.5494320607946006 0.2841276728636073 0.16448350775407516 9 457 565
0.8485898013230824 0.7632286159055628 0.02048090374750866 9 458 360
0.8453332010907302 0.7340687453320973 0.013285332872634115 9 458 369
0.7186414983291401 1.4899298629595288 0.4188555150966886 9 459 84
0.8766031577653066 0.8831776782629557 0.030502783368892672 9 459 320
0.8602622527941934 0.831193810412394 0.028745867796204472 9 459 338
0.8254369433653694 0.6929134423124882 0.014955076211001339 9 459 384
0.6181807209467909 0.6920719719034312 0.23328893981373944 9 459 426
0.557159249299634 0.6202420593611598 0.27141505078598405 9 459 465
0.5564793171763851 0.5143617182864677 0.23344250865953198 9 459 498
0.5047341863153966 0.1123906882617125 0.14114556125629218 9 459 623
0.4656192055506774 0.11767162155060129 0.1843389399798927 9 459 637
0.8064673123584902 0.6725670663925265 0.023292354183283237 9 460 393
0.7027591681278553 1.497753449491507 0.43261083343863893 9 461 79
0.8625196781692677 0.8594595035433261 0.02829144895430069 9 461 329
0.841099731973987 0.7999804804298654 0.029148914728336583 9 461 350
0.5500515590445467 0.39810852531751995 0.1902395204155496 9 461 533
0.5501029046525762 0.22724314348191976 0.1273415888467222 9 461 578
0.5197509026678074 0.11938153941397633 0.11988400877768379 9 461 615
0.8619727337772041 0.882291974267067 0.03308368571547282 9 462 322
0.8559447209654405 0.8457916962780936 0.026032431704894776 9 462 334
0.5559947499712059 0.5456956326731767 0.23460661731036536 9 462 488
0.5571617748627173 0.4390186353382237 0.19400141245845304 9 462 519
0.5477249289131164 0.34864039358381005 0.170698486223416 9 462 547
0.46484523678572687 0.11824312725586728 0.17391219496945864 9 462 636
0.8363970371879292 0.7749911868768685 0.016475078286717793 9 463 358
0.8325501111364102 0.7463939893358486 0.00999623455907006 9 463 367
0.8144843642519692 0.6979459734736654 0.011350949610031691 9 463 384
0.8430962702048559 0.8313354459439724 0.021760086145552027 9 465 340
0.8304672220714886 0.8076002952349194 0.026482603226511747 9 465 349
0.5712657759858669 0.6880354858470963 0.26036764752813624 9 465 438
0.5602775205521475 0.6200623000447272 0.24684472143225733 9 465 463
0.5583379403576179 0.5804088674248591 0.23415352065435902 9 465 476
0.5556394495783398 0.49008196897467604 0.2033968257589116 9 465 504
0.5503769636493696 0.40098530230636875 0.17585275539776646 9 465 531
0.5482749892826935 0.3669761786491088 0.16543904391068276 9 465 541
0.6296081026573057 0.6959666996792644 0.19695476936139933 9 466 421
0.5496684242551308 0.3419109283730779 0.15073778041461883 9 466 547
0.5517959460693602 0.30510609392543286 0.1346877627819345 9 466 556
0.5455767696929806 0.2783062626898811 0.13137068789019568 9 466 565
0.8527816214281418 0.8692641995038394 0.0170589356447024 9 467 327
0.8165131610210794 0.7436928557667792 0.009162786076394314 9 467 370
0.6386213165713717 0.6952953381009375 0.18325756609190513 9 467 419
0.5504311285828533 0.462834294860609 0.191387313091667 9 467 513
0.46251171697202953 0.10977899499441901 0.15400009786463897 9 467 637
0.8479241361718735 0.8581689273746522 0.013920854475877986 9 468 331
0.8068022509806247 0.731732078128718 0.0109255462685649 9 468 375
0.6129899197783765 0.6946863557898948 0.207067628404773 9 468 425
0.5549193215182865 0.6722562753470136 0.26157351941721796 9 468 447
0.5561824933160899 0.5706185893724808 0.22196570545119454 9 468 479
0.49212186942287184 0.11404293870085569 0.1196280440220363 9 468 624
0.8258765546511317 0.7989607426936397 0.01130706109055657 9 469 352
0.5532082567469071 0.4046401266318165 0.15891746509004046 9 469 528
0.8332964454453531 0.8349078130049138 0.01258168668258386 9 470 340
0.8111372679275255 0.7795124178786474 0.015769436340690834 9 470 360
0.5220271899535193 0.12308143274890426 0.08246907650730062 9 470 610
0.4997525308023545 0.11976996916174731 0.10550474996914394 9 470 619
0.7991159113955797 0.7351106641707539 0.007819207439335951 9 471 375
0.5586888013898448 0.6177087704130872 0.2261835378250896 9 471 463
0.5559815829018724 0.56214022452579 0.2080352021352323 9 471 481
0.5549626507090939 0.5433048809308438 0.20199449496453892 9 471 487
0.5547994547232105 0.5267644173422812 0.19588961780815106 9 471 492
0.5479120674675624 0.4619985991311242 0.17881941834943849 9 471 513
0.7822314630380294 0.7138939442976763 0.014000317730383127 9 472 384
0.7586437010969411 0.6908485431103957 0.031093748243004482 9 472 395
0.5563162573277833 0.5041231148767085 0.18188813107338264 9 472 498
0.5519283874656449 0.3958492091668634 0.14543825698220436 9 472 530
0.49272606411289177 0.12620506632493123 0.10361758975310131 9 473 619
0.6821541135765534 1.4964879638087465 0.4161340711481065 9 474 81
0.5588275300313578 0.6054636883923665 0.20682717895765457 9 475 466
0.5444826109619698 0.3646216414626249 0.1300320963891064 9 475 540
0.5921596057444323 0.21396775095545562 0.019288316424324936 9 475 563
0.5492272534569759 0.44901196816073075 0.15343230764060078 9 476 515
0.544111285077463 0.345229458070236 0.11904955548818874 9 476 545
0.5029205546783381 0.13069311219398205 0.08196380065821618 9 476 613
