2.4622765288939497 1.3379813786823884 1.2917785245224835 9 3 411
2.4643105438554027 1.3234767106847358 1.2908308067441867 9 3 414
2.4493477912241173 1.2976452493765822 1.287073707158275 9 3 418
2.459437517198816 1.2863177867863478 1.2872801290152833 9 3 421
2.46310731154195 1.2776378094346952 1.2869860648381701 9 3 423
2.4527300831755885 1.258948426143113 1.284317694388769 9 3 426
2.44842661345998 1.2425851887789345 1.282513894151909 9 3 429
2.440978626964451 1.2252495035305104 1.2802812558347005 9 3 432
2.4596862188848014 1.1877574249969451 1.279329115973385 9 3 441
2.441657495604249 1.1673557734246476 1.2756702022870705 9 3 444
2.4426529609377057 1.1437884448381594 1.273873205880829 9 3 449
2.4755897777389326 1.115983613499263 1.2752895794585668 9 3 457
2.4803505014110785 1.1029845347398186 1.2704436777117434 9 4 460
2.481390797710327 1.0749874202462337 1.268312430603591 9 4 466
2.4670166917535927 1.0568529311633132 1.2652762269244777 9 4 469
2.4558490179723234 1.0352192660448634 1.2623121529404955 9 4 473
2.4232031350723373 1.0080324222753734 1.2565393799862132 9 4 477
2.434120934090397 0.9974156857809626 1.2568890824519885 9 4 480
2.426825765150767 0.9820012242537487 1.2548499599038843 9 4 483
2.443428864128147 0.9460585779726991 1.2537937724048431 9 4 492
2.457428023428313 1.1673360153868364 1.2687384789409284 9 5 445
2.486714378726021 1.128542145713472 1.2688394541926782 9 5 455
2.413150849751072 0.9559893787555874 1.247128689208216 9 5 488
2.4468052877778828 1.3013501860158558 1.273800124464464 9 6 417
2.458344309440206 1.2308260447619987 1.269487114744662 9 6 432
2.4800057282621237 1.0835756406352592 1.2602206482565828 9 6 464
2.4476233327200396 1.1494273551479617 1.2576013598719316 9 7 448
2.4933924669551932 1.1206154331334606 1.2602101028043275 9 7 457
2.4670619321128715 1.05622622598344 1.2523950636617838 9 7 469
2.46323222018292 1.3021812529705743 1.2667070603941448 9 8 418
2.466264927434166 1.2184748868127024 1.2605588862309738 9 8 435
2.47068184664682 1.1040292707884594 1.2521812797296161 9 8 459
2.4916573190868436 1.13410008552292 1.2523224550121745 9 9 454
2.4624394159872387 1.240795742931835 1.2308643662820327 9 15 430
2.4574831893696407 1.2688197939259445 1.2279493443988558 9 16 424
2.403364813914333 0.949949631456769 1.1834862623041655 9 20 488
2.430122454575376 1.0106626070251017 1.185762833249763 9 21 476
2.411412876994346 0.9875226000348287 1.1825614635666934 9 21 480
2.464386642119339 1.1615835191589903 1.1901310842180006 9 23 446
2.477306679344979 1.1560034960335486 1.190859773864699 9 23 448
2.423925331681195 0.9499372598473118 1.172719621835747 9 23 489
2.447293993150895 1.2045677343351033 1.187090354469468 9 24 436
2.4576991257451675 1.0780539271542633 1.179701246355911 9 24 463
2.420995286332194 0.9938967497403921 1.1711395270028129 9 24 479
2.4588712606672707 1.2680734731453667 1.1877091965753914 9 25 424
2.436049003097837 1.0297428545150746 1.17045324659286 9 25 472
2.423353553162819 0.9852406001590566 1.1665374172972625 9 25 481
2.463745278234964 1.1511434605013864 1.1761483504523549 9 26 448
2.4696280951014504 1.0953658075242156 1.1730672478225626 9 26 460
2.4543550321213896 1.0813756635718892 1.1709391896260848 9 26 462
2.4375134613894924 0.9751247742120787 1.1628004371450649 9 26 484
2.4241452686343834 0.9448013399213209 1.159784888349188 9 26 490
2.4678363909352194 1.2710244578630765 1.179608464007265 9 27 424
2.4515897318494657 1.1810488625474345 1.1726453536927397 9 27 441
2.442672082913541 1.054344194234569 1.1639508691361422 9 27 467
2.4817638049221133 1.1467710144943524 1.1684418185263543 9 28 450
2.4081039255249914 1.003135246880002 1.1537349714349334 9 28 476
2.4474763090032248 0.963621266638539 1.154355353066752 9 28 487
2.4524589031529676 1.2501715021003095 1.1680997298208056 9 29 427
2.4426661672915735 1.207110392216509 1.1646979785792029 9 29 435
2.4856053009138517 1.133223160237939 1.1634555909985103 9 29 453
2.475123597498872 1.1105424027996578 1.1568386752420545 9 30 457
2.468724730260716 1.0895292634455063 1.1550785320834656 9 30 461
2.447176644016681 1.2330661652430979 1.1576957341249408 9 31 430
2.4643268601472568 1.1552722442863055 1.1543014601398474 9 31 447
2.471041591990495 1.147691696436524 1.1543450767966643 9 31 449
2.4411929554286718 1.2110552007867093 1.1514773576330204 9 32 434
2.4527522147383007 1.2247656142780783 1.1486487794915792 9 33 432
2.460819104047796 1.178173311009977 1.1465011925129174 9 33 442
2.4779414021830273 1.1349274941516176 1.1451971611809983 9 33 452
2.475342865230943 1.1244535641161875 1.1443987379830642 9 33 454
2.458344164209051 1.0798754374746284 1.1142137668959156 9 39 462
2.459812580725038 1.0708297384077374 1.1138192296918865 9 39 464
2.4596729244656093 1.3013698147792105 1.1033172493169876 9 44 417
2.4592027036273674 1.2807634706924511 1.1022582148743576 9 44 421
2.455525946316746 1.1843674961860895 1.0972203247603842 9 44 440
2.4640593159030937 1.128520520105481 1.0949062642798981 9 44 452
2.4516560809269197 1.1054640801241156 1.0930478573567108 9 44 456
2.471020205121086 1.2441531982365421 1.091954906464744 9 46 429
2.4757173724991963 1.1758546514486317 1.0888913910030105 9 46 443
2.451514908867475 1.2826395489935525 1.0881927004648788 9 47 420
2.4535099305803927 0.9860694692318867 1.03916173107917 9 55 481
2.467884792286867 1.0222385099143654 1.0368336758144525 9 56 474
2.458860524158195 0.9550247066526534 1.033722482662593 9 56 488
2.494458359447728 1.301668201338337 1.025836065832869 9 61 419
2.478743080555267 1.254614063483037 1.018917125724177 9 62 427
2.45160045861849 1.1899060548266243 1.0157015528959679 9 62 438
2.472661017956285 1.3245601481797977 1.01655363024034 9 63 413
2.451077205045312 1.2245307489574329 1.012344725512464 9 63 431
2.4714762261866747 1.2773504711106716 1.0101767945752407 9 64 422
2.467556800085119 1.1239897560318581 0.9636912624119316 9 73 452
2.4909039646358417 1.1017049324246906 0.9634703752168189 9 73 458
2.459423176814503 1.1655786119370257 0.9601008649201197 9 74 443
2.4711799237609795 1.115117039938595 0.9589285130488454 9 74 454
2.429759682064756 1.3849191087552182 0.9370480572256449 9 80 398
2.4249016686829887 1.3512853480944114 0.936268941082574 9 80 404
2.4374827616061636 1.324780958239035 0.9357725776950899 9 80 410
2.458759639809014 1.2448630150849642 0.9341565182238526 9 80 427
2.431611208494532 1.4386774890404768 0.8948508620895687 9 89 388
2.438659424080458 1.3294193353390618 0.8931731475468279 9 89 409
2.4167343579782306 1.2794903563321558 0.8878484369637862 9 90 417
2.448796942634922 1.224409920138625 0.8821453583214068 9 91 430
2.422404843813151 1.3698050559431194 0.8603579691972464 9 96 400
2.4390540714787416 1.302563098338108 0.8594689797736353 9 96 414
2.441476238805774 1.4697644241047798 0.8560971605630833 9 97 383
2.450377501905094 1.4351299720625412 0.8556493655876903 9 97 390
2.4362021756952226 1.4183005055526203 0.855741686511317 9 97 392
2.4119728057784124 1.36012518627073 0.8508609381784392 9 98 401
2.4348732288666994 1.321664370415572 0.850143960830339 9 98 410
2.44597399336572 1.41677840534097 0.8458037561446781 9 99 393
2.4249693892747524 1.3864713088208422 0.8411697208515831 9 100 397
2.4335320600049504 1.3419907042448438 0.8407131499772433 9 100 406
2.4292210044887854 1.3140267571948565 0.8406297726633584 9 100 411
2.437806006407117 1.4679232141165568 0.8364863211957825 9 101 383
2.4349922490104947 1.3635929218275602 0.8311474293529529 9 102 402
2.440045531601984 1.3337212145282726 0.8308890544455196 9 102 408
2.432315675551822 1.3202115794754339 0.8310110878195832 9 102 410
2.447054201205375 1.4442346837828253 0.826308956123869 9 103 388
2.449413404034369 1.4233259737614437 0.8261696509928663 9 103 392
2.4199892225770094 1.3360451774998845 0.8121640899668577 9 106 406
2.4419444243706585 1.4198844421978958 0.8067193753436208 9 107 392
2.4268584754593037 1.3651778158950842 0.8071546203128179 9 107 401
2.432663451920114 1.504133325545317 0.7971087982348584 9 109 376
2.436603603772409 1.4011991499891665 0.7970812101591124 9 109 395
2.427132428146839 1.4904476954885797 0.7923488344517965 9 110 378
2.429916096682893 1.414624157623261 0.7923898663587542 9 110 392
2.4378161490590085 1.4397269168408369 0.7871253679726371 9 111 388
2.4339901849469388 1.493346810411044 0.7771559077556385 9 113 378
2.4299123085645156 1.408941002971686 0.77767744203713 9 113 393
2.4367273818903588 1.4665920885284698 0.7672121698963504 9 115 383
2.4288024436296594 1.441094959774692 0.7676988209005596 9 115 387
2.4247621109043775 1.4066367252868124 0.7680733305465052 9 115 393
2.4376875015805006 1.411830188291937 0.7576136754258317 9 117 393
2.4384511574163144 1.467030807973344 0.742173594572182 9 120 383
2.426520954529093 1.4507871640016359 0.7429279491878894 9 120 385
2.426815932585 1.4507144646807486 0.7279753662809801 9 123 385
2.4140359045935083 1.4950438940592417 0.7180992699112567 9 125 376
2.4107042479138343 1.4657245674350659 0.7187008356325909 9 125 381
2.423867636844641 1.454842895844281 0.7181046237536898 9 125 384
2.4033746532035463 1.4734756781305518 0.7090421078771109 9 127 379
0.7556835106685607 1.067213473220391 0.7430099178078019 9 158 252
0.7406376964891375 1.0311086490795074 0.7392847260038794 9 161 261
0.745286128566861 0.9820827980532765 0.7409315711195433 9 161 280
0.7425922422737101 0.9562585133657049 0.7423646225434026 9 161 289
0.7390379838519385 0.9917161746472845 0.7344737671439764 9 164 275
0.7408103574249874 1.0261060786759946 0.7303936281061859 9 165 263
0.7519189687656183 0.7854546730296834 0.7384234464723805 9 166 360
0.7418622407678974 0.7737063069639742 0.7381047197762218 9 167 363
0.739818581413678 0.7567297146029903 0.7268456170039663 9 173 370
0.7412824507003892 0.796617092335168 0.7202964056358376 9 175 353
0.7380241684736499 0.7810454891617973 0.719510366643735 9 176 359
0.7393343268899546 0.786319036262496 0.7022464269478128 9 184 357
0.6010864985869239 0.26934477009910923 0.7303553118015451 9 201 635
0.5955608712839063 0.2704154969256477 0.7179931488538899 9 210 633
0.5773291628611094 0.26897332562997284 0.6981985037305838 9 226 632
0.5797937863325806 0.2653839936918241 0.687741026473715 9 233 634
1.3737915313124762 0.6645624780322827 0.45693077439960766 9 237 485
1.2067911090482715 0.6533447376128843 0.4619669710832469 9 249 474
0.6826224195568078 1.5275569909785438 0.4711948855345988 9 254 104
0.9853746485753807 1.4845049404949775 0.3993738262080471 9 254 193
0.8988668263601551 1.4854750079760033 0.4181775206048017 9 255 173
0.8522472643931704 1.492187216995791 0.4262172240754301 9 256 160
0.6980369779410338 1.5194982133749497 0.4597185740918409 9 257 111
0.974410555409154 1.4794977759172716 0.3930029839023353 9 257 192
0.7398184951502935 1.5046407569410025 0.4478543407741592 9 258 127
0.7850699685054046 1.494818179138577 0.437287397924398 9 258 142
0.9438671802370651 1.4929059149918211 0.39598413015976935 9 258 182
1.0102218368492062 1.478915126032351 0.3804357584768424 9 258 200
1.0733317822886077 1.4921566388189755 0.3622052966303396 9 258 210
1.0969571616153642 0.6318998505765493 0.46756963388714284 9 258 471
0.8150315850179366 1.4910442915271611 0.42691133378146 9 259 151
0.8996419006961465 1.4876279458343666 0.40507992807890614 9 259 173
1.0930498812653047 1.4965304660190024 0.3529938495263736 9 259 213
0.7216386358787563 1.5085849605174024 0.44631885808472743 9 260 121
0.7645762444260884 1.4891355468505458 0.4375011865404219 9 260 138
0.8086927164254885 1.4968707686906455 0.42479609463937484 9 260 148
0.9410269694588211 1.4911824204489128 0.387247291640725 9 261 182
0.9808180740184214 1.4909338960240408 0.3766731877416226 9 261 191
1.1355814613737976 1.493832630161138 0.3350343930273215 9 261 222
0.7009868946863964 1.5091544844745948 0.4459902191752464 9 262 115
0.6335219364185671 1.518086263995268 0.4601294616854007 9 263 92
0.6581820308261144 1.5133897585011988 0.4541057302209491 9 263 101
0.6797699990822283 1.516082397086504 0.4479187329322527 9 263 107
0.6917585365729437 1.5065437132916308 0.4459646020277826 9 263 113
0.8789396862795575 1.4849076992562509 0.3983600826420389 9 263 169
0.9157271127243312 1.4840680600687657 0.38854592153903733 9 263 178
0.948285786475314 1.4946150713515922 0.3783437924528007 9 263 183
1.0487662386028578 1.497904102673183 0.3507879426984747 9 263 204
0.6028209656408201 1.5262905275197505 0.4645884114067923 9 264 80
0.750993159489374 1.495680860837564 0.4285005155188404 9 264 133
0.7935076871387206 1.498304521540666 0.41660364526596255 9 264 144
0.8582757704071011 1.4848924629995155 0.4008334826338596 9 264 164
0.5862509348057202 1.5445564483765235 0.46390109635568166 9 265 70
1.1446187811781785 1.498051575188768 0.31772585668369113 9 265 223
1.013063496894482 0.6718534063776415 0.4661368529975699 9 265 446
0.5672091755582441 1.567208689598666 0.46330979119692867 9 266 58
0.8181399492601438 1.484793158496506 0.40565739935735357 9 266 154
0.751746262755328 1.4977768698350624 0.4191710253598187 9 267 133
0.8039903743212216 1.4986245828393518 0.40461278981247495 9 267 147
1.0141286807942054 1.4980129195202585 0.34661102900005347 9 267 197
0.8527029606579339 1.4847438648961946 0.3899564590085931 9 268 163
0.9081883030999796 1.499252123243918 0.37251226561820583 9 268 173
0.9982006714717464 1.5051107022941526 0.34666897201976044 9 268 192
1.042670038607998 1.4982969496640692 0.33525018310354293 9 268 203
1.0682045394422388 1.503628749915244 0.3274091697707229 9 268 207
1.0989142035902661 1.4997953769275407 0.31940242488869564 9 268 214
0.9748190413988747 0.659894885944271 0.4705952702592631 9 268 446
0.5662336498170473 1.6348946202045815 0.4459764485406287 9 269 42
0.5757352784877894 1.544215809500888 0.4560010009432109 9 269 67
0.7166531877201376 1.502601644040677 0.42240435148578476 9 269 122
1.003204234356159 1.510416782402116 0.3377740882016316 9 270 192
1.1240533113279056 1.504249034344836 0.3046397906164019 9 270 218
1.1557300921553624 1.4908861661178747 0.29760843865745323 9 270 227
1.1696546612541348 1.493421961864192 0.2933335386332999 9 270 229
0.6197169132177699 1.5160828276873073 0.44211640332496827 9 271 89
0.7896493280673726 1.4927940363203716 0.39732332913965474 9 271 145
1.0701294444467666 1.5106109890933843 0.3154177797310075 9 271 206
0.9347958216459784 0.6571200911187933 0.47467948850199015 9 271 442
0.5936622475504018 1.5220517480210205 0.4459195832545968 9 272 79
0.6730324091034974 1.4998761314186897 0.42648883151119965 9 272 110
0.7166731818519843 1.5079831895336944 0.41290910078284093 9 272 121
0.7471923951516726 1.4946905171498646 0.4061175084097093 9 272 133
0.8021848628679729 1.4904570988893633 0.3910667561906571 9 272 149
0.8597014805561487 1.4933982435933975 0.37427395081813686 9 272 163
0.9515493392079097 1.5092889722552303 0.34586073271132267 9 272 181
1.0070841176869199 1.5060360051447144 0.3305157325184005 9 272 194
0.562470845709569 1.5934107709374485 0.4418765909680933 9 273 51
0.76285345680291 1.4965411699225792 0.39841186535883366 9 273 137
1.0774069846135648 1.5000996137061668 0.30783659996975954 9 273 210
1.0882524502644655 1.4964115924220673 0.30526084957696376 9 273 213
0.9129906914341843 0.6816583023549851 0.4724343853140043 9 273 429
0.5626220321202118 1.556892965264429 0.4443659975089168 9 274 60
0.5812010193023707 1.518172665230526 0.4446117384158653 9 274 76
0.6501232800542511 1.5124524116745786 0.42559020392228214 9 274 100
0.8721892164214933 1.5069766056866234 0.36243095208455167 9 274 163
0.6224817452647637 1.5096316281705677 0.4311896595828183 9 275 92
0.7404840341277064 1.4964001150472148 0.39893638218522154 9 275 131
0.8297673926445139 1.5088343030091491 0.3712677949280958 9 275 152
0.9129679819023857 1.5107216807988946 0.3468951807193953 9 275 172
1.0188755250228334 1.5092192966188596 0.316438849735737 9 275 196
0.604000752622782 1.5138805546034049 0.43318009183459766 9 276 85
0.7303159243670247 1.5013350734961688 0.3982214563833737 9 276 127
0.923875362861502 1.509180545711939 0.34068950090481187 9 276 175
1.0586571811784076 1.5106988161736974 0.3012056205609449 9 276 204
0.9181178558568197 0.6205046944938382 0.4724687137710283 9 276 455
0.5692391987702983 1.535369316347895 0.4374508394668659 9 277 68
0.6116715547485193 1.5125031043069297 0.42838898382109825 9 277 88
0.631566759530518 1.506313837355667 0.42347243091718473 9 277 96
0.6562000687661118 1.5014150859911555 0.41697766944303905 9 277 105
0.9615423418305324 1.516384098384799 0.3253196191472858 9 277 182
1.1000785757421618 1.5033976213342224 0.28664767830106064 9 277 214
0.5687270766571106 1.697524276828009 0.4108462312314612 9 278 30
0.5685236961771227 1.6882072554634215 0.4122876450689274 9 278 32
0.5647560353402037 1.6426228835560677 0.4201567591078187 9 278 41
0.7607985562058839 1.5044608402101631 0.38288475122729937 9 278 135
0.5756628666191586 1.5252036806572018 0.4316384882584323 9 279 73
0.8756416340416611 1.5124036806052836 0.34466939837980837 9 279 163
0.9987132555958409 1.5091802335832316 0.3086861765384541 9 279 192
1.1821802097835352 1.501528118823578 0.25546958244421636 9 279 230
0.7451557885123634 1.5079504300264066 0.38101089256407916 9 280 130
0.826851517325728 1.5160271826932998 0.35545688615676396 9 280 150
1.0369498168405569 1.5055392752048724 0.2944329494622342 9 280 201
0.8649298067964724 0.6345193869811806 0.4764753356575911 9 280 442
0.56512138303866 1.6320508859003784 0.41321427930686483 9 281 44
0.5838538343865705 1.5254306085536058 0.42371177432332496 9 281 76
0.685138615325869 1.502610415692316 0.3968132255312781 9 281 114
0.9164013547212941 1.5163226366233808 0.3254511424095503 9 281 172
0.9869058135424602 1.5074261472521338 0.3056710590717069 9 281 190
1.0122535523850145 1.5050563665155352 0.2984345185491992 9 281 196
0.6563356619489789 1.5039120993577504 0.40240895343639815 9 282 105
0.7929204776364183 1.5131658100037546 0.3598510312386085 9 282 142
0.9041228915055397 1.517142639687386 0.3257427472993635 9 282 169
1.178276685633454 1.4991335013310003 0.24588235076931353 9 282 230
0.5663416369360487 1.5923862833719593 0.4132980545183221 9 283 54
0.5636602502694645 1.5758940504435222 0.4166334183362599 9 283 57
0.5827700777746514 1.516947822143216 0.41986173887349615 9 283 78
0.8841627642054284 1.514205837236472 0.32897271273693507 9 283 165
1.0824024724370342 1.053058449249983 0.3394624453773438 9 283 327
0.6137799195448637 1.5147369219454723 0.40802361028961615 9 284 89
0.9468248724146036 1.5174570529098215 0.3061504875745934 9 284 179
0.9839897515223288 1.5056810793312172 0.29664170188501526 9 284 190
1.0195293916841748 1.508364058860153 0.28540239321106053 9 284 197
0.5645824644168653 1.6468058909672845 0.39985478735908364 9 285 41
0.5650101505764511 1.541871250414434 0.4159751304987694 9 285 66
0.5968532789873887 1.5009110087654174 0.41256514107774156 9 285 87
0.8045618838060444 1.518902188685665 0.34615770158792447 9 285 144
0.9689378474091761 1.5133162853746032 0.2966744547767113 9 285 185
1.0415053030131873 1.5024814975135998 0.276125045649557 9 285 203
0.5652179793520207 1.530527949183337 0.4149477090798481 9 286 69
0.8269616256983157 1.5143513275406932 0.3368579178120431 9 286 151
1.083495592251057 1.0503901337646044 0.3301448867113296 9 286 328
0.5760045730995897 1.5178055953238987 0.41087900092074275 9 287 76
0.8813642148361611 1.5128402670781278 0.3171025474500485 9 287 165
0.7995117637667057 1.5271420108598086 0.33709081010886355 9 288 141
0.8661016738524692 1.5228773564707179 0.3170320568743725 9 288 159
0.5738206368393505 1.67691033342774 0.3808535262943551 9 289 38
0.5650642793315923 1.5441434236331135 0.40465896186573935 9 289 66
0.5810869344881665 1.5182796527207225 0.40100161730101114 9 290 78
0.7308276102983515 1.5244802587697002 0.3528902706190695 9 290 123
0.691418911436928 1.5312444293518248 0.36126600028182554 9 291 110
0.8913952011923525 1.5118399614788918 0.30111484325525095 9 291 168
0.915848037750562 1.5108590494763696 0.2935361683628286 9 291 174
1.0331831897104153 1.5012172505725874 0.25796279683983636 9 291 202
0.5757783918413206 1.6596108320350895 0.37436490172435366 9 292 43
0.5732532157321208 1.6294694142688488 0.3800361460019117 9 292 49
0.5676493681851575 1.5701670438152642 0.39139632289449766 9 292 61
0.5667340778461345 1.5564042193276852 0.3939102506425364 9 292 64
0.5867098833231131 1.5229500573272345 0.39295998339310073 9 292 79
0.7000574799411632 1.5298932694153529 0.355787831520172 9 292 113
0.5744023671815692 1.6894777837948722 0.367073832272897 9 293 36
0.7389780689110705 1.5229505850167213 0.3415063942103216 9 293 126
0.9578187007732641 1.514035324001136 0.2729825669796352 9 293 183
1.0911422955804737 1.0549589328987938 0.3049353452965652 9 293 328
0.6057013659616779 1.5212036432493392 0.381604010203599 9 294 86
0.6272749913044844 1.5252632216910578 0.374006264998618 9 294 92
0.6458441605421166 1.5288798321566448 0.3674466214530042 9 294 97
0.8282678329847637 1.5189627151330571 0.3104312151391352 9 294 151
0.9761062593527987 1.5145814624891245 0.2636278271615031 9 294 187
1.001824639723063 1.5170640905002188 0.2549555377483659 9 294 192
0.7492286228737712 1.5191342156834773 0.33276542986143864 9 295 130
0.8634167379878024 1.518539292421543 0.2959671870892622 9 295 160
0.7784861216471672 1.519582374157126 0.32014235342672404 9 296 138
1.0993274405047726 1.049264699104361 0.29368437729471664 9 296 331
0.6214612613823387 1.5314112920771268 0.366345099984531 9 297 89
0.843924550089665 1.5115410987931868 0.29701517985015413 9 297 157
0.9834401557038506 1.5138671618497126 0.25107681916956215 9 297 189
1.0320412548599454 1.5064541804504374 0.23644125069959665 9 297 201
0.5754321054481645 1.6364750470478124 0.3610344144825277 9 298 49
0.5787525765792049 1.5519718653452812 0.37407632782687394 9 298 70
0.5923040865567863 1.533724936034734 0.37268031338963836 9 298 79
0.7587552510005511 1.5189145885522846 0.32052921839027915 9 298 133
0.5781135549350165 1.7223351825302253 0.34283688725431893 9 299 31
0.9243357775499594 1.5136092618719321 0.26372834382073185 9 299 176
0.6615403657670347 1.5271696129996442 0.34522405070542195 9 300 103
0.7656794999698953 1.5151660110312446 0.31272366383628936 9 300 136
0.859101916627576 1.520225697915977 0.2808905484591655 9 300 159
0.8982701979323557 1.5179134408682378 0.26829412528389085 9 300 169
0.9528910823851058 1.5073933912557103 0.2519622081022239 9 300 184
1.021502652640855 1.5065809154871816 0.22934920758208777 9 300 199
1.0912956677639924 1.0553687909360208 0.2825283540910295 9 300 328
0.5790970033552335 1.6047372477448816 0.3565871798956898 9 301 58
0.6935619526647121 1.5303226147398485 0.33109656722294634 9 301 112
0.7022035348902957 1.5284230509430385 0.32853961902767415 9 301 115
1.0456204956211819 1.5023799674316938 0.2185153390149791 9 301 205
0.5793813080589241 1.6851539194450316 0.33987940994681376 9 302 40
0.5742078578274883 1.6636910091862664 0.34528398766203794 9 302 43
0.6036994475240147 1.5348992414896296 0.35743675045008605 9 302 83
0.5712335856260214 1.615894401894952 0.3516006953978099 9 303 53
0.612759780456919 1.5270464420968572 0.3529037774824467 9 303 88
0.8911690855329144 1.516104767945499 0.2610506409187595 9 303 168
1.0598434261458212 1.5024463934858614 0.2066106332589357 9 303 208
1.081499045013171 1.0604152563950857 0.27536064506621893 9 303 325
1.0086270979822318 1.5091875312851881 0.21919373935440756 9 304 196
1.084441670231894 1.0517451584118973 0.2726712863533882 9 304 328
0.5768640608857255 1.5783058989959495 0.3505044108435631 9 305 64
0.5905233976929678 1.535001449489061 0.35339184477994856 9 305 79
0.9580052171180691 1.5053953604571961 0.23356522795364343 9 305 186
0.6995171575235926 1.5316602670821755 0.31390375224230704 9 306 114
0.569877205754445 1.6337644980263657 0.33747307293871476 9 307 49
0.6109365480950482 1.5266757845725691 0.34220361408865074 9 307 88
0.9305137005548725 1.5183123758791326 0.23389889320252588 9 307 177
0.9984592878699301 1.5182864669108624 0.21056394770862707 9 307 192
0.5804195352948073 1.7091355950527203 0.31762062400020874 9 308 36
0.8395663836172205 1.5155000373385554 0.2624031136283297 9 308 156
0.9466851605999369 1.5128478300608261 0.22589344673545875 9 308 182
0.9587944521457001 1.5028547489216266 0.2234803804006833 9 308 187
1.0602397211830177 1.0693366735986767 0.26512490795732924 9 308 319
0.5715503040163847 1.6375520764277076 0.3304479660729478 9 309 49
0.6452656703473955 1.53562010128619 0.3229988503001169 9 309 97
0.6667966224754909 1.5299219121882102 0.3165424610392844 9 309 105
0.7507206482897897 1.5186566120250673 0.28943037278323325 9 309 132
0.6271566150743787 0.7053539401410343 0.4769101332396082 9 309 369
0.9062519662420585 1.5125051580456441 0.2332183867692703 9 310 173
0.5747611833933783 1.6614708957584834 0.31922872238963307 9 311 45
0.5976199454421096 1.5314040597285161 0.3345988773614106 9 311 83
0.9376723157639542 1.5181415327486996 0.21784565348388785 9 311 179
0.945188328887028 1.5124550368346394 0.2162345364456425 9 311 182
1.0957484650698326 1.0513977760200672 0.24635808427661354 9 311 330
0.5762250281090913 1.6288873260974452 0.3216713404773134 9 312 53
0.5768994185246921 1.6124517327989918 0.3244040284335393 9 312 57
0.7907507546179915 1.5233058401144084 0.26522427548938965 9 312 142
1.1077590381473943 1.4934243930664732 0.1590167656870468 9 312 220
1.07318559528307 1.0631242356169501 0.24894947373263554 9 312 323
0.6981680061950211 0.5079796566849084 0.48130153199979886 9 312 479
0.5761471342856066 1.5400287366220473 0.33493898147325274 9 313 74
0.6152479758635891 1.5355262078543106 0.3219238361731508 9 313 88
0.7118233934596092 1.5206414165047513 0.2904614914095598 9 313 121
0.9841293935088724 1.5068381720795156 0.19663233042614525 9 313 192
0.5787796581106162 1.5777845913337205 0.32428663213074105 9 314 66
0.5924572107359549 1.5383347550747106 0.32662986837508945 9 314 80
0.9498319023053894 1.5049887552452386 0.2056736091325726 9 314 185
0.7324952588422724 1.5214782706694214 0.2737744643045945 9 316 127
0.8383884995231807 1.5260025986491912 0.23492962401220818 9 316 154
0.5967404317003874 0.7103199809967549 0.47223968713938447 9 316 360
0.8543131998977356 1.5133340583360217 0.22827043639564226 9 317 161
0.640258696833341 1.533678488436502 0.2987622134639225 9 318 97
0.6584919898973726 1.5279848853921794 0.29321671774630476 9 318 104
0.6761439497476207 1.525220488599535 0.2873354670925331 9 318 110
0.6887511707392908 1.5199913600627655 0.28374217094599086 9 318 115
0.7668059444098616 1.524242622048785 0.25466268534784864 9 318 136
0.8669504605515277 1.514070416951646 0.2202686598010406 9 318 164
0.8279602505410621 1.5245623020036685 0.22918791796942528 9 319 152
1.1005894087704935 1.0474350115907216 0.21938887398661222 9 319 332
0.5768045821347648 1.6660057765635918 0.2911548711253048 9 320 46
0.5963973172365783 1.534507891820088 0.30877360977189316 9 320 83
0.7298702384821445 1.5201973751068125 0.2626403296352744 9 320 127
0.9613311924645234 1.505071087970666 0.18081213669578833 9 320 188
0.6670494579642963 0.48694293109019327 0.48038644623407734 9 320 486
0.576055479485265 1.6298631223165088 0.2953151895186996 9 321 54
0.7476897589739766 1.5288935784911883 0.25135715366245304 9 321 130
0.7684962923484377 1.5148109227560487 0.24637740433878197 9 321 139
0.8002570092917467 1.5249628237368242 0.23277937384966163 9 321 145
0.8476380683496916 1.5207308817602259 0.21616498866167588 9 321 158
0.6104329796565894 1.5296492803140533 0.2987757585947419 9 322 89
0.6667109225381869 0.47048201750919266 0.47970993182103056 9 322 495
0.6757719471332988 0.4563313471885599 0.4790586018010866 9 322 504
0.5761198951344776 1.613668188812623 0.2925303107763034 9 323 58
0.5763789056341433 1.575302460126177 0.29977850136363793 9 323 67
0.6799994394599576 1.5282565535724086 0.2703367767215501 9 323 111
0.6788227674462437 0.42534975680613546 0.4819011855170836 9 323 522
0.5751275009744361 1.5363522655532718 0.30485751557802654 9 324 76
0.8031453607802364 1.5208990219549916 0.22283084892600313 9 324 147
0.708372408570364 1.5262411823351147 0.2540665808875864 9 325 120
0.8371390970445469 1.5197441940846304 0.20709804067710957 9 325 156
0.5708474637385337 0.6999289463724214 0.46537119269002847 9 325 359
0.6533193191102399 0.45161906218488457 0.4825046424712636 9 325 504
0.5760177428065189 1.7194230439277511 0.2632480304408371 9 326 35
0.731705569833482 1.5250863551454776 0.24244334784581634 9 326 127
0.828105132189261 1.5190267019918644 0.207350566970682 9 326 154
1.1423471059083983 1.5549155160527337 0.08214044871834936 9 326 214
1.1702735791215038 1.550882146449965 0.07241700455495659 9 326 220
0.6816674825383005 0.3948174325237622 0.4809610556890877 9 326 540
0.7447047488049463 0.32292504595337157 0.4712168594933206 9 326 587
0.6211324217803972 1.5340248314372606 0.27938214212102597 9 327 92
0.6847491833998214 1.5235164899978297 0.25738830856554173 9 327 114
0.7512518822372838 1.52303174792521 0.2323454740112484 9 327 133
0.7763631855234454 1.5220709883134673 0.22304127341262703 9 327 140
0.6748463352305523 0.4173314913624745 0.47722782556339377 9 327 526
0.6754713922835374 0.4020662139696244 0.4780621429077933 9 328 535
0.6842532800110701 0.3865135603610328 0.47778090813899454 9 328 545
0.5769424818487472 1.681298816674396 0.2613165972905561 9 329 44
0.5744552145952768 1.5590731782647165 0.28638305252443097 9 329 71
0.5971755940970276 1.532065561680165 0.2830448969948418 9 329 85
0.6046775976267811 1.5338996643301228 0.2798211463743444 9 329 87
1.1713910764781825 1.5527487124550463 0.059913470961350135 9 329 220
0.6257584734811292 0.4854115945794596 0.47866741601357904 9 329 481
0.5739174771479642 1.619099818085587 0.27180670113466565 9 330 57
0.6288180154557708 1.5332061791224385 0.26780079252895916 9 330 95
0.8650140774306845 1.5210649802262886 0.17969288286001772 9 330 163
0.7144211968208853 1.5236975633682006 0.23379028529524915 9 331 123
0.723634891051566 1.5262624240393186 0.22973214555935728 9 331 125
0.5712707433569151 1.7021310979182762 0.25031849837111764 9 332 38
0.5706599039344162 1.5937472984485597 0.27226171325151205 9 332 62
0.7616248428470997 1.516002145437697 0.21398307379193593 9 332 138
0.8720409874912476 1.5205136540805366 0.17037973167153697 9 332 165
1.102077954345583 1.5585309403248735 0.07380650206753936 9 332 206
0.641843975746599 1.526654736264251 0.2551980151518519 9 333 101
0.7302802972213074 1.5266094616900272 0.2208525686479259 9 333 127
0.7832233933227513 1.5196240904909653 0.20169186761158509 9 333 143
0.794845637012799 1.5197921434831843 0.19714319038621975 9 333 146
0.5640860710253529 0.6739802979006515 0.45701956586465503 9 333 370
0.5831667585923733 1.5405295554592553 0.27231300437160766 9 334 79
0.7628738921411713 1.5183016103454623 0.2066837696375633 9 334 138
0.8127714084366602 1.5185543722408268 0.1871617352086119 9 334 151
1.1078850806031348 1.56911858816488 0.06177613915337865 9 334 205
0.6228686736449864 0.44636245648763506 0.4781223825717247 9 334 503
0.8659397724903188 1.5283738505600137 0.16105539994134999 9 335 162
0.6094153477820288 0.4655235663245541 0.4776254532971203 9 335 490
0.7510333256803803 1.5268143658078177 0.20323932601503913 9 336 133
0.6277629053259617 1.5270795145578462 0.24876013360513038 9 337 97
0.6328142489416058 0.39970255444047476 0.47813220791839905 9 337 532
0.5736022938024892 1.7100388430450144 0.22958223838628167 9 338 38
0.5712817710884346 1.6878007313435406 0.2350900121610231 9 338 42
0.5653706848831022 1.6385136599103598 0.24463583247784415 9 339 51
0.6392978946410395 1.5264001257507216 0.23837044662431794 9 339 101
1.075149380190903 1.569026262834765 0.05563288185398163 9 339 199
0.5585521377773337 0.7043965812765317 0.44091929150738696 9 339 354
0.63173200233902 0.3848046342419796 0.47794468858682493 9 339 541
1.092498848496903 1.5665753639648252 0.04539221706340879 9 340 203
0.557690113798028 0.6729940336726359 0.4457749858785174 9 340 369
1.0083864078515528 1.5672534521978208 0.07159238537496204 9 342 186
1.0609401281955317 1.5662239259924648 0.05056188286140073 9 342 197
0.5711084844666754 1.6771452719116278 0.2222535165261792 9 343 45
0.5731362719420118 1.6172278532810875 0.23408460793849994 9 343 59
0.9834528492118177 1.5666161609283444 0.07451444874875301 9 344 181
0.557945638656344 0.7146823734446579 0.42677746161837776 9 345 349
0.594462125983228 0.4249215571819391 0.47359652368836913 9 345 512
0.5664138741048005 1.7003141883713169 0.2070732707782852 9 347 39
0.5774086544164283 1.6040096708790106 0.2232554415650646 9 347 64
0.9731444913692269 1.575920578471389 0.06580653047323182 9 347 177
1.0466175537738795 1.5732303538058545 0.03603092606713465 9 347 193
0.5698658802873802 1.674020440948791 0.208270132213782 9 348 46
0.557941515642947 0.6770988255662493 0.4267352756948972 9 349 367
0.5795250855634692 0.4460389787178102 0.4679285755771797 9 349 497
0.9880183208691227 1.5780641734957725 0.048145777657791156 9 350 180
0.5581843619731434 0.7000388336630359 0.4196090412580722 9 350 356
0.6054917932996806 0.35988976007241746 0.474035422806848 9 350 554
0.6117913788334494 0.34686196923415935 0.4742420081682555 9 350 563
0.6180755877189305 0.3338614103182278 0.4744490859577446 9 350 572
0.9290397758347702 1.5648005251897694 0.07214707938109588 9 351 170
0.9470280211930793 1.5740923762589394 0.06255067068172726 9 351 172
0.9977101673232305 1.5741142375937516 0.04124681938182939 9 351 183
1.0293729314039797 1.5722816458730728 0.028342340066758398 9 351 190
1.0221927139204057 1.5572396370846666 0.023440582281107902 9 354 192
0.6181596929659453 0.3023181908302821 0.47428134147460344 9 354 593
0.5689552888874807 1.7107572883526827 0.1760355334994237 9 356 39
0.5670297317826112 1.6843123408890277 0.1827922609692908 9 356 44
0.9024735784639535 1.584721592470162 0.061162299401703035 9 356 160
0.9395916764728534 1.5730982454108928 0.04783877890082744 9 356 171
0.6048070328168361 0.31870533966619774 0.47281928631393677 9 356 581
0.8831299697311192 1.5781279250595721 0.06741734833013668 9 357 157
0.5658840000545841 0.467006851120122 0.4544327821724662 9 357 482
0.5626576154353145 0.45966537149247183 0.4574769961921134 9 357 486
0.5773830626559269 0.390690277901168 0.46666839280014377 9 357 531
0.5807051562570401 0.37734661095557187 0.4682425245648929 9 357 540
0.942075673672216 1.5764631843284826 0.03875628759541283 9 358 171
0.5585440607912441 0.7065680056288641 0.40156652946604754 9 358 353
0.5649877423310604 0.4453572826745189 0.457883323843018 9 358 495
0.5562388652913728 0.48794451158879537 0.4501913130927922 9 359 468
0.8806255705792259 1.5812900166497585 0.057191947390400344 9 360 156
0.5586383306677333 0.5107613876115358 0.44209172051125556 9 360 455
0.9245631114947308 1.5688232170527483 0.03726239997944569 9 361 169
0.5558273204219959 0.5707018175413674 0.42770534598711285 9 361 421
0.6020890766110489 0.2877306450402882 0.4723259059476533 9 361 602
0.5607355194183674 0.47365115793223117 0.44596950838167215 9 362 477
0.5693402502676868 1.6421843296968432 0.16998841254656316 9 363 55
0.8858250400528396 1.574517535616725 0.04583908619714805 9 363 159
0.5554104070043546 0.6216930409755554 0.41223029072455486 9 363 394
0.5565745954061255 0.604753504520038 0.41563494861841255 9 363 403
0.5596027071836016 0.6653810956868916 0.3982340648022523 9 364 373
0.5607823421880944 0.401197397224101 0.4590980223903738 9 364 522
0.5702884813839605 1.7193837764224984 0.1454486379715869 9 365 39
0.5640216609089326 1.6673126094956614 0.16039212026650862 9 365 48
0.5558694543968713 0.5948577954529122 0.41431653277267727 9 365 408
0.5572413675569078 0.5543643270089128 0.42123244683058647 9 366 430
0.5573641279712452 0.45758051750005574 0.4438640288406268 9 366 486
0.5589883829025895 0.7025698610575268 0.383631461858731 9 367 355
0.5615767145030289 0.44369284971421685 0.44341530531829687 9 367 495
0.5549890580107059 0.49531908642815814 0.43235588215149956 9 368 463
0.5562812197420272 0.6516309581467771 0.39278725225945954 9 369 379
0.5548171909545648 0.5772786405058978 0.40915604562761976 9 370 417
0.5526701295907903 0.48099305911950685 0.43309495430309863 9 370 471
0.5818719823849798 0.29397278239817287 0.46442865689959634 9 370 596
0.5857019674223638 0.28162942740386915 0.46563213213419175 9 370 605
0.5551267286456772 0.5054162130735788 0.42427506202435505 9 371 457
0.5543754123532277 0.6151150846002147 0.3963513233143011 9 372 397
0.5716800455087463 0.30856544641633116 0.4621633402501508 9 372 585
0.5558608589076476 0.40240842018240447 0.44505759682745094 9 373 520
0.5555872703597428 0.5981504341174873 0.3959179451199153 9 374 406
0.5665303412346411 0.32348160865109205 0.45749935967723243 9 374 574
0.5563060860690433 0.5608175038250225 0.40269760395916243 9 375 426
0.5554670428968284 0.4661540894850928 0.42614874063435876 9 375 480
0.5555678283925541 0.5279471149820879 0.4091357977574669 9 376 444
0.5569637596637769 0.4515494672772131 0.42717719221817374 9 376 489
0.5549995914422668 0.49111325106035175 0.41653688571979125 9 377 465
0.5580835830499236 0.6583312233927854 0.3719588172997942 9 378 376
1.070293758343056 1.0439192617441824 0.03323386963498187 9 379 329
0.554611370219652 0.5804734578281395 0.39082580029290725 9 379 415
0.5679592549643299 0.29477868600448165 0.4553219574657942 9 379 594
0.5696815188906453 0.2825012643283717 0.45755284327791845 9 379 603
0.560061874430603 0.640881699183617 0.36920323335846383 9 381 385
0.5629107470647994 0.3095049394141046 0.45063451077814376 9 381 583
0.552607173309507 0.5628314385719483 0.3902844334805382 9 382 424
0.5547784714574876 0.39497766829711894 0.4313564853112352 9 382 524
1.0593423558614932 1.0275007186762255 0.029007507902273466 9 383 332
0.5552013852748836 0.6033722752366277 0.37687673451580306 9 383 403
0.5572296279956276 0.586887034080075 0.38005941849382596 9 383 412
0.5573854440012267 0.4963578606999466 0.40278802762058 9 383 462
0.5605494843522711 0.3231415998681237 0.44490615131351 9 383 573
0.5570325062509585 0.547646595399808 0.3880878777073954 9 384 433
0.5571084202249197 0.47571275864945495 0.40624525209679824 9 384 474
0.5545090068636773 0.4600652471657525 0.41145047825040204 9 384 483
0.5687872465334757 0.7117712275779782 0.33879121471928575 9 385 353
0.5577727552768699 0.5242848541283636 0.3897816192857271 9 386 446
0.5639654488087456 0.2907712286264129 0.4463330823800439 9 386 596
0.5612022310773718 0.6431953839235803 0.3536731919502004 9 388 384
1.0292515951166807 1.014720407225625 0.02343198766309207 9 390 331
0.5627429875205461 0.62569458298137 0.35331692243204793 9 390 393
0.5559647735446218 0.4449540842015635 0.4034875595076558 9 390 492
0.5579600766537316 0.30925262493118294 0.43767754331716113 9 390 582
0.5616753778450027 0.5881000062443247 0.36157045378928965 9 391 412
0.5558846296220946 0.5689989604483003 0.369394852389489 9 391 421
0.5585943645243279 0.5531915498028398 0.3721726395338598 9 391 430
0.5581526689707811 0.32462715210576154 0.4318660148040615 9 391 571
0.5582673088445719 0.4923358544505807 0.3862597625445314 9 392 464
0.5660310707411008 0.6719959613640163 0.3333671713023034 9 393 371
0.5569125484402595 0.5451716308744242 0.37116191074208293 9 393 434
0.5592229420129178 0.47875819570464373 0.38743529244028974 9 393 472
0.5578173158459333 0.4665835953179634 0.39132675032172415 9 393 479
0.5625365276862452 0.6497215381236926 0.3388590834231222 9 394 381
0.5596669747040461 0.508235451785842 0.3775501913780086 9 394 455
0.5562903333801269 0.3529908072536396 0.4201174079935641 9 394 551
1.0106202878759547 0.9978744577406822 0.020552029591046406 9 395 333
0.5593628746749741 0.3156000471815287 0.4267010945299051 9 395 577
0.5600445810038794 0.29608068165462176 0.43152101187399294 9 395 591
0.5662384011166317 0.6328405709680118 0.3310530010493018 9 399 390
0.5612571037531006 0.5703841884714225 0.35035830504946075 9 399 421
0.5584384694952128 0.45109617726372586 0.3838309078276476 9 399 488
0.9742002116928572 0.9981231195594003 0.022570222092410885 9 400 327
0.5607310428571376 0.6799902188492335 0.3190577034309541 9 400 366
0.5648543988587418 0.614231535749077 0.33468896583756236 9 400 399
0.563885965129162 0.5903721771656014 0.3416163836346866 9 400 411
0.5601684599000729 0.5531136602716067 0.3535579173802723 9 400 430
0.5609326412578304 0.5133986305675754 0.36387805134172346 9 400 452
0.5590457507652471 0.2829156162126517 0.4269916316022897 9 400 600
0.9673348879081272 0.9777452501629688 0.02836143766252608 9 401 332
0.5683429723648312 0.7138148419541241 0.301697888452789 9 402 352
0.5655536413661708 0.5380824997087053 0.3508885611045478 9 402 439
0.5601828622118906 0.4764202297616092 0.3704035035475428 9 402 473
0.5602275531693524 0.2518694308328568 0.4314068017941318 9 402 623
0.5606669927412324 0.24014138465857798 0.4343685600887973 9 402 632
0.9552820861070115 0.9909996658501898 0.021337503952953973 9 404 326
0.9726283112890939 0.9675723069863159 0.018784650412085546 9 404 336
0.5603164821538942 0.43612544081646487 0.37753483755081896 9 404 497
0.5571563443347118 0.31409869030315124 0.4125901266871547 9 404 577
0.5570795558761655 0.3014724034342245 0.41608797966945343 9 404 586
0.5609369545463883 0.2891713708639054 0.41746249170977723 9 404 595
0.948364208234461 0.9838988312098429 0.02048452459383121 9 406 327
0.5648312370487555 0.7077096635644939 0.2942884114265485 9 407 354
0.5603885063464974 0.4607051119573466 0.3650467715776343 9 407 482
0.564699020031155 0.6359733743563118 0.3121288505424571 9 408 388
0.5626598685428039 0.6250276497068227 0.3162428482949534 9 408 393
0.561811613578968 0.571941143525478 0.33145257464990385 9 408 420
0.5407634885022392 1.661329096861253 0.03635566885871633 9 409 48
0.5608665756223984 0.5926846346281163 0.3241259525222948 9 409 409
0.5634108552910101 0.5554414727865228 0.33318436011798 9 409 429
0.5566435291012117 0.29097844204624823 0.4105823212450444 9 409 593
0.5568961172949504 0.27598119173220914 0.41463641082726915 9 409 604
0.5618782216883919 0.5381260432971122 0.33482568763167087 9 411 438
0.5626444421859115 0.5040638823345834 0.34400171190093487 9 411 457
0.5659683459376995 0.4890925120030364 0.34645097413539017 9 411 466
0.5584534904202452 0.2516615397370127 0.41722925485143175 9 411 622
0.5638106318022577 0.4457330412163611 0.3559749843940101 9 413 491
0.5582535861634272 0.30854549240774 0.3978285138298176 9 413 580
0.9100860875566057 0.9532140365214969 0.02099194296816198 9 415 330
0.5376094040367387 1.6059998714015937 0.03177389789052176 9 416 60
0.5587338399082917 0.7112761253263724 0.27685369462223886 9 416 351
0.5617639610898684 0.632439695512576 0.2957039785871616 9 417 389
0.561593301182629 0.61824903151884 0.2998794899581547 9 417 396
0.5622643903081964 0.575393527632028 0.311846857926967 9 417 418
0.5679876169093208 0.43119877920913885 0.35023639254860706 9 417 500
0.55964434725026 0.5573624847295292 0.31642284513664864 9 418 427
0.5660949425830599 0.522399175431171 0.32301449632078894 9 418 447
0.5604275931865764 0.2952319668296766 0.3917011378041073 9 418 589
0.5570112998265797 0.28679642113448656 0.39599407210967186 9 418 595
0.5588215738775075 0.27453685824971835 0.3985507973147493 9 418 604
0.534279838231067 1.5804674906978726 0.031649741107055984 9 419 65
0.5625197395476812 0.541361766031306 0.31543640243777515 9 420 436
0.5617118733985138 0.5048047779171652 0.32651481910142777 9 420 456
0.5633023640325046 0.4893255325939669 0.3301480454067567 9 420 465
0.5392513904338356 1.5670270859016617 0.02666900723325283 9 421 70
0.5644647190228981 0.45835476920573387 0.33464136741584527 9 422 483
0.5627601119162723 0.5245888346954142 0.3121419409790629 9 424 445
0.5648795526823447 0.44139886782464205 0.33552840128457584 9 424 493
0.5620477837836559 0.7107906747646405 0.2553440354533041 9 425 352
0.5604569623353622 0.5800763483577656 0.29496560174873787 9 425 415
0.46635518294326683 1.634953231306116 0.031730723887324785 9 426 30
0.5614142235910314 0.6279345683428839 0.27812347996439235 9 426 391
0.559608759958957 0.5643992713936475 0.29802893827013865 9 426 423
0.5680208210621386 0.42685735923702944 0.33423635792732775 9 426 502
0.5113963354426029 1.5465887696151743 0.029818192031038304 9 427 66
0.5583332311199574 0.30072228541059726 0.37539537328386197 9 427 584
0.5603081867885471 0.2882111628449122 0.3780226687801217 9 427 593
0.5632654374760946 0.2649469118616799 0.38330904914378305 9 427 610
0.5604357962781223 0.5475112190258765 0.2964634762840914 9 429 432
0.5598694085434427 0.5070931634242557 0.308935651486995 9 429 454
0.5650787975304558 0.49246458417501454 0.31039327471160205 9 429 463
0.5131525304260068 1.512329963372962 0.030062140370979096 9 430 75
0.5585651198665391 0.7090817650842767 0.24450239727836298 9 431 352
0.5610220848091436 0.4600478700898504 0.3185234266926943 9 431 481
0.5663643607174041 0.3732239035885431 0.3417809131968965 9 431 535
0.5656277786601135 0.3547378162732554 0.3477978795083827 9 431 547
0.5577019351082512 0.572931568527771 0.28415219106005163 9 432 418
0.5642657400141714 0.4156492818657757 0.32821139727194826 9 432 508
0.5141726890271909 1.4902392705916387 0.027191931757488796 9 433 81
0.5598730563618151 0.5321951233680181 0.2932605302650889 9 433 440
0.5651937194960601 0.4454860497102534 0.31666365553167275 9 433 490
0.47067297856566914 1.5533404364960441 0.0298589844351993 9 434 51
0.5193543503781134 1.481497852202021 0.02390072768455087 9 434 85
0.5577541664043739 0.6697560031322864 0.2503324949767445 9 434 370
0.5587931060073041 0.5906681363310968 0.27394521322410326 9 434 409
0.5651328937755062 0.430333918465061 0.31938446498480744 9 434 499
0.4417645813846208 1.5906129746027249 0.0320823547901552 9 435 32
0.47960233871412816 1.5289891484397191 0.02921589998869445 9 435 60
0.5608303237420262 0.6992262309176681 0.23732289509375204 9 435 357
0.5628880919141944 0.5573227858082784 0.2797296218504729 9 435 427
0.49066739568929163 1.5080415350993628 0.026304756053156186 9 436 69
0.5601158549069072 0.6169250057697618 0.26088359774666925 9 436 396
0.4522106594686841 1.5694154280825452 0.02664435349654104 9 437 41
0.46331902993153795 1.5479487170224706 0.02684360366120009 9 437 50
0.5614659716446501 0.4924692218723779 0.2944649799565562 9 438 462
0.5647862603729861 0.5519829773154582 0.2719777489685635 9 439 430
0.5605043913572509 0.47623122187752703 0.2960909063945296 9 440 471
0.47325936659042855 1.5016797945997662 0.023627239322865035 9 441 65
0.5562062641120915 0.579613020210707 0.2641891361397196 9 441 414
0.5626339643986942 0.414269998764791 0.31228993204549693 9 441 508
0.4808979523655208 1.4760794846994707 0.024234844140597733 9 442 74
0.5587421063400095 0.5330167338674963 0.2752675566527343 9 442 439
0.5644718730268333 0.4477171235961481 0.29874649090237626 9 442 488
0.5584128955059606 0.6614378142615409 0.2328330417187403 9 443 374
0.565400939256974 0.4326600137980877 0.30098345405944127 9 443 497
0.5592270061727135 0.7072656867996918 0.21562350929248686 9 444 353
0.5580607959402476 0.5627515052697571 0.2621352863968197 9 444 423
0.5593746156727886 0.5461242729313689 0.2666273110580605 9 444 432
0.5616908551311153 0.49197069974945246 0.28242244744383027 9 444 462
0.5594351664337925 0.6326255069200738 0.23699671797534716 9 445 388
0.5569670675109596 0.6173431202890179 0.24332869165942062 9 445 395
0.4191251443015286 1.533724732038321 0.03096435204916803 9 446 38
0.43967395333647397 1.4995948410382955 0.026688462017275594 9 447 54
0.48908488529335714 1.4174431559418437 0.023390641596958472 9 447 92
0.47217730125633384 1.4300180334763972 0.026611026038776853 9 448 83
0.5042106893803519 1.368416734163143 0.024268073140824797 9 449 110
0.5590103891911209 0.57239161024185 0.2479869570416997 9 449 418
0.5587595391603808 0.48368071558416204 0.27675444923187464 9 449 466
0.5636433491402588 0.4233216429381402 0.2932785013309196 9 449 502
0.4345550502641633 1.4731393676044884 0.02677763584157311 9 451 59
0.4531738476275966 1.4401656249438786 0.026181379850346964 9 451 74
0.46365759174820786 1.4233803990079674 0.025267057891782407 9 451 82
0.556820187820109 0.5280496027984839 0.2594928365783966 9 451 441
0.5568598586083559 0.6605812060022702 0.21421367470813968 9 452 374
0.5579203411889727 0.5544931096250924 0.24604564634156367 9 453 427
0.5601066556090876 0.624379154381906 0.21967551060581525 9 454 392
0.5595117170565553 0.6058676143048556 0.22611435522846834 9 454 401
0.40688023540577667 1.4819186039548162 0.026571983775286023 9 456 47
0.45518711817665225 1.378598872549727 0.03089484218574723 9 456 91
0.5575354800129303 0.7087031333659116 0.18903842595174536 9 456 352
0.4604817447475721 1.3524841789601139 0.030648057097065973 9 458 100
0.475386517416311 1.3385134670440395 0.02603825821518091 9 458 109
0.5572319353526045 0.6521658500278377 0.2034761200941846 9 458 378
0.5586429193261793 0.569788166454617 0.22999705291481454 9 458 419
0.4304512781056047 1.3995983322197036 0.02802407782466476 9 460 77
0.4453027171386683 1.382163045790203 0.024579831857286405 9 460 87
0.4811605456474859 1.3138501641700884 0.022230697353666895 9 461 118
0.4461199026311383 1.3503638907187812 0.02636055729983744 9 463 96
0.4940956644561343 1.2653991965183384 0.024824161856919602 9 463 136
0.560777782594875 0.6161171953746917 0.20232404712013152 9 463 396
0.38701370381007827 1.4348504279446548 0.0295422665461631 9 465 52
0.42059227308763447 1.387764916559355 0.024251864813437662 9 465 77
0.47979489947807785 1.2882241096022495 0.02054945749024928 9 465 125
0.5534571542717829 0.7067130880984323 0.17174003515942493 9 465 352
0.5583585929406388 0.6891884568812288 0.17459384250615462 9 465 361
0.5596656280832029 0.6530281742986233 0.1815952019625815 9 467 378
0.3892160839180734 1.4201595010131807 0.02485216944259072 9 468 57
0.49010542613607455 1.2308881602966744 0.025264542067056084 9 468 145
0.42145343766232646 1.3565331765417885 0.023303747766682537 9 469 86
0.45815091194506863 1.2950729703226571 0.020910682143656434 9 469 116
0.4801043260600304 1.2508977631346285 0.022034340452164125 9 469 136
0.37867715574487704 1.4204677504376404 0.025999393067675847 9 470 53
0.3886706134826148 1.3862078611107485 0.025935845468534557 9 472 66
0.42045894894764824 1.3228604119727672 0.027373697028775013 9 472 95
0.4240632995044106 1.3094267869957839 0.029714050874233067 9 472 100
0.5572844198964146 0.6434165048117756 0.17525226973680375 9 472 382
0.5560953798067811 0.699136704012176 0.15431625067238763 9 473 356
0.5608246833801753 0.6837143596801804 0.15662732018120118 9 473 364
0.37312092471811664 1.4060173225647987 0.023657618663554314 9 474 55
0.4311133307855375 1.29803070956824 0.0236524311108558 9 474 106
0.45213856891375714 1.2572735685560565 0.024213742416405393 9 474 125
0.40627014380939386 1.330796871647253 0.022943534749228278 9 476 88
