2.509144495870701 1.232773519671553 0.897530174128008 9 3 245
2.5153720079798054 1.204330051412448 0.8961190036128285 9 3 251
2.523271990031811 1.7926221939116216 0.8942393604716635 9 4 120
2.552864328862749 1.686234240894728 0.8876476026840904 9 4 145
2.54687114409177 1.6725056749054574 0.8887384269878231 9 4 148
2.5379926875940853 1.6497645428864711 0.8903377664364374 9 4 153
2.5372950996927557 1.640864747942247 0.8904141919543324 9 4 155
2.5357116129496213 1.497665578143382 0.8897362924000425 9 4 187
2.518903225190635 1.456922847117049 0.8927800964120717 9 4 196
2.5464635517871943 1.4431928691616167 0.887231781550061 9 4 199
2.5314462528200727 1.4114046136958722 0.8899831709062642 9 4 206
2.523497665592579 1.3933110351071174 0.8914306901887973 9 4 210
2.5272299675142835 1.3795022917607134 0.8905966075720873 9 4 213
2.524498369105944 1.3658457766287357 0.891042570615381 9 4 216
2.515486601097785 1.347849101579611 0.8927011289493209 9 4 220
2.52670757584255 1.3336004959700685 0.8903822411208577 9 4 223
2.5262691216316506 1.3151743444828297 0.8903414515824728 9 4 227
2.5266871075744834 1.4708682390831136 0.8870032477093523 9 5 193
1.5125434689265136 0.10413539131523608 1.0793249580276245 9 5 599
2.5465944537646714 2.0532440278799116 0.8830458834323013 9 6 60
2.5032388096469993 1.3989587464345878 0.8868314927268154 9 6 209
1.3440980623753158 0.09802990007940138 1.1098948395801758 9 6 635
2.473873642526044 2.0637501341061832 0.8936439552298919 9 7 54
2.5415065244361728 1.7002980044107607 0.8771100463839143 9 7 142
1.4784010640098169 0.09159524952467613 1.0765008597568344 9 8 608
1.4075156440864225 0.09307228642843413 1.0909673482834488 9 8 622
2.461819281514872 2.0547422702398053 0.8878432237948903 9 9 56
2.47210974750917 2.019996051024111 0.8854361488607505 9 9 65
2.5458993951643656 1.3061073421088718 0.8642557080375709 9 9 229
1.342344208041196 0.08884446068142293 1.1012363645543315 9 9 637
2.5289989244688877 1.2886270743859187 0.8631488088916521 9 10 233
2.5260388709607158 1.4321600164570605 0.860624696874568 9 11 202
2.5508702839715505 1.3250782538326917 0.8544794610475487 9 11 225
2.5511457676876175 1.3157003467486446 0.8543372138520888 9 11 227
2.411534870434203 2.0546578157791995 0.8860919521629276 9 12 54
2.5230812603931994 1.349797153284194 0.8560767255428954 9 12 220
1.6916922766699907 0.09981298303252917 1.0189844688334948 9 12 567
1.328330694385762 0.09339839860863997 1.0862611875138106 9 15 637
2.541431282921703 1.341164853990084 0.829769649688464 9 17 222
1.7282891973473795 0.09974106295311636 0.9932605041548235 9 17 560
1.3350113051883092 0.0856559364220395 1.0787152243447715 9 17 637
2.503328551873636 1.425729064887217 0.8345701841003066 9 18 204
1.6624579200651488 0.09654776465115678 1.0040291582970013 9 18 571
2.197950367710478 1.999346952656482 0.9041638498558788 9 19 58
2.5202160914657084 1.3843550215494338 0.8259439668370514 9 19 213
1.3592705890859598 0.09661133532708832 1.0674308219980702 9 19 628
2.5163947091601666 1.4583769172525152 0.8231987889169086 9 20 197
2.5066227558177623 1.3295187575649376 0.8238491272092662 9 20 225
2.5272232834780923 1.3098368517024932 0.8190367950082449 9 20 229
2.498156173044121 1.4814912087839405 0.8231136773704508 9 21 192
1.3711820793467981 0.09958769834035541 1.0586550441803346 9 21 624
1.3333476669820696 0.09694283354017585 1.067092912588146 9 21 633
1.3363422248113626 0.0799418005961452 1.066216424807295 9 21 637
2.498989101005715 1.4134305626247738 0.8176587342916418 9 22 207
2.517591712241417 1.3946318897318866 0.8132315375642363 9 22 211
1.656057997709107 0.10076341375598008 0.9913534280666573 9 22 570
1.557472272399458 0.09236326750226187 1.0134724802202966 9 22 589
1.8825777292418242 2.068081738155721 0.9614643533889395 9 23 17
2.1284473875758763 2.04199966831343 0.9053243018220942 9 23 43
2.161635737695005 2.005800065300509 0.8973298167988253 9 23 55
2.147105494972383 1.9916658822350086 0.900447754444345 9 23 58
2.5024045488908855 1.4914134326781596 0.8134259073840955 9 23 190
2.5084934574475235 1.4686641789323196 0.8117538971644919 9 23 195
2.5142205453983015 1.3721677332512467 0.8047277982165789 9 24 216
1.5990952389088664 0.11309637105700943 0.9974310920139701 9 24 576
1.5703601093294168 0.09697665370590958 1.0037877609319716 9 24 585
1.5415387892131003 0.08573984381850797 1.0102278860473808 9 24 593
1.4279039864216032 0.09687539070636308 1.0363434810566394 9 24 612
1.4146190294917 0.09954243303855814 1.0394144609800728 9 24 614
1.3668084536643148 0.0996541180924273 1.0503425885809174 9 24 624
1.8743423687435747 2.0674182522372844 0.9567573719541157 9 25 17
2.1049011278735543 2.0201757418825674 0.9030732427193519 9 25 48
2.5191523568162824 1.4418471742750254 0.800020078675647 9 25 201
2.4805632139505187 1.3551090612849672 0.8077398994825982 9 25 220
2.4951315663685287 1.51524591388067 0.8020906586438912 9 26 185
2.530750570119205 1.3909664371415844 0.7921382477303558 9 26 212
1.580664834528788 0.0995754844157759 0.9945741209525968 9 26 582
1.5576381651737556 0.09584828953579194 0.9998577095998833 9 26 587
2.50458406887169 1.4747825988947119 0.7948734155708559 9 27 194
2.5205368251967233 1.4379468013969994 0.7906370165595685 9 27 202
2.5305363257840923 1.3819451688883038 0.7875208817917303 9 27 214
1.8933893000302353 2.0750066166376757 0.9424966786184513 9 28 17
1.948432435064273 2.0801598195856448 0.9296457124597114 9 28 20
1.9642284382202626 2.074414778706566 0.9258544218658272 9 28 23
2.5092305339257743 1.516372845925071 0.7898956789323986 9 28 185
2.523370973719614 1.396455553777719 0.7848591541498819 9 28 211
2.503069515246975 1.3690857161582812 0.7892344496396331 9 28 217
2.0559095474598137 1.9873783201538893 0.8994589056271574 9 29 55
2.5014856727503694 1.480132329899388 0.786712015772752 9 29 193
2.5170878971433583 1.378278339007213 0.7815341129706171 9 29 215
2.50049432434474 1.498816373978667 0.7827352743123451 9 30 189
2.5408667266225975 1.4575438718171219 0.7725114458077569 9 30 198
2.5307398589884893 1.4016290740671602 0.774085784114368 9 30 210
1.7797184874855163 0.10448102190520991 0.933418981531709 9 30 548
1.5489609266901745 0.09767559517787916 0.9882290315224882 9 30 587
1.4897099637200777 0.09741539998077142 1.0023246742690346 9 30 598
2.519924105076636 1.5086905950579872 0.7737390488905181 9 31 187
1.528550004036911 0.09537108574273767 0.9896514749170937 9 31 591
1.9642250734480888 2.07766555825868 0.9120661096435396 9 32 23
2.5304328667389706 1.4583229592659033 0.7658921143825648 9 32 198
2.4869699207252935 1.4861917635814206 0.7723145114134667 9 33 192
2.51843761132531 1.4168823288297938 0.7635754182642579 9 33 207
1.7768718852630219 0.10752733239792422 0.9227545882526064 9 33 547
1.5360012002904584 0.09970480301452533 0.9810927156460075 9 33 588
1.514124913072202 0.09574484526416338 0.986339442491887 9 33 593
1.910507235609964 2.071489867832813 0.9181332902249972 9 34 21
1.955803549184286 2.003071653354418 0.9059582403208103 9 34 45
2.5281569735026084 1.6024593084726249 0.7551002285175185 9 35 167
2.5053492219936673 1.5147361000657702 0.7592585935323617 9 35 186
2.484927197090588 1.4915491783832668 0.7638970090996733 9 35 191
2.5051205066926436 1.4925898699816778 0.7498532447253485 9 37 191
2.523622486517818 1.4695660470745915 0.7448493794799644 9 37 196
2.516171991754831 1.4323176015634156 0.7460657534932168 9 37 204
2.5037590368989573 1.5251852571016733 0.7462041554236858 9 38 184
2.5250080120826763 1.4792785108276556 0.7400744924676453 9 38 194
1.8496580400733187 2.0725472437140295 0.9130825816142688 9 40 17
1.8664688398386122 2.0675720336644545 0.9087241316325289 9 40 20
2.519729750219665 1.4847038073022718 0.7322944080259012 9 40 193
2.502279723094405 1.5310740182826346 0.7329967722736966 9 41 183
2.5087653541955897 1.4431710942921363 0.7297176766764798 9 41 202
2.5255227895797794 1.5088716722356605 0.7220262774422063 9 42 188
1.8066527433254373 2.053538862115028 0.9137965281635072 9 43 20
2.509289340140883 1.5325934070232368 0.7174436499513076 9 44 183
2.5171090093875317 1.6162006085572944 0.7124321038354753 9 45 165
2.5082110040240093 1.4726832006620785 0.7119293339913139 9 45 196
2.509028709136856 1.5473557066093635 0.7085723479258913 9 46 180
2.507928761308058 1.4637457781344536 0.707184181556397 9 46 198
2.5110560491828764 1.4875006053007596 0.702187952295967 9 47 193
2.508858249837526 1.5158273808384395 0.69870414014668 9 48 187
2.51013659811906 1.4598476069897308 0.697202946365916 9 48 199
2.50401026668907 1.455941357863693 0.6894184683938963 9 50 200
2.5196395262414257 1.5276018586698603 0.672648585065771 9 53 185
2.493122898660033 1.4571137111141699 0.6783660257150511 9 53 200
2.50280190114165 1.5136806151905517 0.67228097150474 9 54 188
2.5076603388876717 1.50484967599903 0.6660286913369734 9 55 190
2.481123691431859 1.4629568611820136 0.6677647887540928 9 56 199
2.5184866995523603 1.5579675232781232 0.6500612214521745 9 58 179
2.497977715299754 1.4966269290065228 0.6543989534931367 9 58 192
2.4950162720695412 1.4880530277960338 0.6455679230313379 9 60 194
1.5056449013344189 0.15983632012345605 0.8964088974475252 9 60 571
2.5099361841614374 1.6428075175481687 0.6403922358127748 9 61 161
2.5215776275051196 1.6342599172432437 0.6368215967182864 9 61 163
2.51399308392527 1.5174228229079856 0.631308862573842 9 62 188
2.4899791956658355 1.4794407786326045 0.6373103814337177 9 62 196
2.4990167164544674 1.5700107542529458 0.6227304793888513 9 65 177
2.5071543828998757 1.5186240014565402 0.6189746036780333 9 65 188
2.5005231293337165 1.4854713189854416 0.6200572276875468 9 65 195
2.491538177472261 1.4712408330017221 0.6223332015085119 9 65 198
1.4760838007096315 0.19501518010888708 0.8883118699600078 9 65 566
1.411091309206592 0.1507986488728048 0.9029100110676299 9 66 589
1.475917474172331 0.2088166740341948 0.8817122778490941 9 67 562
1.418642690753456 0.18284689815699107 0.8981032944297066 9 67 579
1.4103458805296691 0.11018942436197632 0.8951761802227964 9 68 599
2.4821707283284065 1.5292754790981906 0.6075523052732285 9 69 186
1.3458183517548736 0.09789470110136467 0.9108667524533318 9 69 615
2.494855544043922 1.6468487210334803 0.6022093818726354 9 70 161
2.498221232839162 1.577132186149142 0.5992317116623405 9 70 176
1.4121724389875583 0.19974053378994494 0.8902373921046466 9 70 575
1.3521194630998072 0.11841244361764613 0.9061836000823029 9 70 608
2.4798617349504415 1.5395042876856386 0.5989554783234193 9 71 184
1.3599358817582945 0.18723166755721254 0.9023957206639999 9 71 588
2.4987470912866563 1.657517378612066 0.5917480252816594 9 72 159
2.49621923772932 1.5686628575542956 0.5899702892374143 9 72 178
2.493228165869686 1.4978177350563353 0.5888523179535985 9 72 193
1.4504580492802799 0.217280683260624 0.8721215130095026 9 72 563
1.3748485480339676 0.20440072303693846 0.8915805066821587 9 73 580
1.352759592022998 0.19041564963774915 0.8979916266961362 9 73 588
1.291436982042983 0.10718939493122548 0.9144986961369588 9 73 623
2.494888887017698 1.5129361947135136 0.5790751044403064 9 74 190
2.492985386473919 1.5034197211716922 0.5793858715328715 9 74 192
1.4301455846296536 0.22152545001393165 0.871536896981525 9 74 565
1.4074053606007078 0.2143346969907045 0.8783831181700703 9 74 571
1.3513929734784336 0.18279975643793 0.8948395937053724 9 74 590
2.4772004867567627 1.5647354742406998 0.581272364518467 9 75 179
2.479470073672146 1.550750299460808 0.5801477590080913 9 75 182
1.3199581320082356 0.17180721517291175 0.9009638635168026 9 75 599
2.4936191513239447 1.6501458338561306 0.5738659590459136 9 76 161
2.4923416097319855 1.537463522393316 0.570873803800543 9 76 185
2.5027080655613987 1.5234887500951801 0.5671999767587221 9 76 188
1.3072302013129482 0.17308975371695823 0.9016815899770722 9 76 601
1.2858814374328476 0.11191260318333573 0.9065387475098868 9 76 622
2.4922182608508243 1.5756915429168208 0.5672062192401908 9 77 177
2.4974169760491955 1.5242827943770405 0.5591066998120846 9 78 188
1.34761079947725 0.2114697096720617 0.8834486750520627 9 78 582
1.2916572334693 0.179276910219915 0.9002084873955243 9 78 602
1.292487853014865 0.12280655689226538 0.8982055915828095 9 78 617
1.442292997061843 0.22932018527227394 0.8433624792900178 9 81 559
1.3041100530743035 0.20341171468702512 0.8870948339967027 9 81 592
2.490178027812697 1.5828459467675136 0.5436703038571623 9 82 176
2.4910397819675807 1.511666156216457 0.5410996811737381 9 82 191
1.279118147681879 0.1882998972491774 0.891395686154197 9 82 601
1.2282435807243965 0.10505991881421739 0.9052093241852754 9 82 635
2.482593360968702 1.5735942224877602 0.5409335801867114 9 83 178
2.504094907099913 1.5553986557799744 0.5333334300580178 9 83 182
1.3131551410914295 0.2167242413196142 0.8779437556748602 9 83 586
2.468485781125875 1.5969974607170574 0.5414187738655438 9 84 173
2.502547787592062 1.5462867270355698 0.5285895427575672 9 84 184
2.499759220839334 1.522300547271426 0.528714455253959 9 84 189
2.4929349050621354 1.498227511840877 0.5301589500082023 9 84 194
1.289578813840317 0.2185898966904143 0.8823917888985788 9 84 590
2.490949811081124 1.532116811322843 0.5269780554765254 9 85 187
2.4965575237492637 1.4698288970980906 0.5230603985162025 9 85 200
1.413693024753944 0.24104948137753635 0.8389478276768918 9 85 560
2.489719055104156 1.6649678476234002 0.5268924121301498 9 86 159
2.504286391161271 1.5472991784581813 0.5181156460008082 9 86 184
1.2655270599016908 0.20181808681098068 0.8831808240864023 9 86 599
1.2512464724311172 0.2045731503294299 0.8847490656802196 9 87 601
1.2136553873711082 0.20194191249502325 0.8971753748313054 9 87 610
2.49752302714887 1.5909993612754674 0.5119018353156958 9 88 175
2.3994721922528766 1.4660435227948305 0.5404345998542852 9 88 201
1.2959407627462252 0.21685250262924116 0.8669507997553401 9 88 588
1.234407228346259 0.2072503116404416 0.8807389407193326 9 90 603
1.1899939023511528 0.19993456443992264 0.8955048921391997 9 90 615
2.487848298099727 1.597396188517941 0.4954777193882671 9 92 174
2.4771097243928764 1.5636446155239518 0.497942741359817 9 92 181
1.2570871873353837 0.20798943354240684 0.8632095502895161 9 93 597
1.1711230537768702 0.20143721166096995 0.8925065025470771 9 93 618
2.495924177434072 1.5557205649616659 0.48117203483664195 9 94 183
1.1810476511628203 0.208712218464715 0.8830091734397241 9 95 613
2.492577563903765 1.675805202131896 0.4767019952007441 9 96 158
1.2120184021808813 0.21835332094185023 0.8693769545400639 9 96 603
1.1552987320652897 0.20650103022573107 0.8855814125968677 9 97 619
1.1647920640197416 0.20805615003410338 0.879142533176587 9 98 616
1.199404682944903 0.22037741749760498 0.8609380295547278 9 100 604
1.1336706424708085 0.21538538566428755 0.8778911430258289 9 102 620
1.2230465713412335 0.22610376905227114 0.8395603135631614 9 104 596
1.1006628613535776 0.20879666858806045 0.8802391000370562 9 105 629
1.1459423252223764 0.23217665697380951 0.8614742801439055 9 106 611
1.1334113786132975 0.22852040814679597 0.8659238717385191 9 106 615
1.108984547495152 0.21316416282283157 0.8711415400791773 9 107 625
1.2448553120902495 0.23294721124210271 0.8151018096624542 9 109 588
1.4444415464245288 0.25255485398080113 0.719023089535193 9 115 544
1.4567733360462596 0.25134187150893395 0.7104302075177528 9 116 542
1.0749320069969528 0.2114133722667466 0.8558214047048383 9 116 631
1.1579160604022227 0.23009546319790486 0.8181257513713964 9 118 605
1.421365108772122 0.2509377418537717 0.709008413931197 9 120 547
1.2161515440171442 0.24304918464684788 0.7892716658926549 9 120 588
1.1215781846539772 0.22594095582165652 0.8256424502891196 9 120 614
1.5870314466329154 0.2756236301297581 0.6409708057307071 9 121 515
1.531982606232042 0.2580571260743294 0.6578940964928636 9 122 527
1.1614898368513717 0.22980774675394589 0.8035301482732817 9 122 603
1.0986836877386374 0.2254578975917365 0.8282389498278739 9 122 619
1.658209043650614 0.2778879331530977 0.6002775545399857 9 124 504
1.4152319139018301 0.25094843495127694 0.6962931669500978 9 124 547
1.0596032143931726 0.22574979529490102 0.8374996054387227 9 124 628
1.5658749560437208 0.2761548880851439 0.6330919114063541 9 125 517
1.4257257032337918 0.2507964678732235 0.6882636949729983 9 125 545
1.270653661089882 0.24704746001272482 0.7469372439194477 9 126 574
1.2594688312745115 0.24413582287609348 0.7513179770022176 9 126 577
1.5533968051820384 0.2691394010797854 0.6296418260205677 9 127 520
1.489802515905206 0.25929452810566733 0.6549901943840202 9 127 532
1.4247664231943813 0.2614981118886104 0.6815093675477579 9 127 542
1.3984903969893423 0.25529496246661254 0.6918791307932867 9 127 548
1.2463193387027816 0.24549802112419994 0.7532021805440505 9 127 579
1.1692851746382418 0.2358566018171393 0.7840185664128478 9 127 598
1.5285368344211954 0.2710723694034236 0.6358001054348122 9 128 523
1.4601921615771236 0.26121332210557413 0.663203433580056 9 128 536
1.291251407818835 0.2485742519501426 0.7315158808041009 9 128 569
1.0423941235098737 0.2259314617087229 0.8319461237225582 9 128 631
1.0981598222801798 0.2247513857283443 0.8058989321279034 9 129 617
1.0865200545928546 0.2242100643607121 0.8106437025661906 9 129 620
1.5680733012287635 0.27413199064187177 0.6115817376880474 9 130 516
1.4428662993156167 0.26248404967613603 0.6625680661258552 9 130 538
1.3486502991290419 0.24739605994545122 0.7006199586397003 9 130 558
1.5785019845350372 0.27963861726130324 0.6034119322444307 9 131 513
1.5006243178290954 0.26905956666732944 0.6351044183784897 9 131 527
1.0994779905432792 0.23888737480999866 0.7995703572766237 9 131 612
1.0339714905605373 0.22303446135750038 0.8258799209636102 9 131 633
1.4620667062568806 0.2640877684358931 0.6468694471346141 9 132 534
1.1697483565017228 0.24434312554424475 0.7673831881626962 9 132 594
1.0817826592764908 0.22126308466222078 0.8027833998145345 9 132 621
1.5927666690058526 0.28196630298143566 0.5892508304994402 9 133 510
1.5776421289080615 0.27621081663148717 0.5869183633497339 9 135 513
1.3773048461610415 0.25352668019824964 0.6701818197639644 9 135 550
1.3331192523591455 0.2570528422627585 0.6889865821183316 9 135 557
1.277994226485643 0.2584128346882748 0.7122900496858073 9 135 567
1.031494030498041 0.23414408038371404 0.8149276852251158 9 135 629
1.4777886668593805 0.27456720913392196 0.6249202248593813 9 136 528
1.447594393079568 0.25717936963331267 0.6367997447541676 9 136 537
1.168753313379558 0.23695249645437766 0.753808725799811 9 136 595
1.5165309140450016 0.273856319643927 0.6043982356352594 9 137 522
1.3727151078564546 0.25060018798248906 0.6643498276267958 9 137 551
1.097816700400155 0.24392132025396318 0.7809251932548943 9 137 609
1.251257097703509 0.2484517171534435 0.7123142498904862 9 138 574
1.0540096387772646 0.2371240042686269 0.7927854193374886 9 139 621
1.5118811308829407 0.27801630422855306 0.5943314833270052 9 140 521
1.4749705977002228 0.2597612298147909 0.6092684532297992 9 140 531
1.0715415951623737 0.2381750212808016 0.7820641997868478 9 140 616
1.0370910152563624 0.23696998183845874 0.7968541968830882 9 140 625
1.447136627371516 0.2687931065891931 0.6177728533567834 9 141 533
1.1316183757962188 0.2432993347235448 0.7530605970286026 9 141 600
1.0511125177550424 0.24421979915583147 0.7879806873512156 9 141 619
1.0202461748051603 0.23702941704931924 0.8009620208643167 9 141 629
1.5317892193392764 0.28046572783024226 0.5775857156502051 9 142 517
1.3734222624582637 0.25677395137326275 0.6452031653862464 9 142 548
1.4545953072490703 0.270074271798203 0.6065961592796674 9 143 531
1.4152407397219229 0.26750802371799365 0.6236561340043956 9 143 538
1.5110208034629904 0.2787586556834798 0.5782825699576399 9 144 520
1.3081832276360486 0.25354003557092764 0.6659440017020635 9 144 560
1.2729222317476763 0.2523150155456504 0.681357189643935 9 144 567
1.2534745363619466 0.25917783349146517 0.6902739371854935 9 144 569
1.2481960509631844 0.2517135491567404 0.6921796357083843 9 144 572
1.0152979883843356 0.22761275001246828 0.7931002896414492 9 144 632
1.2368348441905508 0.2516204890387437 0.6935564424541132 9 145 574
1.1235649419223184 0.25251539795168076 0.7435588391291345 9 145 598
1.3818230842643158 0.2587390331171058 0.6261141131875618 9 146 545
1.3403304415119357 0.26377374108151774 0.644776301498318 9 146 551
1.3186893006551828 0.25945681783080277 0.6541214048210774 9 146 556
1.0533975920711742 0.23632203845538458 0.770346465802747 9 146 619
1.077256083158108 0.24615649966055098 0.7570208074028408 9 147 610
1.3070535153647507 0.2538989021527347 0.6514390834599871 9 148 559
1.4628164321808483 0.27515320026044643 0.5789515620191945 9 149 527
1.2649742973488158 0.2604190906529906 0.666927952541032 9 149 565
1.1167214223485464 0.25354241848739845 0.7330909574059981 9 149 598
1.091027200591132 0.24276256741130342 0.7440100277355548 9 149 607
1.4013843795116752 0.2654366909270305 0.6020096552797201 9 150 539
1.3916742284340688 0.2639135638470518 0.6063005930464748 9 150 541
1.1876582223423215 0.25022363164348826 0.6975093865803039 9 150 583
1.1517289556346544 0.24928187370469734 0.7136567066091171 9 150 591
1.030266403831634 0.2345169769029838 0.7675779920997304 9 150 624
1.011170232133067 0.23779366182331207 0.7763775277622129 9 150 628
0.9957537436878485 0.23125312231614537 0.7829529121312722 9 150 634
1.1886199200584293 0.2595230547140026 0.6940593770458727 9 151 580
1.0687732259570848 0.2522251766838217 0.7479180641913568 9 151 609
1.1951012752640915 0.2634374849407588 0.6842028282453692 9 153 577
1.43461564834651 0.2760045010249015 0.5714384074321417 9 154 530
1.3541360500743487 0.272401272986583 0.6042515488969404 9 155 544
1.327082450453805 0.26345254494130277 0.6161891366733308 9 155 551
1.0623037812216842 0.24953111343749734 0.7374107163286185 9 155 610
1.0300386572371614 0.24259552757125968 0.751870444349951 9 155 620
1.4433135739361833 0.2890476278668914 0.5600457409929245 9 156 525
1.2228014899119615 0.261419317163915 0.6604800701986717 9 156 571
1.2133775196945211 0.26103553211947084 0.6648200836556404 9 156 573
1.0202831162467336 0.23963452783942318 0.7529341511623586 9 156 623
0.985965320761869 0.23629582267599325 0.7686221300247478 9 156 633
1.2015035744570048 0.25772338995056643 0.6664961456008468 9 157 576
1.1896967236148248 0.2593827543678149 0.6720863875113157 9 157 578
1.1811354232139342 0.2585953776771883 0.6760198057771596 9 157 580
1.1409238625206468 0.253625296121595 0.6944179129918095 9 157 590
1.109441101241103 0.25028055225633183 0.7088552894977613 9 157 598
1.391784353328277 0.2716770821514194 0.5748491391798555 9 158 537
1.235563651492395 0.264780475109351 0.6473880302371825 9 158 567
1.0103140323137303 0.23921344781689924 0.751030305697646 9 158 625
1.392674341082496 0.2864326625794078 0.5713157863729097 9 159 533
1.1537690151356974 0.2520092390984454 0.6812684669874496 9 159 587
1.05801841093533 0.2484781554261839 0.7259641583652212 9 159 610
0.9988401695193978 0.2414480440326776 0.75329162678432 9 159 627
0.9897919472838259 0.2427970919725735 0.7576181942196882 9 159 629
1.1246956233425836 0.24140431129054063 0.6907608953647042 9 160 596
1.3622302485260098 0.2673145106525443 0.5724959252741442 9 162 542
0.9869284733317534 0.2485921863130729 0.749657916633959 9 162 627
1.4139265436770805 0.27617751369010324 0.544389015381173 9 163 531
1.1890387825283781 0.260605418170075 0.6507301745745425 9 163 576
1.335003409459774 0.27208411422532675 0.5778510268890105 9 164 545
1.1364845784519921 0.2527888203354338 0.6717741632155985 9 164 589
1.1535313879963867 0.24521978820544765 0.6595356182888537 9 165 587
0.9802065768575872 0.23049734151965273 0.7420234946752251 9 165 633
1.2591665686526485 0.2691755399371967 0.6064099339705897 9 166 559
1.1720697531045685 0.25919567622704265 0.647871684439051 9 166 579
1.0469294154849864 0.2532488854406436 0.7079811122263739 9 166 609
1.3624951793251792 0.27805800455537133 0.5530086481759323 9 167 538
1.0125617055246965 0.2470994954273591 0.7208864632174137 9 167 619
0.9857456290659874 0.24700444075634764 0.7338980244144946 9 167 626
1.1956800846789157 0.2572944973685165 0.6289547433757428 9 168 574
1.0664919371096235 0.24826826658539458 0.6913501204064152 9 168 605
1.092767597334537 0.25006126209571455 0.6751641563029067 9 169 598
1.0460277026648008 0.24688554812443675 0.6978400371399627 9 169 610
1.2042440893707842 0.2636440308439014 0.6177476113260976 9 170 570
1.3056157161386306 0.2692755553493966 0.5643344374226378 9 171 549
1.189698358945976 0.26498070952580344 0.6175733951064146 9 172 572
1.1200509920157322 0.2568406016037912 0.651565231264091 9 172 589
1.0614522404429838 0.24419743802381833 0.6797792721949433 9 172 606
1.0433475790131626 0.24559168757153316 0.688848872447167 9 172 610
0.9771092866880329 0.24530444223887038 0.7216727657118357 9 172 627
1.107098159048227 0.2516174580531194 0.6540887308114351 9 173 593
0.9625252358337357 0.24036395507040753 0.7253214316601764 9 173 632
0.9705942441494109 0.23849480993063965 0.7179000838991041 9 174 630
1.0033391847958844 0.24557783690989288 0.6986529402579511 9 175 619
1.0104675296699788 0.24849226886916442 0.6918991089808351 9 176 616
1.0602652943201734 0.2499763528308656 0.6634076198320336 9 177 603
1.1242768416325806 0.263692976211616 0.6246892190366831 9 179 584
0.9510107338020373 0.23675290455823483 0.7112804353477743 9 179 634
1.0298882062768913 0.2606593373295434 0.6657882574555203 9 181 606
0.9832308326445203 0.24587885562526512 0.6887685327724369 9 181 622
0.9676198789488071 0.24976228433705971 0.6970782499878797 9 181 625
1.111576925787708 0.2593910923048326 0.6200187870046765 9 182 587
1.062594180079559 0.26003247840625665 0.6453852632265604 9 182 598
0.9791002717576234 0.24591230660661112 0.6808267169263222 9 184 622
1.0396825663503657 0.25322450654272766 0.6427702275739451 9 186 604
1.029367425484081 0.25145592160667585 0.6480627827522769 9 186 607
0.9790311381325212 0.2527126618862292 0.6712233591902814 9 187 619
0.8953391853871986 0.7342849310037151 0.7232390731226219 9 196 486
0.8468883264583658 0.7432782143669938 0.7266671429745313 9 204 491
0.8290771250861697 0.7542758482395214 0.7257484329183685 9 208 490
0.8198982671444996 0.7421320522538899 0.7270518243517421 9 209 496
0.8107552534269769 0.7301091760388698 0.7283685235427483 9 210 502
0.7786972911715173 0.7672831512466531 0.7268177799835074 9 218 494
0.7775003434766594 0.7569268755068319 0.7266340406912454 9 218 498
0.758359619242009 0.7172200188428159 0.7258850382195194 9 221 516
0.8023077558598708 1.1049851616108857 0.7306720517405497 9 222 362
0.835332397470059 1.4597428634933087 0.7337727795897601 9 225 214
0.7881842936640628 1.1112407079669433 0.7313221263906252 9 225 361
0.781814536948664 1.088071221756055 0.7331426735165252 9 225 371
0.7477994898241231 0.7731060682601896 0.7227598675447738 9 226 497
0.7472662660414497 0.7487746295666986 0.7208873774121494 9 226 506
0.8245872937760703 1.4322768218990751 0.7323455620282446 9 227 226
0.7399720706978994 0.721874420990066 0.7171167460114164 9 228 517
0.764398005817746 1.0951442372565325 0.7304656374735382 9 230 370
0.7457462836194975 0.7387601438229761 0.7092146912100221 9 230 509
0.787557728838779 1.4137273045053143 0.7344886804569188 9 234 235
0.7776855474455346 1.441607688607579 0.7379555426347131 9 236 223
0.7435393278617961 0.761032856698095 0.694993100108829 9 236 500
1.0731749077935817 0.6233009730726661 0.4635214069238811 9 238 479
0.7728716035432932 1.462393591753881 0.7348948194120334 9 239 214
0.7706493037509352 1.4491349741104007 0.7323311460769458 9 240 220
0.7606788416513828 1.390757903040952 0.733130418418795 9 240 246
1.1046664949241762 0.6964463332455983 0.44249833112097825 9 240 453
1.0763176922797628 0.6869362647494035 0.45996866539189263 9 240 460
0.7626183779293083 1.3770334994220832 0.7277983590352844 9 241 252
0.7597505489771261 1.4584950359738686 0.7349176013663209 9 242 216
1.0615239541993293 0.682480068891272 0.457698743563679 9 243 463
0.7554883252389613 1.4434633826033725 0.7281006870478978 9 245 223
0.7579376163527687 1.4005774594604237 0.722211619778528 9 245 242
1.0964526162198673 0.7067393281369068 0.4215066315259932 9 247 450
1.0268163525871041 0.6886238218955909 0.4660596940056957 9 247 466
1.0165365248080915 0.66292157770021 0.46655785009689255 9 248 475
1.0539642232848296 0.706835196409549 0.4421347002677771 9 249 456
1.0913825878330525 0.7138391268792503 0.40985114666453826 9 251 448
1.0218403535161007 0.6988902993768991 0.4553188519273026 9 251 463
0.9898934514238553 0.627889363689443 0.4658812591463626 9 252 489
1.0403251052282474 0.7080284378371704 0.43608399174763246 9 253 457
0.9892197294571763 0.6752346665888287 0.46748346024954834 9 253 475
1.1944471134102839 0.6956350092795572 0.3213702360340931 9 255 438
1.021948417391457 0.7056737273964315 0.4369014248581513 9 256 460
0.9843235005299726 0.6853365623703982 0.45691480440047316 9 257 472
1.2068360540311893 0.6951535912938145 0.29990679259987796 9 258 436
0.9573334917020537 0.65949385255935 0.4654183463379422 9 259 484
1.166933449099839 0.6947598524626862 0.31907427640555075 9 260 441
1.1504390031521636 0.6956563544806094 0.33069106083041033 9 260 443
1.0962850451010495 0.7125074990267419 0.37031972470111874 9 260 446
1.0620045137708938 0.7161793830984732 0.3946565989757722 9 260 450
0.9884925232930388 0.7112747635519274 0.4454771806988105 9 260 463
0.9770805671391924 0.7042369417439214 0.45269462799878046 9 260 467
1.0878589266507197 0.7034168332806325 0.3590190180021542 9 264 449
1.0401730414833787 0.7180757620670393 0.3944117113864869 9 264 452
1.0284243690938721 0.7174184436840338 0.40266592035117443 9 264 454
0.9288033566179399 0.6632639353441907 0.4673563286060509 9 264 487
1.2723217263168014 0.6901661381061561 0.22229337753102163 9 265 428
0.9426947217674277 0.6872617933887619 0.4564171311284515 9 265 477
1.085839686463308 0.6995066072735662 0.3518662478298036 9 266 450
0.9148008785197865 0.6473427193662544 0.4682104588843098 9 266 494
0.9090830234400191 0.6311731839329542 0.47051129400909775 9 266 500
1.1761091019004963 0.6929788914894572 0.2823835386121192 9 267 439
0.9568957183562965 0.713503781565854 0.4379330718436101 9 268 466
0.9249249755070963 0.6858001098746869 0.4578396430034435 9 268 480
0.8918058803405768 0.5780302526426055 0.46967221607540255 9 268 519
1.1894128176297845 0.6926080261649077 0.26405412303978126 9 269 437
0.9380343076634636 0.6937581284109662 0.44556658626916934 9 269 475
0.9099232209566042 0.6810707565820018 0.4644335330544844 9 269 484
1.1274716697805423 0.6895007558341393 0.3041660105668176 9 270 446
0.8977800371366207 0.6576027593095592 0.4632551856833109 9 271 493
1.1664763992081597 0.6982507711621486 0.2682077071728355 9 272 438
1.28853534828367 0.6967980144893524 0.1696415789016108 9 274 423
1.2451276906570024 0.701182762135111 0.20202987547919826 9 274 427
0.9513317974682582 0.7124622139700839 0.419140965365459 9 274 466
0.9120564217042693 0.7048846442851345 0.4434150161720696 9 275 475
0.8673011164459361 0.644938356160818 0.4695276137355452 9 275 502
0.8523692371187663 0.6152830782787396 0.4735207219359072 9 276 514
0.8860782327220922 0.6898141918902604 0.453507981100548 9 277 484
1.186789806260399 0.6916586222303964 0.2259719866747092 9 278 436
1.1421285797884972 0.6944488490904506 0.2552130244710693 9 279 441
1.111402177185921 0.6916346821610733 0.2778610540476951 9 279 446
1.090298250460134 0.6880192496132056 0.2932197573911357 9 279 450
1.4273245464546953 0.6808490426377869 0.03521623577730382 9 280 411
1.3986860066425075 0.6760816686110089 0.05614819608171362 9 280 415
0.8544325461533768 0.6785127482320665 0.464870679617733 9 280 493
1.2696553954165017 0.701055351269086 0.1511929930798801 9 281 423
0.8373957199465676 0.6665096987609118 0.4726597549190171 9 281 500
0.8269132727116166 0.6384988276305327 0.477249435345393 9 281 511
1.1145575368486327 0.6916009700433714 0.26256257928105886 9 282 445
1.0166923376062333 0.6937261722253785 0.3367799050003297 9 282 459
0.8238223121128989 0.6269937033413456 0.4746399364253816 9 282 515
1.414641703028687 0.6844826470938692 0.029779039339182356 9 283 411
1.4122238349302958 0.6723946138851811 0.030173782509389735 9 283 414
1.1880542304294766 0.6914844044036239 0.2024716194902243 9 283 435
0.9071934382695201 0.7151457817340596 0.4183120852443982 9 283 471
0.8890160123808557 0.7056111041477482 0.4272340384957227 9 284 477
0.8765863976805028 0.7001900281536333 0.43604653138774596 9 284 481
0.8335364186455094 0.6794320336593362 0.4663315663347595 9 284 496
1.4174323065556256 0.721416518083994 0.02176818156096405 9 285 402
1.3942165075593584 0.6660481560541442 0.03285000627782608 9 285 417
1.2569967684917398 0.692221283756987 0.1408081369447407 9 285 426
0.809157956524277 0.6060468978551004 0.47253348335560985 9 285 524
0.8025727690825313 0.5852643302001401 0.4750669285375009 9 285 532
0.8416724222681216 0.6917051756207324 0.4543600132563832 9 286 490
0.8208872472623043 0.6767086338918888 0.468483013470787 9 286 499
0.8126454108686982 0.6314620012808038 0.46934085256971536 9 286 515
1.3907614311717056 0.6837219698673653 0.0273746437840523 9 287 413
1.039571643048197 0.6880348049477966 0.2980467156383384 9 287 456
1.3884066107649102 0.8002812031382132 0.03824633776080111 9 288 386
0.8874431842084998 0.706873726244665 0.4135925603442234 9 288 476
0.7843778585103272 0.586738967602134 0.4785273050247598 9 288 535
1.3882899982876549 0.7827712058429273 0.031115322057102324 9 289 390
0.839945948336762 0.7032920142307042 0.4461790312703118 9 289 486
0.8071652712117012 0.6803563820202851 0.4687682146987322 9 289 500
1.3685011871504629 0.6830678022484108 0.029150002777820205 9 290 415
0.9583917681854839 0.7001996432966993 0.3500689663037282 9 290 465
1.380684349411443 0.7633237496709768 0.02443384112096636 9 291 395
1.357566695025804 0.6959565636565337 0.03415625671017519 9 291 413
1.1244226334734932 0.6914008614257288 0.21547408824156244 9 291 442
1.2016825085792868 0.6942655747432882 0.15089164844891467 9 292 431
0.9018011456320876 0.7117751475902078 0.38782503174132166 9 292 471
0.7891991593366543 0.6744738730360327 0.4713531457158937 9 292 505
1.3783920745132852 0.8185517414834362 0.022865034883968738 9 293 382
1.3647292216875466 0.7983378451750077 0.031082289267222896 9 293 388
0.857024964840178 0.7088079703604189 0.4187883885513308 9 293 480
0.8399202202793499 0.7034478264105302 0.43155858682645 9 293 485
1.3584066900574905 0.7579038890683061 0.025933412897497066 9 294 398
1.352801280150368 0.7218737690120682 0.02584754948657375 9 294 407
1.0906552904154916 0.6881995326357304 0.22829899364238004 9 294 447
0.768035017429956 0.6283837084803388 0.475156602120947 9 294 524
1.3490472113315064 0.7143295127425877 0.022770625625574414 9 295 409
1.1153316063973215 0.6933065107913354 0.20502339336211906 9 295 442
0.8005665571184077 0.6988640461417411 0.45473256762890446 9 295 494
0.7747833121632006 0.653919537779713 0.4694855308732836 9 295 514
1.07041023383754 0.6901909340898844 0.23582039571211544 9 296 449
1.0033861541353206 0.6945241974697136 0.28957501307045486 9 296 458
0.7503106893585791 0.599276577471123 0.4784686636335941 9 296 537
0.7469086376482448 0.5862614948951681 0.47952778252003814 9 296 542
1.2913396855203463 0.6716155956988634 0.053107498723242275 9 297 425
0.7524570391086824 0.6217325229606615 0.4760801080030018 9 297 529
1.3416570456585142 0.8464923216723502 0.030141252953665987 9 298 378
1.3294242925266495 0.729567303860239 0.02504227817225546 9 298 407
0.7561483042132853 0.6678360362324629 0.4754699627186042 9 298 513
0.7403926466404913 0.5611823340200627 0.4744941924159818 9 298 551
1.3173741172164135 0.7003422682685299 0.02589397072373867 9 299 415
0.9551807665379521 0.6918681658420277 0.3153599311305848 9 299 466
1.3395161430085254 0.9493024499416639 0.03495109991848677 9 300 353
1.1856536482505742 0.6887097651804743 0.12535851882131066 9 300 433
0.7858706426727982 0.7046882187891077 0.4492278650670931 9 300 494
1.3075406525952724 0.8122961873670076 0.038107618074531446 9 301 389
1.3143605991269371 0.7511387828769895 0.024714341260388517 9 301 403
1.1476261771295895 0.6954549486138946 0.15222030616633853 9 301 436
0.8980328891488898 0.6938474182916925 0.3536293239001296 9 301 475
0.7725024651529953 0.6973130161749665 0.4554769610235818 9 301 499
0.7652795251641367 0.6929527405890606 0.460749385139268 9 301 502
0.7345115536483002 0.6224758139341872 0.47651739474047294 9 301 532
1.3046960399167817 0.7336909251376986 0.025226173162324228 9 302 408
0.8171511652873436 0.7142758164061064 0.4179076961674755 9 302 484
0.8035226376536515 0.713528544253945 0.428857987049587 9 302 487
0.720013957153129 0.5457627279998667 0.47482662533025266 9 302 560
1.3028723520397434 0.8583317244309285 0.037859852566281216 9 303 378
1.3017276615037001 0.8011398642805523 0.03135368030800767 9 303 392
1.300122957650038 0.7851994817702022 0.030586040311310958 9 303 396
1.2999740414964451 0.7686185758483212 0.028550979154530642 9 303 400
0.722845084687685 0.6111413977519438 0.47750510348213415 9 303 538
1.2872637521676655 0.8228064330931418 0.04096490958936205 9 304 388
1.28709407765413 0.7982322127777031 0.03789390956071825 9 304 394
1.2841334613687896 0.7122529136250935 0.029081158558993403 9 304 415
1.284629566542845 0.6910081745540435 0.025901585911563885 9 304 420
1.2662263251761479 0.6662247846055718 0.037685685909095046 9 304 428
0.742714139189451 0.6785533236346954 0.4665916886840976 9 304 511
0.7274730060803765 0.6498073061889449 0.4752773097351297 9 304 524
1.1012652325745276 0.6896877669994526 0.17085963872611165 9 305 443
1.0898935689488702 0.6881284409673252 0.1799688830972319 9 305 445
1.0642874006396585 0.6943920467455769 0.20176279573499234 9 305 447
1.054391680009498 0.6923119201670811 0.20959487979438607 9 305 449
1.0395787142651105 0.689345025155598 0.22133803849793376 9 305 452
1.004333003044706 0.690860101897294 0.250404205728298 9 305 457
0.7578629189930011 0.6948176129649215 0.452790690512332 9 305 502
1.2666236893169778 0.6939529904991865 0.030974730684792284 9 306 421
0.7092854768252144 0.5819897575923455 0.47428204313975875 9 306 550
0.6832925565502577 0.3770924115477641 0.46865254597704753 9 306 622
1.2738327147466413 0.756646713343371 0.028301453077911543 9 307 405
1.2693723547417668 0.7461665831944746 0.03059337558959041 9 307 408
1.3047697494730008 0.9733428629510155 0.026472624690687674 9 308 349
1.2693829065891957 0.831841844668904 0.036955441283777146 9 308 387
0.9605842560342097 0.6888289632028266 0.27349879290168455 9 308 464
0.9065097989067599 0.6899913877495172 0.3184024600418649 9 308 473
0.6872454148946785 0.4673288159602804 0.470268701255379 9 308 592
1.2870629928407498 0.9703003140284123 0.035773535394292066 9 309 351
1.0730820584572183 0.6904435723569617 0.17611860915682032 9 309 446
0.750313996676681 0.6998725220442619 0.44540347445806394 9 309 501
0.6681306334644772 0.41476076689291896 0.4756025852370509 9 309 614
1.255731615353247 0.8361548642742664 0.03894304608034349 9 310 387
1.260580210700495 0.7975926152301938 0.029735021138870055 9 310 396
1.2545637448721327 0.7714384093666 0.031243262645870296 9 310 403
1.1171858190237145 0.6969477467466474 0.1357318860371326 9 310 438
0.873077439728934 0.6854853923114447 0.33760133424495775 9 310 480
0.8489121451852963 0.6942020640299964 0.35890544713467465 9 310 482
0.7063340990768494 0.6604406183558802 0.4731854112700856 9 310 524
0.6667398282732004 0.4467902549020435 0.47754552662576455 9 310 604
0.791920494457683 0.7077400854718716 0.4045046554710243 9 311 489
0.6870741443486112 0.5677544227043598 0.4733290401221686 9 311 559
1.0641001154880128 1.0741419147659288 0.2219568813500412 9 312 340
1.245540652255049 0.8026991619196417 0.0330396969649005 9 312 396
1.2367054549254495 0.7820207638574992 0.03765747877308678 9 312 402
0.696632950134042 0.6387328815614421 0.47141053359909924 9 312 533
0.6882257104614375 0.6241091978276343 0.4764876279723642 9 312 540
1.2401030140222051 0.8487926250182996 0.03889995501044674 9 313 385
1.2138397769545604 0.697937269945532 0.040533570938358965 9 313 425
0.7141241594185799 0.6945822719659379 0.4607783536111951 9 313 510
0.6726657138815817 0.5068653633264324 0.4702009730099769 9 313 582
1.2649221964166308 1.0108466198466655 0.03507980179264836 9 314 342
1.0271722174050706 0.6932022588063191 0.19262310464065857 9 314 451
0.9714826170663984 0.6920909502480699 0.23951634147721457 9 314 460
0.8329434100673705 0.6946892329086618 0.35690385244727363 9 314 484
1.21898625340322 0.787887753492618 0.03856139367625322 9 315 402
1.2193513074766977 0.7390014610855409 0.0315596644677707 9 315 414
1.0778422235547032 0.7024829965481463 0.1465122880997176 9 315 441
0.6942015790156366 0.6803101943447867 0.46867438794880034 9 315 519
0.673804855282498 0.6056435804451017 0.47574242465027083 9 315 549
0.6551461437614507 0.4616487457590176 0.47184653134121624 9 315 601
1.2534254749750544 1.013524392562715 0.035345121848798566 9 316 342
1.2332869640340762 0.8699859625846694 0.032741200309950536 9 316 380
0.9590232551503521 0.6871002453807948 0.24087764223950936 9 316 463
0.6426449787767976 0.40664857442343894 0.4714222824464972 9 316 622
0.6423504731409059 0.3973842777342611 0.47039916512432267 9 316 625
1.2144570115213271 0.8448165356173665 0.040388045207806256 9 317 388
1.193478894393159 0.7010257571131745 0.038440927228517774 9 317 426
0.9379604048300865 0.6881972846470894 0.25474796361763863 9 317 466
1.2087197095424909 0.8266626632710823 0.037863224202448365 9 318 393
1.2086354729397364 0.8106965241930287 0.0357218067329812 9 318 397
1.1992101395775252 0.7946649566515602 0.04157093456498884 9 318 402
1.1984047485298719 0.7789794540206094 0.04008601376100507 9 318 406
1.2089016500476504 0.7459603140541397 0.026518781557631765 9 318 413
0.7492134900118599 0.705708031851422 0.4146102492251811 9 318 497
0.7136688609385311 0.7028879207711676 0.4446593109807444 9 318 506
0.6783107500624126 0.6776818708513357 0.4714450381478188 9 318 523
0.6380272634296398 0.43742325069657806 0.4726337646552594 9 318 613
0.6302374954579812 0.3790471389261314 0.4712115340719768 9 318 634
1.1862112182466649 0.6664398503405363 0.029970483858923647 9 319 435
1.0723318552103063 0.6948470978263788 0.1317835425941325 9 319 443
1.033918833020574 0.6968752154974548 0.1650747269407704 9 319 448
0.8846276532742623 0.687974085910332 0.29212334985771804 9 319 475
0.876516198677143 0.6862355979768464 0.2988515882790592 9 319 477
0.6345594521015536 0.4853823955134092 0.4753473672610471 9 320 598
1.194230024518694 0.754836314270023 0.025495540833520458 9 321 412
1.167554300253478 0.6989075660374093 0.040722547829930456 9 321 429
1.1778832690921592 0.6692399260096604 0.02762077587623568 9 321 435
0.6698133825356238 0.6845073572430351 0.46933769818154114 9 321 522
0.6659832113308322 0.6576147501560982 0.4688757856671246 9 321 532
0.6593295646811816 0.6359653857457369 0.4715928449977296 9 321 541
1.2087022821250342 0.8764277856088712 0.025110501381434336 9 322 380
1.1868613386837694 0.8136367588553539 0.03521841945826476 9 322 398
1.1679278858177806 0.6532430410350984 0.029041371241100844 9 322 440
0.6880875155330513 0.7058985112667879 0.45302844861890623 9 322 510
0.6377596992903845 0.5354906253097537 0.47269386541050573 9 322 580
1.2090952269708355 1.0240821054007516 0.04072535205028327 9 323 342
0.9981101487807336 0.6953302025170828 0.17796612632565356 9 323 453
0.8375552972278293 0.6843558310193837 0.31626883665547423 9 323 484
0.8193105844513875 0.689692450850085 0.3329170356483404 9 323 486
0.7035956991225827 0.7059312915736419 0.4360132887631831 9 323 506
0.6391141925245046 0.5727975241192398 0.47333295437051404 9 323 567
0.610971676690216 0.3934800332370991 0.4724597043056262 9 323 634
1.166371390177722 0.8054074155332268 0.04210457029193759 9 324 402
1.1767063939289366 0.7529337269797542 0.02561105692127086 9 324 414
1.1759070389209467 0.7412227043301847 0.024644750578377117 9 324 417
1.1587438191843686 0.7132736848548015 0.03567257817466696 9 324 426
0.9345678742701562 0.6918055399425223 0.22855979277762994 9 324 464
0.6450988922698327 0.6447657701572006 0.47488035547673413 9 324 541
1.178207695587972 0.8865087936456888 0.03841329539063976 9 325 380
1.1731568396014453 0.8728142339904783 0.04088784149125657 9 325 384
1.172397726752674 0.8574620907799493 0.03936183576733687 9 325 388
0.6167013111143758 0.4600032893466368 0.4699703314438898 9 325 610
0.6113252188870058 0.40615973248558035 0.4669982225162921 9 325 629
1.158001329489873 0.7881473273204223 0.03720498813814599 9 326 407
1.1620105167522765 0.750479918722343 0.028276931113301984 9 326 416
0.6243258778727322 0.5708820790551822 0.4756850136867512 9 326 571
0.6233976110236701 0.5046819849582432 0.46701138553344423 9 326 593
1.1583978192321127 0.858133208559904 0.042030639419407656 9 327 389
1.1519642691469123 0.7145336793440933 0.027039057300135116 9 327 426
0.9962735380642644 0.6969967007463214 0.16198471784994561 9 327 452
0.7413887734702678 0.7099782382153738 0.3889090959186361 9 327 495
0.6520533908721995 0.6898772696723816 0.46489587192293513 9 327 523
0.6058310218556465 0.47800334391769483 0.47520801757769393 9 327 607
1.0661818007293973 1.0943482585577722 0.15300565653144504 9 328 333
1.1643392731417146 0.898128818065753 0.03767736994729631 9 328 378
1.1562890532316794 0.8271796916187198 0.034553454408128736 9 328 397
0.8937297818106278 0.6888718647977803 0.24717748545131202 9 328 471
0.6442456337641154 0.6773359718791842 0.46654306486910935 9 328 529
1.139360023695357 0.8103676416030786 0.04226676013646591 9 329 403
0.6074707435070285 0.504594340040017 0.4707099353036375 9 329 597
1.1281427511037505 0.6803281984944741 0.028450875139081067 9 330 437
1.1258896390559145 0.6614083736139614 0.027702882938517748 9 330 442
0.5944812909440622 0.47372559744279163 0.4743445458326292 9 330 611
1.138268504584382 0.8292486310431397 0.03626030484019749 9 331 398
1.1358553256356796 0.7674828902869417 0.02938005257289733 9 331 414
1.113127547143425 0.6947190824167351 0.0341886569102785 9 332 435
0.9381048831495533 0.6940921966753089 0.19126686111127555 9 332 461
0.8581578214409034 0.6838672449359091 0.26155661724960066 9 332 478
0.7997455729826466 0.6820286914000797 0.313740609516185 9 332 490
0.6710714858992488 0.7069310690214008 0.43294967166546305 9 332 511
0.6286528929775201 0.6743215803150502 0.466249152377162 9 332 533
0.6251071632632352 0.656594848834609 0.46682803117913085 9 332 540
0.6014328106808555 0.5344174023668945 0.4701319472973622 9 332 588
0.6552279824973353 0.7000013708774193 0.4426538381563594 9 333 517
0.5903992047562717 0.5017363044080322 0.47180854862150046 9 333 602
1.1459582761807035 0.8984514268038636 0.024893396764539277 9 334 379
1.133842869903905 0.8683501951910145 0.03138620894355659 9 334 388
1.127409271325271 0.8399939964333093 0.033000868278652895 9 334 396
1.1074534503242364 0.6602456043230639 0.024407667490199625 9 334 444
0.7146301088752944 0.707277233020593 0.3865147154098434 9 334 500
0.5836198362699672 0.4369647332651625 0.46490250235223063 9 334 625
1.1189825213049072 0.8080737894802379 0.031020506487311916 9 335 405
1.1231345496369183 0.7984021988902659 0.02581516371969661 9 335 407
1.1145810724538743 0.7670498152296068 0.02890931504764449 9 335 416
0.9706836813793556 0.698079795876198 0.1491783059158993 9 335 454
0.5942814422751128 0.5469716502344503 0.46813376658629857 9 335 585
1.1068520075082502 0.7386419409688098 0.026807065265079588 9 336 424
0.9512663699873458 0.6939816438504336 0.16174314167998727 9 336 458
0.8024127411367634 0.6867763530014741 0.29614764239922486 9 336 487
1.0551261540040677 1.1162877333702341 0.12579516226829468 9 337 327
1.120894459579262 0.883578995090183 0.03082579481412817 9 337 385
1.099058731062376 0.799719326459337 0.033336652702898206 9 338 409
1.0925365039635648 0.7443765713805257 0.03097706056173144 9 338 424
1.0779702481181839 0.7321799226334855 0.04248689139178574 9 338 429
0.9019777618870106 0.6897178345471088 0.1973513355689238 9 338 467
0.5875234516201593 0.5650770242731036 0.4667090447519253 9 338 580
0.5730161020739979 0.44328939016514024 0.4616580713169527 9 338 625
1.1133664492311333 1.00626358487674 0.04655703171542913 9 339 353
1.1036224044607583 0.8932155500298132 0.038418287533301676 9 339 384
1.113339457323195 0.8509715405188495 0.023095888322266722 9 339 394
0.622739984614862 0.699099118222454 0.4511675138475133 9 339 524
0.6107206163797787 0.6882043679481504 0.4605700174795173 9 339 531
1.078944487292123 0.7458775800971416 0.033976833047923094 9 340 425
1.0610521689665764 1.0930522105780214 0.09861255335345231 9 341 333
0.8874104735157162 0.6892123398382608 0.19775059050418697 9 341 469
0.8787786941210927 0.6875787854482334 0.20549058511468932 9 341 471
0.8715016418046035 0.6851690429555328 0.21185837672668262 9 341 473
0.841062370799933 0.6839727660807773 0.23984877445633512 9 341 479
0.6630410375918692 0.7111888355487082 0.40876454272600515 9 341 509
0.6529315601063674 0.7097166806851108 0.4178968166855195 9 341 512
0.6172610692056891 0.6899162237503199 0.44789229687688703 9 341 528
0.5789605618649201 0.5965739284358327 0.46910885417536097 9 341 571
0.5710410792458549 0.5418821651982272 0.4680996686882537 9 341 592
0.5707227271977955 0.45724967587577714 0.4554901855593241 9 341 620
1.0618767287720878 1.106723026238388 0.0953389569590215 9 342 329
1.0642091214740614 0.7941859998840449 0.04532591980557976 9 342 414
0.5720570496085329 0.5276789156651224 0.46155811548538495 9 342 596
0.5712941458171008 0.5012466765230145 0.45822000076535474 9 342 605
1.1056212753496768 1.0074259184600978 0.03470997505953277 9 343 353
1.0859822590328223 0.8602979654384847 0.03039295264287034 9 343 394
0.7540965360149707 0.6844114682135132 0.3125906577614248 9 343 496
0.5754869378221461 0.5858501554169203 0.46385957379309695 9 343 575
0.5638686226943993 0.4712917076525901 0.45707566941819056 9 343 617
1.0770089868292567 0.8292303495033084 0.029139565092313635 9 344 403
1.069344120825219 0.8097107125841156 0.033292563274057274 9 344 409
1.0616571729466857 0.7787996317288641 0.035708080431304356 9 344 418
1.0973232093627114 1.0572304548248708 0.040565246676996125 9 345 340
1.0947572251233555 0.9279912307374443 0.022944928075073534 9 345 375
0.9370683055909264 0.6878863660684253 0.13364800984706227 9 345 460
0.8185898636046971 0.6851196647683009 0.24435057134045213 9 345 482
1.096264044334089 1.016809890554439 0.030488507356713157 9 346 351
1.0955846543114032 1.005912337017557 0.02943236034749419 9 346 354
1.0900085452329933 0.9742847681890352 0.02975925774711885 9 346 363
1.069761720395752 0.8693115526703707 0.03248130848521802 9 346 393
0.6214456669600464 0.7056451162463797 0.4289355465368907 9 346 520
0.6923572170014938 0.6966305009334526 0.3570448452735624 9 347 505
0.5668590449166081 0.5748436578733245 0.4565225141053686 9 347 580
1.0542297369750022 1.1145611084398275 0.07599343533311376 9 348 327
1.0816479954096863 1.0608671567160286 0.0415954900214528 9 348 340
1.0798079699312688 0.991818358400439 0.032508700810355284 9 348 359
1.0777469125000656 0.9702923175355307 0.031085083283918236 9 348 365
1.0673244846013 0.903223619710046 0.030439894231409914 9 348 384
1.0583097921132514 0.8880794182744521 0.036605167190721266 9 348 389
1.0582702515722997 0.8542170245564439 0.03133144002724819 9 348 398
1.053963667648409 0.7952805037688462 0.02616755818991967 9 348 414
1.0572603468284425 0.7706149703560649 0.01917556550276589 9 348 420
0.9045903252117027 0.6898100945929051 0.14669670002331436 9 349 464
0.5580005125823427 0.4513442287419307 0.4385992389194695 9 349 623
1.04917415642642 1.1084120050180513 0.0705312776482685 9 350 329
1.0653480053976447 1.0251135455324665 0.04193547119330465 9 350 351
1.0745106576523262 1.0149582173387062 0.03159113218336129 9 350 353
1.062699581031545 0.9857567889396446 0.03823863157872265 9 350 362
1.064173989874926 0.9408959025753989 0.029739471168242382 9 350 374
1.0379245730339166 0.8544330296411708 0.04110358168384365 9 350 400
0.8830036203884322 0.6880463456961257 0.1625485091591532 9 350 468
0.6591761279903177 0.703218389442333 0.37841784839593506 9 350 510
0.6214771316830483 0.705018817080237 0.4146570920219359 9 350 519
0.5943733351583416 0.70009526709425 0.4397282688274382 9 350 528
1.043388168548978 0.7984183763175583 0.02219607827588166 9 351 414
1.0411990090517884 0.7688432053468668 0.019595973155889013 9 351 422
1.0248577948894266 0.7579406654921872 0.03350216253093774 9 351 427
0.5647073785249825 0.5514642017713173 0.44104314430445757 9 351 587
0.5657646037364776 0.523215286425437 0.4355471090058507 9 351 596
1.0584458550637574 1.077141063012819 0.04730981486733299 9 352 337
1.0505344927613838 0.9854919417025428 0.04029820711582177 9 352 363
0.7630061837504725 0.6866840976650949 0.26872437248186487 9 352 491
0.7508283083367568 0.6853396914352712 0.28020184987120267 9 352 494
0.7438139277801576 0.6837623394690843 0.28668482512609494 9 352 496
0.5562233947372544 0.4678179738503878 0.4323694905330959 9 352 617
1.0520332335808873 1.0101751131000658 0.03803530671695121 9 353 356
1.039768045713127 0.8782456683991017 0.02873875031007489 9 353 393
1.0232828526595283 0.825559619920583 0.03618766967988751 9 353 409
1.0307182515083972 0.8069875159697877 0.026053474573398017 9 353 413
1.008187592921395 0.7575235692564875 0.03984141132377883 9 353 429
1.0430501280929452 1.03439500367266 0.04583785524597128 9 354 350
1.042629667132392 0.9691987695600762 0.035769865894867525 9 354 368
1.042673699308778 0.9471500163985199 0.032184983041117166 9 354 374
0.8250095094914214 0.6903127560735839 0.20128732044800746 9 354 477
0.8100756298211351 0.6898804763137272 0.2156509904503654 9 354 480
0.5685093620562229 0.6772685970446976 0.4470908927007302 9 354 542
1.0490632616213162 1.1074869268718883 0.047058162986155505 9 355 329
1.0422842184081824 1.0773021482344673 0.04876281801152205 9 355 338
1.0276860906575545 0.9413069267469656 0.040982201380529215 9 355 377
1.014584224964688 0.7794334664003244 0.02757653532523241 9 355 422
0.5590400998085823 0.6254839957664384 0.4410156524381721 9 356 562
0.560186711363018 0.5979005211937636 0.43543317491657807 9 356 571
0.5597240334977456 0.5141492205197619 0.4223203671185711 9 356 599
1.0342253230679055 1.0932234757900325 0.049763340023740055 9 357 334
1.0123020089914159 0.9207714150881052 0.04312435371143297 9 357 384
1.021898793674123 0.8911154549688628 0.028935128321217363 9 357 391
1.0164192728821273 0.8600241962428031 0.029228694959401613 9 357 400
1.0302000335040593 0.9829869225526572 0.03100156179184932 9 358 365
0.7892846113817766 0.6867792855412489 0.2185891652791545 9 358 484
0.5544996657849065 0.48029285313867587 0.41481848511085895 9 358 611
1.0343868945342933 1.0283717809583561 0.029545027249370026 9 359 352
1.005858912197055 0.8857472936677391 0.034202529532027626 9 359 394
1.0058558048022426 0.870982821651189 0.031785950561409315 9 359 398
0.8770089495187412 0.691402024358521 0.1289585534748341 9 359 466
0.6935652696665064 0.6850141573473942 0.3081602612516461 9 359 505
0.6413022069218643 0.6965778151521974 0.3614081125825961 9 359 514
0.6038667091816744 0.7048405720261645 0.39954569832409703 9 359 521
0.5708197416649892 0.6907976761671638 0.42971569415446176 9 359 535
0.5574966998110067 0.42876966524684024 0.3998649900868758 9 359 626
1.0218579381567356 1.0711580604205504 0.044159080386145355 9 360 341
1.0073480185615653 0.8623704325414718 0.02411120054485516 9 360 400
0.8440493212576952 0.6866885724771323 0.15619085743373184 9 360 473
0.560037173279876 0.5666383010617039 0.41642673850302825 9 360 580
0.5604054569967558 0.5390213800437312 0.4115198107991771 9 360 589
0.6689832115467023 1.5892026569837898 0.47403449756681093 9 361 169
1.0273462852396689 1.1118326349370709 0.04072835975586209 9 361 329
1.0121662933832591 0.9881338847977141 0.035309741100537195 9 361 365
0.752482220840206 0.6827675631933394 0.24171871237675946 9 361 492
0.5565327164322224 0.4459726176555885 0.396415436365136 9 361 620
0.6755302244495707 1.6725619444772601 0.4781187671493661 9 362 132
0.6654952602775972 1.6113751059118075 0.47792998991361235 9 362 159
0.6619015246328896 1.564027500195924 0.4736442864235233 9 362 180
1.0185634683002385 1.1068574889136333 0.0438940948070361 9 362 331
1.0128041781620971 1.0413381734112406 0.03874385476277653 9 362 350
1.0124341505241088 0.9550183966648599 0.02479608614268347 9 362 374
1.0070101890062064 0.9168836405030585 0.023854440148300515 9 362 385
0.998139604901185 0.8505001915418573 0.02164839875464808 9 362 404
1.0087588611245801 1.0600188244598343 0.04114572147112794 9 363 345
1.0138126094073614 1.0192654065486804 0.029328976556948216 9 363 356
0.9827705092007748 0.9044165787762489 0.04111401231606626 9 363 391
1.0080573546269396 1.0916759524345143 0.04241494791956901 9 364 336
0.5619564639229018 0.5902957380259262 0.40422515949828486 9 364 570
0.6652028709492657 1.658716517766081 0.4764652150892701 9 365 138
0.5609354055717908 0.504595849724228 0.38729343294782237 9 365 598
0.9871012148903291 0.9985806920483746 0.03836576806573899 9 366 364
0.9960788037815584 0.9594407692650099 0.02274500960596404 9 366 374
0.9825713671554994 0.9284425963138466 0.03110461680501686 9 366 384
0.5597780407925763 0.6230257987714637 0.4047719061296311 9 366 559
0.5658235108360279 0.3865678964220509 0.3588579155530869 9 366 633
0.9949753223765407 1.087578058741454 0.040744550681032665 9 367 338
0.7826717944519086 0.690169121185688 0.18770568802480336 9 367 482
0.55952226520457 0.4501383350090009 0.3722255282511808 9 367 615
0.6417784518918127 1.56831624473986 0.47514182115532166 9 368 178
0.6363771340213606 1.552243033973701 0.4778795509000967 9 368 185
0.9999415930066688 1.0999927147997623 0.03311656584436795 9 368 334
0.9864651060663416 1.061765310328151 0.04026580664851709 9 368 346
0.7060423003251084 0.683615392276332 0.2598831991024395 9 368 500
0.6649145046092837 0.6856756194115117 0.3018596777491862 9 368 509
0.649571941773073 0.6818402429610897 0.3167371261870213 9 368 514
0.632943344434017 0.6825058475475648 0.3336804397613382 9 368 518
0.6093648726633758 0.6921476704989618 0.3591820199214739 9 368 521
0.5625010660070029 0.5270794868754801 0.3785869930801311 9 368 589
0.6611608281527852 1.7007909323097878 0.4748141526331222 9 369 119
0.6452158369829353 1.5956040482447915 0.47307569660659077 9 369 166
0.8291505999402662 0.688599401737366 0.13169208338325245 9 369 473
0.5595346510745653 0.5595978429321158 0.3834860990134017 9 369 579
0.5643911700843356 0.38375436046396705 0.3485806568978176 9 369 633
0.6535769587262021 1.6802021116888186 0.47580536949538565 9 370 128
0.6367727417136546 1.5816553113964789 0.47606157488693057 9 370 172
0.979921955896246 1.0806301279704993 0.040725919399229316 9 370 341
0.9746771384691146 1.0507753929533452 0.04096041346045376 9 370 350
0.7467223676828705 0.6887465981152436 0.21124689054706014 9 370 489
0.7272131560758837 0.6893220770331856 0.23122120583586847 9 370 493
0.5635477853379272 0.41251219297229724 0.35059320115989134 9 370 624
0.6437887256974881 1.637677210928458 0.4752958505462509 9 371 147
0.9865626762305613 1.134109931126284 0.038424139751587205 9 371 325
0.96648711598848 0.9684229364133754 0.030480111722289482 9 371 374
0.9632330221476617 0.9122362994183093 0.024153724450325376 9 371 390
0.9432274712680537 0.8847970963824873 0.039888254037474535 9 371 400
0.5646356694155094 0.4000522228477248 0.34358479445710643 9 371 627
0.5620970706624782 0.673949002353265 0.3896476411258394 9 372 539
0.6362012467317144 1.6306617284961915 0.47545254852995567 9 373 150
0.620900129829802 1.5324496368516796 0.4741909849623961 9 373 194
0.6278252935423793 1.5127841137811477 0.46366117307773147 9 373 203
0.9637494369467363 1.053289538781265 0.038488880760955135 9 373 350
0.5627302430878292 0.43817443663224864 0.3445794978136516 9 373 615
0.6369846553967652 1.6698796535052292 0.47825077440230934 9 374 132
0.635679403625405 1.6525114959591387 0.4765793001476675 9 374 140
0.9383010488742485 0.9354204055385633 0.03956689634019872 9 374 386
0.5630803909923369 0.6353633891473863 0.3747256460294932 9 374 551
0.5626288077553934 0.5319047727214352 0.3572094707252138 9 374 585
0.6271269069878778 1.504222621641712 0.4563599579169346 9 375 207
0.6340244755505161 1.4953928760026836 0.447676112821322 9 375 211
0.9607736131601281 1.1329289475261954 0.046047271019021174 9 375 327
0.9501468998390448 1.0256592329332344 0.03833509436640514 9 375 359
0.9441968600924378 1.0067407160195292 0.04119593840656033 9 375 365
0.9411266765393365 0.9444683977220288 0.03350967506349267 9 375 383
0.562230898754358 0.6708432659877677 0.37815206343701835 9 375 539
0.5663027748838467 0.4890705368633905 0.3422180718354064 9 375 597
0.9420066393663435 1.0591751746111624 0.0479622281190446 9 376 350
0.9445798301082604 0.9675059985917311 0.029231380721180145 9 376 376
0.5648389667008629 0.6586382856771439 0.36967738325864863 9 376 542
0.5654125076859138 0.6038322938302879 0.35948133593596854 9 376 560
0.6336489319130153 1.6938449883301019 0.47633300475354357 9 377 121
0.7018506609066757 0.6849107251545794 0.22782306510401806 9 377 498
0.6791035606562785 0.6791799023726957 0.25052677908812515 9 377 505
0.6361178612183821 0.6838593234751318 0.2961576973679949 9 377 514
0.6056967903589217 0.6865595804565648 0.32834328676321656 9 377 521
0.6200329779770988 1.6105217665945366 0.4726711281023319 9 378 159
0.791461479865184 0.6916947829801448 0.1311925044643445 9 378 477
0.5668073171092924 0.6002794050603947 0.34999913229885093 9 378 560
0.5672323434189174 0.5628607827734644 0.34294922337569367 9 378 572
0.6118415346737023 1.5902771990959912 0.4744664911506704 9 379 168
0.609316557335271 1.5704736983833174 0.4736063494885817 9 379 177
0.9476754270022711 1.1116532975004525 0.03728534242218684 9 379 334
0.9289528359039749 1.0036905064344 0.0377972651681755 9 379 367
0.7483536252303593 0.6895580977525373 0.17161787791495686 9 379 486
0.5653745399065069 0.5322590399626952 0.3357281043187468 9 379 582
0.5666131397034562 0.5025510452247155 0.32916395575605906 9 379 591
0.5661635207157429 0.39619199688453044 0.3107877076282921 9 379 624
0.9400424429761034 1.0827398457906028 0.035491522754722116 9 380 343
0.56259508538877 0.4863716370341675 0.32671852340214214 9 380 597
0.5636832245591612 0.4742484926868702 0.31959998214710295 9 381 600
0.9379759382557835 1.1373842140003747 0.03808172568732293 9 382 327
0.9244487525336214 1.0697555992143253 0.04029018535454121 9 382 348
0.9273250836417222 1.0448058730269345 0.03276982308181253 9 382 355
0.9143834924445331 0.976529281729918 0.0342416642689467 9 382 376
0.6087086956527274 0.6854314532442132 0.30592677996240836 9 382 519
0.5585285379885325 0.42025611851220956 0.31155533203013386 9 382 618
0.6166610475816783 1.6968156366211662 0.4756393175655389 9 383 119
0.9190710657122956 1.0092070980361734 0.03043797680817595 9 383 366
0.5658414039016292 0.5393808342457623 0.3213632935864543 9 383 578
0.5957220288562574 1.576987900814859 0.47313788439455684 9 384 174
0.6067310979726072 1.4965287682099744 0.446861811293882 9 384 211
0.9196962372330721 1.0501011746085822 0.032450948006006675 9 384 354
0.9015207873230668 0.9806279877036257 0.039283300243542874 9 384 376
0.9010789664174466 0.9249328954128988 0.029692784439050435 9 384 392
0.7295779909497206 0.691527572198545 0.17042322252151454 9 384 488
0.5993426490271079 1.6120516422041218 0.4724196688732616 9 385 158
0.5876835149851947 1.5422473692904937 0.4690266449675622 9 386 190
0.688814341854983 0.6894398978121002 0.20522039065083897 9 386 497
0.6559442284971515 0.6851290956498817 0.23971851034414526 9 386 506
0.5644211008099308 0.5653866770433078 0.3161608594799872 9 386 569
0.9050472308592812 1.0470890051507669 0.03355328682255587 9 387 356
0.5653005651134244 0.5062244348953177 0.3005838487545045 9 387 587
0.5953701699936879 1.6358113625515514 0.4714431800191192 9 388 147
0.7403585862217148 0.69035629450016 0.14135679198922735 9 388 485
0.5905070081042546 1.624812297372289 0.4714929691063734 9 389 152
0.877417661506704 0.9980760838311764 0.045094391514476584 9 389 373
0.558181208906887 0.3936777457518248 0.2798181443247527 9 389 623
0.6069662219701801 1.745150746639887 0.47264439220468746 9 390 96
0.5968067001508424 1.67667559210511 0.4710342627163858 9 390 128
0.8997023482765092 1.125609234277761 0.03978922473872526 9 390 333
0.6837186305602265 0.6894703596870244 0.1940346172655092 9 390 497
0.5662357575772694 0.5901718820178198 0.30343343314281657 9 390 559
0.5642663678462216 0.47422776747769024 0.28414226819712396 9 390 596
0.5909833318725588 1.6467001900197626 0.4686353235882059 9 391 142
0.5848923496094588 1.6056536560746062 0.46766374614473527 9 391 161
0.5839430528320957 1.5585263378676153 0.4599544314037929 9 391 183
0.5784281580438434 1.516828010515536 0.45823341725144284 9 391 202
0.5857571518652862 1.5040242518384146 0.447861891609453 9 391 208
0.8853817451991435 1.0489252041861334 0.03653442807038765 9 391 357
0.8869538469792297 1.010872017220116 0.027758161628657074 9 391 368
0.6128241226642941 0.6857708870596957 0.26649746640932204 9 391 515
0.5909479845399582 0.6788230529740359 0.2890742650457596 9 391 523
0.5760583050707225 0.6820811416577405 0.30592291554324325 9 391 526
0.565671700227107 0.6411165516012108 0.3058311789129551 9 392 542
0.5559168216430286 0.5570784918587876 0.3008542728985497 9 392 572
0.5617437217383159 0.3781228374068728 0.2611428969290015 9 392 625
0.8909499590256864 1.0702249379114335 0.025060112475353113 9 393 350
0.5662906094808183 0.5037157592818636 0.2756282856041712 9 393 585
0.5930510990282326 1.7249142168847538 0.47141350852608377 9 394 105
0.565913210613491 0.6325655913042411 0.29628507244017 9 394 544
0.5623855204035184 0.4707244785343909 0.2697951187312415 9 394 596
0.560144154382084 0.41379542965590943 0.2615791735404871 9 394 614
0.5887210876148928 1.7058978577106512 0.46943891959081263 9 395 114
0.6547160897832371 0.6871037863169831 0.2045563637558243 9 395 503
0.5900645281436826 1.7433156420322646 0.47184166831625785 9 396 96
0.584992950469721 1.6828854082583962 0.46603621838669806 9 396 125
0.5720062102492698 1.5372869056191902 0.4528996986500671 9 396 193
0.859249341269114 1.0021492482718823 0.03320896312840649 9 396 373
0.5613508539708973 0.49841709089561526 0.26824174985333116 9 396 587
0.5776441994396491 1.6277907143877213 0.4605553426160198 9 397 151
0.8746622243720814 1.0741991405674607 0.025072709172526908 9 397 350
0.5659966225332727 0.5853246748788759 0.27561065194718704 9 397 558
0.5631361610148355 0.5500085035326262 0.2720881045450998 9 397 570
0.5797037931275445 1.6644539511530656 0.4588170388814259 9 399 134
0.5716342004618239 1.5402805836016116 0.44409941607737213 9 399 192
0.8745212245907668 1.1404428771101989 0.02851645647170198 9 399 330
0.8655638485361081 1.1131253226723743 0.033319475076153404 9 399 339
0.5782376607695886 1.64586172862826 0.45367687224955455 9 400 143
0.5766095228425662 1.6098175179892813 0.4485848865773163 9 400 160
0.8519537180920063 1.0505254724081374 0.031935515953178895 9 400 359
0.6237486025635004 0.6839688565661333 0.21787103692704157 9 400 510
0.6059370527153702 0.6856099378730296 0.23819178521808104 9 400 514
0.5747795356775145 0.6833131980464651 0.27274643020291545 9 400 523
0.5606428722187768 0.5359003165835483 0.2603204324644708 9 400 574
0.5594084463319704 0.43904007011121715 0.24310922595621176 9 400 604
0.557389234481624 0.404528491582816 0.23875076204604762 9 400 615
0.8529430364563906 1.1096894974486045 0.0375633625368752 9 401 341
0.8564569858444828 1.0854592318270821 0.028933857360691873 9 401 348
0.566499786689548 0.5832565255522331 0.2588714894043518 9 401 557
0.5761346052681154 1.6999267396524398 0.460036159407065 9 402 117
0.5708424085176682 1.5969451095247842 0.44609595459136964 9 402 166
0.5710234039628641 1.5735017885416558 0.4413560100853018 9 402 177
0.5770832444730334 1.735112903165921 0.46258790590411536 9 403 100
0.8484397506575676 1.0840816713408894 0.02841745330437484 9 403 349
0.6871646476696518 0.6911364598899057 0.13501439729069653 9 403 492
0.5903222555436907 0.6828424973706526 0.24323324401810753 9 403 518
0.5595543970246059 0.4908115112946888 0.24083676070823845 9 403 587
0.561654547723416 0.43878901151507854 0.22835272768947124 9 403 602
0.5742554230779 1.7166646846785731 0.4590174619747247 9 404 109
0.8567674710887803 1.1276807232991668 0.022778953942444113 9 404 335
0.6478435884123369 0.6901823017236868 0.17520730079833458 9 404 501
0.5561943984471973 0.5545669587514882 0.2530481894418519 9 404 568
0.5746534706042458 1.6866630786031442 0.44948911789123613 9 405 124
0.5727630518755038 1.5421256957938767 0.42336725692415245 9 405 192
0.8366310715792658 1.074023314488708 0.03059141563156409 9 405 353
0.6403888868312699 0.6852213150949809 0.17851787703376898 9 405 504
0.5686848672573656 1.6318566382435162 0.44232374210483494 9 406 150
0.5719221531906683 1.6134523274494286 0.43500219619326286 9 406 159
0.8481265183250728 1.1230586353284113 0.02240589100347523 9 406 337
0.573880695177185 1.5776888994279623 0.4224124959374338 9 407 176
0.8427713679206812 1.1569794934838802 0.030573423076946993 9 407 327
0.5523766931582508 0.5514042968910312 0.2448039231217236 9 407 569
0.5751273818068199 1.6799290503439095 0.43787346909007785 9 408 128
0.5758230733546211 1.6592625049937855 0.4329823552639047 9 408 138
0.573605845114481 1.6102367695780466 0.42583693846304493 9 408 161
0.8347354036515553 1.1394112349831798 0.03171912263531773 9 408 333
0.8321393348138015 1.1593333148198564 0.034041685183687775 9 409 327
0.8274792585190549 1.111925234597359 0.030013863485811587 9 409 342
0.5704701910148728 0.6777687681421749 0.24094431918830894 9 409 523
0.5588562851667579 0.5129311662741712 0.22163352185618912 9 409 578
0.5670674482981334 1.5144587155215339 0.40768390492220363 9 410 205
0.5739563991952582 1.7201577513569504 0.4374461672628047 9 411 109
0.5731879085947965 1.6579273398526184 0.4258877938644723 9 411 139
0.6469400772686419 0.690581987194008 0.14649266443892017 9 411 499
0.5631645873697105 0.6255152654017947 0.23096034821238143 9 411 541
0.5716692949474356 1.7423248900398227 0.4413045097664259 9 412 98
0.5719009022015451 1.6851769924316522 0.4295557168782136 9 412 126
0.5712659784045342 1.6305563428292609 0.4193261424940222 9 412 152
0.8129421147061315 1.0861980858234257 0.02785074307570845 9 412 351
0.5990685517734757 0.6823196641490757 0.1964111927310559 9 412 513
0.5565228432812653 0.5827962294955701 0.2260903688117637 9 412 556
0.5740364581464229 1.7089103251756974 0.42854750992333157 9 413 115
0.5711407829163996 1.6630105407485125 0.41937017781022146 9 414 137
0.5682748182589906 1.559760942366121 0.40184408336112076 9 414 185
0.5677297962720862 1.539935903732472 0.39847268694589943 9 414 194
0.6416301593642899 0.6884406721842029 0.1393364914800337 9 414 500
0.5781070782363209 1.7444429563173303 0.4210758114489652 9 416 99
0.5742960630296088 1.6026178588998872 0.39666829488879474 9 416 166
0.5709713964416666 1.5825858298188025 0.39651578089383777 9 416 175
0.5941656619533415 0.6822650571567628 0.18553881289055285 9 416 513
0.5702058915418766 1.6260061607426772 0.4029051509159558 9 417 155
0.5726400029074908 1.7193128607107633 0.41579517075515904 9 418 111
0.5714366206624836 1.6690884914582573 0.40691161390164843 9 418 135
0.5674747760677878 0.6835049845847532 0.2091950167268466 9 418 519
0.5744549188224419 1.687062265966206 0.4036543071526988 9 419 127
0.5765428317766252 1.6088400064687076 0.38160102841113663 9 420 164
0.5626586884415414 0.6476181757058743 0.19933225999551651 9 420 531
0.5564861298325123 0.5794590194044716 0.19262183991531634 9 420 554
0.5739985324575873 1.7108944021906842 0.4024097916391831 9 421 116
0.5756378763488492 1.647983084098696 0.38737382872057546 9 421 146
0.7891877173997555 1.1681917556957968 0.0311230914882783 9 421 327
0.5744360597870608 1.6652478634160754 0.38900109638898406 9 422 138
0.780179481969749 1.14188591760544 0.0318855007300578 9 422 336
0.5811758312551625 1.610748633626144 0.366035074748039 9 423 164
0.5803793272107322 1.5662506220036132 0.3576877882507574 9 423 184
0.5831319874811192 1.5462490996005622 0.35017393558234566 9 423 193
0.5765949077679338 1.708955910732522 0.3887265229708876 9 424 118
0.7792931599955091 1.1512276422340038 0.025686016667394007 9 424 333
0.5751660267936826 1.7485254733886155 0.39539982546730856 9 425 99
0.5787268670390988 1.5912631903015308 0.35791721703234547 9 425 173
0.5867235723527383 1.5403437345547544 0.33745144928172266 9 425 196
0.7623404079885094 1.1019831915284415 0.0313112091734693 9 425 350
0.603465522881079 0.6847564225604448 0.13672882053740354 9 425 507
0.5781652318916628 1.6420283510112048 0.3658267641925823 9 426 150
0.7654731164566049 1.1261832890612342 0.02799288182333526 9 426 342
0.5660343256569984 0.6848116354358902 0.17393820405275817 9 427 516
0.5781674324231809 1.7219605692236344 0.37588070258311523 9 428 113
0.5844549886826513 1.699234184351531 0.35633135828640516 9 430 125
0.580775156773645 1.5137198159599867 0.32105096933878174 9 430 208
0.7466692054036774 1.164977402382933 0.036447388933794844 9 431 331
0.7428143469744652 1.122342521724101 0.03204214072909717 9 431 345
0.5801737300634886 1.5940641426610922 0.3318923725803571 9 432 173
0.5801186284657603 1.5737931683386999 0.3275765314059913 9 432 182
0.5845690212278492 1.7157966986985542 0.34923889417308884 9 433 118
0.5764492597212457 1.5487471082963506 0.3231128825216092 9 433 193
0.7377207342663454 1.1670038470882667 0.038882452900177 9 433 331
0.583100214205061 1.7014353219261986 0.34088765584169467 9 435 125
0.5796202233661261 1.5977418133352397 0.3189658382539473 9 436 172
0.5802385882633803 1.5246297338197223 0.30213923628006256 9 436 204
0.7162529159175608 1.1013325513736907 0.0377751134622768 9 436 354
0.5878934104539422 1.7317299391001435 0.33439082902669726 9 437 112
0.5756065695137088 1.554510531693114 0.310888861459351 9 437 191
0.5801355996566351 1.6432697940832535 0.32110918209980266 9 438 152
0.5762144999353785 1.62036277633686 0.32101891473639066 9 438 162
0.5790235167832282 1.5848541168747978 0.30960439390803174 9 438 178
0.5742141373524152 1.5641555293666687 0.3074734460268298 9 439 187
0.576466830800421 1.5391327477687389 0.2990537314215296 9 439 198
0.7323933372634712 1.164161090187514 0.017399861371099945 9 439 332
0.583944616607224 1.7577898000482561 0.33450972189364325 9 440 100
0.7259117112591678 1.1533340311997413 0.018630287751803642 9 440 336
0.7173787823810625 1.1403177559996043 0.026625636261382146 9 440 341
0.5848025257634784 1.7093233699759152 0.3190175908570203 9 441 123
0.6980183145040098 1.0748873051989007 0.03219129925369746 9 441 364
0.5821239114884673 1.7483472158574886 0.3240205669570442 9 443 105
0.5779098373652035 1.6092278500880546 0.2981269274410705 9 443 168
0.5837923699174741 1.7500197652190819 0.31504209162887276 9 445 105
0.5772060300957673 1.70074420660363 0.31240952812763867 9 445 127
0.6994137171709038 1.1445096462916373 0.0277167146229913 9 445 341
0.6864058023855084 1.105633056315269 0.03577298313109312 9 445 355
0.584662702525053 1.7314923292068358 0.3060735488628459 9 446 114
0.578224288475574 1.686245386427828 0.30415205476311424 9 446 134
0.5793250904375096 1.668896487624837 0.2987701814223265 9 446 142
0.5711903746309717 1.5661991541709623 0.28597802435525543 9 446 187
0.5745565900534423 1.6483970247341144 0.29663406846890994 9 447 151
0.575255424211665 1.5899553330106921 0.2823694913316195 9 447 177
0.6894804085582047 1.1439690019546787 0.031354335891996765 9 447 342
0.6778277534554933 1.098750953442411 0.036235779534044665 9 447 358
0.6917094604550464 1.1796004683729173 0.03202231896111707 9 448 330
0.5751055069780147 1.7001025815893618 0.3004291813508351 9 449 128
0.5750907561733427 1.631940973459577 0.2810379706209185 9 450 159
0.5801496413027013 1.6215353074359644 0.2719669217102416 9 450 164
0.5735236775095142 1.5235050678619566 0.2580575996576657 9 450 206
0.6721047636412354 1.0720030244151628 0.02384270490751117 9 450 367
0.6702328643934994 1.1518805382683575 0.04022238727455063 9 451 341
0.6694805860321607 1.1157161195690266 0.03283369734219432 9 451 353
0.5746581307575608 1.5848662952762127 0.26317797295550727 9 452 180
0.5703967148088066 1.5635615195778008 0.2638736952913545 9 452 189
0.6647521991850867 1.0678764381884185 0.02339743907156966 9 452 369
0.6608673435144403 1.1180395871121185 0.035667562930311814 9 453 353
0.6502752571997189 1.0392397671717357 0.03136206571919842 9 453 380
0.5756309253125668 1.7612947442996556 0.2956216629298094 9 454 101
0.5729356363210741 1.7092396639333471 0.28331503885874154 9 455 125
0.6511594785441779 1.0535180502505581 0.02434435425637549 9 455 375
0.6377840189037757 1.0220778315968135 0.03486089882587495 9 455 387
0.5777044491769197 1.6463965403753187 0.2583581953273886 9 456 154
0.6666990949794585 1.1908238694134161 0.031271090283100156 9 456 328
0.5732383523106501 1.6950143295420312 0.27209220639925547 9 457 132
0.5767481223036742 1.764074641160312 0.2800139366418375 9 458 101
0.5760229876853674 1.5873064566509083 0.23896660130481195 9 458 180
0.654782239035244 1.1698541796642363 0.033239418253477426 9 458 336
0.6519997699336575 1.1527368398624618 0.03293132297337675 9 458 342
0.5780314985170678 1.6681970300242819 0.25167558598501794 9 459 145
0.5708779879830596 1.6100226165908516 0.24749593468568643 9 459 170
0.5807768448989044 1.755773132434868 0.26509351428213934 9 460 106
0.5752219745364313 1.580956548861064 0.23078643100142515 9 460 183
0.6537440516974777 1.193545605095443 0.031179721150952577 9 460 328
0.5793845285706577 1.7362816935371366 0.2585419683373247 9 461 115
0.5690005184394769 1.5311615795209614 0.2234155421201991 9 461 204
0.6437764228809655 1.1485492078428297 0.029400658570294613 9 461 344
0.6401744355652776 1.0954319172176274 0.02155048929237635 9 461 362
0.5748046879761856 1.6913514256997735 0.25018540991497784 9 462 135
0.5737747572878242 1.6001556015880098 0.22959830607037235 9 462 175
0.6322993674696494 1.1310724648729342 0.03632072002632558 9 462 351
0.636335418087882 1.084325472095176 0.01951885860232605 9 462 366
0.6261264145409235 1.0332859741236564 0.02118558906932977 9 462 384
0.6428878345540162 1.1809152208524447 0.02471092600489677 9 464 333
0.626328444965534 1.0600008411562614 0.01815156086051939 9 464 375
0.5799207762802856 1.7845923237095895 0.2543522307150168 9 465 94
0.5679413217735964 1.6485653209250253 0.2377439575300928 9 465 154
0.5655789781159695 1.6367548798994267 0.2381296357336109 9 465 159
0.6292182167188383 1.1491392204043795 0.031269692121641324 9 465 345
0.6291671205295758 1.0981264216393023 0.018902032225916354 9 465 362
0.6150735441983899 1.0244936605006054 0.02042942083790722 9 465 388
0.5740985614748915 1.7177594822402869 0.24227519523119856 9 466 124
0.5698942070034444 1.544700316536534 0.20575677324586894 9 466 199
0.5680945475867926 1.5230328000106514 0.20295013088146985 9 466 208
0.6244807871935123 1.117587180612002 0.02554755495038119 9 466 356
0.576510590771667 1.7586445011683627 0.24511970269465744 9 467 106
0.5734538299236455 1.6642964824612252 0.226201331097601 9 467 148
0.6162753069295857 1.0750705241123895 0.021929023500323996 9 467 371
0.6010074373379556 1.017715390055549 0.029081886733162587 9 467 392
0.6102055451116228 1.0558917835385142 0.02106546254899566 9 468 378
0.5915476657364083 0.9941902534815095 0.031894498233752344 9 468 401
0.5706914946113574 1.5978252690005437 0.20581998034952798 9 469 177
0.5644096000803891 1.5758780312956182 0.20918525659809406 9 469 186
0.6140548121276804 1.1083634826549087 0.024044918148963923 9 469 360
0.5741268359337446 1.7509481294612899 0.23503928611491176 9 470 110
0.5772966929108885 1.732612023495323 0.22214630154619153 9 471 119
0.5700142445024021 1.6993470762964011 0.22411836086970194 9 471 133
0.569432519507021 1.6744360134553433 0.2187316755897375 9 471 144
0.5717104167347298 1.619817134922489 0.20191508966442062 9 471 168
0.6042341390165937 1.0783387031882548 0.021194324530391828 9 471 371
0.5767926035308484 1.7901849707735233 0.2333520157340525 9 472 93
0.5723472999202014 1.6016281928770217 0.19248970161302736 9 472 176
0.5652396317787923 1.5723703217438025 0.19521944673419256 9 472 188
0.5723842800668978 1.6463313785176357 0.19964545488385088 9 473 157
0.6222677276173737 1.2345535289217866 0.0255968499035637 9 473 316
0.6184835658243708 1.2093678528027398 0.0246421208346419 9 473 325
0.5721729959546259 1.683419240500099 0.20530423778071993 9 474 141
0.567270744741363 1.6526530623095859 0.20452876178231616 9 474 154
0.5720596107407625 1.7708796703596121 0.22361043183301565 9 475 102
0.563869203182398 1.5518766554809744 0.17994784031542332 9 475 197
0.6084637610959274 1.2000491537220672 0.027404687030332386 9 475 329
0.572168852167948 1.7250871450364222 0.20794751973796743 9 476 123
0.5740559958251503 1.6035271279458199 0.17441464853081046 9 476 176
0.5985283050899013 1.1707062315183503 0.029609232609099312 9 476 340
0.5862307118961025 1.0686788339577409 0.021333064481919628 9 476 376
0.5688774398936625 1.0193492365743149 0.03365904775917983 9 476 395
