2.153725266020399 0.1149740328825053 1.1739334331352573 9 3 383
2.127630974807588 0.11450503715051075 1.1762476998231075 9 3 386
2.0961133786037007 0.1123935286237916 1.1790522652411344 9 3 390
2.0674133040937717 0.11404463905587026 1.1815845732240242 9 3 393
1.9806018596867156 0.10657192080228595 1.1893193999103497 9 3 405
2.5215791653749537 0.8472411030376581 1.1243136688171447 9 6 202
2.5174966268022 0.7032188066903705 1.1253027709459749 9 6 233
2.512397964889486 0.6807515479017019 1.1258705863935392 9 6 238
2.5124038489449845 0.9443719894757096 1.1206034373980454 9 7 181
2.508383998047977 0.7952088732457507 1.1215249121467568 9 7 214
2.512415695402963 0.780234659602544 1.121200282735148 9 7 217
2.5169452811867754 0.7556376510899963 1.1208638831817268 9 7 222
2.5146585455379995 0.3117249670824074 1.122696144055911 9 7 311
2.477378072879626 0.23174653577185533 1.1219606259927084 9 8 329
2.2162916222802678 0.10892896227841664 1.1472480638041207 9 8 377
0.9091938920679872 0.0745924289814861 1.2720790291990154 9 8 626
2.487212850977736 0.37000806259679453 1.1161308148356257 9 9 302
2.5775645835089476 1.5037486553486399 1.1006916980853418 9 10 45
2.539670901066957 1.4269774751201445 1.1006329742859056 9 11 65
1.9613533729764367 0.11936010135127284 1.1598325016169295 9 11 404
1.0774067357587136 0.07499350615488654 1.2478861013520897 9 11 576
0.9412945496179435 0.07140043573339705 1.2614407724295045 9 11 616
2.5233617300389177 1.549862450751877 1.0982738836512849 9 12 33
2.5096512194103617 1.3736202986033605 1.0997709303936456 9 12 79
2.528207201725452 1.3330560244870249 1.0979240928021126 9 12 89
2.493460774640615 0.26124210183108043 1.102119641570898 9 12 322
2.4814809724322857 0.18550077338607163 1.103377443992213 9 12 337
2.235645560214419 0.11236188121394752 1.1282371274755367 9 12 374
2.1710533059023964 0.11169384386100911 1.1347569926301828 9 12 381
2.1236388846083143 0.11288450127843408 1.1395418679254203 9 12 386
2.005956124035154 0.1164766495933296 1.1514175360977013 9 12 399
2.5485320111554564 1.5131070230315902 1.0918646493010669 9 13 43
2.560023304810811 1.392093821766756 1.0906937157846237 9 13 74
1.3532731719388358 0.0792894004196274 1.2142139344184604 9 13 510
0.9867328206986414 0.07459758661146876 1.251716565799748 9 13 601
0.9618662447344073 0.06847443845827139 1.2542610232411124 9 13 610
2.527397038024513 1.3381638946486023 1.090059595725836 9 14 88
2.5173265713395736 1.2374202399468297 1.091047071597916 9 14 113
2.493094335564469 0.2340126828017961 1.0929939767533212 9 14 327
2.4869293462997746 0.18238834747729338 1.0936041629590953 9 14 337
0.8813019871838164 0.06888614838392604 1.2600423351735537 9 14 635
2.5265474624233075 1.5631081476360214 1.0864315078076117 9 15 30
2.5328467168061186 1.52939606775198 1.0857301513591266 9 15 39
2.405308154138012 0.13991600713749341 1.097508921433221 9 15 352
1.4801881552741278 0.09698677566929792 1.1946756245739878 9 15 481
1.4050870832123354 0.0932964424405045 1.2025633597761622 9 15 496
2.52956343638639 1.4222931569266772 1.0820118746464396 9 16 67
0.9778902219390151 0.06646555978270907 1.2448198932748227 9 16 605
2.5114715049701757 1.537852890896078 1.0802944976410571 9 17 37
2.5264514147267882 1.526793004606248 1.0786523657447051 9 17 40
2.4874927649493612 0.4516187729870951 1.0802953888221487 9 17 286
1.044277987701702 0.06960449829722704 1.2350582450928473 9 17 585
0.914379778560322 0.0708953632519953 1.2490727706336986 9 17 623
0.8871642221936755 0.06992187356925106 1.2520060557603387 9 17 632
2.517096187615962 0.3620865574770349 1.072312981262186 9 18 301
0.8731423146165234 0.06746169321981532 1.2510471077481264 9 18 637
2.094715020516418 0.11114098982565945 1.1135652388385338 9 19 389
1.2012996922404886 0.08414527374071756 1.212326563240615 9 19 541
0.9881417065214948 0.06743488958746013 1.2358528837913654 9 19 601
2.4996303845716277 0.6423265031341423 1.0662758499745029 9 20 247
2.4244340261898794 0.12864838015290858 1.0725417129331927 9 20 352
1.2252376515181307 0.08926120655093484 1.2067448310392193 9 20 534
1.1703881627961341 0.08874945983152571 1.212888508378969 9 20 547
1.1370169967026675 0.0735224032892241 1.2165636896490217 9 20 559
1.12126307624093 0.07737564851967704 1.2183451016625422 9 20 562
0.9455144302245408 0.07680997023271674 1.2380351789837092 9 20 611
2.4831860098063343 0.5539823884988607 1.063315082904848 9 21 266
1.4575477664393803 0.08490128111705708 1.1774130858067104 9 21 487
0.8705027374356016 0.06769558293866695 1.2439292089231249 9 21 637
2.516129655703719 0.8797767038356635 1.0568606511126346 9 22 196
2.5171699090693544 0.7197930800925142 1.0558732236066062 9 22 230
2.495740678563956 0.6679824446999508 1.0580532548918051 9 22 242
2.50585056009314 0.6405958179355572 1.0567435684389905 9 22 247
2.4837892792250647 0.5287759578938817 1.0586706230740557 9 22 271
1.3675305315647062 0.09002634227108808 1.1844911069640154 9 22 503
1.3404052089140013 0.083710377866824 1.1875721480920967 9 22 510
1.3301698668876556 0.08419137686553135 1.1887502729768995 9 22 512
1.2092583961413421 0.08636275729979292 1.202648573888582 9 22 538
0.9519872727233172 0.07124485771983302 1.2321137992145406 9 22 610
2.47104070277766 0.5581081534347712 1.0558685078701893 9 23 266
1.6945012700471742 0.10698946126821673 1.1434190715016073 9 23 442
1.1860867092515024 0.08730071340836432 1.2024042181422145 9 23 543
1.1599090037606083 0.0964164081808101 1.2055024494909412 9 23 547
1.071457507741974 0.08239614505589499 1.215700437688323 9 23 573
0.9213913352892806 0.06803062465121412 1.233059146397739 9 23 620
1.2156033668427775 0.07877231786617367 1.195959699771287 9 24 538
0.9507463714452715 0.06980032245756473 1.2244633401929303 9 25 610
2.5205617688381805 0.9663592145023046 1.0398030682706425 9 26 177
2.200520094629006 0.10493770119393053 1.071573591746696 9 26 378
1.6109907305066729 0.10102546675939905 1.1425650656865767 9 26 456
1.2810305215865294 0.09531076182838238 1.1822713005387602 9 26 519
0.902694715810755 0.06091643808713876 1.2275795596348793 9 26 627
0.8803752853655069 0.0654585639673555 1.2303042258202805 9 26 633
2.527802902337821 1.1498682590625195 1.0362086800711827 9 27 135
2.5204533948580563 1.125055786783938 1.0368937415906831 9 27 141
2.4916330016423105 0.8680119946155341 1.0382234749691617 9 27 200
1.450707641754006 0.10360904405384597 1.1586038431826602 9 27 483
1.4070649644810211 0.08307169907354117 1.163748773393479 9 27 496
1.1493557414414681 0.08339409865951453 1.1951621728935093 9 27 552
2.498508975903437 1.0505906934731801 1.0347424438206168 9 28 159
2.5311875729132325 1.0009899802071665 1.0302614430326034 9 28 169
2.497920559779377 0.9034904956423266 1.0334750586315504 9 28 192
1.3102752998690907 0.09287925069046654 1.1725248458093545 9 28 513
1.2726894825391895 0.08882491557737549 1.1771221506697804 9 28 522
1.2496813322378495 0.08905489002082345 1.179961091986896 9 28 527
1.1549585591024598 0.08910502796740216 1.191640625979506 9 28 549
1.00231202654743 0.07025486303617257 1.2102898495339267 9 28 594
1.605306954831208 0.10331999990137719 1.1327231988106714 9 29 456
1.5356765727664803 0.09720675204129381 1.1413475470499568 9 29 469
1.5241265067109042 0.097196639309727 1.1427878908650162 9 29 471
1.423216697896438 0.0855434967699722 1.1552593051985458 9 29 492
1.205189815026183 0.08861885679665615 1.1824799802707875 9 29 537
1.111664629863785 0.08331063099911029 1.1940921483281228 9 29 561
0.9523995859734344 0.07551590829396782 1.2138787404663094 9 29 607
0.9402916231197804 0.07422623067427292 1.2153762159852868 9 29 611
1.4918379045873618 0.09073940656788282 1.1433796451165725 9 30 478
1.3922712640748667 0.0846502843824466 1.1558750411605216 9 30 498
1.146643068723572 0.08755401314585143 1.1868862674796552 9 30 551
0.8761167119811779 0.07039803570691983 1.22083040821981 9 30 632
0.8658622804462837 0.06804778514977317 1.2220994926352367 9 30 636
2.5207335887479774 1.3837350642756845 1.02294199493886 9 31 79
2.0210663149943 0.11344842968230551 1.072748238115291 9 31 396
1.2085797554766762 0.07970977769535281 1.1760110704749414 9 31 538
1.1860048229682543 0.08081565460082585 1.1789026285124256 9 31 543
2.5502975813341013 1.4431706904854864 1.0157739379523993 9 32 64
1.294979046135116 0.09913534072090546 1.1621066226248482 9 32 514
1.0997953520191721 0.07686139997087826 1.1870218172299172 9 32 565
2.5319014131088853 1.4243089729173555 1.0138877464778253 9 33 69
2.4932566258645616 1.2485482279138334 1.0167819009610206 9 33 113
1.6733653385462883 0.10206391556064931 1.1097006477406017 9 33 445
1.5598337984166857 0.1030543488302964 1.1245167560871718 9 33 463
0.9284459773220102 0.07272754527885272 1.2064768901839984 9 33 614
0.8989061417160678 0.07362196757628015 1.2103396722391313 9 33 623
2.567088121767614 1.5731649973047723 1.0071122313756105 9 34 31
2.541300984096241 1.545680089400703 1.0101590242396545 9 34 38
2.5221821628224435 1.332981793595584 1.009951318326975 9 34 92
2.5050014461968555 1.2645564134998823 1.0113385130351813 9 34 109
1.462340806239133 0.1025845922464399 1.1338807844791785 9 34 480
2.5283395618744744 1.5839882041856974 1.0084111234521782 9 35 28
2.520541323147874 1.5344668718362109 1.0087842617775913 9 35 41
2.309307641365679 0.10620053837277577 1.017723420846758 9 35 366
0.989521937652877 0.07402721207720786 1.193151853042983 9 35 595
2.534486099212204 1.5659232042514928 1.003375399770654 9 36 33
2.515024046462881 1.418547190938277 1.0039226982360479 9 36 71
2.294088295214719 0.10308127118180477 1.015167305652469 9 36 368
0.9437943976505325 0.06719982621305087 1.1965199281243104 9 36 610
0.9958723069441204 0.08449339724314031 1.187048418626988 9 37 590
0.9771486801842617 0.07050590297687509 1.1893913699708683 9 37 599
0.8942701640399222 0.07521472570842502 1.2007413600258234 9 37 623
2.5088497643507894 1.5323977884447522 0.9984226317151071 9 38 42
1.2209948254965202 0.0911179825153936 1.1534799935712496 9 38 531
1.0655616029840353 0.0792067414284503 1.1746768373165137 9 38 572
1.1504904911958989 0.08021134371432503 1.1600766420797153 9 39 550
1.137983324124086 0.08043814629303059 1.1618185484367252 9 39 553
0.944726420850305 0.0708864497575985 1.1885257281387802 9 39 608
0.8680679719237268 0.07117165936043501 1.1991845326670871 9 39 632
1.4124264694721853 0.09088667051072408 1.1205336837550575 9 40 491
1.2659889965211666 0.09384046071149577 1.1411457213415546 9 40 520
1.1797506022268351 0.09566061288854266 1.1532856792232515 9 40 539
0.8574612593967099 0.06824933522788701 1.1980879134336422 9 40 636
2.522363120709442 1.4411180708359967 0.9829901977948358 9 41 66
1.4213038440643542 0.09156575367097242 1.1159726046851817 9 41 489
1.063322303990221 0.07886793710264284 1.1665385491634392 9 41 572
0.9034028108846388 0.0716431374281461 1.1891009410818008 9 41 620
2.149525199613621 0.126638487246177 1.0089086509672072 9 42 378
1.517717705160658 0.10684849978189348 1.0990977017983616 9 42 468
1.2188906070447596 0.09809225281697076 1.141765343819186 9 42 529
2.531963672009564 1.5514265754302115 0.9754899925168001 9 43 38
0.874877016607529 0.0700387555536528 1.1880048067083666 9 43 629
2.502883013071843 1.1386086152306696 0.967832135917716 9 44 140
1.357331639158758 0.08240703039654917 1.1151432323562107 9 44 503
1.3270269382898288 0.09146052732717003 1.1197466155092106 9 44 507
1.1926804392594026 0.092328588617274 1.1394045025850579 9 44 536
1.185314468902228 0.09114594712035506 1.1404588179156505 9 44 538
1.0150720386362329 0.0725321431646726 1.1649926615107193 9 44 586
2.5002879654808785 1.182179757207319 0.9648229778243201 9 45 130
1.154241259540732 0.08362193904163151 1.1418944079450126 9 45 547
1.1008698020785066 0.07634532943281958 1.149631083748813 9 45 562
1.0925089832200559 0.07286949352858763 1.150796981141969 9 45 565
1.0830210102753284 0.07465822529191546 1.152233150920066 9 45 567
1.4339807827979645 0.09074558708765679 1.0973621430191853 9 46 486
1.3565391716242936 0.09877352607093504 1.1090721490325515 9 46 499
0.9948724016870296 0.0693730056997639 1.1623981872898368 9 46 592
0.9856748365692543 0.07181045877217862 1.1638191710674342 9 46 594
0.9669849882851838 0.07339427172475332 1.1666380773048286 9 46 599
2.508613011981208 1.1564189977069506 0.9545687860203759 9 47 136
2.116854230881617 0.11158636727560034 0.9916154660614703 9 47 384
2.0913725888708607 0.11584865033072411 0.9955413125601715 9 47 386
1.4601044386692135 0.09978820840960512 1.0902442222106274 9 47 479
1.4215219954946479 0.08706654199677555 1.0957859039827922 9 47 489
1.1779421884722687 0.08753182868255482 1.132467633349986 9 47 540
2.4991821696931997 1.1450576453902734 0.9514886242444701 9 48 139
1.264115883995893 0.10597945752005766 1.1167583116065245 9 48 516
1.1161115439838305 0.08242871389136774 1.1387471440669754 9 48 556
0.9347290681783214 0.07370120039390926 1.1661303936425305 9 48 608
0.8501433155113267 0.07289752617658918 1.178970918966625 9 48 635
2.4966183510703592 1.222486290219659 0.9493380305183236 9 49 121
1.5784177564913626 0.11050728359110695 1.0654961605816489 9 49 456
1.2369886055583836 0.08398095142081674 1.1173042486259175 9 49 527
1.1400610628024463 0.08603136545813417 1.1322252359341791 9 49 549
1.8215687063119153 0.11455551911019435 1.0243293563203308 9 50 419
1.303962285415324 0.09005910745907864 1.103960692083148 9 50 511
0.9013808923341557 0.07651261827546518 1.1660220587032235 9 50 617
1.1554434816038401 0.08142303572181131 1.1237792027636915 9 51 546
0.8740608016092417 0.0742578649878416 1.1676165040421063 9 51 626
1.9676448962537068 0.11531540116492889 0.9933890134949521 9 52 400
1.2365394941476213 0.08614742687956234 1.1080937493830803 9 52 526
0.9665199838597176 0.06812266839646641 1.1502823696188726 9 52 599
0.8401228206015774 0.07756218012045979 1.170463235783496 9 52 636
2.526289512391399 1.580978955839858 0.9365839564805726 9 53 32
2.5265485885386854 1.4203125457240109 0.9325554690034338 9 53 73
1.7223687103819834 0.11688830806285555 1.0283338394286965 9 53 432
1.6857145950981678 0.11865240938427135 1.0342174946172928 9 53 437
1.4957124909906818 0.1120338123735789 1.06432511605954 9 53 469
1.4565577560677427 0.1028604190885094 1.0703357471345814 9 53 478
1.4435380607469608 0.09120583441403696 1.0721208672039642 9 53 483
2.5289348141029278 1.5970251413458854 0.9325063643642775 9 54 28
2.5240987588685573 1.2688537003573535 0.924929597018041 9 54 110
1.8191318466523163 0.10420453846354816 1.0086346272060753 9 54 421
1.2214817351234777 0.09014878227514855 1.1043748918477836 9 54 528
1.1981724586070606 0.09126682657919716 1.1081513279468695 9 54 533
1.095159005887053 0.08631244090591261 1.124589067392181 9 54 559
1.084827041671932 0.08080888287175614 1.126110271250679 9 54 563
1.0215411221461668 0.08380300097482585 1.136362440418 9 54 579
2.5041098499264147 1.3656680224402173 0.9264359335300761 9 55 87
2.501551293136132 1.32084377934654 0.9256812316189773 9 55 98
2.5214152408921686 1.2988793331400195 0.9218847635999524 9 55 103
2.0200910346817604 0.11270800431792916 0.9722742019942122 9 55 394
1.5204804908630736 0.109528935895848 1.0532604261304221 9 55 465
1.5065214692114441 0.11127491861974326 1.0555710520049857 9 55 467
1.4150818993944232 0.10412324561575304 1.0702218224550157 9 55 485
1.373961329208394 0.10330535048533718 1.0768728964863596 9 55 493
0.9413563051065998 0.07460991780819848 1.1463205345255352 9 55 604
0.8716394123636775 0.07313114590954095 1.157594536328593 9 55 626
2.5461882413006585 1.552727164128691 0.9203696368484116 9 56 40
2.509863154510319 1.3578248528386254 0.9211054694688705 9 56 89
2.5161613873622413 1.3411288640721062 0.9196277296997879 9 56 93
1.9771249317640378 0.11260646477966563 0.9750362222139701 9 56 399
1.642780013923927 0.11910660471635048 1.0299552016631037 9 56 443
2.5258294276546156 1.422713858726834 0.9160460487611475 9 57 73
1.7663177872470728 0.10860182871243662 1.0055413868413001 9 57 427
1.341022639427732 0.09521635537199247 1.0754397810738694 9 57 501
1.0886418221431995 0.07733177860104723 1.1137177011990698 9 58 562
0.9926444310964264 0.07222359469217698 1.1295765967339617 9 58 589
0.9317444309650806 0.06728714760200738 1.1395898229015904 9 58 608
0.8927252383407043 0.07884993882024549 1.1464181425368092 9 58 617
0.8467556415508346 0.0666983743463625 1.153740340836241 9 58 635
1.4820136091396345 0.10525034991571713 1.0454298970728935 9 59 472
1.2899477391138892 0.09972394169225485 1.0775717794094741 9 59 510
1.0462588995709776 0.08454407995712132 1.118118453568206 9 59 571
0.8834758193567767 0.07368149961790049 1.1451827370419068 9 59 621
1.7430546735813497 0.11300119564778388 0.9978665683360067 9 60 429
0.8965892525346018 0.07115814006119359 1.1375861873236577 9 61 617
0.858506369749839 0.07171279165359201 1.1441203531840505 9 61 629
0.988073293648231 0.0774352184994005 1.119320154806307 9 62 588
2.5112091837143122 1.2405535004201402 0.8876805286038894 9 63 118
1.2667417849740616 0.1003256956515357 1.0687130060229428 9 63 514
1.1850576458464521 0.09625535080640613 1.0828083981261836 9 63 533
0.9784632815394549 0.0793211928217521 1.1182506669846837 9 63 590
0.9019708608153989 0.06650740899887886 1.1311687084271147 9 63 616
2.5159857357640876 1.419060217081872 0.8882175375959926 9 64 75
2.490311239704664 1.3550154101421008 0.8906820847721035 9 64 91
2.5033295462264697 1.346182338846904 0.888114018189806 9 64 93
2.518722693023127 1.2912088113526419 0.8836562271809916 9 64 106
2.4994611218929745 1.254769656021113 0.8858757021825118 9 64 115
1.3493554116904531 0.10009632738250329 1.050991134553377 9 64 497
1.1289506183847913 0.07177523066160152 1.088792381418168 9 64 552
0.9409721848983903 0.07397569977800833 1.1218734174110945 9 64 602
2.519312232479982 1.6043035854169816 0.8894424704295729 9 65 28
2.538793889878745 1.5897047510665236 0.8855167341093718 9 65 32
2.5036537959372174 1.4678700991614106 0.8877721698452915 9 65 63
2.4977811789629714 1.4440913433516802 0.8880377873201825 9 65 69
1.4603519531751366 0.11371054370061007 1.028441380232724 9 65 473
1.2479145718575646 0.09041272035891179 1.065306015608946 9 65 520
1.2041649932374956 0.09316812864554636 1.073143961754106 9 65 529
1.0861496531096833 0.07765992213026518 1.093539815693027 9 65 561
1.0253536080603334 0.07740262857121083 1.1042986318058134 9 65 577
0.8441323383771997 0.06641985009324936 1.1360358681447602 9 65 634
2.506161544372078 1.3471439331901744 0.8791384212743398 9 66 93
2.5254126231299887 1.2960042904494706 0.8740012644677945 9 66 105
2.5229336883739646 1.287743439840646 0.8741695671019667 9 66 107
2.5001859471951535 1.2767779882083006 0.8778680259867994 9 66 110
2.5025395997778475 1.2512703138601173 0.8766002701994399 9 66 116
1.5296620379729897 0.10420010185882167 1.0122491064893022 9 66 463
1.4478097461961212 0.10962830623836917 1.0270482460725299 9 66 476
1.3316557456630238 0.10077055824782244 1.0474990708401242 9 66 500
1.2154361269476823 0.0943375983416197 1.068042169204802 9 66 526
0.9972458617154001 0.08324714317215554 1.1066424843213256 9 66 583
2.5385267062389865 1.6142123921022171 0.8780921114570176 9 67 26
2.532670952155715 1.4000478333131217 0.87189200147063 9 67 80
2.478450211995483 1.3734835062198911 0.8807572193653412 9 67 87
1.4317589300380613 0.11290868431304246 1.0265633365375015 9 67 478
1.3908647459000143 0.10661558205282473 1.0337151402875633 9 67 487
0.9663020565491693 0.07733804353984075 1.1091864641738831 9 67 593
0.9146009926864305 0.0745669194721521 1.118403875651506 9 67 609
0.88692146866718 0.0728466114889934 1.1233306406893853 9 67 618
2.5245189158684145 1.4171904123844805 0.8696884362094892 9 68 76
2.5016619262100623 1.3853388701124967 0.8727394512584513 9 68 84
2.4746818750904125 1.3620322592195242 0.876834258739715 9 68 90
2.5198828103232023 1.2805512569449535 0.8658123483041538 9 68 109
2.4972544258468714 1.2569387360838582 0.8691063332625154 9 68 115
1.3549533589149605 0.10536797714299029 1.0367849640901503 9 68 494
1.045257130594975 0.08938224080986035 1.0924736241940447 9 68 568
2.5388709036905426 1.6041004945012358 0.8693779281451484 9 69 29
2.520025263554199 1.5608770533633127 0.8713078254597114 9 69 40
2.515187730186414 1.3442150649740459 0.8645704887883602 9 69 94
2.5124854390821234 1.3277390015233113 0.8644855862511821 9 69 98
1.0003042919195255 0.07702844706540235 1.097364368184913 9 69 583
0.9203597935132417 0.07354295119014309 1.1118797716592141 9 69 607
0.8739501902548172 0.07502299388435762 1.1204295607174868 9 69 621
2.529917914709455 1.4908404442409378 0.862807050068129 9 70 58
2.522463004991174 1.478877107529095 0.8637545115608762 9 70 61
2.5009751619574185 1.4270261983570751 0.8658629661548437 9 70 74
2.5356112004479643 1.4140311414921465 0.8590031253280197 9 70 77
0.8604020756948716 0.07528901666892374 1.120278643032612 9 70 625
0.8516989613731529 0.07843677754073397 1.1219981252884936 9 70 627
2.5050944043598795 1.451652557848368 0.8617651350263458 9 71 68
2.4864393104401072 1.2677550273730067 0.8585252331188132 9 71 113
0.9700105571396076 0.07318921376172938 1.0971571300954002 9 71 592
0.8931872059114714 0.06889053611513085 1.1112982718379683 9 71 616
2.534281519463029 1.5593952899446561 0.8560657501580958 9 72 41
0.9420373815541838 0.06870319088696197 1.0994229776895648 9 72 601
2.5130925067997407 1.4285784258265424 0.8509204054454044 9 73 74
2.5339129289778244 1.4199732449380236 0.8466570553609484 9 73 76
2.514510787215947 1.3959671044212532 0.8494189279305406 9 73 82
2.5223322622656164 1.32936861867021 0.8454211064000865 9 73 98
0.8313165605404094 0.07416056953546146 1.117789969232211 9 73 634
2.52115821879 1.6107314946800169 0.8521244489873503 9 74 28
2.535348595623911 1.5997617030732576 0.8489969349921571 9 74 31
2.544808166439 1.5728217673900362 0.8461568905857058 9 74 38
2.5044469624530876 1.3599418206129499 0.8456610347883281 9 74 91
2.5033407386458233 1.4979576327422897 0.8469696339449712 9 75 57
2.493168286302774 1.3774292468164324 0.8442072632512801 9 75 87
2.487605909383438 1.3032842063943033 0.8423743145723488 9 75 105
2.560090019959523 1.6099969038387698 0.8362179773329959 9 76 29
2.519714284752422 1.4586083951487163 0.8380130322724614 9 76 67
2.529777907414853 1.4177937964155882 0.8344393868207493 9 76 77
0.9525708965136268 0.08021211074750001 1.0866915028828936 9 76 594
0.9038085079292673 0.0782748359169343 1.0960591523820997 9 76 609
2.4889700733879643 1.382827053521166 0.836671632178353 9 77 86
2.502198281506831 1.3493190281700742 0.8327334827196031 9 77 94
2.558640603489799 1.6113739124474213 0.8280780156660954 9 78 29
2.503773785272177 1.460014753859308 0.8326471181977735 9 78 67
0.8549513294350102 0.07260425996151332 1.0972955103413855 9 79 625
2.5110742687062633 1.5681465266046832 0.827244252270499 9 80 40
2.5061925212188068 1.493250129394926 0.8250394614363585 9 80 59
2.518900295927894 1.4204758009319378 0.8194105608519687 9 80 77
2.5162684670363182 1.371122908956802 0.8178408407505007 9 80 89
0.8986230482185606 0.07648293846019105 1.0860597854835614 9 80 610
0.8730127655766335 0.07634865388011658 1.091170765845203 9 80 618
2.5288779080005876 1.473811098700295 0.8153748689526505 9 81 64
2.5153360905168736 1.3383639858796166 0.812259593869996 9 81 97
0.9365810269762056 0.06995604410973844 1.0753929144847096 9 81 600
0.9265394709114692 0.06983980590894978 1.0774094798189418 9 81 603
0.8246081014255264 0.07029134995647013 1.0979499026765545 9 81 635
2.5131486281853874 1.4299855393088938 0.8123326946765713 9 82 75
2.5122527351275035 1.417754551880447 0.8119787581753359 9 82 78
2.541350237020921 1.6064175873683781 0.8100883969010517 9 83 31
2.537359642106623 1.4878559550801007 0.8013015880685321 9 84 61
2.524908072588987 1.418654968763633 0.8007422241032206 9 84 78
2.496790063879361 1.3948075489867104 0.8054561362561927 9 84 84
0.9273528179927926 0.07374828809477507 1.0690201078691088 9 84 601
2.5031126655961797 1.5868933352132966 0.8086063339754598 9 85 36
2.5137913844648296 1.3448744533410708 0.7953043496656405 9 85 96
0.9481246164094692 0.07639060701428235 1.0620249245171618 9 85 594
2.5346838012983106 1.4891562471838942 0.7932402322372226 9 86 61
2.5091172171199343 1.4406627998092927 0.7963299332976485 9 86 73
2.530212937443721 1.3698438814476377 0.7886289328178008 9 86 90
2.5194461210603203 1.573239216495456 0.7960679505102535 9 87 40
2.493826991503146 1.453657363778765 0.7958233892506836 9 87 70
0.8386689334984618 0.07571142919305895 1.0766713720639602 9 88 627
2.5131272998425316 1.45468147863139 0.7831166407348445 9 89 70
2.5094924282143007 1.3932075283336642 0.7809114253633412 9 89 85
0.9167676155683286 0.07319707014773535 1.0571778641730436 9 89 603
0.852618973906659 0.08042039407558166 1.071233937285423 9 89 621
2.512794440344486 1.6333657984864978 0.7876206794350749 9 90 25
2.523361889334902 1.4957854018379204 0.7785799437645594 9 90 60
2.5163174127752885 1.4796285339512876 0.7793013369513413 9 90 64
0.8231135894442148 0.07400281475409942 1.074560115500029 9 90 632
2.536946927809952 1.5772927840287343 0.7710255592685028 9 92 40
2.523679644097855 1.3903464829343082 0.7644739210165574 9 92 86
1.1567439000349569 0.09049784120062832 0.9972100541343345 9 92 535
0.9061640134212681 0.07873651830971617 1.0513222990388034 9 92 604
0.8126281180500552 0.07373785296201296 1.0714904464212176 9 92 635
2.526937283835663 1.6324354715964695 0.7717210274354549 9 93 26
2.5020091386596484 1.5096762737749523 0.7709145660906855 9 93 57
2.4939605018596205 1.473558846291144 0.770834384605607 9 93 66
2.499595421237207 1.4082853843822325 0.7662521059359244 9 93 82
1.050977595050378 0.08867590743149845 1.0171844874478566 9 93 561
0.9990054297000357 0.0754204848637352 1.0279331914003706 9 93 578
1.2139617225599202 0.09794735028832458 0.9785449974007825 9 94 520
1.22434665616608 0.10032490033514097 0.9730715802061038 9 95 517
1.101802094995697 0.09630680824401194 1.000188575335248 9 95 546
0.9320977556785732 0.08486856231019169 1.0374323519711768 9 95 594
2.51362235403658 1.5989526378909944 0.7600575558298092 9 96 35
2.5539360863206073 1.580683150288639 0.7500309983374559 9 96 40
2.4815358535731544 1.4674783176976862 0.7602602287278861 9 96 68
2.49595298336182 1.422529747216511 0.7546282837619606 9 96 79
1.0490190214241502 0.09204276270943135 1.0087021506470042 9 96 560
0.9580003810603468 0.08210019658326484 1.0286129643819402 9 96 587
0.8594690667988791 0.08009281387551304 1.0506336048839184 9 96 617
2.4822780684927457 1.4841886221596723 0.7566488437233927 9 97 64
2.5124213802918454 1.4351350403636878 0.7471856709146524 9 97 76
0.8363129077619296 0.07286303218176449 1.0527315671961746 9 97 626
1.1946800600155965 0.09131820956442116 0.9694126923365483 9 98 525
1.175259981446615 0.0970311664067669 0.974147076197935 9 98 528
2.5207752903730443 1.45683058952847 0.7376184005458375 9 99 71
0.9286146274356746 0.08487657939688531 1.0267851823267873 9 99 594
2.509155653895804 1.6133432901787974 0.7446325653546273 9 100 32
2.4970250995839685 1.5102574960713706 0.7416592954653805 9 100 58
1.407850633328694 0.1085143864294198 0.9146021960845363 9 100 478
1.0704440856222532 0.09481393727215304 0.9917308045392279 9 100 553
1.0485368059358646 0.08470893430459281 0.9962224890030208 9 100 561
0.8442370130333801 0.07524245560688936 1.0428583116134453 9 100 622
2.514039660824333 1.5868291499255809 0.7376785107181019 9 101 39
1.2568066180998456 0.10460914246896724 0.9458780213520865 9 101 508
1.179545545615762 0.09034955549417023 0.9630285654383905 9 101 528
1.1699945538740801 0.09100533467328509 0.9652858384200982 9 101 530
1.1576338949613953 0.09023025937208606 0.9681150806076557 9 101 533
1.1445534459380249 0.09031153680645065 0.971160189061409 9 101 536
1.1350969161666664 0.0911836705185971 0.9734077716737655 9 101 538
0.891522814914294 0.07901919777144695 1.029335930350927 9 101 606
0.8064246471688079 0.07185292991783587 1.048710356891316 9 101 635
2.485153419631995 1.4954530520903169 0.7348465525575323 9 102 62
2.506046716857518 1.4506935791297662 0.7273882758339281 9 102 73
2.5007431632515322 1.6538018633936766 0.7359977135672204 9 103 22
2.532843781559058 1.6323168326937452 0.7271865864230593 9 103 28
2.5082857891497334 1.5284367989282384 0.7269395191925934 9 103 54
1.500679918284718 0.2060821242232196 0.8875430411434626 9 103 440
2.490474959468517 1.607606353927502 0.7314239168899899 9 104 34
1.355086464949156 0.10894419285638302 0.9126596477624583 9 104 487
1.038308527713531 0.08765934354396254 0.986548173446985 9 104 562
1.030434432586869 0.0796032822127537 0.9879424415550813 9 104 566
0.9766727761856164 0.08134440016621403 1.0007969864431765 9 104 580
2.509996094600547 1.5298182666103957 0.7178200351875715 9 105 54
2.478187063086043 1.4893492002106472 0.7230092255313432 9 105 64
2.4925049477318044 1.4772069086837747 0.7188682554046151 9 105 67
1.452847704917132 0.19974096972294664 0.8911635901731645 9 105 449
0.9410365182888851 0.08043925902654414 1.006284064374713 9 105 590
0.9303057814080589 0.08081739302190494 1.008868925401544 9 105 593
0.8348126941621035 0.08170819594223322 1.0317245400613646 9 105 622
0.829016092558645 0.07341125937379367 1.0326153353362622 9 105 626
2.5319794602722703 1.650147152883087 0.7153656341732645 9 106 24
2.5170369782623405 1.5184925821099897 0.7110374779682825 9 106 57
2.5077056176991883 1.4696237947450164 0.7103407196995772 9 106 69
2.531865813653708 1.6273770006279378 0.7096404275020627 9 107 30
0.8575071976668047 0.08258805319881368 1.0207878202671257 9 107 614
2.5082724328695605 1.658000431296027 0.7128823178214712 9 108 22
1.1234215033955168 0.09230334070807222 0.9538251839682806 9 108 539
2.500697500752656 1.496053948657824 0.7003214456617071 9 109 63
2.5070124182519082 1.475662031714259 0.6975038912187177 9 109 68
1.3919519645122107 0.20363086379157358 0.8917047189760253 9 109 458
2.5227193441611258 1.6212711120912782 0.6983235651140413 9 110 32
2.5020548613874847 1.5290709314123623 0.6976194745288813 9 110 55
0.8979596324592811 0.07779168190515917 1.0021156611150133 9 110 602
0.8079432366609622 0.07544534414921755 1.0241815422280218 9 110 631
2.5200907333842726 1.493352366851268 0.6864351481904447 9 111 64
2.467979956723997 1.460885661518807 0.6973119403437394 9 111 72
1.3714548152958048 0.2094437633499322 0.8900163314922753 9 111 460
1.3597557641767586 0.19256063426244818 0.8918475909723291 9 111 466
1.0533233870402166 0.08169442634232826 0.9609023075018905 9 111 558
0.9703976840165887 0.08550114488379634 0.9817414095913309 9 111 579
0.8461616455883361 0.07663819792380888 1.0120346919371939 9 111 618
0.838337733552674 0.07859125337278128 1.0141022714577228 9 111 620
1.090322334191998 0.09164030043359261 0.9459867641418993 9 113 546
0.8787954323918563 0.08576376975055355 0.998823248559566 9 113 605
2.5144559568259757 1.6395170446770777 0.683973774398174 9 114 28
2.5057128125939183 1.619464195458871 0.6848691205075239 9 114 33
2.521026422050317 1.528039663652595 0.6749805238244507 9 114 56
1.3010373383021474 0.19886775700919435 0.8964958036560554 9 114 475
1.058015101102642 0.09060081700302325 0.9509118077640659 9 114 554
0.9416548763172368 0.08674135819947804 0.9801210644629387 9 114 586
0.9321096576957129 0.08966198194763542 0.9827299928040296 9 114 588
2.518869688215619 1.6049968590840116 0.6761533769605959 9 115 37
0.8487914075626348 0.07294197762617971 0.9999120607391744 9 115 617
0.7929545016009854 0.0738033715674411 1.0141976489916589 9 115 635
1.3455402097764835 0.22199354069022514 0.8797177682165733 9 116 461
0.8171685146006422 0.08037656346981525 1.005700956510579 9 116 625
2.5097536772042255 1.54207022451188 0.6653479811800518 9 117 53
0.9723741145352931 0.08546635284103687 0.9632268861209061 9 117 577
0.9260216630920277 0.08559783277050936 0.9751973598897894 9 117 590
2.5278971419733662 1.6629116213903545 0.6644388686093096 9 118 23
2.5142362574959067 1.6464199723077146 0.666855445528323 9 118 27
2.5328036862271537 1.6197486720623466 0.6602049771866578 9 118 34
2.5281609467709485 1.6115735945347842 0.66085001705221 9 118 36
1.280040992813804 0.21323638185203064 0.889073538449827 9 118 475
0.9160105001695986 0.0881976957455799 0.9750303670882814 9 118 592
2.51037827945931 1.5313077796519148 0.6554640912774495 9 119 56
2.485747924847043 1.482231353746508 0.6585000580588196 9 119 68
2.4531489500704815 1.4741943339288244 0.6664614774263222 9 119 70
0.9609135712258055 0.08819270146209801 0.960365167082611 9 119 579
0.8789837736992105 0.0831735747049025 0.981425984730038 9 119 604
2.534995834481718 1.6570191661107148 0.6532830274058525 9 120 25
1.3034138865835696 0.22267326773517992 0.8767142706529711 9 120 468
1.0116554092952723 0.09680861977252642 0.9446173378869295 9 120 563
2.501958704002804 1.512210251978976 0.647320461607427 9 121 61
1.3396544728165294 0.22331371337436923 0.8636949718789084 9 121 461
1.247551692363746 0.21688034148195667 0.8876069210287313 9 121 480
0.8126619068511991 0.08062275988568857 0.9930282551191467 9 121 625
0.7870703232386504 0.07868143440128406 0.9996615340611401 9 121 634
2.557288777709116 1.663886819068232 0.6389024710733631 9 122 24
2.5089580166559147 1.6294715754440314 0.6493101284340126 9 122 32
1.2373701785378477 0.21211407870425458 0.8865816083959501 9 122 483
2.4789235124369524 1.5335314038372614 0.6459783968774386 9 123 56
1.2012931829373017 0.20459599706683784 0.8923144644993493 9 123 492
0.8382306359242642 0.0814257107830898 0.9806693046614745 9 123 616
2.506505493199546 1.638716261815136 0.641725043947591 9 124 30
2.5061691506946104 1.5468623824602419 0.6351250964937408 9 124 53
0.9395287366975982 0.08305569217230602 0.950659226970302 9 124 585
0.820688390354364 0.07881391744730903 0.9823737361853977 9 124 622
0.7929780927623156 0.0792626866804913 0.9898734177421049 9 124 631
2.497896122173593 1.5107917311487222 0.6301899618152507 9 125 62
2.4853642245386043 1.6468636260224703 0.6391699081257285 9 126 28
2.474524122746282 1.4868238621804353 0.6302402361011068 9 126 68
0.9112591004876787 0.08143607415880738 0.9522408963365826 9 126 593
2.5019082925873066 1.620977250310623 0.6282557907491805 9 127 35
2.4646163386669313 1.5600042882143033 0.6339162622091012 9 127 50
2.5011351262253867 1.5528972914224923 0.6233627325028386 9 127 52
1.237122618703852 0.22553617516967872 0.8706651657964042 9 127 479
2.486212278419271 1.65621809519272 0.6307702759102657 9 128 26
2.4877797973722107 1.5371211438381944 0.621321085925759 9 128 56
1.1995016740308575 0.21910406380771508 0.8771588107847168 9 128 488
1.1849227318072593 0.21511256714756888 0.8808810504903771 9 128 492
0.8042619841626415 0.07574737680986665 0.9754090956862065 9 128 627
1.171089731455244 0.21405653581308615 0.8813104947005055 9 129 495
1.158705521980699 0.21262352464090206 0.8846400014828513 9 129 498
2.495438478717542 1.505952542137615 0.6077088089065982 9 130 64
1.284294386839371 0.23973308963459017 0.8483534643637043 9 130 466
1.2207560164597822 0.22875014001350058 0.8652554752694995 9 130 481
1.1437029597394073 0.20882001325406474 0.8852425323042238 9 130 502
2.4985429624821522 1.6356541087906962 0.6123560769289964 9 131 32
2.5157547617540774 1.6286188847899468 0.6069716550863338 9 131 34
2.474455403330193 1.5510323344981123 0.6125352888900166 9 131 53
2.5111132570274473 1.5396384827557394 0.6013470364308597 9 131 56
0.952497945668662 0.0897036192945233 0.9264182143658211 9 131 578
0.8592689770620823 0.08640266447750466 0.9523589077251556 9 131 606
2.5155965015063577 1.5281001050534848 0.5945837490589652 9 132 59
0.923713691208865 0.08087935782761058 0.9308085490647164 9 132 588
0.9042152395273373 0.0875246872434996 0.9368423202067389 9 132 592
2.496142499042509 1.6645584634833999 0.6063261833119309 9 133 25
2.4750098114847097 1.4914434200632907 0.598603646178121 9 133 68
0.8314920960455696 0.08289033952981395 0.9541730738363097 9 133 615
0.7754172243999533 0.07648173993914531 0.9696082258301439 9 133 635
2.512096756605318 1.6426215583526638 0.5955191444990866 9 134 31
1.1003220299503116 0.2166629053213589 0.8851325471249938 9 134 509
0.8722172221217579 0.07934089899829089 0.939376269288372 9 134 603
2.488016129580397 1.5460453207241533 0.5901074578555139 9 135 55
2.4836160269161813 1.4969115753614437 0.5874046391577374 9 135 67
0.9084182377941701 0.08753662967758347 0.9266839755028397 9 135 590
2.4891668918332015 1.6585785694321777 0.594370189641148 9 136 27
1.1392896839710112 0.22050864888913235 0.8677239518681492 9 136 499
0.8961811604265757 0.08472717068476632 0.9269954639524645 9 136 594
0.7797232438325652 0.07119261835427104 0.9595866360231535 9 136 634
2.5127402997368025 1.5397727843741125 0.5732385441436756 9 137 57
0.8165569064259124 0.07349767904573357 0.9462560911030029 9 137 621
2.486338361134973 1.4989363672768903 0.5729416833619808 9 138 67
1.0921498695125762 0.21703060698444876 0.874638649084572 9 138 510
2.4778206044517566 1.652327356580098 0.5836566319687018 9 139 29
2.4768708562650787 1.4871868823618337 0.5701157882703277 9 139 70
0.893128888592341 0.0851814566632143 0.9189580920025582 9 139 594
2.500511495350502 1.5416442635551288 0.5630852826750642 9 140 57
0.864589889004485 0.08621145878204195 0.9244979827544831 9 140 602
2.4945782743404683 1.6666950730069718 0.570863575400335 9 141 26
2.5117220263801148 1.6598770912355822 0.565179064856826 9 141 28
2.473429692915353 1.4967727163484357 0.5626900159202193 9 141 68
1.0476631278864337 0.20823137598454156 0.8774337438688073 9 141 522
2.4473508466694103 1.6798357006992175 0.5815896592087588 9 142 22
2.505595257216571 1.5513730380022293 0.5531176481359875 9 142 55
2.4676729961650365 1.5056447625262128 0.5605439281641154 9 142 66
0.7852905933548189 0.08067432603584357 0.9418567163567884 9 142 628
2.5082015537409057 1.6691352772555368 0.5578809742520685 9 143 26
2.5084356070063616 1.6333061312864052 0.5547067534425145 9 143 35
1.0846545713499824 0.2321693236214808 0.8620141377087654 9 143 507
2.520117629544572 1.6627306285542833 0.5491351256199531 9 144 28
2.4939156948865726 1.5566083346515496 0.5477972708310545 9 144 54
2.5197302435270412 1.540718821476498 0.538593003441493 9 144 58
2.450378566192489 1.5027805139386785 0.5562767896923653 9 144 67
0.8065851277638143 0.08243922373359824 0.9298962634889909 9 144 620
0.7965088087461853 0.08355321781281289 0.9330444824732569 9 144 623
2.486859690786796 1.6810654505789038 0.5562658895915561 9 145 23
0.8134706140229939 0.08444057385994697 0.9251009321504955 9 145 617
2.511869198733058 1.6756896544773634 0.5435829404369537 9 146 25
2.4809470387986408 1.524956505744256 0.5396589062411519 9 146 62
2.502106169469482 1.4960934001444235 0.530616364516867 9 146 69
2.5151198052587005 1.6567673930264 0.5362849908138851 9 147 30
0.9971966865835553 0.2159126856680278 0.8714155598298323 9 148 531
2.489477094690933 1.5477651996972535 0.5250744845405895 9 149 57
2.4911643250228046 1.539571430949821 0.5238030938676714 9 149 59
2.5120372903371733 1.498176799234467 0.5135360797759092 9 149 69
0.8400623952374289 0.10260431115176116 0.9068891781021469 9 149 603
0.8201354706838246 0.08343982299445507 0.9113466713496317 9 149 614
2.4896282784751085 1.6930437222645094 0.5336840948455492 9 150 21
2.482598093924642 1.5325777115516281 0.5164627557533457 9 151 61
2.487722706295248 1.5202440467924996 0.5137084747516807 9 151 64
2.517033940538636 1.4911213868102524 0.501788819906774 9 151 71
1.0364038896833954 0.2269422885806176 0.850723786485954 9 151 518
0.780873373578205 0.08407537237149576 0.9179142224246268 9 151 626
0.7590651667351305 0.07741419653254478 0.9241605946590512 9 151 635
2.508731126301378 1.672244734645612 0.5165294463303324 9 152 27
2.4751822058540056 1.5495699389045137 0.515698278207984 9 152 57
2.506371708978873 1.5128007116908313 0.5023988765183538 9 152 66
0.9817604295611615 0.21919978963791453 0.8609859327739073 9 153 533
0.9543425224940973 0.21162585143462298 0.8689958673140481 9 153 542
2.5016563868669524 1.6733457204240094 0.5096002313565741 9 154 27
2.496077457672199 1.6896123780662458 0.508301985954162 9 155 23
2.505974974425116 1.493832760017149 0.4864116568792405 9 155 71
0.9878934372971881 0.2232438080564645 0.8531626612011058 9 155 530
0.7721371187213155 0.10293234515783212 0.9110459881096307 9 155 623
2.4852991771107384 1.6579308283617478 0.5041030176100474 9 156 31
2.4897566225508636 1.5362142321298724 0.49093987511075876 9 156 61
2.5145793199723308 1.4952289116871424 0.4741495325425181 9 157 71
0.750078996632749 0.08250955551740469 0.9105236840032793 9 157 635
0.911952694604494 0.21256587368664448 0.8675143494562755 9 158 552
0.8296051416421377 0.19613707634041466 0.8928141975794155 9 158 580
0.7679604348443407 0.16731655836913406 0.9101373689625125 9 158 607
2.5049607340758797 1.6655102887947932 0.48443337027393707 9 159 30
2.4899290087976778 1.5424916846519572 0.4772450912575409 9 159 60
2.496270512951222 1.5091756770760696 0.47187808640461015 9 159 68
2.493383004798673 1.6775178069173722 0.48475274843362837 9 160 27
2.471769098569403 1.5633864572969962 0.4805537359471559 9 160 55
0.8984550173522363 0.20968811620450967 0.8656290121113892 9 160 556
2.4791406695884204 1.5519584893110343 0.472239085343203 9 161 58
2.4881512094993057 1.5272314560475837 0.4667731983742799 9 161 64
2.505920291542342 1.5106467774692163 0.4592147965493847 9 161 68
0.7960725604545462 0.19076161886895804 0.8947066035421198 9 161 591
0.7414896936047133 0.16352644126007498 0.910099821025673 9 161 616
2.489058653788528 1.6875483177762791 0.47317463837058227 9 163 25
0.7231960491532239 0.15859116648585836 0.9101679727694596 9 163 623
1.345235822650392 0.2607985564494426 0.7081240460447673 9 164 445
0.6973014799522069 0.15573214193634 0.9103930741078371 9 166 632
1.3725419879736436 0.2738394797466288 0.6887872079386282 9 167 437
1.3338276237010012 0.2587433059003861 0.700464887246737 9 167 447
1.1386258804277134 0.2389589104282024 0.765240613649302 9 167 489
1.043269478782793 0.24372374483032955 0.7983938618740694 9 167 509
0.7490224536740553 0.18933814097439639 0.8934660525496794 9 167 605
1.301004200459379 0.26516672694548915 0.7049414411354731 9 169 451
1.2682340335402689 0.2548821142385278 0.7078259813557732 9 171 459
1.233292171568895 0.2529343130876591 0.7198283383627133 9 171 466
1.18301946757815 0.2598996939147922 0.7346143346489099 9 172 474
1.005270052343769 0.23576201049011702 0.7944334871944945 9 172 519
0.6943721532301261 0.18324193389048404 0.8979441893681646 9 172 624
0.9653641824431665 0.23050681603641587 0.8047037128632692 9 173 530
0.9232138960392915 0.2294211939161095 0.8163574423775942 9 174 541
0.8908651127901612 0.22849910843521792 0.827733996861646 9 174 550
0.683475623760353 0.18065340598890933 0.8960545485456362 9 174 628
1.2673271568831508 0.2615445466763169 0.6940929485829636 9 175 457
1.2008616870405873 0.2555245339310508 0.7171273760551155 9 175 471
1.1389793221503257 0.2576543538990541 0.7394307143736986 9 175 483
0.7222840759630911 0.19228178398275952 0.880779231366738 9 175 611
0.6626928358364881 0.18549645927540714 0.9012774844680991 9 175 634
1.2396516266333273 0.2657433051906757 0.7007727136379482 9 176 461
1.1007407219885954 0.24918327008984287 0.7487077955971386 9 176 493
1.0272824299782377 0.24352092932129876 0.7744020385725082 9 176 511
1.1746430553189915 0.25494268398529707 0.7193121270476351 9 177 476
0.9435247924753727 0.22941303596842344 0.7996844343075438 9 177 535
0.8231444782479005 0.21973699776288447 0.8419541613044701 9 177 571
1.2463068729884508 0.2676250119947232 0.6912490947279978 9 178 459
0.7335459633612265 0.20114364615800562 0.8693229105226852 9 178 604
1.1675805514893403 0.2510478873532418 0.714313285844707 9 179 478
1.063731626954135 0.24353717777241002 0.7512322986278432 9 179 502
0.9239631609581664 0.236025939090303 0.8012169104978172 9 179 538
0.8716156317259769 0.23219304473337044 0.8167764706889111 9 180 553
0.9842892635283618 0.24477584969092536 0.773790381693283 9 181 520
0.974188622248606 0.24275851138631488 0.7772677183549408 9 181 523
0.7617142210424086 0.21601253964010314 0.8522284643632672 9 181 590
0.7036025016236301 0.20257382662485623 0.872022854476513 9 181 613
0.6796021260887883 0.19687512216414915 0.8801808686069997 9 181 623
1.1054824172190048 0.2444438988008657 0.7257664118823361 9 182 492
0.9542300214929369 0.2379860670318643 0.7808486599048036 9 182 529
0.7902446386882043 0.21875950042921355 0.8391461881174433 9 182 580
1.1586953182563675 0.25992102099949865 0.7043671841399445 9 183 477
1.0531720844281365 0.2501469707725996 0.7423659155676666 9 183 502
0.9342103689975407 0.23770237917657733 0.7850368818189051 9 183 534
0.6521803659504758 0.1984530449068449 0.8850585019326244 9 183 632
1.275289589281395 0.27093548121229727 0.6586428969715992 9 184 452
1.2552047541952316 0.26940576505570535 0.6659491974934137 9 184 456
1.2472140775785736 0.26279838428798996 0.6681488967500722 9 184 459
1.1963341142194035 0.26564620634379965 0.6874500489415517 9 184 468
1.1853637919538333 0.2662691566442219 0.6916126579218587 9 184 470
0.7227732926404427 0.20852060869312883 0.8572360906158526 9 184 604
1.1173913962614157 0.2523815362227171 0.7118130611458089 9 185 487
1.012376804982073 0.2504117833275141 0.7509134624148807 9 185 511
1.149933651322018 0.26521263814179097 0.6975925953311497 9 186 477
0.6702312895339084 0.2039789963922245 0.8708243218296503 9 186 623
1.1038699053521104 0.2545196125527516 0.7101675483647207 9 187 489
1.0841855124103406 0.2514582998228958 0.7172438223120544 9 187 494
1.0220920231939774 0.2516678963785195 0.7407519452625672 9 187 508
0.6962370100053463 0.205733485732021 0.8584626770631266 9 187 613
0.6484738722630781 0.1990625591161459 0.875723926896013 9 187 632
0.9186435271080442 0.2375396013157829 0.7750086465164217 9 188 537
0.8596949039379376 0.22615356157784205 0.7960313102143864 9 188 556
0.7196970095224469 0.21576762647718328 0.847974148314868 9 188 602
1.3007631724320503 0.26533000974600696 0.629318279881106 9 189 448
1.1645057234580964 0.26326234392774284 0.6810930833918712 9 189 474
1.031282219798738 0.2494797215373019 0.7302822250223798 9 189 506
0.981754123552737 0.2525935857477428 0.749572723650207 9 189 517
1.2849558871178703 0.2681293127568063 0.6318729507100964 9 190 450
0.7547824027648189 0.2229219983944879 0.8297310589202785 9 190 588
0.6658333592697565 0.20548996984424894 0.8617188621582437 9 190 623
1.0680588333430625 0.2547384633040246 0.7100009958243481 9 191 496
0.9188078965409101 0.23865945626369922 0.7655495659015381 9 191 536
0.8610406911416559 0.22967086251693525 0.7867082109338603 9 191 554
0.7983329888073041 0.22333261355855916 0.8100984216867235 9 191 574
0.7754415566003465 0.21976535990635826 0.8184823068121491 9 191 582
1.1510914961708019 0.2555667228089862 0.6744960446359058 9 192 478
1.141907666689751 0.2508013984707893 0.6774610822317368 9 192 481
0.851344908799553 0.23164633725690154 0.7876193580144929 9 192 556
1.241030779265369 0.27023543452692156 0.6377247238264224 9 193 457
1.2219382214358603 0.2683193798139625 0.6449149212542835 9 193 461
1.0599956097598093 0.24817180976062225 0.7054149715475095 9 193 499
0.9666397706695231 0.2480779237491475 0.741732033164167 9 193 521
1.1282942247578416 0.2527184936694602 0.6758330333666571 9 194 483
0.983320828313802 0.2549239470051827 0.732792253575289 9 194 515
1.4715304571245227 0.2819632697696366 0.5411274879417268 9 195 416
1.1611309720483427 0.25747892024782404 0.6599584230222402 9 195 475
0.6447174328628457 0.2063929121290009 0.8563474847575838 9 195 629
1.0793646456896926 0.25708627486338953 0.6885373687238681 9 196 492
1.0544215979999185 0.2509278302819631 0.6975967305743591 9 196 499
0.7018738029724583 0.21505014540235656 0.8321626850232358 9 196 606
0.6896980111615236 0.21961044876228852 0.8375491248962377 9 196 609
0.6701053612168028 0.21180091735644613 0.8442864894855179 9 196 618
1.4094325700646977 0.28282698150456764 0.5574663023751393 9 197 425
0.8399771896230694 0.2356886529862079 0.7772162507457041 9 197 557
1.4308749725150371 0.28996953228957145 0.5457538841882823 9 198 420
1.387172925279071 0.2754484047467525 0.5612892220407468 9 198 430
1.3431410757168316 0.27175263287211604 0.5783528135187443 9 198 438
1.1949267283567542 0.2653951083913779 0.6365749756465313 9 198 466
1.1331682436609642 0.2581071057809865 0.6602366003014863 9 198 480
1.0571180227140666 0.2551047128447679 0.6901444699414275 9 198 497
0.8976115010180665 0.2506459229980553 0.7531099788222243 9 198 537
0.7683058843575921 0.22510998969753926 0.801324949128965 9 198 581
0.8017236005907169 0.23079065486586847 0.7857302414371315 9 199 569
1.3770219662845644 0.2861268933242067 0.5586309629042501 9 200 429
1.3595357840238793 0.28533553300066816 0.5655581883602144 9 200 432
1.2838480950403037 0.2666864386007437 0.5935531444751796 9 200 449
1.15890221471246 0.2599410129558679 0.6429084643570564 9 200 474
1.425945154443954 0.29166324359951057 0.5355472058333508 9 201 420
1.1861607333927724 0.26622037236027407 0.6290575297518102 9 201 467
1.1423951958014562 0.2605780269472686 0.6459937995180914 9 201 477
0.8973864285785667 0.2472929617706625 0.7400171040428041 9 202 537
1.369143989910744 0.2900030975264969 0.5501869281367535 9 203 429
1.2400657108113786 0.26845432102374267 0.5999381704173082 9 203 456
1.1204132039776566 0.25699075207687216 0.6471892027772423 9 203 482
1.0098372860837939 0.25019760226759713 0.6913617194211068 9 203 508
0.9758330662597898 0.2506355482870066 0.7052819303843978 9 203 516
0.8441820076593145 0.237026350997662 0.7571386487376236 9 203 554
0.7860219336470355 0.22588902215123485 0.7793655205828298 9 203 574
0.6302384897372812 0.20998538927018107 0.8407545148652446 9 203 631
1.1731042385640922 0.2663772388218688 0.6232527303266284 9 204 469
1.3553317889269492 0.28981496921635896 0.5477307789643994 9 205 431
0.9107369658283164 0.24649719735276943 0.7247981509208706 9 205 533
0.7387014934332201 0.22728012642588968 0.79298339443536 9 205 588
0.6857833044699837 0.21874606640106653 0.8136038515049323 9 205 608
0.6624453537421813 0.21588084322494572 0.8228189152298456 9 205 617
0.6536774728889341 0.21649624429078118 0.826508865865327 9 205 620
1.3011728873461856 0.2848525027533191 0.5653991371077487 9 206 441
1.087803561695461 0.26254687078849237 0.650554510367833 9 206 487
1.0070431102044062 0.254482502779684 0.6828371616538069 9 206 507
0.792659755115299 0.234453289182601 0.7687201403035343 9 206 569
0.785538813912297 0.22732424226762182 0.7706967415736525 9 206 573
0.6339914879131856 0.20876121409006343 0.8308103505571108 9 206 629
1.118922270775057 0.2594734800181242 0.6336486482658411 9 207 481
1.1075660133086864 0.26101364474882693 0.6385731578649958 9 207 483
1.0654805388378437 0.261040994615811 0.6560484803000229 9 207 492
1.041992903259039 0.2577458703353406 0.6653499546305202 9 207 498
0.959663990420363 0.255128450927248 0.6991715265747488 9 207 518
0.9846878440173683 0.253979867876025 0.6852392243729164 9 208 512
0.8738246604940418 0.24318131215992622 0.7299908072720136 9 208 543
1.3891224413128131 0.29466017413487466 0.5180380465159936 9 209 424
1.2749591080518694 0.28526481382846347 0.5645657644826092 9 209 445
1.2448034037799531 0.2780645223118072 0.5762046906401459 9 209 452
1.180788020449716 0.2735285422663054 0.6023954730203955 9 209 465
1.1548902744514786 0.27379931900973764 0.6132816862896271 9 209 470
1.1158308281101827 0.2691272521889636 0.6289993763454707 9 209 479
1.0502284954025662 0.2609515224450818 0.6553526710797499 9 209 495
0.7830660374411067 0.23111627312933036 0.7631527190123736 9 209 572
1.3428546615909043 0.28684357689399276 0.532293698679105 9 210 433
1.3278367457375806 0.28450082231513796 0.538287989942228 9 210 436
1.1412358007431134 0.27613786012940067 0.6156484103307163 9 210 472
1.0137524531912965 0.2611989102104304 0.6672193571864795 9 210 503
0.9516980249882445 0.2564529482964857 0.6926729209784136 9 210 519
0.6953940988373959 0.2235083138885019 0.7959517924579687 9 210 602
1.3994640992576155 0.29004164613297556 0.5005912118293837 9 212 423
1.2948085239439688 0.28578155448127407 0.5444277851411305 9 212 441
1.2125375273791088 0.2756355115776592 0.5779334376952514 9 212 458
1.127540004117733 0.28212660092374175 0.6149337635854201 9 212 473
0.9886936148149372 0.2589636932712558 0.670631881011717 9 212 509
0.97863823309282 0.25650255581156944 0.6745555079237275 9 212 512
0.8315520013937698 0.2337232211203164 0.7306635355672413 9 213 556
0.6670723917261943 0.21850558105621687 0.7958127589351387 9 214 612
0.6398496091970187 0.21776726038186878 0.8073695439320517 9 214 622
0.6221500530176449 0.207467918445853 0.8107114693439135 9 215 631
1.262009310768589 0.28179085933190295 0.5420751816164966 9 216 447
1.1647724449399022 0.2732066734085712 0.5828658442726946 9 216 467
1.0779975390253655 0.26352466344083947 0.6189770798918653 9 216 487
0.8278451532852071 0.2349967631608485 0.7229888900105196 9 216 556
1.2787977767126626 0.29474034546590744 0.5327136310818421 9 217 441
1.0032353661921263 0.2530493412314252 0.6463064323679184 9 217 506
0.8368722114014409 0.24756300929836672 0.7177315809036502 9 217 550
0.6809127230269217 0.227190868457527 0.7824876699972547 9 217 604
1.2077835443019616 0.2839889111203635 0.5581385559675317 9 218 456
1.125496572256873 0.2751655231828578 0.5927335546806913 9 218 474
1.1018078238787636 0.2618253605769163 0.6011218175187829 9 218 482
1.0571233847395152 0.26409455714934005 0.6209350018646079 9 218 491
1.0207509698688737 0.2603775568391893 0.6362532865066921 9 218 500
0.7633514898474838 0.2416180039526572 0.7457548144806273 9 218 573
0.6406051151909969 0.21970362846632963 0.7960865883961584 9 218 620
1.3352361077100487 0.28676349164863035 0.49887457130827617 9 219 433
0.932598958475021 0.2597731440964317 0.6712540528411353 9 219 521
0.7116590962106129 0.23389551505400075 0.761274982598866 9 220 591
1.1558494298558712 0.28062124761054386 0.565223788391203 9 222 466
1.1077747728902656 0.27475384433541516 0.5856815572142322 9 222 477
0.8792815741883284 0.25223930408841966 0.6837144042405903 9 222 536
1.2060932249527092 0.2818351730346793 0.5392315845971725 9 223 456
1.1408764485145038 0.279643152907453 0.5679663300994988 9 223 469
0.852934951098572 0.251861331743199 0.6921251776240205 9 223 543
0.6522317537564595 0.22462673054721405 0.7774896083611377 9 223 613
1.3130763308945208 0.28198797438788814 0.48748624086004155 9 224 437
1.194478638347407 0.28183990779612 0.5405443760430257 9 224 458
1.1266951646904448 0.27816476897669773 0.5703289449537273 9 224 472
1.082624968602633 0.2699737453739095 0.5888206270841086 9 224 483
0.9725718385138156 0.26450256599714494 0.6372534108850174 9 224 509
0.6176296178905772 0.21843473456239115 0.789181000932441 9 224 627
1.2605799340582866 0.2812298849184498 0.506868801145842 9 225 446
0.8959871992263864 0.2598978016280733 0.6675263461969316 9 225 529
0.8327629169407005 0.24843948349786538 0.6942118464950274 9 225 549
0.6836378408664675 0.2301019412954839 0.7584690133264731 9 225 600
1.3478258740693732 0.2728468472961758 0.46220042640516446 9 226 433
1.2385992297864756 0.275628962701878 0.5119335519005991 9 226 451
1.0596246716326474 0.2722281418035162 0.5922130334364272 9 226 487
1.2905426230875436 0.2835909582068432 0.48562654647344583 9 227 440
1.0411105091096462 0.26737522946460923 0.5962345395822252 9 227 492
1.0252959809646096 0.26951745349565903 0.6037324790607768 9 227 495
0.9568144592879868 0.25607999029298023 0.6292750397479848 9 228 514
0.9257206752373162 0.2547523550912594 0.6432288281151682 9 228 522
1.179834152265842 0.27206372040893 0.522424856389812 9 230 462
1.094838362311836 0.27995881059332106 0.5626865693869438 9 230 477
0.7651729761255675 0.24279960617716823 0.7083005103930147 9 230 569
0.7523234504975718 0.2426272952836246 0.7141747058839966 9 230 573
0.7056284517940036 0.23469458148632594 0.7343846909125601 9 230 590
1.107460347375648 0.27667140376766586 0.552633489387005 9 231 475
0.900834139988413 0.2565518293155189 0.641417592315879 9 232 527
0.8528199164521904 0.26341939540862813 0.6647359042842211 9 232 538
0.6537685944603902 0.22760203376877275 0.7512941953289184 9 232 609
0.6333784565097349 0.232582148494485 0.7615213467298553 9 232 615
1.206849875498963 0.2784957285794758 0.49918401740044804 9 233 455
0.99678494705118 0.26650410334232055 0.5949931775430553 9 233 501
0.9578567260628499 0.26713461144664397 0.6131992181794833 9 233 510
0.7463577917990332 0.24286268986278525 0.7077332877176603 9 233 574
0.6144990156320622 0.22366822706035316 0.766028035238481 9 233 624
1.0504546150118648 0.274183067882376 0.5675899543448012 9 234 487
0.6969516410014372 0.23374938203322548 0.7262779729502251 9 234 592
0.8448377413724524 0.2573431677637217 0.6576832496282092 9 235 541
1.0882586335405307 0.2853781320978752 0.5442536451811777 9 236 476
1.0320082595101514 0.26846399449915026 0.568030958257111 9 236 492
0.7597318737932863 0.24707564088875822 0.6928446689611869 9 236 568
0.71952254113577 0.2378067354927227 0.7102948827400987 9 236 583
0.6258582566556654 0.22700265915435214 0.7526774365994467 9 236 618
1.1628914492068798 0.27666510366558783 0.503804495734669 9 237 463
0.9453321181340424 0.26376481418300224 0.6046280352511229 9 237 513
0.9341272654657415 0.2627061543049991 0.6097569937587681 9 237 516
0.8109294628871655 0.25342741496187093 0.6665316454265704 9 237 551
0.6738716915941705 0.22580030881737345 0.7268973801766329 9 237 601
1.2251394273561802 0.26896325506906504 0.46908497455032383 9 238 453
1.0040223221040414 0.2720959934645222 0.5746228963651872 9 238 497
0.6558815427106675 0.225602956995254 0.7324344324071046 9 238 607
0.6011506360489446 0.22540576475986907 0.7583991791590325 9 238 627
1.0840079953556498 0.28253901038459617 0.5345805339178108 9 239 477
0.6939534751656526 0.23987978467211635 0.7136608394550114 9 239 590
0.756845860729999 0.24642687637205318 0.6815982036173969 9 240 568
0.620401716400233 0.22615627882750156 0.7436221963635724 9 240 619
0.882575940919669 0.26341269246337307 0.6207917725630967 9 241 528
0.666214174671625 0.23146689957030997 0.719579898492601 9 241 601
0.8532137656368406 0.866316045589679 0.7316255932789962 9 242 357
1.1674547312665804 0.27791293885544843 0.4822339492780148 9 242 461
1.0209846105058449 0.26535628431321445 0.5508886772471628 9 242 494
0.9965210976299754 0.27169372159667615 0.5637549065641748 9 242 498
0.9865804612275539 0.26450573561143087 0.5673631291626774 9 242 502
0.6900266070482912 0.23779455337923028 0.7061526690409915 9 242 591
0.5851076057583791 0.21348742241700425 0.75279052852444 9 242 635
1.0494881720879672 0.2720357668998481 0.5345182731484804 9 243 486
0.8293835676810095 0.25074330161018565 0.6377068996316437 9 243 545
0.6239945790484379 0.226739101405939 0.7274878871114459 9 245 616
1.1395480000226808 0.27649882685292204 0.47988009813318555 9 246 466
0.80805818775165 0.2518104110548567 0.6384486641183694 9 246 550
0.7919292406754632 0.25037565841309495 0.6461244050852996 9 246 555
0.7489886706289657 0.24967311655430513 0.6670878653934714 9 246 568
0.6909714923243595 0.23217024322821156 0.6926072325068762 9 246 591
1.0424720962802698 0.2709474823353908 0.522874951743758 9 247 487
0.8285210567453019 0.2598455011653418 0.6264583148682533 9 247 542
1.1169720320722565 0.2725296523703373 0.48253594628793806 9 248 471
0.8757157569364811 0.2560573472808536 0.5991377630995398 9 248 530
0.9378238405017016 0.26894626348875916 0.5670711278435551 9 249 511
0.6596077218693337 0.23009372819377027 0.6956579019795462 9 250 601
0.6392771415618352 0.23439827787524203 0.7065481212364958 9 250 607
0.5878100374417778 0.22265235892076696 0.7302010732335197 9 250 629
0.8124360427107171 0.8867519932851319 0.7302079203328478 9 251 357
0.8051725233335127 0.8546046923996925 0.7282596228755169 9 251 370
1.0171453836999684 0.26990112094294916 0.5204138103107586 9 251 492
0.975409589656381 0.2759552530881859 0.5423786490809946 9 251 500
0.7364601966455624 0.247861888397793 0.6572256188658603 9 251 571
0.7054972959191154 0.2432233296126909 0.6719338982024057 9 251 582
0.6819215497843139 0.24225245853075572 0.6835782181785645 9 251 590
0.8756752354005966 0.256417588610967 0.585523256301296 9 252 529
0.9593626785757483 0.2773184370895292 0.5434806183527976 9 253 503
0.950834509385176 0.27321896311484206 0.5470686545543335 9 253 506
0.8021126971477324 0.9000123868356736 0.7295293278959424 9 254 354
0.7851143545865438 0.2541930286604561 0.6241759872177178 9 254 554
0.6719928952316865 0.24409637528608252 0.6797661897681044 9 254 592
0.6245623214776975 0.23461174923672257 0.7021478097711795 9 254 611
0.611742400789993 0.22948200008343278 0.7077444176741113 9 254 617
0.5982679062756318 0.229470993253863 0.7145763646989102 9 254 622
0.5871710450772258 0.2289721318680802 0.7172294272009242 9 255 626
1.0844042598464385 0.26871417889912075 0.46720683788221895 9 256 477
1.070670953850895 0.2636489568858309 0.4733251784057446 9 256 481
1.0229626067310134 0.26877007132154307 0.49862940946898804 9 256 490
0.8246989468855732 0.2634014437588519 0.5990364982808997 9 256 540
0.6948100243300683 0.24744548865679894 0.6625990551391946 9 256 583
0.9029717710773426 0.27240541111143646 0.5571183993062175 9 257 517
0.81357538675795 0.25776762393237673 0.5970425151950183 9 258 544
1.015343104514353 0.2691140100316005 0.4913502821933907 9 259 491
0.9197966917145219 0.27405273937006713 0.5416812617061276 9 259 512
0.7734455877689295 0.2547361242739745 0.6139105141970913 9 259 556
0.6061817567046719 0.2313924409236532 0.6962316793120128 9 259 617
0.768825157601934 0.8926924863962571 0.7290467004024682 9 260 363
0.7641054877584461 0.8708932203212656 0.7275343671553842 9 260 372
0.8823825368839686 0.26640472276214044 0.5561688314300814 9 260 523
0.7496989597965729 0.25400913090560673 0.6228407985025871 9 260 563
0.8696296546430213 0.26255523245477264 0.5586230004520213 9 261 527
0.9716972081055648 0.27005112320686386 0.503079368190251 9 262 500
0.6308997559556819 0.23852343895927963 0.6727232352777271 9 263 605
0.6168511094688701 0.23475929250692618 0.6794136399636095 9 263 611
0.592821623864232 0.23291076939960398 0.6887624296846626 9 264 620
0.8326371079138384 0.2701766388767646 0.5656982552058795 9 265 534
0.8033572668216304 0.2663894031247902 0.5805058609462975 9 265 543
0.7456882039423478 0.9124546818765429 0.7288077530735562 9 266 360
0.7405907577481678 0.88329840123312 0.7260591199160341 9 266 372
0.6058707082205739 0.22874471826931453 0.6691588018580723 9 268 615
0.5614688188104602 0.21625394573086343 0.6906003382062064 9 268 635
0.7660192437574316 0.2571855525246183 0.5853738114180698 9 269 555
0.7275051255683587 0.25158649158029656 0.6050376345422047 9 269 568
0.7203120234950668 0.25250668807599697 0.6090836798730841 9 269 570
0.8679253808753784 0.27230056701174554 0.5298868076914756 9 270 523
0.8596468060554181 0.2728906013949668 0.534472206610053 9 270 525
0.8501795028197787 0.27075448557003234 0.5391793873705308 9 270 528
0.683744961176654 0.25012432450639843 0.6251620940159808 9 270 582
0.6697918442247821 0.2485758800072353 0.6324050678917941 9 270 587
0.9639192148298199 0.2612156255792861 0.4721740393286239 9 271 502
0.9252995011841887 0.26174527438635264 0.49322225951860765 9 271 511
0.7402514437943954 0.9352879321656116 0.7201455129288031 9 272 352
0.764614157060356 0.26376184295188243 0.5774440569289371 9 272 553
0.6300348636313344 0.2330306223319658 0.6447972086980518 9 272 604
0.60866384119874 0.2304180854795823 0.6529042598936995 9 273 612
0.5782082578661969 0.22639792034742778 0.6658020892150547 9 274 624
0.6618083078319145 0.24440616456396436 0.6171563798369459 9 276 589
1.0808488269413985 0.6631266617426363 0.46039651844271623 9 278 376
0.6767317495681144 0.25024425642693315 0.6036979630022464 9 278 582
1.0924304224527723 0.69974274258137 0.457550203467753 9 279 364
0.8529449795794974 0.27561257126643524 0.507005631911696 9 279 524
0.5775309007662546 0.2315805626861973 0.6492834380137894 9 280 621
1.0874885745598315 0.7127865858788509 0.45563091613376394 9 281 361
0.6466640420889778 0.25092583830409887 0.611207722648216 9 281 591
0.6106156577250387 0.24147282775981882 0.6296238191923114 9 281 606
1.1166157062443962 0.7142943313687098 0.4358060102654493 9 282 356
1.0447484218995833 0.6764154865319599 0.46881237121279673 9 282 378
0.6743098618245614 0.25283928982236015 0.5928160493663284 9 282 581
0.604668996096909 0.23297709960677326 0.6282025231447615 9 282 610
0.8132899945159682 0.2780456970785412 0.515804975253702 9 283 533
0.5673161409500981 0.22338852285652622 0.6443988064033728 9 283 626
1.0663340339097134 0.7021064409272398 0.4509040111138376 9 285 367
0.6478357861915451 0.24867991081140173 0.597491877412376 9 285 590
0.6211896517055049 0.24550375463958263 0.6120881905508689 9 285 600
0.5556324857054722 0.2096481952656044 0.6392525155350433 9 286 633
1.054220120685521 0.7049576454919454 0.45118646240916127 9 287 368
1.0339389198990523 0.699138403809401 0.4616760679212861 9 287 373
0.6088249251876016 0.24460605485013964 0.6128037837278115 9 287 604
1.102500047753354 0.7200969037260241 0.4190411177602882 9 289 356
0.5741512347342541 0.23308506339825064 0.6243426583814988 9 289 619
0.5682893315346845 0.22605454409478276 0.6262809741150575 9 289 623
1.0813140603634919 0.713564141451933 0.4262937931344095 9 290 361
1.0228536234138206 0.701236613955243 0.45779490282277946 9 290 374
0.6939731789684412 0.25452236819243157 0.5559315255870996 9 290 572
0.5894794336973915 0.23700917007763445 0.6131849286784641 9 290 612
0.6442783311386456 0.250428845190358 0.5808623764685144 9 291 589
0.7125568251026668 0.2640817974329548 0.5371187715160608 9 293 563
0.597176634405723 0.23802894762204452 0.5996110236487844 9 293 608
1.069429877086552 0.7155016744480617 0.4189094700979554 9 294 362
1.0068400815554694 0.706025231887856 0.4539265155966167 9 294 375
0.8387479023826323 0.2970869834999581 0.46614510862043 9 294 519
0.5468523462421235 0.2086068037392972 0.6200025168923586 9 294 634
1.0290456591018233 0.7136145540718252 0.43879520279092143 9 295 369
0.9380364973508586 0.643423939917225 0.4708342879724523 9 297 405
0.5681814465409412 0.22384904538179917 0.6014145295109476 9 297 621
1.0028425517174806 0.7106046189833202 0.4430085390503039 9 298 374
0.9689538902682875 0.6964896166930028 0.4602954766744717 9 298 384
0.9559792506509472 0.6942961641007727 0.4676113347670401 9 298 387
0.6041595836608804 0.24571860594014905 0.58147293713477 9 298 602
0.7922634185784261 0.26919853697117446 0.4700602017962485 9 299 537
0.9457696752405378 0.6966329342444788 0.4673062220091674 9 300 388
0.7147880643559315 0.25363819848186075 0.5099751942366997 9 300 563
0.6342691632013595 0.25732572499055717 0.5594976199257399 9 300 588
0.5468501395530385 0.19650995203953503 0.599059658637908 9 300 635
0.8964224920863793 0.5931310450717258 0.47100807208662876 9 301 427
1.2554329481618862 0.6995059956254246 0.2722474631798013 9 302 339
0.9281314648087986 0.6691862841324495 0.465017961176705 9 302 399
0.5803735332798647 0.2391608776721581 0.5818913544346755 9 302 611
0.5645903196725331 0.2346487533805881 0.5905128990684816 9 302 618
1.1532212287341181 0.6991251835572045 0.330501530609038 9 303 353
1.0064523117518318 0.7205283481991459 0.42141557951721575 9 304 370
0.9430704239956256 0.7037819468929104 0.4565914938723502 9 304 386
0.636994075806276 0.2569181477711171 0.5448357011620745 9 304 586
0.9292707563668194 0.6881064560417754 0.45808808858297034 9 305 393
0.8540075171275745 0.5449791041068752 0.47240161840549677 9 305 449
0.675296525422368 0.26149311366794814 0.5190145763971203 9 305 572
0.5571570486131743 0.21804875684560132 0.5820743200188454 9 305 624
0.5411577146456635 0.2066327794239895 0.5893751223504021 9 305 633
0.9697337221042364 0.7105707213466406 0.4346344827051696 9 306 379
0.8956411814561966 0.658496295764108 0.4687370085242212 9 306 408
1.069468466848878 0.7114131509828909 0.3693655075404536 9 307 362
0.912127148904428 0.6848709286646867 0.46101892906388264 9 307 397
0.7640765767433837 0.3453093566012493 0.47618012282360644 9 307 524
0.5971862443781082 0.24850380390525895 0.557884074997644 9 307 601
0.5894518345281029 0.24758611082164306 0.5624769231019131 9 307 604
0.5449971222873798 0.1897835463911277 0.5770064284427932 9 307 635
1.2501547035039133 0.6966832718396507 0.24968632193328744 9 308 340
0.8626018501052024 0.6081893602462491 0.4710025414718879 9 308 429
0.5437587989865034 0.19708496694143385 0.5731923658803492 9 309 633
1.2205378573341936 0.6996832160502832 0.2605068344905872 9 310 343
0.8552828035911348 0.654545383439701 0.4793314937966934 9 310 417
0.8798496622995899 0.6742999411779349 0.46502000121112497 9 311 406
0.5690625280109505 0.2442978178070836 0.5618575395954949 9 311 611
0.8969085656212927 0.6999309617711083 0.45673095234960215 9 312 395
0.5970274393732456 0.24654116572059115 0.5415566979640992 9 312 600
0.5556812090815721 0.2270553029877238 0.5631853022636013 9 312 620
1.0021072402767899 0.7165634541408298 0.3904255351674738 9 313 371
0.9847332020395201 0.7164428326922881 0.4014159079033399 9 313 374
0.9538025324094073 0.7145021598145762 0.4205816876602051 9 313 380
0.9113708084028418 0.7070924272942727 0.4457732075961438 9 313 390
0.8219139769561756 0.6022828005977165 0.4782043418983606 9 313 439
0.6237507153615753 0.24814940719335876 0.5217676131882543 9 313 590
0.551363115523942 0.21892168660823863 0.55775392579945 9 314 623
0.6309321257164031 0.25204444198039533 0.5115258386744972 9 315 586
1.0712761064345495 0.7000721041633811 0.3311664015387443 9 316 364
0.9583006209533895 0.7140969132248569 0.4068794104009983 9 316 379
0.8419742767584306 0.6683102440700567 0.47069435930095027 9 316 415
0.8133456896031206 0.6109891514945893 0.47558464458312444 9 316 438
0.7869526042722379 0.5233500079461438 0.47192209159182286 9 316 469
0.6683954519589235 0.2618582779938574 0.4865112263623992 9 316 571
1.0510171323197044 0.6968381668287089 0.3395653572189459 9 317 368
0.8711430409305476 0.7050688747488212 0.4572205369923419 9 317 398
0.5917706288056714 0.25179073487578396 0.53004347240735 9 317 599
0.5412196039347361 0.18584326563097697 0.5470105051255046 9 317 634
1.035580841433454 0.6983476197229553 0.34605327566704536 9 318 370
0.8459828853082254 0.6912259614533218 0.4633931519349378 9 319 407
0.7375287627536755 0.4539736902558231 0.473860603910804 9 320 500
0.6868948337241119 0.30252979339612773 0.4706118577445415 9 320 554
0.6289611290509058 0.25274362367727843 0.49638909894112215 9 320 585
0.5801119416406353 0.24871921327061175 0.5271893000947376 9 320 603
0.558373643773159 0.244559637817086 0.5403299172427322 9 320 612
1.201915975463488 0.7025306846597885 0.22708533958099597 9 321 344
0.8941034304521518 0.7187259702073762 0.43181638697087943 9 321 389
0.667514279399644 0.26128891821626676 0.4699521927327359 9 321 570
0.6159986662372501 0.25312248516860336 0.5016073110898374 9 321 589
0.541480472962228 0.17559635281524533 0.5316361280125546 9 321 635
0.9693387113043936 0.712102925312603 0.3774767670541086 9 322 377
0.8807875296938743 0.7101130659480897 0.43498130927139933 9 322 394
0.8042097289091712 0.663020279412454 0.4737826125492577 9 322 424
0.7860636403832042 0.6089618596198987 0.4726448437646761 9 322 444
0.7036641288200334 0.38265555578100496 0.4720948039021995 9 322 528
0.84886440146247 0.7043565752775347 0.4511018639778134 9 323 402
0.791718715194843 0.6416430421748609 0.47348559950651037 9 323 433
1.1786144490624264 0.7023271299050513 0.22975712130621284 9 324 347
0.7728475517532094 0.6014861259708381 0.47284327287095107 9 324 449
0.762041305223577 0.5829095170025553 0.47545763399740504 9 324 457
0.6796353092102155 0.31113352034985 0.4637933950526347 9 324 553
1.1951223774329758 0.7089552430384546 0.21627235752941965 9 325 343
0.7487916278148068 0.5659767758778691 0.47676545035952467 9 325 465
0.726197723635666 0.5296584700538522 0.47955216389957533 9 326 481
0.6140399001076386 0.24969906939272635 0.48547381556460323 9 326 589
0.5575791912545678 0.237932511880369 0.5200868844169928 9 326 612
0.5426419250354699 0.1664955697869943 0.5125119622989923 9 326 635
1.052878084129903 0.695992256645047 0.29943703228853846 9 327 367
0.8739285053033952 0.7126979277193576 0.42279968263024725 9 327 394
0.7960879034390733 0.6868623621415936 0.46832052672835056 9 327 418
0.7881513069818769 0.6727862330465717 0.470148117200774 9 327 424
0.5693796326050848 0.24737023424799975 0.5113263404020133 9 327 605
0.8354882232537093 0.7081802230468923 0.443912187800675 9 328 403
0.7717641378784634 0.6547929802704056 0.4733447768320854 9 328 433
0.6632438438405174 0.3543587864365336 0.47173180144475313 9 328 546
0.6284645509357276 0.24366829247545452 0.46765776192644015 9 328 585
1.0301592303674008 0.6903261255212323 0.30544361223083705 9 329 372
0.7394040868672944 0.585717042674541 0.47462841257765565 9 329 461
0.6116216945350983 0.24527229781569115 0.4759688781196201 9 329 590
0.9094908678800178 0.7155324266543337 0.389100073341235 9 330 386
1.0066311712668201 0.6929327439987732 0.31422529591451775 9 331 375
0.7585881780498045 0.6502697588105266 0.47118252532284743 9 331 437
0.6992223468965222 0.5058888482706078 0.47520637352353534 9 331 494
0.6781990593823454 0.433003364995445 0.47119253206066347 9 331 520
0.6351334820022833 0.31572987978538114 0.47097768917092464 9 331 564
0.6214734497022885 0.26178810594785995 0.46672372540698104 9 331 582
0.7642617655140005 0.6786725730906111 0.4711666241938529 9 332 427
0.6851810038595765 0.48702856177931997 0.4766873925363476 9 332 503
0.9849886477673204 0.687365645324326 0.3198663534755988 9 333 380
0.7324907070006219 0.6437390191162273 0.48069298160811813 9 333 445
0.7194664041772219 0.597453585504928 0.4778897395377526 9 333 462
0.6600037521058985 0.41798746664090936 0.4731194189405059 9 333 529
0.6171321788548059 0.3001924530680553 0.4692659383437713 9 334 573
1.0384982401693845 0.6942970927733463 0.27733998236712254 9 335 369
0.7722247402793909 0.687675272668347 0.4581131301222756 9 335 422
0.6636127222138896 0.4529025698129472 0.47287814353107327 9 335 518
0.6000413262769604 0.26614284480854966 0.4689810135749004 9 335 587
1.0668967174923083 0.6996633432899187 0.25524100622652734 9 336 363
0.7934361310294535 0.7046201976027664 0.44453462929453513 9 336 412
0.7057000640859823 0.5770419173953595 0.4723103308911092 9 336 471
0.5612387575351654 0.2395750622322268 0.4855380332803737 9 336 607
0.859084978608694 0.7152277054911053 0.3986002337355059 9 337 395
0.8298816246768372 0.7116073889298314 0.4178221060204256 9 337 402
0.8174068106370209 0.7136533320620024 0.4269534326395126 9 337 404
0.757036785788255 0.6916905414402752 0.46298028602044794 9 337 424
0.7140368800842964 0.6502955642000102 0.48204422129271673 9 337 447
0.9138131469073749 0.6990209907414917 0.3530327194849727 9 338 389
0.7063250001321983 0.6396794175429268 0.4814226652478173 9 338 452
0.9886563303379736 0.6863893623082181 0.29411251269461536 9 339 379
0.5491570279345894 0.21691322759586185 0.4782007845442823 9 339 616
1.0488557032693093 0.6975950885051667 0.25119078635933945 9 340 366
0.8283015482539584 0.711421245117617 0.4085286035181549 9 340 402
0.7371996705642614 0.6858904023822041 0.46541743498078014 9 340 430
0.7252929994123607 0.6789613685534812 0.4719211252855212 9 340 435
0.6224390715280532 0.3839600860860528 0.4671292523163162 9 340 548
0.700244121837929 0.6163602448327168 0.4698995330108816 9 341 460
0.5646298959595762 0.23609823389005613 0.4657652853370927 9 341 605
0.690042078062 0.6447794111548442 0.4812313456812992 9 342 454
0.9506910362285361 0.6907906066045033 0.30651769819289565 9 343 384
0.8808930332953269 0.7013991186682849 0.3584615603096819 9 343 394
0.7473557019502743 0.7060310120818933 0.4537295350267858 9 343 421
0.683355653371716 0.6100455493110328 0.47361573577049443 9 343 466
0.6751374200665274 0.5871322815859246 0.47339070286764684 9 343 475
0.6197278746760342 0.42550255304399287 0.4699990758455599 9 343 537
0.6354601216641249 0.501140462071115 0.4755335775850389 9 344 511
0.5670444922410884 0.2285094946063837 0.45205016217876626 9 344 605
0.9845814663227423 0.6903179460524058 0.2747623537477002 9 345 378
0.7812475358838198 0.7127441819745323 0.42488624824905485 9 345 411
0.7377306984180991 0.6960900831240027 0.4513399526466274 9 345 426
0.6591750046961414 0.5564814534041429 0.4701148858003086 9 345 488
0.5592157206439341 0.20147483990761206 0.4470870471383559 9 345 614
0.9717107393462514 0.6907110331172477 0.28013280656576 9 346 380
0.7168128073345015 0.6957091588067752 0.4628335530757912 9 346 431
0.8074670179501211 0.7163283413478923 0.4003612876251542 9 347 404
0.6961832419486138 0.6695880519666422 0.4673518862128647 9 347 444
0.6909512333202477 0.6575881721352766 0.46788767270398957 9 347 449
0.5706003352568474 0.2965400120954349 0.45754267240668045 9 347 586
0.6625323842049513 0.6358115746786277 0.47918784923257507 9 348 463
0.6204588327157936 0.4928017310093993 0.4710449147322868 9 348 517
0.5583959137066952 0.16440925530554873 0.427594508035383 9 348 622
0.7147350503397976 0.6958308429855976 0.4546043186297837 9 349 431
0.6527204194809737 0.6243077435574393 0.4799595068743516 9 349 469
0.6278072120165139 0.5368635718920232 0.4743659776937381 9 349 502
0.6257691430213866 0.518046885029489 0.47077373862505334 9 349 508
0.588928781696257 0.4234501442829681 0.4718314682028456 9 349 546
0.9261023144646006 0.6931366469673182 0.2981656529533687 9 350 387
0.8929470387733585 0.6937901088654052 0.3222558093948473 9 350 393
0.5989797199605678 0.4434116330378306 0.46672608165043006 9 350 537
0.5538613298823718 0.20268345298884638 0.43431353166128595 9 350 614
0.7338989876795039 0.6993674670528538 0.43516834399297166 9 351 425
0.8372969176493463 0.6998257954250156 0.3568951036399741 9 352 402
0.7668427133516682 0.71348947816927 0.41177163699880714 9 352 413
0.7050838003299429 0.6987502321131336 0.4526096626646464 9 352 432
0.6419978253329699 0.6024053412980426 0.4722180758472405 9 352 478
0.6082676674507896 0.5028848714352783 0.4696460264914861 9 352 517
0.6807458223046089 0.6921804301207797 0.4652970857824573 9 353 440
0.6474055013969324 0.6398622873929249 0.47530477814020167 9 353 465
0.5586201722422437 0.22894595351609004 0.42780339151643587 9 353 605
0.5533917284521239 0.16060560320362316 0.41295418229174485 9 353 623
0.6709837640406019 0.6706993853785679 0.463340625322769 9 354 449
0.6223009289515967 0.5731161785270786 0.47218347133984206 9 354 492
0.5700872503711547 0.40108864251515364 0.46320267200670395 9 354 557
0.6451428131847172 0.650506406913529 0.4735284561506614 9 355 462
0.555661342202703 0.2223292966935544 0.4213439113789199 9 355 607
0.9319935583099404 0.7013027220209225 0.2732684493583306 9 356 383
0.8468958593218638 0.6947440164069681 0.3340871297283643 9 356 401
0.7464085608169799 0.7070659145231191 0.41144793343679653 9 356 419
0.6880067063728756 0.6975252338096337 0.451795170438097 9 356 436
0.5833705045398356 0.4635564862483008 0.4641734058233268 9 356 535
0.5602149760730564 0.30410011772014567 0.4371667643748669 9 356 585
0.8067490112619942 0.7021838515100395 0.36216529337511294 9 357 407
0.65379487576623 0.6741171182427746 0.4673312079387466 9 357 452
0.6115487795538119 0.5952648633919113 0.4766606582987398 9 357 488
0.600501625024074 0.5178081147122644 0.4633381714880417 9 357 514
0.5901694492027393 0.4941107401360154 0.4643962431813844 9 357 524
0.5537564689241579 0.15400623762718224 0.39696780521639974 9 357 623
0.7247458125012287 0.7095627394376149 0.4214465791289791 9 358 423
0.7180536751138066 0.7082324203078376 0.4260346039622658 9 358 425
0.7109734063669623 0.7040091653042573 0.43010481665424494 9 358 428
0.603671634026496 0.5620445878261283 0.47008484402425865 9 358 500
0.5729913650898093 0.45963546416971424 0.46430612839516017 9 358 539
0.915111622741243 0.6930362382103411 0.27198170236731456 9 359 388
0.8645598074839105 0.6951332923518776 0.31014829916277264 9 359 397
0.5566016349760505 0.20688965276575155 0.40263215861682844 9 359 609
0.5676037174800668 0.4351284149074852 0.45500075179098554 9 360 547
0.7510620872457832 0.7110762350059989 0.3921776742112977 9 361 416
0.6970644862042316 0.7070353298164851 0.4314502083533207 9 361 430
0.6709306480277284 0.70192497906905 0.4463481274832708 9 362 438
0.6382463165259323 0.6848109659610235 0.46605115715738044 9 362 452
0.5880838046605112 0.5617813554703617 0.4689320433555205 9 362 504
0.5569678812735765 0.2729826761963241 0.41064269361354144 9 362 592
0.6532420986868431 0.7001396124961113 0.4559403265721633 9 363 443
0.6225573272645195 0.6596550046410721 0.46756682704160324 9 363 464
0.5645050345362139 0.46871704985817564 0.4571089206374799 9 363 538
0.5571225590029271 0.20467335456377533 0.3877286752542719 9 363 608
0.8383766163806157 0.6936228890705967 0.3109540450180892 9 364 402
0.583783904655989 0.5715839026028167 0.46862331619131126 9 364 502
0.6802952174885454 0.7023090492224289 0.4296556257241998 9 365 435
0.5658113272239712 0.4974128851060261 0.4578760028341434 9 365 529
0.5557567293417234 0.32319473356348527 0.4156732011907083 9 365 579
0.6260184543537329 0.6900472327943027 0.4641648176758796 9 366 453
0.5746215844143276 0.542361669598463 0.46087119376985186 9 366 513
0.7090993832603966 0.7107386326624188 0.40355035724854116 9 367 425
0.6012219814470177 0.6479199848548329 0.46780099830975086 9 367 473
0.7901609352219818 0.6954111204906684 0.33368222024488814 9 368 411
0.5797504012453883 0.5895985332255236 0.46423168384004276 9 368 497
0.5563400651438566 0.22853680785888564 0.37770611702803913 9 368 601
0.6684361267235548 0.7066907224600968 0.426925113123074 9 369 436
0.5876800326564404 0.6304311307814984 0.46683721711584747 9 369 482
0.555424973478042 0.3108004316690107 0.39880149986211855 9 369 581
0.5598696284702473 0.2595814584935867 0.3805116394908217 9 369 592
0.7426420635306161 0.6997106246499328 0.3644171446405049 9 370 420
0.6356432958987963 0.7016912397102333 0.44749053459308974 9 370 446
0.6839096778461413 0.7124375717368838 0.41011000778999784 9 371 430
0.5795578230218987 0.6273183347436152 0.4659227901774976 9 371 485
0.839763716423193 0.6995463202872257 0.28206167927820247 9 372 399
0.5655015242568562 0.5781327889916075 0.4592491786077757 9 372 504
0.5550541443390928 0.475164116572095 0.43711260172323085 9 372 537
0.6660703124483487 0.7129566216457203 0.41753396925352315 9 373 434
0.6102952209469192 0.6935606541756292 0.4552434773696963 9 373 455
0.5660985424819137 0.5665414653272952 0.45220633927065257 9 373 507
0.7963441863175746 0.6913835133866375 0.30610815222166043 9 374 410
0.6021657107153162 0.6875865800477567 0.4566734981909435 9 374 459
0.5594757924680986 0.5108246988067433 0.4377093577366904 9 374 525
0.556138002741532 0.33955523680987865 0.3896294631771514 9 374 572
0.8360260185683932 0.7003554486027537 0.27029945100064 9 376 399
0.7508983526336723 0.69318853243553 0.33156569441015615 9 377 419
0.5809339567019904 0.6767868819683448 0.4607372699488763 9 377 468
0.5739004013169757 0.6547589113312122 0.4596928021121367 9 377 477
0.5648573102767009 0.6281219677177683 0.4588541217910531 9 377 488
0.5630661132509577 0.6102562360450345 0.45491986416299857 9 377 494
0.5599785286171333 0.5835210219536944 0.44935362112884647 9 377 503
0.5638952016531305 0.27921636158505203 0.3516607963628906 9 378 583
0.7340326261718526 0.6882636986193165 0.3363850702467166 9 379 424
0.7004711560696458 0.7015152910153883 0.3670298534022569 9 379 428
0.6361753440085793 0.7090038129456762 0.4203407098820605 9 379 442
0.557871458919891 0.46860496587940226 0.41002368838702863 9 379 536
0.6092733623082272 0.7030846508910771 0.4367395263930748 9 380 451
0.5711578534892472 0.6489759399035107 0.4507253125289159 9 380 479
0.5609531042528233 0.3484346364244588 0.3644285284052584 9 381 566
0.6224170908625142 0.709542985264716 0.4217968264567378 9 382 445
0.5524197258760668 0.5118446755332231 0.4176347322255496 9 382 525
0.5548739217790001 0.580924771969733 0.4335387301520258 9 383 504
0.5619876001942103 0.6488600937655298 0.4454684126276458 9 384 481
0.7080452998855715 0.6922298265536379 0.3374436940712915 9 385 428
0.7762197379238591 0.6900070097257565 0.27789617433444924 9 386 413
0.5693537882244846 0.6946871500242982 0.4473668895201117 9 386 464
0.5559303712070108 0.630788559795955 0.43849403450458113 9 386 488
0.555757492620202 0.601176368736642 0.42946988880501236 9 386 497
0.6916246479816492 0.6871217002526854 0.33879422987443086 9 388 433
0.6506870203741333 0.7079128354020265 0.37874184793337995 9 388 437
0.5553324288026042 0.477549368695672 0.38487051834878416 9 388 532
0.5556304353609727 0.4587949734755108 0.3787797743546628 9 388 537
0.6275407185379904 0.7043661003376276 0.3932757950751429 9 389 444
0.6045207284459699 0.7020561711009056 0.4114318115662059 9 389 451
0.5563726663855697 0.6149282345552094 0.42365416407433 9 389 492
0.6833493490936057 0.6889268298967981 0.3357618267998581 9 391 434
0.5663035817033597 0.6975968602806661 0.4351026952570807 9 391 463
0.5582721702984583 0.6567692949811492 0.4256885997861426 9 392 478
0.5579843038447767 0.5941587340490304 0.40611840378002206 9 392 497
0.5556310431059107 0.6747710589241178 0.4304189600143927 9 393 473
0.726633309767583 0.692993806337938 0.2905643445505035 9 394 422
0.6682020587525173 0.6864920437617408 0.33718562252830186 9 394 438
0.5552970033703506 0.5260715444268385 0.3801495073734471 9 394 517
0.5614032894073404 0.44456076253322396 0.3456364659520781 9 395 537
0.5563862526899683 0.5652536408313219 0.3851342360925375 9 396 505
0.5599360359825879 0.47891846327562715 0.35444195806995094 9 396 528
0.6948186166957082 0.6930275464885225 0.3065233084680581 9 397 429
0.5610499099501675 0.6635854746280901 0.4095840474219219 9 397 474
0.6636255929293701 0.6880643557238557 0.32771052345046936 9 398 438
0.6467174955945834 0.6858439330397533 0.3412635116186993 9 398 443
0.594431625590341 0.7025401017759759 0.3907931883107548 9 398 452
0.5564439823080326 0.5971097082927475 0.38548100822003906 9 399 495
0.5624318522322405 0.5454879291251461 0.3636584902602471 9 399 508
0.5636162177336203 0.6913115929674293 0.4067796612289153 9 400 464
0.5586718746794921 0.5167501880450358 0.35412531920056556 9 400 517
0.5581401931250749 0.6668389770808835 0.3840424248363278 9 406 472
0.6605984756549432 0.6853978736725714 0.2980062866738673 9 407 438
0.6281343722285724 0.6833874307785511 0.3255266654033653 9 407 447
0.5621182060019332 0.5777322569821801 0.3475686501243451 9 407 497
0.5690134880531214 0.5374247570933753 0.3246685483775291 9 408 506
0.5991302863653375 0.6837910246331732 0.33737391636049074 9 411 454
0.5616045040143608 0.6300012693324077 0.3521511997436908 9 411 481
0.5650502965803126 0.6815511189785177 0.35998783288490976 9 413 464
0.6587091503354533 1.56784715400916 0.4726568288596724 9 454 76
0.6581146843916494 1.5930856910733622 0.4750828936381355 9 457 62
0.6474184573093726 1.5522773613164422 0.4697202417388775 9 457 85
0.6337423177503686 1.57742516571625 0.4775383637448821 9 463 71
0.6493194572748701 1.6099533886067774 0.471955958985393 9 464 53
0.6404256677454525 1.6028914340806226 0.47291630450982103 9 466 57
0.6275406406417897 1.5625942427688884 0.46984318269251224 9 466 80
0.6390015562126726 1.6200696453999983 0.47608532618533306 9 468 47
0.6099970791016273 1.5475711088201065 0.46852582206886073 9 471 89
0.6046532860329606 1.5317529601853093 0.46759271523852153 9 471 98
0.6147661908414831 1.4917827716920082 0.4347126791207334 9 473 121
0.6118401025701404 1.5725314690891006 0.468914900639243 9 474 75
0.6030995346253695 1.5045574454606419 0.4496942396679271 9 474 114
0.6196192951143684 1.6102664613096882 0.47380350159337037 9 475 53
