2.4372621389963385 0.4322106662772117 1.4176089398884963 9 123 405
2.467716063877984 0.5741375048673532 1.4132147039441296 9 124 379
2.433526274285673 0.4919773309196835 1.4136223035994249 9 124 394
2.3773483330457856 0.7625417381842805 1.4167459083905904 9 125 344
2.4476129566700817 0.5574504087371812 1.4086682399426174 9 125 382
2.4044254495789574 0.3688702132456131 1.4076646540428055 9 125 417
2.4423077255199814 0.5081570523813911 1.4026706706508825 9 126 391
2.4321945669885205 0.3834977802763473 1.4009477027221209 9 126 414
2.419315645559908 0.3571487083702969 1.3959233193671836 9 127 419
2.429213163860755 0.5846715797625968 1.3941553004419198 9 128 377
2.4245941128619117 0.4756729108561891 1.392444454954131 9 128 397
2.4215119768639477 0.43782992101116947 1.3919459374759733 9 128 404
2.4301615154007288 0.4050569965190603 1.390783336650579 9 128 410
2.4700090805179804 1.0755091939534758 1.395027964295649 9 129 290
2.4321306068354103 0.345439951684286 1.3842107876677634 9 129 421
2.445843976553 1.1630248312974922 1.3927053105447451 9 130 274
2.457888005733738 1.136653907129121 1.3914109150874547 9 130 279
2.4391531175859944 0.5518763471010735 1.3821138990735689 9 130 383
2.43656120254789 0.5190250607705276 1.3816961428270123 9 130 389
2.447702405116153 0.49154669511882454 1.3804430326673407 9 130 394
2.436774380633571 0.3937844645377427 1.3794181076241379 9 130 412
2.433859291419786 1.3272303015628295 1.390951901357567 9 131 245
2.477074019046598 1.4436113346441175 1.3843955271224906 9 132 227
2.4437603257734604 0.46418345680192813 1.3694185530469585 9 132 399
2.3954323466549425 0.40084933850347093 1.371739101373144 9 132 411
2.4430464922934934 1.4521031298156477 1.3813874542489877 9 133 224
2.4858920350647518 1.1020619093207618 1.3721262225424509 9 133 286
2.463255276733067 1.0752781368546112 1.3733068015418255 9 133 290
2.4321108981229287 0.985360835508778 1.3740005716193857 9 133 305
2.438175376688898 0.5408648500355342 1.365764462032292 9 133 385
2.4323193287696285 1.3393957053129664 1.3746442394561642 9 134 243
2.425280602078619 1.0071321893436962 1.3694028693827502 9 134 301
2.4056289700556666 0.9149028920394771 1.3692677016632677 9 134 317
2.388837000224647 0.8245467980185515 1.3689517976389436 9 134 333
2.430595613080149 0.5792201944594555 1.3615803566738194 9 134 378
2.443598243242135 0.45862159524918655 1.3585178308390367 9 134 400
2.421236050222202 0.4483253756517772 1.3600066920154497 9 134 402
2.460238559547464 0.37054118273288794 1.3557483780551427 9 134 416
2.4072453845044555 1.3220789314848518 1.3707047421466045 9 135 245
2.484494874886051 1.154350922021333 1.3619345424220235 9 135 277
2.4252881002055644 1.0411996971299347 1.3645052563561553 9 135 295
2.430276854829662 0.9854664322286636 1.3631677311273602 9 135 305
2.4179945294774363 0.9669266120299915 1.363785743979039 9 135 308
2.385343614496846 0.8629260706910067 1.364488961413573 9 135 326
2.4388559899678564 1.469598970998522 1.3652352578854892 9 136 221
2.4502067671226744 1.4494366307447808 1.3640082360000632 9 136 225
2.4701597449121477 1.198171594500301 1.3581836508879443 9 136 269
2.4939490859453657 1.109929433218751 1.3548305494775317 9 136 285
2.3879012866770357 0.8357069868208062 1.3584330660559663 9 136 331
2.4186055809510467 0.43744155961417264 1.3492726954169096 9 136 404
2.463852729174369 0.3866060199771919 1.3448834117664537 9 136 413
2.453921291779443 0.3652345177770182 1.3452940261128243 9 136 417
2.4238253276925517 0.9905705845978077 1.3527796029711916 9 137 304
2.412385389301148 0.8603490340143018 1.3515006273837065 9 137 327
2.4601597272194096 0.568494963490329 1.3427912979404462 9 137 380
2.4083036389178694 0.4160975329223778 1.3443561271323867 9 137 408
2.435831573574927 0.34983954812853146 1.341051204151095 9 137 420
2.4379885551257034 1.2673241255832584 1.345171301277436 9 139 256
2.4274104224515725 0.9970838629137584 1.3416027112307742 9 139 303
2.3970524042147487 0.9480822322146876 1.343314476741832 9 139 311
2.4378304257624563 0.5793128022605712 1.333865353077569 9 139 378
2.4253196570794966 0.49700718087904994 1.333548932137233 9 139 393
2.4434019614808227 1.0621410637323345 1.3358003478513696 9 140 292
2.4382212248984274 0.9874614188345807 1.3350236386582781 9 140 305
2.43568184300545 1.1581893923237547 1.332460852499867 9 141 275
2.432074492132624 0.43671096661391745 1.3211637768465452 9 141 404
2.449760861082481 0.41422042383308755 1.3192755759384913 9 141 408
1.9272460781132068 0.09863126400795574 1.359290876267924 9 141 482
2.4540099169128333 1.1446655952205198 1.325072788864758 9 142 278
2.4447823399141644 0.5794002534940283 1.3168921646936846 9 142 378
2.448075706893911 1.1273066680488284 1.3029676870335973 9 146 281
2.426364080296176 0.45297241005563654 1.2947867649355023 9 146 401
2.4479061361847334 0.37558218574288393 1.2915713377130151 9 146 415
2.416000514178418 0.3231028836421028 1.2937967948737799 9 146 425
2.434093842268243 0.3870997062941812 1.2876129996401846 9 147 413
2.4165037408868852 0.33376789019615805 1.2885089318079435 9 147 423
2.433362897752023 1.0394298383497367 1.2919042100224984 9 148 296
2.3726545450024026 0.9909759314155767 1.2971418469693106 9 148 303
2.4085022706175465 0.8278339284834517 1.2912077999030194 9 148 333
2.409795558685273 0.4207010326857641 1.285048315882816 9 148 407
2.4185431175728827 1.220008804118018 1.290457113363776 9 149 264
2.4161789877627124 1.0256455350359115 1.287848552950245 9 149 298
2.3946746024084082 0.8489405165874759 1.287408492921662 9 149 329
2.42156434056471 1.1692658380042666 1.2838356478549862 9 150 273
2.442633763960502 1.1618447063496238 1.281590125991763 9 150 275
2.438721122223054 1.1323356747495903 1.281560733585326 9 150 280
2.408792421445405 1.293198896449187 1.2813397357238507 9 151 251
2.431972554850721 1.200349241988562 1.2776230447915338 9 151 268
2.449877979018777 1.1000473877436772 1.2743442670536227 9 151 286
2.4457876767870497 1.0534224828306755 1.2741009925234614 9 151 294
2.373433340703556 0.9916365352996702 1.280684970050984 9 151 303
2.372774575917136 0.9413717331519901 1.2800356840436504 9 151 312
2.3856629409842274 0.8594176326085883 1.2775363896580731 9 151 327
1.762125011314016 0.09386612103809189 1.3309499362139443 9 151 489
2.4379883163880876 1.149955808188893 1.2706718213655401 9 152 277
2.4388204241092164 1.1328471033867373 1.270343546308858 9 152 280
2.4402593883690606 1.1101098413174033 1.2698723375684002 9 152 284
2.3723319379489065 0.9136681503738638 1.2742292080381508 9 152 317
2.428950227341884 1.3799836035485127 1.2692169780130147 9 153 237
2.4429079501327524 1.0533891099743238 1.2631885650076913 9 153 294
2.368412123383422 0.974554950418226 1.2700319210990791 9 153 306
2.380624256702687 0.8425122048301503 1.2668945274049208 9 153 330
2.448225040917226 1.1408374569538535 1.258200803267843 9 154 279
2.459070268648339 1.0965496764594747 1.2564188891969401 9 154 287
2.3919357515001134 1.0060768888363933 1.2624465413642394 9 154 301
2.4025010208971453 0.9456179446441876 1.2604730639814152 9 154 312
2.391716104950859 0.9330452938580958 1.2614682966857025 9 154 314
2.3698488523227708 0.8637425068966456 1.2628851043909104 9 154 326
2.394083425317319 0.9786063853743849 1.25079218785142 9 156 306
2.384881910101715 0.9045710722266991 1.2508311571588533 9 156 319
2.366049706183676 0.8636079391051781 1.252387291732228 9 156 326
2.4390817157665583 1.8600534529977581 1.2517690684534915 9 157 157
2.4372570507015476 1.1513495904772684 1.237002495279182 9 158 277
2.4408971220997264 1.0426504815581195 1.2351720018760566 9 158 296
2.421850499908543 1.022599542239413 1.2371036312593031 9 158 299
2.389223131186526 0.8662307030566807 1.2388279946241465 9 158 326
2.446475850865594 1.8763633968594475 1.239562593236473 9 159 155
2.389835185980878 0.9504447673980556 1.2343242132227172 9 159 311
2.378676071426071 0.9322263857486011 1.2353942908704567 9 159 314
2.3814578573353993 0.9157899975696951 1.2348589779397532 9 159 317
2.3797955169707103 0.8375786695410129 1.2340518650720307 9 159 331
2.3673411096799817 0.9868298512479288 1.231917107162203 9 160 304
2.3565032553865057 0.8908152014594115 1.2319899101216039 9 160 321
2.4111684392449457 1.6898297090046879 1.229884453218539 9 161 184
2.4658844825322035 1.8561959748458197 1.2136929257984155 9 163 160
2.4614802669030738 1.0932408980248645 1.2050328660769871 9 163 288
2.4019635036470643 1.0151298736204957 1.205864899573256 9 164 300
2.430537949384743 1.885471401876682 1.2068235132509915 9 165 153
2.3851103500008177 0.9620845386986445 1.2017971408591306 9 165 309
2.3990312915868683 0.9356899070333422 1.1997196056334427 9 165 314
2.3855231434642947 0.9115630105656423 1.2011538614110293 9 165 318
2.411431104187995 0.9941560559445397 1.1932216238625846 9 166 304
2.36539936940523 0.8703756724155137 1.1977250372815345 9 166 325
2.453569059234734 1.896260315860693 1.1923270794597505 9 167 153
2.4080986430177003 0.9371305646388048 1.1873996839068126 9 167 314
2.4015286211516513 0.9195242112096624 1.1824725800658507 9 168 317
1.0446103247019445 0.0964385680083647 1.3340701744841788 9 174 528
2.4852741085662373 1.8908290059223272 1.1288002102530101 9 177 157
2.4850275816656007 1.9533396399290017 1.1234552679222694 9 178 147
2.4400393273957066 1.9156331668009232 1.129831564741139 9 178 150
2.458185888029283 1.868031240253595 1.1266770331724258 9 178 159
2.452559709869775 1.8969924426125166 1.1218756154912117 9 179 154
2.472986254327596 1.8931572148473954 1.1187513867363734 9 179 156
2.488784564678513 1.913319201612685 1.1045750596245696 9 181 154
2.4736379830952453 1.9144193123634066 1.0949891700631018 9 183 153
1.0439662510165393 0.09176244597216454 1.3059767651914147 9 183 529
2.4278959541111282 1.92641657449129 1.0964259995968022 9 184 148
2.440884397377235 1.9400254774391916 1.0766526160330372 9 187 147
2.4698716090800534 1.9345389028142055 1.0658266626821455 9 188 150
2.449766991755299 0.998124632200814 1.0564694315016965 9 189 305
2.4601475603924876 1.9688603871117403 1.0557173430515774 9 190 144
2.4194385705238686 0.896393980007368 1.0551309961849793 9 190 322
2.404956952801552 1.0038608924053198 1.0469049985626806 9 192 303
2.4191616762603028 0.9828463986377913 1.044294396496876 9 192 307
2.4141397985255537 1.0805153222895063 1.0400538012621874 9 193 290
2.41818523126505 1.0522171374909786 1.0391604491090232 9 193 295
2.430677158138929 1.0193684844131539 1.03675351577326 9 193 301
2.4217134693372913 0.8626916919077794 1.0373183148243768 9 193 328
2.4078350271347815 1.0106156041048546 1.0292192163305087 9 195 302
2.3914104484683523 0.950997678507207 1.0318014231101977 9 195 312
2.4198025167956163 0.8627566277253949 1.0261767978793264 9 195 328
2.423229223674925 0.8401888922902694 1.0254256231051304 9 195 332
2.398810613330153 1.0440142537982524 1.0252955074488723 9 196 296
2.401004619450574 0.9868201305288921 1.0245621540930567 9 196 306
2.4068913426335063 1.0108687765238216 1.017880947666916 9 197 302
1.055942028756386 0.09827987347339573 1.2596061321555074 9 197 525
2.40568815282316 0.9533435073541102 1.0120245522143656 9 198 312
2.41547516230788 0.9085863241421973 1.0099723994643799 9 198 320
0.8563920165366041 0.09521627682312095 1.278929378934784 9 203 543
0.9891529286598173 0.09334138067876008 1.2252492226095815 9 212 531
0.8772646719801358 0.09552361246395913 1.2399065503847246 9 215 540
0.9579305641757383 0.09576367181733292 1.1947819125766195 9 224 532
0.8689652360319764 0.0931211300497301 1.2153338476868674 9 224 541
1.125148269840255 0.09492374922729596 1.1459259555481973 9 227 519
1.1701556884769846 0.09739138649792767 1.1282874852484062 9 229 515
1.0132318566729783 0.09820152253494907 1.1530752808187161 9 233 526
0.9218227252146767 0.09440301967289622 1.1756921124914095 9 233 535
0.8889157266179886 0.09158291371833494 1.1838359548408375 9 233 539
0.9072530512371544 0.09694284754211047 1.1610381194498145 9 239 535
0.9389056824838333 0.09439231874306009 1.149757465198614 9 240 533
1.08020906811168 0.09589883513855424 1.106241964172155 9 242 521
1.0640920155658198 0.09867190899785139 1.093709007545352 9 247 521
0.9599245798413405 0.09606340892632326 1.115817984237267 9 249 530
0.8625718590017237 0.09488877894068903 1.1367701947248277 9 251 539
1.0618925693150911 0.10367536278238143 1.0639252374717703 9 256 519
0.8827510557937912 0.09963838329840324 1.11280142402179 9 257 535
1.0631535026904966 0.10174439853450434 1.0363546097156406 9 264 519
1.0021392489080643 0.09740277466152203 1.0516777616841462 9 265 525
0.931145348621591 0.09689230545900918 1.0702769835548858 9 266 531
1.2907708938906048 1.9795012595953294 0.9275949872779354 9 270 29
1.1205040641891038 0.10327000852463752 0.9941315261923164 9 271 514
1.0765858801610142 0.1031623585926772 1.001162377976161 9 273 517
1.2896242399756295 1.9865689447457797 0.9066274801487895 9 275 28
0.8867044621323579 0.09777428133611787 1.0560672667602566 9 275 534
1.2987743419961153 1.9542647670900153 0.8996865577462632 9 276 37
1.4054706139042255 0.20956535180323277 0.8820308614423867 9 276 469
1.2324672962499652 1.9824463029575468 0.9169525995489431 9 277 20
1.38582618494122 0.2045306296035071 0.8803326293268308 9 278 471
1.2258875764686912 1.953735829244534 0.9111139952051882 9 279 26
1.2674953383220178 1.9574936010324546 0.8929842298132495 9 280 32
1.3093194503686267 1.9597317102925442 0.8789515314546577 9 280 38
1.3108634727210422 0.18968119796714344 0.8934497245697502 9 281 478
1.1341421084629393 0.10122272905086405 0.9503389825338509 9 282 513
0.9099202243936786 0.09902184238385914 1.0263196092052569 9 282 531
1.164353231053792 1.955513917244068 0.9113687601687372 9 284 16
1.1908264312353758 1.9577956634097426 0.9022734411245534 9 284 20
1.2040788842565058 1.9587916117095305 0.8977220233885299 9 284 22
1.3048288310597136 0.20122359436228376 0.8834917823096593 9 284 475
1.2765443112962793 0.18033930535890685 0.8934222992412643 9 284 482
1.270929078250231 0.17046337359345698 0.8954598997237604 9 284 485
1.2633594243653286 0.16101653022602347 0.8981620786285905 9 284 488
1.2606495880798896 0.15074556466410227 0.8992089296385372 9 284 491
1.2663271881105422 1.9471895253709999 0.8722829186216964 9 285 35
1.2688326545579987 1.9409312103009102 0.8672374441967416 9 286 37
1.3243018131068913 0.22371046446022214 0.8645380427639258 9 287 468
1.2896768408801829 0.21783373726260424 0.876669816569144 9 287 471
1.1859217854550173 1.9487214105890327 0.8876553047393357 9 288 22
1.260874323267399 1.941913240948589 0.8572362158503051 9 289 36
0.8162249153975474 0.09677282837520385 1.037018360953463 9 289 540
1.2479131229166063 1.9466734279200761 0.8575079005562892 9 290 33
1.2245218528467734 0.19539814203893324 0.8881720532805769 9 290 480
1.160134170585562 1.9573448675027647 0.8843811754831559 9 291 16
1.1903901446739358 1.9413833321356544 0.8738176187279442 9 291 25
1.1864413257426139 0.12538087076276405 0.8988090202222299 9 291 502
1.0958023978472484 0.10149159380248296 0.9313859457726891 9 291 515
0.9108173352203464 0.09692065457607557 0.9972983632023067 9 291 531
1.205242406337642 0.19833830867109437 0.8873726538738075 9 292 480
1.1892109316950865 1.9510155220548606 0.8617151352593343 9 294 23
1.2008294374735922 1.9479615320721504 0.8492258812874944 9 296 26
1.2347732565152056 0.22488675352880794 0.860984364380046 9 296 471
1.210848422843862 0.21794775411141687 0.8698293250881054 9 296 474
1.1414543002606257 1.943905818971685 0.8669380802329023 9 297 17
1.1581253493733936 1.9476380119073626 0.8607572953031599 9 297 19
1.1477569135310466 0.1968595382593431 0.8857856723152517 9 298 483
0.8125951117386847 0.09589222512235296 1.0110855142677018 9 298 540
1.1486556807830288 1.9380965150074703 0.8562290222145776 9 299 20
1.1717920460258395 1.9428250741358206 0.8434421621015487 9 300 23
1.2495742861727486 1.9417822859795935 0.8144158892971294 9 300 36
0.9148912665050231 0.09990471896763709 0.9667508776366205 9 300 529
1.170688754665648 1.9434267494520647 0.8355897686793536 9 302 23
1.2529440319770426 1.9425179803991093 0.7959820384294023 9 304 37
1.093582146267756 0.21191463424595924 0.8802644665853613 9 305 481
1.0201618566589001 0.1762127476111628 0.9019955257913888 9 307 496
0.8180504774671848 0.09809054553116459 0.9814869684776384 9 307 538
1.1896070567741959 0.23356342223764948 0.8316551190012557 9 308 470
0.9946402877561733 0.10873268523484292 0.9061255768094563 9 309 519
0.9738367635060705 0.15653838995157365 0.9032518557335011 9 312 505
0.9768624431876838 0.13721178329617767 0.902387331084851 9 312 511
1.2220511023384963 1.9325828753018655 0.7653439129704049 9 314 36
1.0591390133333116 0.22303085819936674 0.8610675687422005 9 314 479
0.9367950761009276 0.182125605133846 0.9041223004179759 9 316 499
0.8224245538977839 0.10063886192312743 0.9518864843648751 9 316 536
1.1879993381762408 1.9323647315960968 0.766344894566498 9 317 31
1.2412887746709549 1.9348907008645295 0.7446304981388863 9 317 39
1.1626872284986711 1.9383796709743557 0.7598017803481463 9 321 26
0.9129482377348628 0.19221561320266878 0.8970137781090477 9 321 497
0.8897120078117429 0.16415549765128945 0.907186719557848 9 321 508
0.9116188117912938 0.12625352559796865 0.8988376511551077 9 321 519
0.892794408133087 0.10373577297575598 0.9005410826464018 9 323 528
0.8299020186410395 0.09956764318522016 0.9206465054610578 9 325 535
1.0727484177803985 0.23553150100263653 0.8116577666997293 9 326 474
0.8542040692312427 0.14493674525823408 0.9062564714792729 9 326 517
0.9023412874469257 0.22053506481321916 0.8809618523969284 9 327 488
0.8591019205956352 0.11136687239094978 0.8984274148831252 9 328 528
0.8936348122889977 0.22138211666236118 0.8680713352359191 9 332 488
0.8142323300740288 0.17897303423903144 0.9036388375951824 9 332 508
1.0527266598640395 0.24422112327141077 0.7908506408888938 9 334 472
0.7997879240014902 0.1002146340888781 0.9054189734737881 9 334 537
0.7917616401344547 0.09684597810800799 0.9090279458502182 9 334 539
1.122824218015542 1.927956543906386 0.7186343452618892 9 335 24
0.7986414373600763 0.19042199384588832 0.9007957041652772 9 335 505
0.789031324857107 0.16721366448824604 0.9055645933138421 9 335 514
0.8114711066213747 0.11636932913391984 0.8936230869628945 9 336 530
0.7866729365939866 0.19269213444702338 0.8998060693574722 9 337 505
0.7906331391006951 0.21128566129048565 0.8913461256324555 9 339 498
0.773927031895824 0.20599746810225017 0.8927814712897899 9 341 501
0.8052784079661184 0.22179210428033524 0.8686213924411132 9 344 493
0.7188246289668723 0.1738145874908873 0.906595793140285 9 345 517
0.7231730247142603 0.15928591199955155 0.9049401475277215 9 345 522
0.7592164183115409 0.213862774313188 0.8838396889642985 9 346 499
0.7268353720393117 0.19611836947039873 0.8993201481544766 9 346 508
0.8467296596260723 0.23598910650629773 0.82291736188623 9 352 485
0.6941513071355427 0.20246484124069541 0.8965275798208097 9 352 508
0.7233971715943637 0.21991464037723712 0.8729931039219601 9 355 499
0.6691824558035788 0.20710734679660237 0.8906886490585144 9 358 508
0.9483402999299484 0.7817636658558527 0.7311855368978435 9 360 312
0.6449251023971083 0.20400873696194977 0.8881250723149614 9 363 511
0.8782081577638656 0.7828174124499718 0.7340330129386747 9 369 309
0.6654542684836198 0.2244629166114554 0.8565343129129268 9 370 501
0.8670725850939458 0.7782829209766746 0.7293083526537072 9 372 310
0.8551880369457725 0.7639855939530753 0.7253941941718466 9 375 314
0.6414852451596085 0.22821448992054005 0.8422783172501365 9 379 501
0.6126052292673303 0.22133771120519113 0.8520888986690923 9 381 506
0.8004132957839754 0.7291309167105041 0.7314142388874129 9 382 323
0.6340917994831141 0.22918915874591617 0.8344121061734748 9 383 501
0.7801808194008071 0.7671095189187032 0.7343186275588911 9 384 310
0.7779954691972726 0.7391579466445297 0.7296863361353284 9 386 319
0.7954434115677811 0.7133872454057142 0.7175974248480659 9 387 328
0.6104516537858118 0.22087129993675647 0.8358600708500676 9 387 506
0.7553126184085601 0.7367394012418552 0.7254997442681984 9 391 319
0.7437994882384031 0.7477856833259503 0.7182229463773868 9 395 315
0.7423673806530724 0.7203909972210196 0.7166830396257258 9 396 324
0.6016803853576369 0.2255885676318009 0.7968345747856469 9 402 504
0.5934438817388787 0.2208949254654874 0.7754449083349135 9 411 506
0.5880073764684071 0.2214940766080945 0.7669454638121445 9 415 506
0.6798196965130532 1.6213636118889847 0.48059409898459515 9 464 42
0.9108065591030532 1.4974456277590158 0.30466584017325693 9 468 118
0.9750974203725074 1.4988071754189585 0.24925450684213324 9 470 127
0.8801310358648875 1.4973266986893115 0.3106100395952367 9 472 114
0.9223105743523416 1.5020499783722583 0.2793090726681742 9 472 119
0.6377442829147166 1.590262903840613 0.4732895282819789 9 475 44
0.6423571495516605 1.563614694638643 0.4713203127129837 9 475 53
