2.5129035326651823 0.8594565838296075 1.1237542698350012 9 6 210
2.506494327267138 0.8048374801047509 1.1250138147192796 9 6 222
2.49856749274564 0.7547886809302251 1.1263483156660472 9 6 233
2.532516961750332 1.5383175185471254 1.1056208341057694 9 8 49
2.542152106829425 1.5228408591938378 1.1049272238224195 9 8 53
2.4891913906368317 0.8237632468549738 1.1177979874616168 9 8 219
1.3156182067121083 0.08602858625916276 1.23257863281905 9 8 526
0.9446077705219005 0.07621090285736498 1.2662843463809694 9 8 623
2.602675997423609 1.5582302521463456 1.0950703885286348 9 9 44
2.2187596731267503 0.10570877785858612 1.1462594346261326 9 9 385
0.907815663514216 0.0730839341897469 1.267109935160939 9 9 635
2.5657224506224954 1.5509938306368118 1.0946187558036675 9 10 46
2.55240274912617 1.5394074886940015 1.0959811367550063 9 10 49
2.5445362095537103 1.512895532654849 1.0930622106936743 9 11 56
2.5048515022156903 1.3882168435679554 1.0980328483016408 9 11 88
2.557956469927129 1.505460333478219 1.0879086251894592 9 12 58
2.5565325860023624 1.361250903762039 1.089362147957551 9 12 94
2.5561050748529768 1.3283616470715565 1.0897035168832998 9 12 102
2.5836946563188223 1.5605990116900825 1.0809700249120742 9 13 44
2.5560912470097215 1.5138939105502756 1.0840571307274764 9 13 56
2.533899803470454 1.4236537267949783 1.0869881031233817 9 13 79
2.504090076690227 1.4091530365548794 1.0900156401820182 9 13 83
2.5158805408823914 1.2950392107017756 1.0898397283295114 9 13 111
2.513510263395478 1.2870013899324553 1.0901391423265836 9 13 113
2.508623869932146 1.2626199520834482 1.0908229729448211 9 13 119
2.5187773160992992 1.3117058920943356 1.08538469563539 9 14 107
0.9382209850341279 0.08060403906299918 1.2486812888030956 9 15 622
0.9653067825312798 0.07403129078340087 1.2407189691599405 9 17 615
0.9503762710537598 0.07194684954877228 1.2422687497391491 9 17 620
0.9064878739959352 0.062443077814006376 1.2468448938811925 9 17 636
2.559715118379706 1.3681086987239266 1.064623195611254 9 18 93
1.0391091698160135 0.06458347038005519 1.230416050998547 9 18 596
1.20723302783496 0.08157964438221432 1.2097913980606085 9 19 549
0.9544674104229229 0.07686716157222251 1.236538981119963 9 19 617
1.3326081420288536 0.08670614641266261 1.1933450812433608 9 20 520
1.3006473844180375 0.08556749292504962 1.1967736065519234 9 20 527
1.2709202330024671 0.07892022289427603 1.199986262188094 9 20 535
1.128487789436477 0.08092105925696824 1.2152353609992526 9 20 568
0.9014457403487941 0.06053627654556615 1.237058088464618 9 21 637
1.2798493991810918 0.07741568068068139 1.1928270115113868 9 22 533
1.2044545907628001 0.08586132894763687 1.2010883811332032 9 22 548
1.161592578382058 0.07836183847890732 1.2058220980765784 9 22 560
1.1061173667866464 0.08184498463783951 1.2119090242018533 9 22 573
1.1051544392424444 0.0664553570636861 1.212061304888909 9 22 577
1.080019891967028 0.07278512542256266 1.2148048122328259 9 22 582
1.010267493338476 0.0729112766105291 1.2224711150832945 9 22 601
1.0007682080395641 0.06569967089538054 1.218076590460388 9 24 605
0.951910237656425 0.07874129444058386 1.2235602032466357 9 24 616
0.9226969153468734 0.07044711419271543 1.226867699669802 9 24 627
1.277577247091166 0.07269654211229604 1.183744276233737 9 25 534
1.172197953239045 0.0733002742485116 1.1957689107344325 9 25 558
1.1258284941219265 0.07081975550224251 1.2010632465735338 9 25 570
2.5030640861297093 1.1016276954382773 1.0384884995886927 9 26 158
2.5154427324401434 0.9875340499145048 1.0371210032266616 9 26 183
2.501126201859222 0.8706242422838784 1.0344829726831386 9 27 209
1.0427869183872538 0.07598871755438319 1.2049438786555022 9 27 590
0.9635893338817607 0.07778354523461362 1.2142042910011845 9 27 612
0.947546827893545 0.0729457699758731 1.2160797331659767 9 27 618
0.8966482654208756 0.06792938058873332 1.2220307531598738 9 27 635
2.571696530020187 1.50656278191074 1.0222104092710251 9 28 60
2.501564442161535 1.013455897986816 1.0301678438266557 9 28 178
2.4906643002523876 0.97030992868638 1.0314278194390112 9 28 188
2.492056893133433 0.928772469362446 1.0312342468570272 9 28 197
1.125062699374295 0.06881950164641104 1.1924018845171922 9 28 570
2.5362671022389707 1.4440530825436848 1.0222979182249632 9 29 76
2.5195796982939638 1.372020215124993 1.0242014842388034 9 29 94
2.5430292584716288 1.333285904352738 1.021342577661979 9 29 103
0.8849767680236946 0.07643341439424933 1.2182357029542898 9 29 636
2.572751325409798 1.5473769821902277 1.0140100129288427 9 30 50
2.5842223685085273 1.5235291320937068 1.0125740007625137 9 30 56
2.5222549700147763 1.4170088173192728 1.0198755809795035 9 30 83
0.9020976195240566 0.06581001890102156 1.2135549536109065 9 30 633
2.5697470480430016 1.5715422802253602 1.0103793354549095 9 31 44
1.0342104431665744 0.0775227335739852 1.1947709006292873 9 31 591
0.9909952809022204 0.07388308522833187 1.20005863563328 9 31 604
0.9507304961396548 0.07694011483456586 1.2050018771580318 9 31 615
2.4985931041072598 1.2967935705226945 1.0142794148788115 9 32 113
2.5269737545477224 1.5179723749171727 1.0074387679258177 9 33 58
2.5152223349295526 1.386509474788567 1.0084116514676813 9 33 91
0.9399481965018301 0.07184334192061681 1.2009582589983387 9 33 619
0.9116641479250223 0.07837816859905145 1.2045302633779187 9 33 626
1.0272633851547097 0.07420263280182993 1.1872124511142417 9 34 593
2.5399004038100466 1.5776490872607636 0.9980131666399339 9 35 43
2.5123146171975375 1.5542747984857654 1.0014328251796627 9 35 49
0.9059228680982916 0.071502121257913 1.199952576572334 9 35 629
0.9786175621695872 0.06705555204998248 1.1878586782551914 9 36 608
0.9396891225707757 0.07593634984811426 1.190266636987661 9 37 617
0.8952264213981569 0.07257563818816126 1.1908042753231967 9 39 631
0.9848116216195226 0.06786711094087994 1.1759944877126514 9 40 605
0.9386266815915922 0.0730430266560933 1.179583582054563 9 41 617
0.9144171504038663 0.06548041977942765 1.180148557237814 9 42 626
0.8959851806552568 0.06625022293705785 1.1773849627120456 9 44 631
2.5132460877135716 1.3144343081010854 0.9540897069844246 9 46 110
2.5116118280251962 1.2977508969017109 0.9541245551325965 9 46 114
2.504082477504028 1.2261690155975669 0.9543486047266988 9 46 131
2.511343744036439 1.2167011466392896 0.9531888019273292 9 46 133
2.5160600395320265 1.1417754310844015 0.9516086741980045 9 46 150
2.535029559054198 1.1924341260630225 0.9451560074193692 9 47 138
0.9336755187141912 0.08067297008201413 1.1640748434316415 9 47 615
2.501909841861825 1.2699560174991786 0.946718365443985 9 48 121
2.4949361743919294 1.1323486971839145 0.9459130619199395 9 48 153
0.8864360501297768 0.06987237802653024 1.1681500220742116 9 48 632
2.554132444475499 1.5668583774144174 0.9388628789005184 9 49 48
2.482361336926268 1.2511960076043174 0.9451136976267637 9 49 126
2.4889621347628905 1.2376981261696904 0.9439459764240368 9 49 129
0.9778607527363932 0.07074203930425349 1.1519292987050707 9 49 604
2.529955627614438 1.5555606389372163 0.9381850795964974 9 50 51
2.521932004727816 1.423511764946588 0.9374621458107069 9 50 84
2.4937046770240414 1.3594422270789748 0.9407580394122743 9 50 100
2.508722095793094 1.341784120827592 0.9382501161367416 9 50 104
2.5203393365178557 1.2129193943391559 0.934630293620089 9 50 134
2.5051038975695294 1.1886877857374394 0.93656011924719 9 50 140
2.494941988231618 1.168209614615362 0.9377843691674865 9 50 145
2.499631697119601 1.4371821836984298 0.9368572268712665 9 51 81
2.496863154703492 1.2887066648799619 0.9350159896713703 9 51 117
2.490890879764987 1.2596390784728664 0.935477198931204 9 51 124
2.538775527209692 1.3990578807524705 0.9261200076402136 9 52 90
2.516888324210267 1.1659590579826844 0.9257655879675669 9 52 145
2.506445731653044 1.4622106816075535 0.9279088445944509 9 53 75
2.5193609178500624 1.334055225793453 0.9238011204083045 9 53 106
2.4931994777433863 1.2772560603329866 0.9268984108989251 9 53 120
2.4824588724233125 1.2528773580166654 0.9281525109229476 9 53 126
2.5170991053997636 1.2101737979578568 0.9221047780854821 9 53 135
0.8831161623984647 0.07255289439410628 1.1553404522602684 9 53 631
2.510227573181807 1.6045533783468617 0.9256033886313216 9 54 39
2.5428013304052293 1.5856242562296763 0.9202069924748972 9 54 44
2.5259125724882354 1.4131536261133784 0.9198779613807143 9 54 87
1.1115883699114664 0.08345950767991162 1.1172762918752155 9 54 564
0.9876830898379731 0.07049710910761764 1.1363457929203755 9 54 600
0.9220979508918428 0.07124811070457016 1.1465701800356756 9 54 619
2.5379754878909466 1.5665365069052282 0.9164875217939646 9 55 49
2.5298215094053416 1.4011034514521585 0.9148243354187001 9 55 90
2.5259667721809747 1.3176023497206684 0.9139438467652962 9 55 110
2.508659074580598 1.2808959291070074 0.9160106264849818 9 55 119
2.49350998434105 1.2568214164004263 0.9179629975512151 9 55 125
1.0106873597200214 0.07184044689212854 1.129917182434256 9 55 593
0.934342770469778 0.0744293563893228 1.1392014703483195 9 56 614
1.3893736695609527 0.08603786903886412 1.063806968530875 9 57 502
1.0657087161998056 0.08750380654921264 1.1156545501773891 9 57 574
1.026798457730121 0.07640113354860412 1.1216721828061664 9 57 587
1.2540195339547955 0.10022013457229795 1.0792982681549343 9 59 526
0.8832984471325025 0.06574429358374623 1.1390411257726913 9 59 631
2.5211244067787977 1.3415258515117776 0.8937152530408456 9 60 105
1.4227521240511463 0.10939748213536582 1.0484981939676825 9 60 490
1.4070042968485137 0.0864935814993597 1.0506071490694215 9 60 498
1.198824941017249 0.07879542104248838 1.0846961494128893 9 60 543
2.5236858457069484 1.4087162263216835 0.8904454792056684 9 61 89
2.52730801766865 1.3835776356988385 0.8892987949693933 9 61 95
2.497530971330534 1.3185565654883482 0.8928313066264884 9 61 111
2.516489568483562 1.2178833673647125 0.887499962503936 9 61 134
1.3146698388730924 0.10414290942816695 1.0628458046336147 9 61 512
1.0139547840782137 0.07852557432805796 1.1122103532713563 9 61 589
0.8975366260609368 0.06576678884459741 1.1312595916184196 9 61 626
2.511743970978945 1.4711096791262652 0.8895712999551125 9 62 74
1.4518181742540466 0.10640559677624539 1.0365966973935037 9 62 485
2.5102285292876263 1.4878596205200711 0.8859961169278769 9 63 70
2.5308744972063497 1.4629756680648347 0.8819352055160158 9 63 76
2.506244264635757 1.4352567431055219 0.8854594069460755 9 63 83
2.531093043200836 1.3507294108442507 0.8793164749686191 9 63 103
2.4881029372551646 1.2608388086128017 0.8845129191403417 9 63 125
2.4984460575894416 1.2381936532740434 0.8822443752442455 9 63 130
1.371532232933779 0.09220233348092544 1.0462998135381425 9 63 503
1.3511867720857424 0.09214447771511569 1.049736255807261 9 63 507
1.2187222595712717 0.09127343522024334 1.0720987527118702 9 63 535
0.9256999324861739 0.06932522784857476 1.1211059066445572 9 63 616
0.8703905322653291 0.06165282436498476 1.1302750625945355 9 63 635
2.5136758342592787 1.3775880452644 0.8785903393026397 9 64 97
2.4932844619548424 1.3287440920322262 0.8809107228556894 9 64 109
1.4052557951279627 0.09841085941377314 1.0372668930422195 9 64 495
1.2046179653592197 0.09108221075784728 1.071293383411611 9 64 538
1.1845717280148282 0.0763067716258774 1.0743608537596487 9 64 546
2.512270032346912 1.4483731894061904 0.8762596180852636 9 65 80
2.4965802489454263 1.2950698707830846 0.875230374063877 9 65 117
1.8006365797800457 0.11456401960294604 0.9661937721073772 9 65 428
1.3548992299694356 0.10065902585126718 1.042497378603636 9 65 504
1.2773052582495505 0.09084106555429772 1.0556004730108262 9 65 522
1.0839507471677885 0.08947474590372906 1.0888133138054998 9 65 567
1.0189998736969799 0.08532733123574965 1.0998803674861928 9 65 585
0.8946008880379774 0.0690544428176425 1.1208743537551296 9 65 625
2.5191387397318925 1.5889673207886559 0.874327495696267 9 66 45
2.5098378014222886 1.5652999281257376 0.8753496688736068 9 66 51
2.5021849119317787 1.4124299012468824 0.8728601118573359 9 66 89
2.493572349882296 1.2701654828577618 0.870801792846167 9 66 123
2.496416500939294 1.2612814132708736 0.8700867059079346 9 66 125
1.615162507351172 0.1149384766561834 0.9943041421500981 9 66 455
1.5335036808917162 0.1162225724600523 1.0084985895786915 9 66 468
1.424434183258813 0.09875265396215394 1.0269787229856537 9 66 491
1.156741542687224 0.07661064803608397 1.072852791656187 9 66 552
2.5106913031641813 1.6128676681435012 0.8722422604658282 9 67 39
2.4975744131382767 1.478353975613211 0.8710897965631083 9 67 73
2.5041090487265434 1.429318989102414 0.8686901849150183 9 67 85
2.5096174380921195 1.3626271148821245 0.8660176280213344 9 67 101
1.4819254802830657 0.10552083878100715 1.0135739471274405 9 67 479
1.4101331964453936 0.1009587861186465 1.026015376977154 9 67 493
1.13258170559957 0.07899308571290731 1.0740034591069487 9 67 557
2.538511439890996 1.578628252545787 0.8622810161275672 9 68 48
2.4881089796896614 1.4182768653847924 0.866958412383776 9 68 88
2.498780660761928 1.279122122394221 0.8614182038664083 9 68 121
2.5133662410443565 1.2560677207448954 0.8582390527016721 9 68 126
1.8688348911285657 0.11222494648644887 0.9418831571186705 9 68 419
1.8384660245542737 0.10711325555790951 0.9471064939637227 9 68 424
1.3481866307418762 0.0996373814328868 1.0334053440020643 9 68 505
1.2569018977781103 0.09411011497472188 1.0493645665823372 9 68 525
1.2267797417610966 0.09211158433903321 1.0546262040732408 9 68 532
0.9772912528457958 0.07212084289193665 1.0981156609796814 9 68 599
0.8833224541201998 0.07581773065314912 1.1147908529629502 9 68 626
0.859016416104579 0.0665983240132293 1.11883661639141 9 68 636
2.510040694879949 1.3887155048347193 0.8580058865078233 9 69 95
2.495109298129324 1.326764959643301 0.8589932960627752 9 69 110
2.500154536843232 1.2923015400078564 0.8571671066353836 9 69 118
1.7388574138962163 0.11021339285960408 0.9607658411453611 9 69 437
1.456937482581929 0.11058232124087586 1.0109342207742795 9 69 482
1.3180470694535977 0.09888367637459838 1.0353300326163715 9 69 511
1.160184464560239 0.08748741928440973 1.063109473319606 9 69 548
2.488876366742752 1.4883173292575522 0.860239678820151 9 70 71
2.5304892785396498 1.371207801488199 0.849540993809929 9 70 99
1.6142139730637008 0.1224256723225603 0.979464880609419 9 70 453
1.191461058001612 0.08558709610607185 1.0542967991932986 9 70 541
1.1809853172907445 0.08729887673992254 1.0562235699911167 9 70 543
1.087794021680902 0.08478859529592953 1.0728743218286403 9 70 566
1.0799148024572909 0.08474733487517927 1.0742868438642619 9 70 568
1.01167270186878 0.08024022703144906 1.0864061818624213 9 70 587
2.5068393693573094 1.4803940347702267 0.8525442683537898 9 71 73
2.516732970719607 1.40606386210777 0.8486533942719507 9 71 91
1.5633653907114857 0.10812495549907442 0.9844481319173136 9 71 464
1.4802714699862571 0.11309422713995976 0.9996217484676148 9 71 477
1.2720236199070727 0.08614796607789676 1.0365358298476601 9 71 523
1.229177133326075 0.09587122323519193 1.0445623454484632 9 71 530
1.1468049411700096 0.09483754344987316 1.059435714767786 9 71 549
1.1232973167491394 0.08477985975638891 1.0634043787543808 9 71 557
0.9793398518701908 0.07895400412242015 1.0892841619362623 9 71 596
0.8504564200407936 0.07423146377219747 1.1124679712208754 9 71 636
2.532292967713881 1.6244441393455002 0.8478077589231809 9 72 37
2.542538228928891 1.5891611136671624 0.8449181562332707 9 72 46
2.529573535767202 1.4681104438652421 0.8437814999048642 9 72 76
2.497834723526871 1.424067192970135 0.8482972730963644 9 72 87
1.3507135904951142 0.10309880269118343 1.0193442470239065 9 72 503
1.3030086047359468 0.09662355076453388 1.0278593374227643 9 72 514
1.1124465469106686 0.08657892099349107 1.062331340467511 9 72 559
0.929312531888592 0.07557828095755581 1.0954206556764836 9 72 611
0.9088774473330692 0.08009768883391066 1.0992791844827434 9 72 616
2.4885730334209883 1.2909219134778154 0.8417703961689577 9 73 119
1.7182097924534774 0.12222191792159287 0.948878153275189 9 73 437
1.0487346750705084 0.07771784452940822 1.0706958401449764 9 73 577
2.5199992719935635 1.6137072309410194 0.8413374245480513 9 74 40
2.5316402322909526 1.566432397120062 0.8377484646710524 9 74 52
2.5207698898356155 1.485851551609307 0.8373262073601817 9 74 72
2.5199533997088537 1.3823467314226752 0.8343460394334221 9 74 97
2.504768974187767 1.3580471615878986 0.8364265742212893 9 74 103
2.480611524493133 1.326086354232047 0.8399392299557498 9 74 111
1.7957648342948245 0.11725599657455699 0.9303603188022972 9 74 427
1.4055849225218493 0.10837791158731047 1.0024447901042715 9 74 491
1.178851807224708 0.09437718617141799 1.0440654886023994 9 74 541
1.1671024505925442 0.09312159292593192 1.046206244218228 9 74 544
1.0974880640790028 0.08758941047743596 1.058947822188081 9 74 562
2.5098081616125443 1.4988454944245952 0.8354803070716348 9 75 69
2.5173504240024442 1.437244707611045 0.832165570782944 9 75 84
2.4772756866819305 1.305654390989293 0.8355884902074509 9 75 116
1.5371947373256996 0.11145148946638761 0.9744067609857618 9 75 467
1.4298419888255922 0.11918230400126273 0.9947149220170339 9 75 484
1.2950101565755374 0.09247470358205723 1.0190953129886202 9 75 516
1.129203397936762 0.09195720208558122 1.0500761466057063 9 75 553
0.8518627284567732 0.0719047774878836 1.101303713260783 9 75 635
2.514642997008459 1.4004732005900435 0.8271836661288441 9 76 93
1.411142188641508 0.11121788017827128 0.9944234649038186 9 76 489
0.9201554524567759 0.07013203561548709 1.0856561522952235 9 76 614
0.8832375301781259 0.07514746849323295 1.0927720608236557 9 76 624
2.528322260612011 1.5682945556375039 0.8256403801927394 9 77 52
2.522229382219969 1.4834698559762465 0.8240618728610272 9 77 73
2.5327381975502883 1.4667538102154372 0.8215263102323622 9 77 77
2.5155755540602134 1.417656550765613 0.8232031366735021 9 77 89
2.5218165944336843 1.4090023038458588 0.8217383670562468 9 77 91
2.5164462499499036 1.3714575344830293 0.8215475950231582 9 77 100
1.3663917900499545 0.08971920742290562 0.9986850247571606 9 77 502
1.1450276881795138 0.08677374952078609 1.040643250958464 9 77 550
1.0464806165335656 0.08875713424681697 1.0594285197998727 9 77 574
0.9306169113400131 0.07679106921095347 1.0810535491481377 9 77 609
2.5140541353672514 1.4596582910573996 0.8205231768103491 9 78 79
2.484916635789416 1.3276486744145395 0.8217565621237024 9 78 111
1.7239857712860855 0.11483591759992873 0.9275379341759312 9 78 437
1.6859853353479748 0.12232749193202586 0.9350612967219347 9 78 441
1.409848389898853 0.10616262055055548 0.9874066593871408 9 78 490
2.519115504159587 1.6051495484663416 0.8201034277128373 9 79 43
1.6450325894757478 0.11739727074021378 0.9388326613601584 9 79 448
1.4910851666937086 0.11228396645353866 0.9683742637111069 9 79 474
1.4717449183669709 0.11395709467087922 0.9721633270703322 9 79 477
1.0798823386126102 0.09289448707060255 1.0470891239755988 9 79 564
1.0211972184766651 0.08121464057001315 1.0580235752675315 9 79 582
0.8690291229616285 0.07760847639500068 1.0872723785814322 9 79 627
2.4977463102087074 1.617090786392944 0.8204225714074118 9 80 40
2.5280528843159855 1.4809662893092326 0.8098629462587291 9 80 74
2.5251968940670797 1.418828821468892 0.8082895095264585 9 80 89
2.5045597331154763 1.394755510062228 0.8114792667543554 9 80 95
1.2514874282433455 0.088683589096201 1.0104915583111402 9 80 525
1.2379408369785605 0.08829336909336516 1.0131134293465456 9 80 528
1.19293145696557 0.09238387324829578 1.02200933266325 9 80 537
1.1540872545523755 0.08769961707215623 1.0294052638366313 9 80 547
1.062141775234014 0.08138777181066326 1.0470753094762106 9 80 571
0.9641229734210748 0.0789996563160631 1.0660612475732842 9 80 598
0.9500757164015521 0.07494343079964216 1.0686549055381078 9 80 603
2.494009444029675 1.4945454800883784 0.812661317941239 9 81 71
2.5130200612587568 1.43658014849631 0.8069091859533242 9 81 85
2.5037720293016448 1.3700871066233706 0.8063994146526979 9 81 101
1.5920935699306904 0.11223617349724169 0.9411968617658181 9 81 457
1.3683473749217085 0.10743139514325661 0.9848957481722135 9 81 497
1.107747259272189 0.0998692868328237 1.0357237334638083 9 81 555
0.9093818790594914 0.08189281777687629 1.073986417441709 9 81 613
2.523975381151094 1.6229686833988104 0.8070174272583979 9 82 39
2.4987503754416642 1.5909739524907365 0.8108622033684721 9 82 47
0.8496739825586188 0.0707988290557715 1.082561499420213 9 82 634
2.511617819856142 1.5719500121798462 0.8033652189770051 9 83 52
1.6566500888564413 0.11093983561072807 0.9205924452214261 9 83 447
1.3513465073303599 0.10703686869014728 0.9812401361589408 9 83 500
1.3428666985973263 0.10545793367802658 0.9828712745071702 9 83 502
1.3157721142091359 0.10706097588916563 0.9883242627489763 9 83 507
1.2057531024892238 0.09460357701873301 1.0097782939537245 9 83 533
1.1595085116848496 0.08807707036812085 1.01874931420122 9 83 545
0.856563580363833 0.0769074541028536 1.078663734088186 9 83 630
2.5229762391549877 1.4461739841868897 0.7921544673360776 9 84 83
1.5837712852064658 0.11643462302460872 0.9314578367623261 9 84 457
1.4186330707620751 0.11236319708740394 0.9644410443490621 9 84 486
1.304299598352871 0.10758793375354525 0.9872046747223189 9 84 509
1.111858082272702 0.09703119601915544 1.025426407105881 9 84 554
1.0985666791194635 0.0895621608166779 1.0278172024954462 9 84 559
2.489009273338531 1.5050627200932984 0.7968451684255902 9 85 69
2.508102332140851 1.40978713842155 0.7893997390605412 9 85 92
1.2042669458381157 0.09860679470006173 1.0036626433472762 9 85 532
1.0370194798427208 0.08694615827466046 1.0370371735132913 9 85 575
0.9021616724253414 0.07823635715319632 1.063974352545967 9 85 615
2.504877357121102 1.6290184912787349 0.7940537920095353 9 86 38
2.5212393115860623 1.4722468151993586 0.7847151881114893 9 86 77
2.497503504318459 1.3730421162315531 0.7857501776246446 9 86 101
1.1570929600859967 0.08336195974981786 1.0094026475776459 9 86 546
2.5282480522361093 1.5786311824699077 0.7830383947637114 9 87 51
2.457566901179782 1.498726039343089 0.7944305526398914 9 87 71
2.5222753881106543 1.4567766055399156 0.7751093863720665 9 88 81
2.517228565148723 1.440292881258835 0.7754992141389639 9 88 85
2.492618428612576 1.3743757402212151 0.7779738277584813 9 88 101
1.53785544789171 0.12506910117281556 0.9258569679338344 9 88 462
1.1905502477671384 0.09613931396252418 0.9965286136987133 9 88 535
1.1030968860686774 0.09376970316227462 1.0145190722248245 9 88 556
1.0646230111641848 0.09193531505639285 1.0224023111043412 9 88 566
2.501618697778698 1.6309119171595676 0.7820269053160965 9 89 38
2.5181215531271883 1.6156053234348282 0.7779713094204426 9 89 42
2.540525536203161 1.576004760992816 0.7717062207123407 9 89 52
1.2815373121796028 0.09276524226825167 0.9741555240691232 9 89 516
1.2488607413818575 0.0964868707774964 0.9811132531701134 9 89 522
1.1547991713599575 0.09153168144515833 1.000509412267973 9 89 544
1.0579982368133025 0.08538413402694767 1.0204281660297208 9 89 569
0.9525777942942026 0.07474749548166182 1.0419615376843947 9 89 600
0.8511055648948396 0.07307269162813346 1.063033918153286 9 89 631
2.4897701252752835 1.4958141651615828 0.7747040216829443 9 90 72
2.507025629538629 1.4872776458188106 0.7707322788260654 9 90 74
2.50945289613995 1.424999473233975 0.7676679534885282 9 90 89
2.5434311900963276 1.577316303855802 0.7624101727030731 9 91 52
2.487696829529242 1.4056551096838188 0.7670345503458242 9 91 94
1.0868586639402515 0.09508551319341363 1.0085483649740727 9 91 559
0.8658975624025542 0.08025006790641243 1.0546463199842968 9 91 624
1.5225524186618817 0.11987995069303747 0.9136711315277084 9 92 465
1.513717959782207 0.11737546170508883 0.9154464862752935 9 92 467
1.5033614252041676 0.11141621116063893 0.9173995624001194 9 92 470
1.2452853526700385 0.09719916558389241 0.9717606004168449 9 92 522
1.0963885599501026 0.09264549817202083 1.0032788289550951 9 92 557
0.838497349197177 0.07383416170020296 1.0574057508561685 9 92 634
2.510734133834812 1.50537860976759 0.7575557013305491 9 93 70
2.4874489530224304 1.4976153245853676 0.7622166158067692 9 93 72
2.4960066674417907 1.4769607067924984 0.7594911123132845 9 93 77
2.496460704897898 1.460456965505685 0.758682853645616 9 93 81
1.107986923805076 0.09243780705433702 0.9976239877932725 9 93 554
2.5200674005059476 1.5990460589787212 0.7552439170781075 9 94 47
0.8923169725791742 0.08453758446022563 1.0406998371410003 9 94 614
0.8842850038843997 0.08633088218442331 1.0425138664852804 9 94 616
2.534417077302309 1.6239608274480342 0.7488774929490635 9 95 41
2.514934395660726 1.5147114023481527 0.7482622759585875 9 95 68
1.4001839418159765 0.10997198744049408 0.9284436316166647 9 95 488
1.0408062685118569 0.08961173977229597 1.005753137848521 9 95 571
0.9150948407676729 0.07189161855399084 1.0323252323459746 9 95 610
2.4961028773759315 1.6393236749503772 0.7536066076043655 9 96 37
2.546044233275559 1.5927324986168534 0.7405569061063839 9 96 49
2.505645044414354 1.4535512875988494 0.7431310376179763 9 96 83
1.0726487325594416 0.07535638546109302 0.9950423261301415 9 96 566
0.9367711270109429 0.08184063665558372 1.025119023459446 9 96 601
0.8554724390962347 0.07975086424246092 1.0428451987868774 9 96 626
1.185515799863199 0.09281319561331003 0.9677737577737512 9 97 535
2.5080393669166057 1.641051996995889 0.7424288691555382 9 98 37
2.549738879673464 1.5859799583046874 0.7305968296834717 9 98 51
1.5292113430027283 0.19039814773431618 0.8925792846355874 9 98 448
1.4158820415358346 0.11283135560519275 0.9141676289640106 9 98 484
1.3931180216582 0.11356420842409753 0.9192626896466437 9 98 488
1.2634216073399729 0.10614747052584583 0.9477523233844931 9 98 515
1.1628406029251237 0.09245100504642445 0.9694768623049583 9 98 540
1.0599498583118483 0.07850287671151279 0.9917032066781923 9 98 568
1.03158938073843 0.0840006690228221 0.9982640965065246 9 98 574
0.9544739629177672 0.08364014293706701 1.0153919025319098 9 98 595
0.8633617964642473 0.0714732870194168 1.0350824339442721 9 98 625
0.8401769407122748 0.06875577879481742 1.0401105891176936 9 98 633
2.5459175799484504 1.5946998806335768 0.7274310174229904 9 99 49
2.49087370225571 1.5296050259443965 0.7366824775031634 9 99 65
2.5183166483586925 1.5170914490962097 0.7299476647226226 9 99 68
1.3758478315996838 0.11830208026699518 0.9197156597771977 9 99 490
1.1323745709998114 0.09178689382451677 0.9729754504859927 9 99 547
0.9134481646508892 0.07361246204087735 1.0211331076753718 9 99 609
2.5257448551184125 1.6310660963995296 0.7292929621569934 9 100 40
2.4853258083482097 1.4894939420495694 0.731626083988693 9 100 75
2.487578778536979 1.4397947804097568 0.7287381003821086 9 100 87
1.251787878345681 0.0973519153832838 0.9430703247926175 9 100 519
0.976407650753673 0.08521459035570711 1.004576027147263 9 100 588
0.8934984114041638 0.07641872641163272 1.0228474362336393 9 100 614
2.4898377685372037 1.6587885147313957 0.7301054485617228 9 102 33
2.531518631468966 1.616571616970849 0.7184968221370953 9 102 44
2.4943976129504315 1.5273398443279376 0.7225859955309736 9 102 66
2.4873978771774645 1.4741371057399912 0.7215646305764206 9 102 79
0.8346949798639567 0.07125662901649377 1.030253120131523 9 102 633
2.532013359446143 1.6051805837675832 0.7134034513205254 9 103 47
1.3382218442097835 0.11109042603180042 0.913532732291933 9 103 498
1.208889011609555 0.09096985143601022 0.9422971914148135 9 103 529
1.0954976653164832 0.08714627385295248 0.9682065773058692 9 103 556
0.899239084012935 0.0742087542352119 1.0127349490477215 9 103 612
0.8829732933986254 0.08203275925039666 1.0168699686584255 9 103 615
2.505265199223994 1.4996910836509232 0.7098322232218077 9 104 73
2.4785513074720393 1.483765852234598 0.7152165625811735 9 104 77
1.0622024200231905 0.0871634844825695 0.972710026206927 9 104 564
2.496855057300948 1.649348280191846 0.7150173540421532 9 105 36
0.9405360162326988 0.08007925627065005 0.9975696018711551 9 105 598
2.52031388190095 1.6429253161797313 0.7048189784405687 9 106 38
2.473356603764392 1.476822567378802 0.7072032780116848 9 106 79
1.402686919498386 0.19986230064837507 0.89225192888549 9 106 466
2.5194985131818823 1.623632911578552 0.699592610964825 9 107 43
2.5042147308216856 1.5344235162074051 0.6985009272703655 9 107 65
1.1698000049406956 0.09903779880284347 0.9383754029855054 9 107 535
1.0556031485265684 0.08269236769561905 0.9645216771985634 9 107 566
0.9217657667207575 0.08372058925351156 0.9962297031078853 9 107 602
0.854309737541407 0.07681978280677404 1.0118196111187554 9 107 624
2.484330248166908 1.4818304398952056 0.695965348887956 9 108 78
1.4576342428086402 0.2236622890968909 0.8731613215666245 9 108 451
1.1108788043794262 0.08784799464258164 0.9484627431404804 9 108 551
0.9461272900792901 0.09523512521607191 0.9880845823139413 9 108 592
2.5027502520880383 1.6324902203470155 0.6952390187144866 9 109 41
1.4146820524751942 0.22429494897334035 0.879771523242465 9 109 458
1.043729348006389 0.0850154578834772 0.9611415225268303 9 109 568
1.0251121432150934 0.07987296628113771 0.965325345191681 9 109 574
2.530526015286407 1.6138515278379661 0.6831135210367582 9 110 46
2.491344898436915 1.5199744310744658 0.6874171257442048 9 110 69
1.4015780907640198 0.21588742432654717 0.8788159494297438 9 110 462
2.482034216198455 1.63716731550033 0.6917211378603705 9 111 40
1.3321960238790376 0.2131199230560925 0.8918667729205308 9 111 475
0.9310564855542849 0.09317241602960591 0.9826299161979818 9 111 596
0.8314895243406084 0.07716749392576538 1.0059232125974342 9 111 630
0.8189066163471805 0.07331176166432396 1.0087650823676575 9 111 635
1.3844214398653514 0.2145995606054405 0.8756387148068645 9 112 465
1.308021868660177 0.201645727615821 0.8935876837114435 9 112 482
0.8489433270856719 0.07794174072294346 0.9988607986577167 9 112 624
2.5118962901101276 1.6553833025335563 0.6766468966855834 9 113 36
2.486395285558831 1.5136360216491291 0.674846428227448 9 113 71
2.489231885948834 1.492941705064252 0.6729694052251167 9 113 76
1.0421948798016003 0.09547394576047852 0.9494342428159286 9 113 565
0.9158095944025981 0.08321276568724656 0.9768574596360027 9 114 602
2.5360224955715553 1.6656891795953392 0.6623732979149424 9 115 34
2.4872752158627898 1.5107132949119442 0.6654768542598707 9 115 72
1.2767940234220938 0.20393986408720632 0.8909347883056227 9 115 487
0.8750185599651963 0.08256228116714714 0.9840047778467202 9 115 614
2.5004292112845787 1.6291804443005309 0.664673616990466 9 116 43
2.4316275536405003 1.4631724957140377 0.6721253431547561 9 116 84
1.032162323873541 0.09054110685025485 0.9421271118270957 9 116 568
2.536084039299409 1.651050159129593 0.6525306425711865 9 117 38
2.517986174593602 1.614896823024259 0.6504450260335207 9 118 47
2.4963571041925463 1.5289476250821832 0.6507401411894866 9 118 68
2.4801169480728604 1.5043717985712637 0.6533798441688731 9 118 74
1.3082091215918377 0.2277364653238454 0.873926597630067 9 118 475
0.9216496541538239 0.08008263823129314 0.9632228493269706 9 118 600
2.5435876543878053 1.6534165813010484 0.6372347514269129 9 120 38
1.2851868243386506 0.2322782302171662 0.8730610853477643 9 120 478
0.9367856314929959 0.08914159736640359 0.9538567865501184 9 120 593
0.822738662834019 0.07805773059963683 0.982520405236409 9 120 630
1.2530995693370246 0.21965585460569215 0.8770764028055222 9 121 487
1.206452508416838 0.22163591128492133 0.8892807527615129 9 121 496
0.9072075916388247 0.08170898154299899 0.9580099138518208 9 121 603
0.8657606049455775 0.08323542198500178 0.9688391683781372 9 121 615
2.537976038463617 1.6505747439822993 0.6294532756811616 9 122 39
1.3166537146253918 0.235425383262728 0.8580478122294287 9 122 471
1.2937386318752013 0.23240149161076928 0.8638277587626716 9 122 476
0.8075985062522419 0.07934453556567922 0.9808146254192751 9 122 634
2.5012884262522403 1.552670243077304 0.6282638927982722 9 123 63
1.2748269694291434 0.23003742233443125 0.8651069692465311 9 123 480
1.1963875936165773 0.21967218507303188 0.8816267295191562 9 124 498
2.486654677069145 1.5415988800161322 0.6223102943310346 9 125 66
1.1609455681194014 0.2211164052177248 0.8877407684548645 9 125 505
0.8345453445125641 0.08140420422133232 0.9652395986402509 9 125 624
0.8062662572004036 0.07342146181362308 0.9722241102609458 9 125 635
2.491418428952778 1.679452249699479 0.6256180011425261 9 126 32
2.5296543248519088 1.6490352749058423 0.613389803587831 9 126 40
1.1706598956627134 0.21993715774768297 0.8817316785192265 9 126 503
1.1449215504778818 0.20546855513112883 0.8876483413256548 9 126 512
0.93002437538443 0.08640574031669601 0.9371635885227735 9 126 594
0.8737862309561744 0.08817078368090536 0.9523025111714081 9 126 610
2.5148934697510588 1.6692777399128775 0.6141608448230969 9 127 35
2.46202010500692 1.5224293727464637 0.6185373529766904 9 127 71
1.1959188681379693 0.22118690118002093 0.8682650117550432 9 128 497
0.834996947188201 0.07728180119507577 0.9561142471175845 9 128 624
0.8584594381123365 0.0874234237513698 0.947504563933253 9 129 614
1.2225119539640361 0.23053224410746465 0.8548094154023282 9 130 489
2.511636782869444 1.6839628305833236 0.5979616118015254 9 131 32
1.1212813935203303 0.22340573755147153 0.8787254342339577 9 131 512
1.0978244370653771 0.20290254468020086 0.8804744513600646 9 132 522
0.9305789169556589 0.08333217436796136 0.9183566931302685 9 132 593
0.9106891993810342 0.08193190133160289 0.9237666961516604 9 132 599
1.1767157598825673 0.23010545466325905 0.8571515000830627 9 133 498
1.1518736792393993 0.22714328966042663 0.8638617850718466 9 133 504
0.8348190990716204 0.07573670959157885 0.9414028934526621 9 133 623
0.8129176587945548 0.08259215419256982 0.9450903330008003 9 134 628
1.089038882040357 0.21878786446119003 0.8644158553799172 9 138 519
0.8693091356808536 0.11111146014522744 0.9133839617839024 9 140 602
0.8514627330256701 0.09073197086564244 0.9140118277101011 9 141 612
1.1281608319899246 0.23735973883163397 0.8411972686061489 9 142 505
0.8216007465492015 0.08645336934709968 0.9194468733609956 9 142 622
0.8032666105040089 0.07210648316194623 0.9207752135299393 9 143 631
1.149982040324902 0.2411440767055797 0.8282926978012787 9 144 499
1.0345435449810323 0.22948424303151116 0.8616477703295973 9 144 528
1.0132510319309804 0.2220791177583683 0.8673829224291485 9 144 535
1.0822968037536955 0.22346013887567406 0.843685032549249 9 145 518
0.8182978577665592 0.07886100014645159 0.910939786895202 9 145 624
1.0907866287326842 0.22704696142251635 0.8381164891440083 9 146 515
1.1112740018482419 0.23628220611171802 0.829356868173821 9 147 508
1.0695021030307739 0.2290495493565441 0.8380888195120636 9 148 519
1.167996136996266 0.23794065923436714 0.8054483748840768 9 149 495
1.1359558455213894 0.23714836365503 0.8151677687829633 9 149 502
0.9885169228420718 0.21420065990113768 0.8582890504082872 9 149 542
1.1438274936873691 0.2418868536509211 0.8097368787358872 9 150 499
0.7855315270883256 0.11623615155124001 0.9092330992865711 9 150 624
0.9979238505323262 0.22318792351302008 0.8497837831788404 9 151 537
1.0519253882972577 0.2343524589836541 0.8307718357394669 9 152 521
1.0858574962092407 0.23838899114159107 0.8172394564782486 9 153 512
0.944458672737768 0.21620530408414895 0.8594750280769916 9 153 552
0.8030813839854563 0.18690022729478528 0.9010906691447261 9 153 600
0.7615379439860437 0.16734002789773328 0.909530635322825 9 154 618
0.8115855554085583 0.1980634739867182 0.8935756510859887 9 155 594
0.8868394602135998 0.2122229103848614 0.8680283349128247 9 156 568
0.7294389016718525 0.17207591326527583 0.9144298550768635 9 156 627
1.119950806581358 0.23598183447099408 0.7893017114355214 9 158 504
1.1077929601156014 0.23457165812192216 0.793074869830855 9 158 507
1.0323293006122447 0.24420468287890884 0.818147394545179 9 158 522
0.9745637716071365 0.22360077191996108 0.8316322160229745 9 159 541
0.7930253464133699 0.19688159831828633 0.8877554858266561 9 159 599
1.0934918829456448 0.2378704487779073 0.7911797565609413 9 160 509
1.0093525079898795 0.23227396106493803 0.8179477700502005 9 160 530
0.936735537768187 0.22193416148081324 0.8405464720716206 9 160 551
0.7052349812270571 0.17950532799252628 0.9089536059876594 9 161 632
0.9459523180240144 0.2305166299058672 0.8320405608372611 9 162 546
0.9339163345058559 0.23024499388901942 0.8328211763204847 9 163 549
0.7820071202284553 0.19840913175875086 0.8798786397607586 9 163 601
0.7411179073617142 0.1956954563724782 0.8930936188680016 9 163 615
0.7290504304610486 0.19201436917818038 0.8967238705707125 9 163 620
0.722730324540878 0.18478203220356493 0.8981281941373233 9 163 624
1.08838015012392 0.24776023529852642 0.7801828176407659 9 164 507
0.9235532430803315 0.22425592165364328 0.8325440652832199 9 164 553
0.8699613834688986 0.22343470609394878 0.850213056978856 9 164 568
0.8904402848555573 0.22341784057874658 0.8403521746447049 9 165 562
0.6966301390865287 0.17881981894551569 0.9006214159666361 9 165 634
0.8335382473877055 0.21577268184201537 0.8555761982399201 9 166 580
0.8234652239596825 0.2118308044793087 0.858568497935681 9 166 584
0.8009785071282323 0.21519053357068407 0.8664155193597769 9 166 590
1.0406818729221794 0.24479924142303955 0.7857141107957698 9 167 518
1.0217648990513208 0.2467641753431371 0.7922672376205868 9 167 522
1.1005009979758136 0.25421380805800786 0.7630678765242351 9 168 502
0.856675962730455 0.22264854016775715 0.8424297902005549 9 168 571
0.7765668697495884 0.20375341066231778 0.8676729730511865 9 168 600
0.7174330159241102 0.20176949804208544 0.8874733685722279 9 168 620
1.1119572736460983 0.25552293221577527 0.7558614154551478 9 169 499
1.0681846102150554 0.2458281019723496 0.7697851368157986 9 169 511
1.0057069887880203 0.2361474239408352 0.790067343027683 9 169 528
0.9961701725630154 0.2333766780905866 0.7930361984784782 9 169 531
1.0431622853881548 0.23975340288655644 0.7743342979011467 9 170 518
0.9457259510997114 0.23548861077394845 0.8071973960675304 9 170 543
1.033528748654254 0.2390723939081434 0.7708584456724547 9 172 520
0.9285742587828585 0.23151300994268942 0.8063204812693366 9 172 548
0.7029358758398735 0.19716855724960425 0.880738870743033 9 172 625
0.6955994045354015 0.19934615255872568 0.8834899730538499 9 172 627
1.0866461535130194 0.25027044519020913 0.7502101727853776 9 173 505
0.8595487183898396 0.22633632169926132 0.8265608199670343 9 173 568
0.7845611797601064 0.21605371801407092 0.8515305358706677 9 173 593
1.2590707323821464 0.2622159145527312 0.6878662481640657 9 174 467
1.1657225137558611 0.25007649802828036 0.7191719994462171 9 174 488
1.0377341735626058 0.24155795755678477 0.7629249911747298 9 174 518
0.679636046179255 0.19951821827908534 0.8834813624971476 9 174 632
1.093836889676995 0.250335462856325 0.7407948897419775 9 175 503
1.026744070789894 0.23892799464442116 0.763131088645217 9 175 521
0.9855373360099731 0.23462084628466173 0.7771272690702641 9 175 532
0.7207720024768394 0.20891600763628082 0.8672596062270996 9 175 615
1.1555238961757088 0.2532183458613253 0.7158963135786871 9 176 489
1.044680899023492 0.24561953579406337 0.7541456236878377 9 176 515
0.7693871498388387 0.21197126136307798 0.8476104681555159 9 176 598
0.884362054182718 0.23455584087905335 0.806341340452391 9 177 558
0.8088477305290409 0.21786874156225577 0.8313264993173302 9 177 584
1.2116570739234107 0.259296582240536 0.6893919377113505 9 178 476
1.160464845500778 0.2602133469756853 0.7076993060231855 9 178 486
0.9521326297016921 0.24173853247875732 0.7798651681049759 9 178 538
0.9182763190418044 0.2328170828119347 0.7909697369328801 9 178 549
0.8437101284392932 0.22752447850943192 0.8169382806698395 9 178 571
0.7140805342403949 0.20265085587469045 0.8604332002553029 9 178 618
1.0531620914264856 0.2474260340058172 0.7411050659566472 9 179 512
0.9823725205540379 0.23418941416798722 0.7650092541013029 9 179 532
0.8705184115885207 0.22694865830397037 0.8011148995468211 9 180 563
0.8488591664588672 0.23157025844440837 0.8093907613766247 9 180 568
0.6661387101008489 0.20734877970065968 0.8724529435840396 9 180 633
1.2219293338151171 0.26145438893066997 0.6748217045151998 9 181 473
1.1626937368403882 0.26018276149540664 0.6960734794543432 9 181 485
1.0816909229898777 0.26090705104673595 0.7253997483179655 9 181 502
1.0141928009894015 0.25022719925771497 0.7486222471559516 9 181 520
1.1438295464893726 0.2631562354772421 0.6996192845196617 9 182 488
0.9102016084638789 0.2418101677022526 0.7820801087579352 9 182 548
0.7719102691928084 0.22207628002035396 0.8301214648420503 9 182 593
1.2810945866827048 0.28220321930594716 0.6480536226053938 9 183 457
1.2416671524902807 0.27435509451042384 0.6615738779785675 9 183 466
0.8703364965058782 0.23628553000587038 0.792823459807861 9 183 560
0.6781015161395819 0.21050340086833907 0.8601069946660402 9 183 627
1.1281619901947888 0.258370184342926 0.697645073316735 9 184 492
1.1153086842236022 0.25716493140441843 0.7022225464796912 9 184 495
1.1061529168909383 0.25269855307546596 0.7050863294948568 9 184 498
1.0623604322104672 0.25119088547801227 0.7209681069088678 9 184 508
0.9905603767245639 0.2420500649093631 0.7462734963784635 9 184 527
0.9830673450984451 0.2413577139850691 0.7489431342009346 9 184 529
0.9351893822991042 0.23756921913352036 0.7660711221587276 9 184 542
0.8619185669259919 0.23674379926707467 0.7928301975023979 9 184 562
0.800414298325592 0.22067240330650284 0.8136003326763437 9 184 584
0.7068101109085809 0.2133176669439556 0.8470922592881185 9 184 616
0.6934545892501178 0.21563391927294195 0.8522411488057444 9 184 620
1.5310352265333034 0.2845747401939571 0.548614230696319 9 185 416
1.2609662453091894 0.2747457482641209 0.6469761658452332 9 185 462
1.2086643199467029 0.2608297475698347 0.6646941404717633 9 185 475
1.0426388098729398 0.25660207945832925 0.7253634235450745 9 185 511
1.1388245684498337 0.26440571006526925 0.6872089971613359 9 186 488
0.8758260256513544 0.23522617998854112 0.781273258378647 9 186 558
0.8435041617987729 0.2316702721517696 0.7928368891933133 9 186 568
1.2186596138158556 0.2772991303686796 0.6553666282872077 9 187 469
1.0152390294875362 0.24803077280182428 0.7277179180142496 9 187 519
0.9769635029909769 0.2448540857642305 0.7415934024602293 9 187 529
0.6638640403277962 0.2061147864412054 0.8536636529283534 9 187 632
1.0990452196282205 0.2559267237637657 0.6938963856255198 9 188 498
1.4974498502572162 0.2911284260709226 0.54477338890219 9 189 419
1.1837641071764113 0.26155768992204376 0.6591780296596268 9 189 479
1.0849183264417008 0.255390710565071 0.6955873113266858 9 189 501
1.4286219373931117 0.2830933298831342 0.5655664977627148 9 190 431
1.3663417051759494 0.2739289358974515 0.5880108835907536 9 190 443
1.2215749708003782 0.27699563879416833 0.642978361718628 9 190 468
1.14690381762941 0.25826078996699664 0.6689990079995473 9 190 487
1.0121483063145273 0.23998440435960067 0.7177400344998753 9 190 521
0.9151854281625511 0.2482144310289458 0.7520288937442392 9 191 543
0.8385074510265798 0.23638711996632145 0.7797290355810875 9 191 567
0.6480568681977006 0.21196028893254426 0.8491018746995841 9 191 635
1.001909627917453 0.24001544478406456 0.7148000911945173 9 192 523
0.8023266911047213 0.23388586981707693 0.7901070631038308 9 192 578
1.4121321495213734 0.2885684588444628 0.5600791994980963 9 193 432
1.3440612266866072 0.27518717735571574 0.5845630669841091 9 193 446
1.3138322822610775 0.27597978106964227 0.5962250129709941 9 193 451
1.203428584126843 0.25905386124591434 0.636494944265522 9 193 475
1.113132206040639 0.264631813619578 0.6717063148927701 9 193 492
0.9200654642328114 0.24516074383549102 0.7433144268115188 9 193 542
0.8483580014660914 0.23509318786274624 0.7695783279045026 9 193 564
0.6916277989910606 0.21943813698683257 0.8277270245300921 9 193 617
1.46949750548458 0.2981988306212573 0.5350303400417886 9 194 421
1.2696167528776643 0.27447335957843144 0.6090930206634951 9 194 459
1.055462884395534 0.2576480308658451 0.6894582938434329 9 194 506
1.0331781414555918 0.2579221632508242 0.6980599581413787 9 194 511
1.3720490670124195 0.2800010533035935 0.5662896504491189 9 195 440
1.3606195576849291 0.2794650535314296 0.5706419273210521 9 195 442
1.1888307860873484 0.2567839583761953 0.6343207595761128 9 195 478
0.8567055815072782 0.2397260103942127 0.7606156077473373 9 195 560
1.1990034858860623 0.25604504971855135 0.6265266069888482 9 196 476
1.1771879576206496 0.25729942613050305 0.6351452207686332 9 196 480
0.9990745932026412 0.24765209674067545 0.7031337020827012 9 196 521
0.6665067935070477 0.21513254873557264 0.8283449698593859 9 196 626
1.1196582164284798 0.2596936348675485 0.6541300837530362 9 197 491
1.076463551730113 0.26080354142313933 0.6711106389572877 9 197 500
0.7865589073077908 0.227674025151688 0.7801917357847665 9 197 583
0.687085249024036 0.2209482900605324 0.8181790735004324 9 197 617
1.0407530956674962 0.26404267670530057 0.6819367372169529 9 198 507
1.314177832532388 0.2851105338843556 0.573363451981577 9 199 448
1.2856782356799143 0.28948384383865733 0.5851172090317388 9 199 452
1.2126879781178455 0.26423684091572763 0.6107727958300763 9 199 471
1.1467418008843453 0.2641862809830724 0.6367293610929226 9 199 484
1.003623611792046 0.26054828088817406 0.6891926276663292 9 200 516
0.7459628123779987 0.22314527374423743 0.7865130475716477 9 200 596
0.6410327449272049 0.21498983263402094 0.8270150734821144 9 200 634
1.0905572429604034 0.26145173029778856 0.6513149790741022 9 201 496
1.0792528917904978 0.2633717989947906 0.6560444902881573 9 201 498
0.8912917876176811 0.2481215741083227 0.7288511255453861 9 201 547
0.7934202126550476 0.23511192549301407 0.7661349544166655 9 201 578
1.4165779084835435 0.288695321349385 0.5209398021946927 9 202 430
1.1388734625887118 0.2599978254464532 0.6282357048607615 9 202 486
1.0645322827080168 0.26348217602733603 0.6583483506823327 9 202 501
0.9367932095106857 0.2559873781005191 0.7084125787206577 9 202 533
0.6637952852930191 0.21960198712990753 0.8128727779934148 9 202 624
0.6536365418462557 0.21032180260547428 0.8157735399180268 9 202 630
1.3011591306248707 0.2788048872020523 0.5617966283518842 9 203 451
1.2683860303480299 0.2778376141227914 0.57482001349513 9 203 457
1.2417741793148753 0.27708861759651815 0.5853996029541665 9 203 462
1.000259749984452 0.2612012366463301 0.6802754856628368 9 203 516
0.915090082134211 0.24914124201616739 0.7129244546147545 9 203 540
0.7735918868858234 0.23312470462312085 0.7676699158482261 9 203 584
0.672619310229982 0.22190580496410517 0.8067624299454627 9 203 620
1.3697029769558242 0.2848734298172393 0.5309459997983281 9 204 438
1.343198447940927 0.2911956949434309 0.5424225783834056 9 204 441
1.2846633525333606 0.28212712275077756 0.5648648009509538 9 204 453
1.1231517716628576 0.2594019789316606 0.627077587668667 9 204 489
1.0990451731164537 0.2597047042986631 0.6368290360472056 9 204 494
1.047355431155858 0.252418924965518 0.6567378284503682 9 204 507
1.0092231286433868 0.25985826171738413 0.6730404285401115 9 204 514
0.8643675675251627 0.23825928535677487 0.7286839834240297 9 204 556
0.8538860713053913 0.24197814260762973 0.7333761627178715 9 204 558
0.9807410450278673 0.2537341270202862 0.6803148389588765 9 205 522
0.9550352000839801 0.2549420291432418 0.6908734975255021 9 205 528
0.7821599890588897 0.2404951248202427 0.75901781208056 9 205 579
1.1301615327863108 0.264537098242867 0.6174978113230647 9 206 486
1.0375894962704528 0.255819380277984 0.6540284643182017 9 206 508
0.9111955223188133 0.25043597328354483 0.7047385091283134 9 206 540
0.6881469503395867 0.2247799068432461 0.792163625887522 9 206 613
1.1867522318448116 0.28014434156293966 0.5926754548866279 9 207 471
1.1544077345838504 0.2684710565669328 0.6043880187147463 9 207 480
0.837986191832274 0.24085599984662154 0.7300993177411699 9 207 562
1.3037586225356312 0.2822792044453548 0.5411256299126009 9 208 449
1.0024674581621895 0.2587261225915829 0.6617208566653139 9 208 515
0.7385505857747623 0.22255412146580866 0.7623204012884011 9 209 596
0.645181725058578 0.21380550449062463 0.799672105311078 9 209 630
1.246508119051744 0.2814325386915504 0.5566503788986045 9 210 459
1.2244892742496176 0.2816364779613203 0.5657954119566034 9 210 463
1.0883932474940907 0.26013294600765224 0.6193376323519864 9 210 495
0.8987758705659812 0.25172563463128284 0.6967594761195606 9 210 542
1.188073327780802 0.27587081402973723 0.5762855886061795 9 211 471
1.0665648118854936 0.2667247090239775 0.6256260650341837 9 211 498
1.0271333525098152 0.2615495444820106 0.6413468741545963 9 211 508
0.684315607251166 0.22412754260962786 0.7790219322085564 9 211 613
0.6570646430916791 0.22608786578072548 0.7906164682741343 9 211 622
1.1292855173543037 0.264746326412427 0.5955340275105833 9 212 485
1.0086846262120381 0.2574363859381501 0.644959454666937 9 212 513
0.7658787760875092 0.23689865676632627 0.743695542360422 9 212 583
1.2839555187113603 0.27605068849991476 0.5283741438405745 9 213 453
0.9767845996423745 0.2545878668523889 0.6544436310790906 9 213 521
0.854847760569418 0.2440216972360696 0.7042159741391931 9 213 555
1.1136258382940571 0.2640806962130162 0.5945481733945757 9 214 488
1.0945261210949946 0.26846852647499664 0.6031906042305445 9 214 491
1.2248404986439683 0.28576815904623 0.5427190083942244 9 216 461
1.178432552852095 0.27575161382482216 0.5610993926400473 9 216 472
1.1411684376536655 0.2728724093528969 0.5765604417647613 9 216 480
0.8254238316159992 0.2461305910062075 0.7072453025465242 9 216 562
0.8165911513817012 0.24423841658698597 0.7107455208813906 9 216 565
1.2977748942486869 0.29429192629972123 0.5087848113208207 9 217 446
1.2836503984820085 0.29171111859582677 0.5144671826471344 9 217 449
0.7797284946810845 0.23862953020810718 0.7225331317447591 9 217 577
1.1582211849795636 0.273920864053395 0.5618044042996728 9 218 476
1.0880738527459204 0.27103343228499077 0.5915143349472791 9 218 491
0.9652032491826636 0.2617594290725149 0.6429740843054201 9 218 521
0.7282345826347556 0.23366967548860984 0.740814942425989 9 218 594
0.7059733500192609 0.2307208193969177 0.7499635959232427 9 218 602
0.6407630130570885 0.2209138773316024 0.7766020684171431 9 218 627
0.6206629756776088 0.21833889614836322 0.7848745969028275 9 218 635
1.2114571817201074 0.2803478211651056 0.531978292491863 9 220 464
1.0525710082102897 0.2635115593271862 0.598431217866347 9 220 500
0.8995410121453293 0.2577060695235709 0.6638852833209528 9 220 538
0.8486340657328924 0.24394183777790568 0.6840105562295641 9 220 555
0.6704248300026521 0.22848363081273382 0.7590224895327611 9 220 614
0.6629799654729853 0.2228946740393014 0.7614674608778053 9 220 618
1.150893540572933 0.27792704678987534 0.5540380081568731 9 221 476
1.0705601732364631 0.2673428567652931 0.5874924621325648 9 221 495
1.0207953516219173 0.26738445910025166 0.6091416609477913 9 221 506
1.0134233538998036 0.2574315362168176 0.610952751187313 9 221 510
0.8759441852606367 0.2617746026163239 0.6713529893555815 9 221 543
1.2779461012090065 0.28339891308869314 0.49547619117550834 9 222 451
0.7624384157970479 0.24231917925621183 0.7148691598626454 9 222 580
0.9706346642109405 0.26003429369021536 0.622911630647713 9 223 519
0.9390188499550391 0.26723691103491953 0.6378043492783095 9 223 525
0.6161246607227528 0.22533262412944288 0.770659039433568 9 224 633
1.2241651580821418 0.28849881411900746 0.507752720301746 9 225 459
1.1771498672087457 0.27863235620045135 0.527144136746666 9 225 470
1.1215513503270285 0.2785634443600178 0.5517406252618119 9 225 481
1.0084951616297457 0.2620535487746589 0.5958066617432252 9 226 509
0.9343431122558856 0.2692731345063626 0.6298093644473319 9 226 525
0.8478328733291982 0.25519331132729395 0.6662297969541563 9 226 551
0.656144075048608 0.22516723923083215 0.7470991550826298 9 226 618
1.1271182912671809 0.2763438479329783 0.5413204217111423 9 227 480
0.9759311988689152 0.263704616283273 0.6069779498680794 9 227 516
0.7651138970578422 0.24163082560607574 0.6978854461391342 9 227 578
1.2180850647685881 0.28671049472987997 0.49822111112149636 9 228 460
1.1094563399036133 0.26929381927568397 0.5443805809167271 9 228 485
0.6612253929177709 0.2343718493541167 0.737273483113591 9 229 613
1.2837166584658544 0.2866985366072561 0.46052814786161056 9 230 448
1.262337043600266 0.28078309207064245 0.4693221847017236 9 230 453
1.0404742530880915 0.27059873247837896 0.5681479352940808 9 230 499
1.015653150189458 0.28154138418038643 0.5809898079552082 9 230 502
1.0082842161175873 0.27154373745150684 0.5828446009290937 9 230 506
0.8931008209704658 0.2590431644617053 0.6330854030628037 9 230 537
0.8287263102454814 0.2564604655551661 0.6618151794327446 9 230 555
1.2234617909686227 0.27910857409055057 0.4785823884110466 9 232 460
1.1801793793371527 0.2749000807253006 0.4976944369620099 9 232 469
0.9833131386840259 0.2601606381038124 0.5852821037740087 9 232 514
0.8155398408219703 0.2532451029596976 0.6607701010817514 9 232 559
0.6173223445919218 0.2175276331308078 0.7458377733033101 9 232 632
1.0033709773793598 0.2779549536962378 0.5751747170430463 9 233 505
0.9510868765576115 0.26218201525406326 0.5967517561876157 9 233 521
0.8833619719814731 0.2583378557485916 0.627195074057952 9 233 539
0.6046451319488944 0.22298193053765125 0.7495448961266743 9 233 635
1.1238489715197382 0.28234871720114496 0.5167939646288008 9 234 478
1.0783289038442334 0.2751356311104014 0.5366423638557853 9 234 489
0.8637717463555372 0.26643900840372425 0.6340232441499928 9 234 542
0.6382633121895712 0.23136300140150912 0.7294938028688623 9 235 620
1.1300641996344694 0.27960303675054 0.5057577555510833 9 236 477
1.0190016743828747 0.27295013351838504 0.556262987595057 9 236 502
0.9979824151023897 0.26763415373902455 0.5652009399822725 9 236 508
0.7585078916665644 0.2439548318828617 0.6726734009167386 9 236 577
0.744485291824295 0.24113255278517176 0.6787469437145126 9 236 582
0.6163667368421424 0.23369692008960374 0.7370448841603054 9 236 627
1.220055563769832 0.282633414111519 0.46040883025247703 9 237 459
0.6934579548382693 0.23323763071589387 0.6981359516552867 9 237 600
0.8306170955899097 0.9017701665206853 0.7342905860447752 9 238 365
0.6497200031305118 0.2394807988380001 0.7164827402221512 9 238 613
1.0662655828756886 0.27324521557928527 0.5230481479766929 9 239 491
0.8826478199554002 0.2615109916495062 0.6074859762571989 9 239 537
0.8433421055718258 0.263540401980664 0.6262673025029614 9 239 547
0.8384714637374897 0.25248516590874703 0.6268360108633766 9 239 551
0.9363486399142884 0.26228909072145745 0.5788339698576889 9 240 523
1.1254442578304873 0.2795614985141235 0.4884178220468871 9 241 477
0.9950762367553627 0.27024795220774145 0.5487134506623967 9 241 507
0.6234337821199943 0.23316167063620608 0.7189422399431624 9 241 623
0.9507882105696723 0.27101945530069305 0.566237998178466 9 242 517
0.9106363226497185 0.2620137604874726 0.5839146636162188 9 242 529
0.6298574684833644 0.23069646372950658 0.71253281394381 9 242 621
0.8904630148768409 0.25739971167201947 0.5893053547120397 9 243 535
1.0404752289423402 0.28002667914187374 0.5174831863865904 9 244 494
0.6373223813779901 0.23359597528071196 0.7034431014705649 9 244 617
0.9975616364602855 0.27711313427415796 0.533918147669859 9 245 504
0.606092148847386 0.22545474004620547 0.7141704647575757 9 245 630
1.1362320377221484 0.274750901946369 0.4627773262139906 9 246 475
1.0775641367749957 0.27873689578049765 0.4917966825209147 9 246 486
0.7578989401273977 0.24997343148508966 0.6417550641648583 9 246 573
0.7437988819599042 0.2511506128669452 0.6487649169047681 9 246 577
0.6881855735020785 0.23773693961321962 0.6734943649254251 9 246 598
0.7943354200136907 0.9259830037856113 0.7306831083266863 9 247 363
1.1108465258849067 0.26967129102884346 0.47030501611639297 9 247 481
0.9560043218562526 0.26521002349982825 0.5447789258020238 9 247 516
0.6530947627276189 0.23188221640085738 0.6864701641809261 9 247 611
0.6007643797885042 0.21477162963117857 0.7091035234969026 9 247 634
1.062205477421573 0.26913691643918347 0.4900014373961272 9 248 491
0.8389526867451189 0.25925946374467745 0.5972557900196152 9 248 547
0.8243721574540617 0.25928893036271505 0.6043707424584568 9 248 551
1.0332778807182208 0.2771744099066096 0.49785280830415846 9 250 495
0.9812261039649641 0.2670453654116951 0.5217711230454535 9 250 509
0.973196795901744 0.26645579650089335 0.5256213602978128 9 250 511
0.784574318896123 0.9608134810351056 0.7303515949470636 9 251 352
0.9537935420661854 0.2722830043349953 0.5324846091474554 9 251 514
0.6981388336630591 0.24703647139653717 0.6544984197812207 9 251 591
1.0652880550895225 0.26265401001753297 0.47196765305239063 9 252 491
0.9051059304597313 0.2665757576055108 0.5520196471514391 9 252 527
0.8817876608505837 0.26206178477517916 0.5628242455060437 9 252 534
0.6161497584641003 0.23787994430649206 0.690455896246733 9 252 621
0.8199126608448442 0.25918410976259754 0.5896199473459063 9 253 551
0.7327894453670099 0.2571165538743512 0.6326327461879746 9 253 577
0.6054086540704573 0.2362298413714483 0.6925227761067879 9 253 625
0.7583678642623393 0.9202442467767226 0.7285038473043826 9 254 372
1.0479298751647221 0.25503291686965324 0.47157971582180624 9 254 496
1.0153311442215571 0.2689119402673472 0.49021091563058816 9 254 500
0.6908958443095756 0.2530561543283707 0.6496566297481217 9 254 591
0.6621627921595209 0.2471514535024284 0.663018379410957 9 254 602
0.5905816847362082 0.220877847453814 0.6943548715905724 9 254 634
0.9829336571505269 0.2737110217622163 0.5034877726704283 9 255 506
0.8816420628183568 0.2676768631710815 0.5532846754753802 9 255 532
0.7553506783438073 0.9515574166792966 0.729973587698655 9 256 361
0.951597741526125 0.2654392693116667 0.5141345034484542 9 256 515
0.7322545832596179 0.25441204746694224 0.6227480804566032 9 256 577
0.636123915511775 0.24454631090336765 0.6694916448432895 9 256 611
0.6140904175780844 0.2318151248833593 0.6784203650776336 9 256 622
0.9942136791078635 0.27373722088368657 0.49032382569834465 9 257 503
0.8054776373541643 0.2550705934241524 0.5825828261950247 9 257 555
0.6039888254754253 0.2279280813375082 0.6768268503248449 9 258 626
0.7492008854938581 0.9650981549306719 0.7274377858776445 9 259 357
0.9481184499891437 0.2661323648853027 0.5049729677259136 9 259 515
0.6952498957532317 0.24553848590075944 0.6303300823766224 9 259 590
0.7452005629011713 0.9935705489305773 0.7317852172752628 9 260 347
0.7929093404404686 0.2583412107527201 0.5793753246893574 9 260 557
0.8550115623457384 0.2771851146277431 0.5438670858760024 9 262 535
0.8221475932160529 0.2680348987927539 0.5592146452414977 9 262 546
0.8077661671136098 0.26375124329308175 0.5658816537292499 9 262 551
0.6162127302438392 0.24126305579031326 0.6607627500156635 9 262 617
0.5972277128878347 0.22871185930069826 0.6683509796590801 9 262 627
0.7423838359762507 0.9839507610832305 0.7236470824352343 9 263 351
0.7884795958002904 0.2603539308995595 0.5718477044513677 9 263 557
0.7046258212287237 0.25310614929655495 0.6140045686458253 9 263 584
0.7320200823837666 0.2661549612136316 0.5988480150741582 9 264 572
0.9450943226395134 0.26342923909162863 0.48382972297101146 9 265 515
0.8485889927394901 0.27283371632619535 0.5358979878485322 9 265 537
0.8289819429078125 0.2696687910162412 0.5455702436687475 9 265 543
0.5949148599296279 0.23227605980481392 0.6611063317066156 9 265 626
0.6067364088364362 0.23378685800532573 0.6521484634288363 9 266 621
0.7662238324042723 0.25776414823152205 0.5694819745734404 9 267 563
0.6651467275090834 0.24770240616209627 0.6208594190404391 9 267 597
0.6357278766631109 0.2395690350348385 0.6348739809403042 9 267 609
0.5816147360794586 0.2253388103088665 0.6607841774287018 9 267 632
0.625966322191589 0.2399607180335408 0.6369815579279117 9 268 612
0.661138476618525 0.24257647035365393 0.6156973166816946 9 269 599
0.616840859367433 0.2395935776505147 0.6386491190692041 9 269 615
0.7956725633546409 0.2640758415459137 0.5413698874401961 9 271 552
0.5994549081583027 0.2299093511158321 0.6399697130983798 9 271 623
0.7635811089711615 0.26375782813937576 0.5550789826279303 9 272 561
0.699110226106229 0.2579740380778073 0.5886064582801339 9 272 582
0.5710868201040488 0.22254276331396694 0.6507541591346887 9 272 635
1.1229210976360364 0.7067350866143292 0.4404528919669618 9 273 369
0.8718553279071823 0.26865770593728766 0.49426719120661 9 273 530
0.7246979802957139 0.2651849866954259 0.5728985502759624 9 273 572
0.8192133664797914 0.27137265870537686 0.5196230710229296 9 274 543
0.6737285396424364 0.25629403000565243 0.5954860182895982 9 274 590
1.2515281408093881 0.710394342394759 0.3638274270616778 9 275 349
0.5882080851692449 0.22918012602285653 0.6336012927194615 9 275 626
1.1613604434028968 0.725062027394511 0.4117147434499461 9 276 358
0.6913210550560289 0.2581607126292145 0.5765265183874606 9 277 583
0.6252323736334453 0.2459300096613295 0.6103650730371565 9 277 608
0.6544751700838485 0.2529489647611054 0.5924934064566942 9 278 596
0.6008687660325456 0.24311756946583385 0.6200614706405683 9 278 617
0.8058591386198228 0.26347744892958036 0.5043139959038357 9 280 547
0.7909735828720745 0.2640427049867158 0.5126608808091943 9 280 551
1.0998792450577377 0.7175582652925312 0.4252220478971217 9 281 369
0.5638095373276415 0.2215516463640912 0.6271479119224651 9 281 635
1.0423987731282578 0.7042483514139213 0.45095480297130575 9 282 382
1.0142432571778786 0.674632604404538 0.46090334126039456 9 282 395
1.0034645950325476 0.6523107923291821 0.46257821785597875 9 282 403
1.0308488133971878 0.6964897039712291 0.4522721344700259 9 283 386
0.997935695433005 0.6667506879388201 0.4648919670798143 9 283 400
0.991886959863495 0.6487389926351842 0.4647623526540692 9 283 406
0.6526852647473667 0.24926650808658102 0.5766729324069471 9 283 596
0.6371041932767559 0.25030258904783986 0.585597321674413 9 283 601
0.5980204918095433 0.24081793959184905 0.6056247864721516 9 283 617
0.7612697582966002 1.3994787080280384 0.7380041604895142 9 284 168
0.7492320396085403 1.3400657517746635 0.733116062407059 9 284 198
0.9782058513298217 0.646776413211807 0.4684802079934284 9 284 409
0.5791265623026824 0.23086786908409307 0.611160929115341 9 284 626
1.0201249144334275 0.7025698999498755 0.45226654463992777 9 285 386
0.8074433758433834 0.2604430061348513 0.48510276966507815 9 285 546
0.5609888758663524 0.22044317656043866 0.6162332343514392 9 285 635
1.0794515450988698 0.7168015958072048 0.4178871054782053 9 286 372
1.027715928168594 0.7082848855421524 0.44549277323240877 9 286 383
0.9858396942734933 0.6773008436160418 0.4630675633410768 9 286 399
0.7159900567669661 0.2612716118743781 0.5334772533564347 9 286 572
0.691067625010142 0.26022685142166235 0.5473811330248336 9 286 580
0.6410242544520619 0.25341553675362216 0.5743663491517962 9 286 598
0.7497608835305478 1.363131739426692 0.7301166546801423 9 287 187
0.9551685130823782 0.6580133354590623 0.47309722119711983 9 287 410
0.6052493421573562 0.24142447023671232 0.589086314699708 9 287 613
0.7485001816254195 1.3838838482181706 0.732566671060805 9 288 177
0.5652980638184331 0.22196713363736675 0.6048212229956785 9 288 632
1.0006690354128087 0.706220630208521 0.4496718520678866 9 289 388
0.8034655099513368 0.2692628627385667 0.4748365109582111 9 289 544
0.7474523676457374 1.4222345707243633 0.7361044921997713 9 290 158
1.0529547213940529 0.7240350269628016 0.4196263414890673 9 290 374
1.0258755628860707 0.711512319498364 0.4326636451842243 9 290 382
0.9419498559485819 0.6550752898955746 0.46951321270812807 9 290 413
0.9316892138942718 0.6296582894195515 0.4702819337725611 9 290 422
0.6317839335158538 0.24897044448574657 0.5658405800947638 9 290 601
0.6118770257303401 0.24847117963785204 0.5771816569428592 9 290 608
0.752524637323915 1.4530001366615997 0.7370460815136191 9 291 142
0.7521113107500785 1.4414322677423734 0.734939343506259 9 291 148
0.7489078303516614 1.4043977567969255 0.7292793617328781 9 291 167
0.5788805003550568 0.23825322349041844 0.5909551048541701 9 291 622
0.8926987687392931 0.5435792264759531 0.46828391235107847 9 292 453
0.6460137969323515 0.25553681855400323 0.5524643322154483 9 292 594
0.6334422714804173 0.2482428878196945 0.5582585833085184 9 292 600
0.9853969770815942 0.7000234983896022 0.44288912148395765 9 293 392
0.6391430503794416 0.24727921676225106 0.551498064874665 9 293 598
1.0090995573064458 0.7169288357368584 0.42894953811887027 9 294 383
0.9751238857195923 0.6991775483356311 0.44512170375343063 9 294 394
0.5595795910163486 0.22667262442470681 0.5904105656231665 9 294 631
0.9067545305353768 0.6384536428953012 0.46904303026497074 9 295 424
0.5743173560159255 0.23977022308304807 0.581363866671306 9 295 622
0.919429357446176 0.6683962286635282 0.4643187430642287 9 296 413
0.6004512500272682 0.24491470788290215 0.5639241121031007 9 296 611
0.6060483147902402 0.2437232856253071 0.5571691760524897 9 297 609
1.037090238198255 0.7160009275166586 0.3976274925167298 9 298 378
0.9649114528679104 0.7042751187106386 0.4379097524348008 9 298 394
0.940402554800295 0.6993467854059636 0.45138965172837386 9 298 400
0.5824816159126601 0.24273725089936704 0.5645138237159976 9 299 617
0.8877038098658847 0.6538378231204935 0.4661553575471782 9 300 423
0.8437533493821612 0.5688413596002688 0.47440691853929207 9 300 456
0.8332620811143596 0.5028542589181586 0.46671817509848335 9 300 476
0.567599077494898 0.22671173444792214 0.5668191164458939 9 300 626
0.5533567433490983 0.2239070996512047 0.574721730162563 9 300 632
0.8607872329687496 0.6381312843665787 0.47547204648797425 9 301 433
1.0057981331611643 0.715794563679147 0.40147732314620854 9 302 383
0.9112912389145422 0.6928306497114158 0.4533666769831888 9 302 407
0.6827326928032456 0.25614616494583453 0.4975628370855829 9 302 579
0.8430427277402184 0.6042824617512665 0.4720641627309696 9 303 446
0.8284372356216445 0.5690285313624479 0.4733189867829508 9 303 459
0.6221437752584049 0.2543070683700064 0.5302988313135384 9 303 599
0.5532516966725674 0.2157045984934176 0.5635754611788389 9 303 633
0.9743897129416383 0.720730040178224 0.4141930337888057 9 304 387
0.8845622299820632 0.6933315936993081 0.4626675189519591 9 304 412
0.5783476059568785 0.24501722945310211 0.5483216243736312 9 305 616
0.8434416030213399 0.6525787414731937 0.4719965324877974 9 306 432
0.6836495777458762 0.2500402908082695 0.48200019669455096 9 306 579
0.948110187255186 0.7152290834102585 0.41821028891017764 9 307 393
0.7118298116466955 0.29949958499446483 0.4686392934351671 9 308 558
0.6236036276795767 0.2541585735590135 0.5128876973120984 9 308 597
0.8590693636672402 0.6954961466519216 0.46157991092639017 9 309 416
0.8479596544587578 0.6932859155836196 0.46794118086629266 9 309 419
0.5469442750925906 0.208742178391083 0.5468240019332393 9 309 635
0.9065111195608362 0.7102383912797399 0.4320760906197739 9 310 402
0.8118539341005346 0.6437484373560463 0.4759308830189478 9 310 441
1.063420666466386 0.6980514345809474 0.3284402319456785 9 311 377
0.8269125185089672 0.6768856065249944 0.47057393659922764 9 311 428
0.8052143339231628 0.6130221288728211 0.46986202364942387 9 311 451
0.789003640464353 0.593978178917792 0.47232565818297034 9 312 460
0.7837566103408229 0.5841544766581227 0.47340360555066996 9 312 464
0.570839167817365 0.24271187346054224 0.529902668494276 9 312 617
0.5538566869194212 0.23128033876008014 0.5379340908110406 9 312 626
0.9110461310187516 0.7199195955159321 0.42085037619276866 9 313 398
0.833444584257802 0.7021537646235644 0.4653958537630444 9 313 419
0.80334284787021 0.6630033435927021 0.47544719466916285 9 313 437
0.5839975384914153 0.24527763098159472 0.5157457458307222 9 314 611
0.722106786745182 0.45986889832763667 0.473993551302212 9 315 513
0.6534584811469684 0.25413272026927447 0.4707251217218478 9 315 585
0.615271259690956 0.24857694682631415 0.49352040069276204 9 315 599
0.9025593467259796 0.7208831687823647 0.41581423698811526 9 316 399
0.824110164743781 0.7007567669419509 0.4608306942457887 9 316 421
0.7393369606207447 0.5166533766218517 0.4726161885609854 9 316 493
0.6828212727770138 0.35097004290658473 0.47072275915603423 9 316 552
0.573374348290293 0.2459392958224229 0.516056028423234 9 316 614
0.5530752499435045 0.22688027610175854 0.5245595639659378 9 316 626
0.713162811842879 0.4790457923244946 0.4772765705984384 9 317 510
0.6253297013147707 0.2526944642815212 0.48137760889140124 9 317 594
0.8531911815306723 0.7128573467402742 0.43833196829944654 9 318 411
0.805098962501577 0.6970410168560037 0.4653250326128997 9 318 426
0.7926668749452308 0.6895659396752282 0.47152729012531025 9 318 431
0.7764758695769072 0.6507417193262022 0.4729427099659873 9 318 446
0.7663545919660921 0.627768748382586 0.4741244957328601 9 318 455
0.6866723032759436 0.4116458294110821 0.475352392449494 9 318 535
0.5474735568676711 0.21600414764332476 0.5191590736923711 9 318 630
0.7578500577598501 0.6239753741029725 0.4753552852488556 9 319 458
0.7380188810535977 0.5706736131216178 0.4757640220177326 9 319 478
0.5466966159800584 0.2016011487541154 0.5098338675594494 9 320 633
0.910747613809261 0.7165118848515561 0.39180290544497187 9 321 398
0.7398311354496403 0.614027339506534 0.47799346741214066 9 321 465
0.7345141260745831 0.5833420931563408 0.4742946611012364 9 321 475
0.6695433408110518 0.4131197528757917 0.47660133702168084 9 321 539
0.6137904586893966 0.2638196848025731 0.47783165022949425 9 321 594
0.8879604209947003 0.7176944066824786 0.4032035083284564 9 322 402
0.844389534603684 0.7138626545976507 0.43044399482562956 9 322 412
0.7906367095579996 0.6993197538064118 0.46176283960441156 9 322 428
0.6837969277908102 0.4836840085200771 0.4804983674405988 9 322 516
0.661603978835259 0.3981788104342536 0.47490269858472156 9 322 545
0.6532363399951089 0.37298631832813434 0.47443495159466675 9 322 554
0.5790725299857999 0.24598372596963491 0.49272625086887634 9 322 610
0.7637358466360396 0.6723033441697408 0.4695330088326005 9 323 442
0.6210393552519908 0.29679776098138744 0.47411412934502706 9 323 583
0.547483012076651 0.1959122416971253 0.49816581278303285 9 323 633
0.7795193632001212 0.6967320899241509 0.4617014869775733 9 324 431
0.7298861284647411 0.6315200930075009 0.47864837367268276 9 324 462
0.6626895795944514 0.4336182473095158 0.47582769979124306 9 324 535
0.6112722321053907 0.2509034965219952 0.46631603848096725 9 324 597
0.566746968412726 0.24363566112816137 0.4902635389398202 9 325 614
0.55741720113814 0.23688526007665778 0.4947582747072986 9 325 619
0.8385629851684646 0.7092054359449589 0.41933209179589204 9 326 414
0.6672680623912715 0.4645323763750575 0.4735010081427984 9 326 525
0.6302279877644589 0.3619292017828897 0.47343283243018297 9 326 563
0.6218829447713244 0.33681121033006556 0.47294292285627515 9 326 572
0.7603929668363927 0.6933450092163294 0.4634627041497785 9 327 436
0.7455778179967492 0.6782315342261986 0.46960031267063174 9 327 444
0.7152133062417976 0.6113679728553642 0.4736354608304506 9 327 471
0.6817318234929272 0.5333158197283261 0.4770551311706034 9 327 502
0.5469507336915251 0.1821386962304259 0.4820180371081577 9 327 635
0.7312386760963028 0.658971289196109 0.47116456783486427 9 328 453
0.8643095379269665 0.7135203693775882 0.39292076232719186 9 329 407
0.5535339461676587 0.203186646816913 0.47604373998647787 9 329 627
0.637996731634637 0.41846349561007523 0.4685252627206552 9 330 545
0.6057675022471749 0.3535158993120351 0.47426703251478075 9 330 572
0.79371363234615 0.7093584419615608 0.4318761155109976 9 331 423
0.7330407739899891 0.6864106014869447 0.46675180050567167 9 331 444
0.6463640080676623 0.48352608999056024 0.47538356320779585 9 331 525
0.6175342622962907 0.40784228321974547 0.4762684264607483 9 331 554
0.6843351649804369 0.6054649446174176 0.47636424896030904 9 332 480
0.7026959477314175 0.6501025258732998 0.471694282916288 9 333 462
0.6312396303975457 0.4654119189971848 0.4745427627323082 9 333 534
0.5784471477658581 0.2780817437229226 0.4642221877909507 9 333 599
0.7363790946830755 0.6988637208098347 0.4577176950993822 9 334 439
0.7106565014944182 0.6731774763745938 0.46873980746110755 9 334 453
0.6879797452414304 0.6319246672957741 0.4738934504433494 9 334 471
0.6055778305731798 0.408105926977667 0.4744938996272564 9 334 557
0.5682273489111394 0.2415830138454802 0.4588081915980018 9 334 611
0.5608674484795256 0.2258985083236742 0.45655381490247693 9 335 617
0.8077704193956969 0.709822816217704 0.40543926574374334 9 336 419
0.7594432853039892 0.7062016150495757 0.4373125836337042 9 336 431
0.6824741148994762 0.6253308457060605 0.46950365371972524 9 336 474
0.5589521415430994 0.1797393734388153 0.4430672664854889 9 336 628
0.7178393150320277 0.7024395521748019 0.46133985300125746 9 337 442
0.6659814679645003 0.6091889234627497 0.47346767533868506 9 337 483
0.6476309533476845 0.5960679794656333 0.48269521575360863 9 337 492
0.6267510613393452 0.48550067924509066 0.469445220167229 9 337 529
0.6107970743265145 0.4329855526311954 0.46725951426892054 9 337 548
0.5743863470320707 0.2993940839723952 0.4588592928160766 9 337 594
0.8225703686768231 0.7150814138989868 0.38972785742451066 9 338 414
0.6944473680023708 0.6848779324319532 0.4696730521884891 9 338 453
0.6688367796824706 0.6471076498539184 0.47774037902014577 9 338 471
0.595477292352836 0.4011951426575946 0.4665058569055993 9 338 561
0.5868346750284049 0.37343430101759356 0.4654841661600517 9 338 571
0.5631048407678769 0.2564573780023698 0.4525162890491866 9 338 608
0.7777297016628337 0.714110373350164 0.4167073774200789 9 339 424
0.6892595751924045 0.6719612057166886 0.466765036462619 9 339 458
0.6151143548611047 0.5289527456676524 0.4785446374364225 9 340 520
0.5581681448755669 0.22290001727241293 0.4407401866808557 9 340 617
0.7447298536219069 0.7113253865297577 0.4286245302009346 9 342 432
0.5545848550749817 0.18643672048348403 0.4271719880001317 9 342 626
0.7134070827819277 0.7060689067766367 0.4456982934741194 9 343 441
0.5855408761147756 0.42394785294232795 0.4626917346901285 9 343 557
0.5523826845808701 0.16630870253279784 0.4201362391963084 9 343 631
0.6833933544170165 0.6975916730871936 0.46116796934659077 9 344 451
0.6076606528805002 0.533794022275073 0.4720806992465182 9 344 520
0.6648571702637986 0.6766295632609544 0.4655256267615724 9 345 462
0.5623661936126811 0.35095948316161607 0.4536131847321271 9 345 583
0.5574318672112537 0.3053757481005488 0.44536430112621417 9 345 596
0.5572947183266956 0.2039348049951335 0.41942425216961876 9 345 620
0.5565290843870434 0.16983548591634934 0.41120770446115174 9 345 628
0.803029157637309 0.7082228845482608 0.37350211327129945 9 346 419
0.5941244355082662 0.5149313320266502 0.4702789625689481 9 346 529
0.5791105081070083 0.46670826032312096 0.4683867136188793 9 346 547
0.726674323870238 0.7096698078064428 0.42412597817747755 9 347 436
0.6959077256732735 0.6983808996064762 0.4428675289004005 9 347 447
0.6506089342060744 0.6783320902622632 0.46957442499889546 9 347 465
0.641382600263705 0.6735405649804789 0.4748307971906993 9 347 469
0.7718917738498345 0.7104240999227167 0.3890419264270628 9 348 425
0.6755176934030893 0.6953789187849833 0.45322046743940847 9 348 453
0.5508997899171544 0.15638505644758194 0.40122107470292656 9 348 632
0.5542778882435642 0.24175181818365488 0.41759287151651203 9 349 611
0.5706769955302986 0.44309147253421566 0.4552380826250595 9 350 555
0.5576748751388318 0.3149416128782456 0.4309195195620098 9 350 592
0.5541631110372536 0.24764280882642087 0.41236148401577843 9 351 609
0.5528338236871249 0.20641450717325305 0.40246734521238325 9 351 619
0.6979877164560995 0.7037463564364494 0.42636998983052643 9 352 444
0.5902129666769054 0.5535546133098078 0.46388961199285783 9 352 518
0.5813700934795663 0.531474040061789 0.4643915597465127 9 352 527
0.6040127349184181 0.6419385420904478 0.4742041348026571 9 353 488
0.5665488623736002 0.4826349961852694 0.4588880532751831 9 353 545
0.7716438855375567 0.7003673209916467 0.3657555313987839 9 354 427
0.6569796035143594 0.6947870013947608 0.4469375249484828 9 354 457
0.5531512081031504 0.3608575383584687 0.4329042214460489 9 354 581
0.559545665375504 0.47451136960576457 0.4553227467568155 9 355 549
0.7282153830500002 0.7101201731166654 0.39289058793787524 9 356 434
0.6394498005570346 0.6927840872440962 0.45266561092502056 9 356 462
0.625710767275474 0.6856180089452617 0.4607146472880448 9 356 468
0.5827289368768543 0.5620391501211566 0.4587513852333882 9 356 517
0.5739279088274175 0.5400612119778332 0.45924191930856806 9 356 526
0.5541342124514427 0.35702829605619435 0.4244952468261618 9 356 581
0.5626975023850982 0.453436700299235 0.44088165015966285 9 357 553
0.5875481844944506 0.6374154296257637 0.46606933671095785 9 359 493
0.5532024146355364 0.31796744622258877 0.40450172335561607 9 359 590
0.5749555263682835 0.605649538703686 0.4635231052276858 9 360 506
0.5549836055818462 0.48255670642743453 0.44465478642858725 9 360 547
0.685021046328206 0.7128634479897329 0.40847912626081917 9 361 443
0.6699219791658955 0.7124553906227624 0.41951102328636125 9 361 447
0.6527986577744715 0.697493156580389 0.42805319376337125 9 361 456
0.566920853181432 0.5543612399237294 0.45225643513320557 9 361 523
0.6575462959618369 0.7120573408769391 0.42202538304955417 9 363 450
0.5769357782092936 0.6284968483925588 0.4588623403877521 9 363 498
0.5654253868834322 0.5824895426497803 0.45472138834839027 9 363 515
0.5615691927320274 0.44848421398055693 0.42061654866018483 9 363 553
0.6841695265181293 0.7118167315952104 0.3988486221114038 9 364 443
0.5678710619497237 0.5928405196359776 0.45258714649818854 9 364 511
0.6206881187169568 0.6976757894016359 0.4390570425148239 9 365 464
0.5856662348003256 0.6816822399822886 0.46080256639842565 9 365 479
0.557122944304927 0.48593107095431365 0.4277193555694684 9 365 544
0.6694601928872936 0.7119996427958815 0.396624031175411 9 368 446
0.5655060982722528 0.6501619308761072 0.45774748924187536 9 368 494
0.5624713272868386 0.6084790170302086 0.4451396202959905 9 369 507
0.648715181318905 0.7122434351117773 0.40580779514237286 9 370 451
0.6253834865229262 0.7066797306560422 0.42197009626871007 9 370 459
0.5613882196328743 0.594995715356921 0.438960909819756 9 370 511
0.5612359437057486 0.5492310436923855 0.42610059914306586 9 370 524
0.5577272364528174 0.48005008755672485 0.4091528491736408 9 370 544
0.5570012040694556 0.4468062455603574 0.4002789332658332 9 370 553
0.6864854157153168 0.7022220305709497 0.3708561300629969 9 371 444
0.5663097890800832 0.6630335746228899 0.44823456851538546 9 372 489
0.5596576682189717 0.6499055610614071 0.44957442667676095 9 372 495
0.596848690641188 0.701638580316595 0.43271214232068933 9 373 468
0.576909316372738 0.6906486108156791 0.441720930386428 9 374 477
0.5576443015377786 0.5809043229367122 0.4217313108544335 9 375 515
0.5563847531441418 0.5239416678569357 0.40294330250933297 9 376 531
0.6499687858415144 0.7000153355283858 0.37812856729213473 9 377 453
0.6099821967477881 0.7051497772049102 0.4042423165625778 9 379 462
0.5602548173723401 0.6733405426802449 0.4306795964124095 9 380 486
0.6103660678050702 0.7028198789156882 0.39346523781328635 9 382 462
0.5691438346396789 0.6920471265735095 0.4196766251695976 9 383 477
0.5565243655613057 0.6068580696396974 0.40429734824350994 9 383 506
0.5537227558129839 0.6256094004463204 0.40565117124844274 9 385 501
0.5561481361631775 0.6630820692423117 0.41176606661803605 9 386 489
0.5926427619228702 0.7008677072930323 0.380849468649465 9 390 466
0.7080755101987148 1.5048974429129505 0.4594059376414459 9 417 132
0.7084654761589686 1.4930795136643984 0.45224234509603956 9 418 138
0.6963696664219089 1.489233396277356 0.4447441329062156 9 424 141
0.6885418721311524 1.5579579445046452 0.4728762316631372 9 425 106
0.6766229129765698 1.5163760499536187 0.46646262772891145 9 426 128
0.6750479057081971 1.576308652416773 0.47532027039366576 9 431 97
0.6622872804964302 1.5027533797805923 0.460983233862869 9 431 136
0.6880453919402455 1.6140048015724056 0.4713030875773335 9 433 77
0.6561178152254985 1.5433905760446396 0.475693707454516 9 433 115
0.652589687039566 1.5075701569816242 0.4661648107630795 9 433 134
0.6666926350654451 1.4932266367610898 0.44795003218558604 9 433 141
0.6893362027903333 1.637696440183088 0.4758866481034282 9 434 64
0.6764804487750579 1.5974032805895453 0.4734015554666158 9 434 86
0.6478420157044659 1.5272310857520874 0.4721787888301956 9 435 124
0.6624648226197356 1.5811450078886844 0.4752383091612373 9 436 95
0.6656335290040977 1.5942504120634975 0.47431385422798467 9 437 88
0.6781366626079692 1.6454891573179258 0.4757997201515749 9 439 60
0.642843977343012 1.5377427611220849 0.4698328658257178 9 439 119
0.6814133883040836 1.6797246426439512 0.47724854759249824 9 442 41
0.6683731599922457 1.6299199755404792 0.4713196148387935 9 442 69
0.6578084749331458 1.6132882158566761 0.47526278175260017 9 442 78
0.6257451036025382 1.5298562377578393 0.47238645970842086 9 443 124
0.6629335387256213 1.645798177146248 0.47705678916008454 9 444 60
0.6472006847095558 1.6012733448377099 0.47294777264438226 9 445 85
0.6641243791897238 1.6641550035799846 0.4747891162500859 9 447 50
0.6238169833284893 1.5693528894076931 0.4755898903856095 9 448 103
0.6292862131576474 1.5861038448533984 0.4712535008108307 9 450 94
0.6078730139565643 1.5393225185591486 0.4744442574626879 9 450 120
0.6414136246442499 1.6376352521112967 0.4762937236910416 9 451 65
0.6360128029838092 1.6217372588495844 0.47554016023539547 9 451 74
0.6053585224344663 1.5084862107378472 0.46250914261870646 9 451 137
0.6131370234493082 1.5024853810935874 0.4526036314406263 9 451 140
0.6169169916513434 1.4946875441479106 0.44593335287102 9 451 144
0.6486946591143006 1.673296145447431 0.4748346481524206 9 454 45
0.6416784158480635 1.6573708878973001 0.47565388231907313 9 454 54
0.6239981202899887 1.6063568076242496 0.4735362910176316 9 454 83
0.6067321073596906 1.5689809835142736 0.4762493395297558 9 454 104
0.5974129836567271 1.5242471254804657 0.468276547420831 9 454 129
0.6345661119744321 1.6451716821786904 0.47536501802400055 9 455 61
0.5964172418331163 1.5538019129625016 0.4726774221821164 9 457 113
0.6160148477789983 1.62962954301396 0.4773175971464583 9 459 70
0.606966722594066 1.6000704039950062 0.4748483211069825 9 459 87
0.5991797447437525 1.584200237773318 0.4764627333689677 9 459 96
0.6114894544072557 1.6160617811026967 0.47392577194690344 9 460 78
0.6264251368185636 1.684773117366002 0.4806429604933308 9 462 38
0.6254840588668719 1.670347444168009 0.4732823017054154 9 463 47
0.5889507219661407 1.569457781512393 0.47043123587848346 9 463 105
0.6186008632010905 1.6550288910444664 0.4715825086348795 9 464 56
0.6100323097480173 1.6391700689114848 0.47400968415179157 9 464 65
0.5870576746786187 1.4940960774573275 0.43701167925748563 9 465 147
0.6164698065543324 1.6848420977451533 0.48042961328577083 9 466 38
0.5939752868157389 1.6015467146794635 0.4701577707325896 9 466 87
0.574132224509361 1.5171054111913116 0.4567099878752461 9 466 135
0.6121751898507712 1.6720835086276487 0.47452358367051817 9 468 46
0.5942386355083208 1.622435809628738 0.4730187094132874 9 468 75
0.5846350438781914 1.5863404666401302 0.4683813255553835 9 468 96
0.5770660988721492 1.5602248549130442 0.4656659032209839 9 468 111
0.5739944878560819 1.5514659629275256 0.46530476544783594 9 468 116
0.5756283629380664 1.5408770832713135 0.45935526678321115 9 468 122
0.5653453910227897 1.513233465019169 0.45076361908542417 9 471 138
0.5759718020189972 1.5786422674469995 0.46367855070456354 9 472 101
0.9562292620854487 1.4594465560898193 0.018324458398443433 9 472 152
0.5986553683793086 1.6624456116684805 0.4716173860558799 9 473 52
0.5951502479395004 1.6473794803555868 0.4691146972378778 9 473 61
0.5750630623457218 1.502240304638107 0.43069214329244976 9 473 144
0.5831496356401252 1.6171913025716527 0.46405621888040316 9 475 79
0.5746988333925034 1.6015574277575761 0.46650546083504363 9 475 88
0.9473101520444405 1.4664026291813954 0.018610586401389462 9 475 150
0.565974935369687 1.537764668331773 0.4466983513321632 9 476 125
0.5658870842090609 1.519846476024494 0.4393795905452409 9 476 135
0.5953631303216909 1.6827031632161198 0.47303850986385787 9 477 40
