2.497472103334201 1.8568658233095507 1.3902499755457247 9 3 330
2.4849481517502827 1.837801412624821 1.387920773207539 9 3 332
2.4582612494738845 1.8110105031018802 1.3837508943420016 9 3 334
2.4499936625142458 1.76545891369371 1.3803225915791677 9 3 341
2.4615211455672315 1.754239786100487 1.3808166346729442 9 3 344
2.4943171053852837 1.7193780185944154 1.3820534059979748 9 3 353
2.4504173191572396 1.2827341764775442 1.3526790046604997 9 3 431
2.4598607424486114 1.251625715549131 1.351826701265543 9 3 438
2.460046674770384 1.2321123845368527 1.3507259131982636 9 3 442
2.4508291542599108 1.2095156681516297 1.3485203903698537 9 3 446
2.4349890906904994 1.1897339660469541 1.3458228289229113 9 3 449
2.4495321735370768 1.1754808122735936 1.3464404309448572 9 3 453
2.479970231734126 1.1421368948539437 1.343226947456172 9 4 462
2.4617042263961917 1.1222684925337887 1.34032363813697 9 4 465
2.467616464679695 1.1100074488193792 1.340205443331227 9 4 468
2.4843261790110605 1.096301294683616 1.341056951440506 9 4 472
2.471301238508017 1.0738493453050708 1.3385178108923927 9 4 476
2.4591962779614254 1.0519528403350487 1.3360996978571926 9 4 480
2.4355284505239903 1.013625986487293 1.3316256347839355 9 4 487
2.428678785428293 0.9805939740921485 1.3290890545678122 9 4 494
2.4354786995494058 0.9646799316749444 1.3288505529552808 9 4 498
2.50138534701422 1.8529841601422774 1.380671758125737 9 5 331
2.454937323998188 1.3188775225569422 1.346382747134558 9 5 424
2.4489581190477274 1.0350639828834587 1.3299593494304893 9 5 483
2.4558901204453263 0.9784397172093824 1.3274633991610483 9 5 496
2.447403523194064 1.3057735399217305 1.3405332917484636 9 6 426
2.4483423112678895 1.1934097056935717 1.3344325424456516 9 6 449
2.446409235136708 1.149863456636022 1.3318504835990108 9 6 458
2.4691456468495034 1.8407716274528239 1.3672349158188657 9 7 330
2.4354020055436165 1.2811839677515064 1.3336775538777834 9 7 430
2.4430732951098393 1.1722371006219023 1.3284757190431455 9 7 453
2.4729492275214113 1.1295666010723036 1.3289507672056673 9 7 464
2.4538437394928043 1.0494647101376622 1.322812507852527 9 7 480
2.4559544961841793 1.25362649384217 1.3253517529557615 9 9 437
2.42620663499523 0.9998221046859371 1.300939840753272 9 11 489
2.425215646980879 1.0352064117520476 1.2984847464277645 9 12 481
2.4685825678469184 1.102848657122003 1.3013817043104816 9 13 469
2.4870958902888844 1.8626214113619652 1.2816892794824692 9 25 328
2.479751701861064 1.8644753735842416 1.2664020111378531 9 28 327
2.4832889522032016 1.8848239343621278 1.2474726607816615 9 32 324
2.4639964258019633 1.8614183964761177 1.22066850378683 9 37 326
2.469397740118268 1.8828901025076834 1.21663389807015 9 38 323
2.4696310742530194 1.8830127713150526 1.2066375086960974 9 40 323
2.465459318768069 1.8744196510253515 1.1861498023594554 9 44 324
2.466378902560104 1.8810518068427822 1.1460341015676527 9 52 323
2.474075601052553 1.9104157024969677 1.1264622409924252 9 56 319
2.4619082427596397 1.8846186545686725 1.120614733833072 9 57 322
2.451512283747396 1.959870867344763 1.1163813224778263 9 58 309
2.4706183142366234 1.9146511666313035 1.1162040190193077 9 58 318
2.4788730838280513 1.9258395338482248 1.1062954333693749 9 60 317
2.437007178913164 1.9638314180551604 1.0904447966161235 9 63 307
2.46783183392078 1.9193243346633055 1.090547804739054 9 63 317
2.457247635921858 1.963577970702894 1.0856617090285243 9 64 309
2.4271291463659534 1.9201324285071169 1.074498728376137 9 66 313
2.4362307048077123 1.9256557244340256 1.064435647116147 9 68 313
2.4482172797895374 1.3845695601522843 1.0561476780593684 9 69 408
2.455316556296848 1.9309072962792475 1.044035286589899 9 72 314
2.461790113746085 1.2292055352670899 1.0415018317152498 9 72 439
2.4598770864842194 1.1787229349998378 1.0413036143208894 9 72 449
2.4642942956330014 1.1360041843033652 1.0411763610825586 9 72 458
2.4486481121912416 1.1069829722132503 1.0409648570992465 9 72 463
2.455182912393779 1.2875014575288324 1.037009225443039 9 73 427
2.460367842560748 1.2181269121920721 1.0322197707914853 9 74 441
2.4719599913638772 1.192068672136744 1.0322117732483052 9 74 447
2.4569936574402913 1.1722623834986872 1.0321116741094238 9 74 450
2.466653363168482 1.1557124665177416 1.0321156791216635 9 74 454
2.4632235253161885 1.3840607084516958 1.0278142437272533 9 75 409
2.468634436274255 1.3334928756739923 1.02776438276214 9 75 419
2.4618026295307502 1.289446395515716 1.027691209369526 9 75 427
2.4454777279150224 1.232756331788066 1.0275776270987746 9 75 437
2.4423223051788847 1.4392235624203433 1.018266509469363 9 77 397
2.435768239530119 1.4256966199966818 1.0182724335786193 9 77 399
2.4529336385667806 1.342649604254879 1.0182982736448372 9 77 416
2.46096751146845 1.2834999012515775 1.018317447075809 9 77 428
2.465508552768508 1.1677578352572722 0.9953078420344197 9 82 451
2.4525567556536174 1.4424435489958551 0.9893672295886239 9 83 397
2.4326997091422764 1.3386236746176612 0.9900756372347822 9 83 415
2.4413800761215976 1.249111309844995 0.9858081009574652 9 84 433
2.4311759732790064 1.3955089154081102 0.9802609923664732 9 85 404
2.437862135633985 1.371720806352339 0.9803478940037209 9 85 409
2.4379905673091438 1.3612233130686398 0.9804180562724045 9 85 411
2.4522495768265884 1.4635437743078143 0.974702240737391 9 86 393
2.4537974230688144 1.4424012223849076 0.9748440408585414 9 86 397
2.4364486308028046 1.1412724966647196 0.959027456999485 9 90 454
2.468473002391214 1.2314026190912628 0.9527488833296436 9 91 438
2.4367628469665545 1.160694659413091 0.9541995807178467 9 91 450
2.4668091331116684 1.1358637974133077 0.953900070363679 9 91 457
2.4406293280091664 1.4082876021025752 0.9367440773596928 9 94 402
2.4613781181817167 1.346851093083202 0.9274855048289742 9 96 415
2.433002325080296 1.299348318985258 0.9289923557536777 9 96 422
2.4543648532646727 1.462452760424954 0.9209374569727993 9 97 393
2.4390485523887984 1.3169867755535565 0.9237848868394 9 97 419
2.44042303054063 1.1551894548884154 0.9264353942755575 9 97 451
2.435416471839019 1.1979394410493145 0.9211962413666532 9 98 442
2.456433013219375 1.4574774094683534 0.9111337741541679 9 99 394
2.436369069063531 1.4162898376587885 0.9125055114062021 9 99 400
2.453195210433211 1.3588703787121676 0.9130346695924739 9 99 412
2.4286009503890607 1.2866417729998552 0.915113209042578 9 99 424
2.442943091085649 1.2457312171191157 0.9154175514473258 9 99 433
2.4410271894976 1.179577493891232 0.9166849156712227 9 99 446
2.451469888726843 1.4992277271110963 0.9006232560574858 9 101 386
2.4505756392491964 1.4436294793136413 0.9017603679122106 9 101 396
2.4420616034370317 1.2705032506635965 0.9054942655793404 9 101 428
2.448505895807371 1.2574220688236224 0.905537558714555 9 101 431
2.4429283798152004 1.1996460793077819 0.9068758448551952 9 101 442
2.433411208611047 1.3662755852565522 0.8990565422667423 9 102 409
2.445624068818226 1.4466099906447227 0.8920516450521264 9 103 395
2.4340743384054795 1.3930129018527073 0.8936290408536869 9 103 404
2.430739722359667 1.2968023622055218 0.8958251337623749 9 103 422
2.458585767128056 1.468514575227643 0.8861546029697782 9 104 392
2.4322456798428687 1.2508011515785245 0.8920276563738313 9 104 431
2.4112475460700717 1.3044914464126522 0.8868691098978954 9 105 419
2.4338676531658043 1.2508615723009733 0.8824783972022642 9 106 431
2.4332311093451477 1.4783258665041923 0.8523038107520217 9 111 388
2.4183903888258858 1.3636178328392121 0.8562479711104967 9 111 408
2.44892719984518 1.4080674559997457 0.8486086513735065 9 112 402
2.412504112707487 1.287771742282553 0.8538957676390322 9 112 422
2.4270280493584053 1.3880551660766116 0.8453884433248362 9 113 404
2.4258875192047467 1.3291377832362554 0.8472052563985096 9 113 415
2.433354055289736 1.3055390920102683 0.8427053923397934 9 114 420
2.4215665104973225 1.4669728274288065 0.8334182389485705 9 115 389
2.4557439596582356 1.4266614167767102 0.8328572908714109 9 115 399
2.3944941830044923 1.342422199246788 0.8339855340231228 9 116 410
2.430244341213884 1.3088721600524134 0.8282666358007349 9 117 419
2.428746166250861 1.458546627962801 0.81841794205505 9 118 391
2.4371234362762726 1.4401450371788282 0.8185592010116485 9 118 395
2.4372313024642454 1.423765742568766 0.8191103555059188 9 118 398
2.4259671557974536 1.306767157334792 0.8189054741647104 9 119 419
2.4411765513648747 1.4802628158061197 0.806943367872375 9 120 388
2.439023543016677 1.4515922572254634 0.8080979167442525 9 120 393
2.4317509929387726 1.3993341664400276 0.8104057673157105 9 120 402
2.4346201567688506 1.3843059542524105 0.8107680399112704 9 120 405
1.2270286993413904 1.9364197452339291 0.8607766155759047 9 121 144
2.404577490212199 1.340052977568406 0.8093288850962324 9 121 411
2.4233335608634508 1.373925789049748 0.8020196929605776 9 122 406
2.417883098903157 1.361037484650742 0.8028483881513484 9 122 408
2.416003171503242 1.3494267364279438 0.7985240015292978 9 123 410
1.007205411931868 1.9477837951922994 0.8606200784519512 9 125 93
2.429726302313342 1.457705106865867 0.7835000562744624 9 125 391
2.4339371915015025 1.4484730226713152 0.7835823246169935 9 125 393
2.4181582029543436 1.3604956376208666 0.7881659085854921 9 125 408
0.9158715725936752 1.957193781087647 0.8632145161423931 9 126 68
0.9675130092045596 1.9695565233160384 0.8591263825191885 9 126 79
1.105269804356757 1.9432856018016997 0.8506356292597042 9 126 117
0.9306921246929305 1.952181301362564 0.8591325530604098 9 127 73
2.421923619977095 1.459481333333271 0.7739685562536268 9 127 390
0.8037966879383707 1.9723390333574102 0.8641910096540047 9 128 34
1.006128541678494 1.9480709803134149 0.8505922810659166 9 128 93
1.0869339663655952 1.948656147029496 0.8447251679194251 9 128 112
0.7491698732609857 1.9655329026121264 0.8654173879429485 9 129 19
0.7923288393423524 1.9761754404424579 0.8617737703507284 9 129 30
0.8408848518966598 1.9715295432010578 0.858393918816047 9 129 45
0.8537508276604218 1.9696260065553275 0.8575274641764012 9 129 49
0.9347603547513224 1.9536849064396855 0.8522431344685125 9 129 74
0.9709104452540398 1.9602241704859953 0.849294033814399 9 129 82
1.052231802070729 1.9437488143361419 0.8440098333942863 9 129 105
0.7635367460580389 1.9734720945571977 0.8609717758897735 9 130 22
0.8891467377615028 1.943463614488961 0.8528504222228918 9 130 64
1.0649786880754175 1.9441658153600194 0.8395970673633125 9 130 108
0.9214057990685531 1.9729436619593934 0.8458496175867545 9 131 67
0.9795063103919914 1.9518717071213745 0.8423440348877383 9 131 86
1.013260510940972 1.948366977409116 0.8399144174498402 9 131 95
1.02188446572754 1.9436520122421255 0.8394654718383652 9 131 98
1.1123420891506868 1.9436019398596827 0.8325341415189398 9 131 119
1.0860616299875117 1.944444060120534 0.8310186786231534 9 132 113
0.7876859598439392 1.987352736530264 0.8492583126923638 9 133 27
0.9428987351116056 1.9566207182760946 0.8383445961553884 9 133 76
0.9986951062249494 1.9414332010704642 0.8346145356757312 9 133 93
0.7757719644036327 1.9601585501080478 0.8453519597279489 9 135 29
0.9044890287822005 1.962550945552675 0.8346211270792547 9 135 65
1.0965640245737374 1.94275021769561 0.819738888086347 9 135 116
1.1107595685145741 1.938512182880761 0.8187732245663046 9 135 120
0.7459181064276326 1.9654536487692136 0.8445307473883723 9 136 19
0.937224032184828 1.950840089682309 0.8291945053971854 9 136 76
1.1297822004777374 1.9401029836736994 0.8135623392747526 9 136 124
0.7823979202052538 1.9614756886756441 0.8385852007751848 9 137 31
0.8297608658045179 1.9605860519146132 0.8345856278758772 9 137 45
0.9774466688456345 1.94230880720858 0.8228906609089006 9 137 88
1.07413673324653 1.9431838907607375 0.8145908743482734 9 137 111
1.1336734507226212 1.9455458032902233 0.8058068084779568 9 138 124
1.1538575714824257 1.9370357930484814 0.8044873166200353 9 138 130
0.8464799815751172 1.9605414358661992 0.8268063873879306 9 139 50
1.1051297439569652 1.9443659195674636 0.8048030084821796 9 139 118
1.2233297140743327 1.9403042347194785 0.7945752546344726 9 139 144
1.0524231472072838 1.9445569879725373 0.80597838856184 9 140 106
0.7524287663134293 1.9639714448702632 0.8288380008031621 9 141 22
0.866233705629379 1.9592425781347576 0.8187077346541404 9 141 56
0.8883457619635253 1.9594084721165013 0.8166814200333323 9 141 62
1.0964914064187554 1.9352350714180613 0.7989839548050045 9 141 118
1.1443204258122683 1.9434091313298594 0.7941829062597081 9 141 127
1.226069368761816 1.933521963785956 0.7872532771780313 9 141 146
1.3451443574522228 1.9337824898964642 0.7763752821104069 9 141 169
0.9032795873971913 1.960060298741685 0.8120137331222452 9 142 66
0.9102477464171239 1.9541267392320374 0.81169025177963 9 142 69
1.095764180174606 1.9405985491535875 0.7916883054708286 9 143 117
0.8856394259586127 1.9626860631567045 0.8070037812546481 9 144 61
1.3180483696705414 1.9296591993813332 0.7636364534534155 9 145 165
1.1247998745594427 1.9449727029433856 0.7743363787542761 9 147 123
1.1666092947884537 1.9292571365273798 0.7710747022852507 9 147 135
0.8369953857158057 1.9630248467367468 0.798880517714311 9 148 48
1.0607755954063895 1.9390582915936379 0.7705701985940805 9 150 110
1.1907529619217891 1.937610760987637 0.7459560768692234 9 153 139
0.9272654481331948 1.9592352145487695 0.7665881218646309 9 155 74
1.15586584996711 1.9276270524052928 0.732088227211998 9 158 134
1.2042727371278439 1.9298739704714558 0.7112993938622322 9 162 144
1.2562728910783454 1.9319940733547414 0.7047867861009653 9 162 154
0.888504916048763 0.8984467652871196 0.736424530974844 9 198 347
0.8500329930017969 0.9078484141616535 0.734996453826408 9 201 336
0.8696267447518742 0.8749265329997306 0.7325082041429761 9 202 352
0.855284716347527 0.8489889311218969 0.7307587576880847 9 205 359
0.7502639209536301 0.8453299479333339 0.7308059046180304 9 214 339
0.739003162271691 0.8641718299398955 0.7263661901475427 9 216 329
0.7449472059359297 0.7983242169457497 0.7264529303039184 9 219 357
0.7450356298662308 0.8201439798959138 0.7215328053309663 9 220 348
0.6833840723910725 1.9373956603237352 0.5550770077092531 9 233 19
1.1171346525913073 1.0604352534606154 0.570348714531253 9 234 334
0.6929649663209789 1.9412315428454998 0.5362071855362378 9 238 22
1.1106462628483014 1.0669892074218654 0.5586583809530636 9 238 331
0.7030823410251625 1.943414195159646 0.5269616260072583 9 240 25
1.1184044177288126 1.0643865252855778 0.5447601945116539 9 242 333
0.6989671531847907 1.939817793582281 0.5154589988286847 9 244 25
0.6900622739578148 1.9419395654489926 0.5141245148744411 9 245 22
0.6793958583748876 1.946602914893989 0.49011113162332454 9 253 19
0.6089902604846725 0.271511598752598 0.7584150839525277 9 259 631
0.5988814294677025 0.26670807273687314 0.7557844209354431 9 263 634
0.6649475376448613 1.7327741607447513 0.48418498385645703 9 267 59
0.6708213378498284 1.7038717567098083 0.48735369125417183 9 267 67
1.3526108559668173 0.6923486033084314 0.45810504681759145 9 268 476
0.6393669296898998 1.7153876460115742 0.48538810705347724 9 270 55
0.7282626562782863 1.6157527848228215 0.47641973050274433 9 270 104
0.6166398628064192 1.7283185701127772 0.48681960868032526 9 271 45
0.6552846350631065 1.6884302325744562 0.482309756269115 9 271 66
0.6050284166858074 1.7176061489130554 0.48014354983340934 9 275 44
0.6241317173710332 1.6552043688584257 0.482406872447977 9 276 64
0.6030411085251772 1.6658025545145339 0.4810300665176973 9 278 55
0.601781775657825 1.6166455381976745 0.48150647663191226 9 281 66
0.6000930790498331 1.597866415261741 0.4796740610477681 9 283 70
0.6191103020083539 1.5858412505158532 0.4759064004257494 9 283 79
0.5685117736858745 1.6710383094735675 0.4732517517557302 9 284 43
0.5750379835373237 1.6546300979424164 0.4713138898124344 9 285 49
0.57501640682425 1.619588235933738 0.4749514669274244 9 286 57
0.6869912313391908 1.5154432558255668 0.45863165913565473 9 286 117
0.5704776194573894 1.666920954199719 0.4646518039731736 9 287 45
1.0792975674282128 1.097298541292194 0.40818203626786387 9 287 317
1.1595467371208505 0.6632674459654855 0.4638463879277167 9 287 467
0.5856819613465682 0.2692685132406258 0.7204056336590356 9 288 628
0.5768221853883886 1.5934401757347816 0.47068302495211023 9 289 64
0.5708859927048904 1.6468386406973279 0.4595799445610741 9 290 50
0.5836882717297992 1.56531403815691 0.4709410389454657 9 290 73
0.598882279465331 1.5485932618670841 0.4691729955840367 9 290 82
0.6818202022498236 1.5107798064483442 0.44933472451131895 9 290 117
0.7114184332592774 1.5010378091487597 0.44153989571276187 9 290 128
0.6467384787162674 1.5209774098207527 0.45591809758228885 9 291 104
0.5652004614359392 1.6573255537465394 0.45361377743978615 9 292 46
1.0906699312163224 0.6919303702643744 0.4663684726090507 9 292 449
0.5669504247364694 1.6881661082724375 0.4441502254001687 9 293 40
0.7073474897801513 1.5015467294601297 0.43377256840050404 9 293 127
1.1050041180895949 0.6714935298460938 0.4627260115379226 9 293 458
0.5698839916729252 1.6165875759028707 0.4541460059524507 9 294 57
0.7268332765300627 1.5000791447583444 0.4245664644462003 9 294 133
1.0754945680227201 1.116440063229936 0.383136264295729 9 294 311
0.6273943761732272 1.5184387040269258 0.45120623446224595 9 295 99
1.0619189637758082 0.7015279454557402 0.465550514206565 9 295 442
0.5646224330928787 1.6634977268926432 0.4409164186202218 9 296 45
1.0754023936618904 1.1021387078234706 0.37946938558939447 9 296 315
1.072764380560651 1.0899495398692767 0.38275187587758874 9 296 318
1.0765839268815973 0.6601116770257738 0.46593812480602204 9 296 459
0.5836574434942708 1.5310429398506273 0.45771220960530046 9 297 82
0.5828706023007192 0.268721296283069 0.7073035718662458 9 297 627
1.0781674254194178 1.1109757484239926 0.36701824591190746 9 299 313
1.04763359916473 0.6776136048529422 0.46390180951909255 9 299 449
0.6310386824880689 1.50481897422627 0.43819734854823245 9 300 104
0.8154717782905152 1.505871750030309 0.37148853436471474 9 301 156
0.5626203661993318 1.650554445409758 0.42659288131554174 9 302 48
0.5660166201018554 1.5762524022751156 0.4404626880076189 9 302 66
0.8612363746441427 1.516520161854226 0.35025321321262526 9 302 165
0.9796902157162029 0.702778150470048 0.4739932630002164 9 302 431
0.5637650840277479 1.6304522939827821 0.42735138771991477 9 303 53
0.5743761758936363 1.5253246930613533 0.4450504926417407 9 303 81
0.6494452839497273 1.5132562249748824 0.4213631610777284 9 303 108
0.6851822217819812 1.5038270277409431 0.41083643699793204 9 303 121
0.7074993846888087 1.4933404374048653 0.40519844063407096 9 303 130
0.7444307184305625 1.4948147261008313 0.39203679285828374 9 303 140
1.0005759065017934 0.685971927679442 0.46743974017351264 9 303 440
0.9760875289680742 0.7117527891262829 0.46801562610819514 9 304 427
0.5641045678333902 1.6915877345103767 0.4088274202357086 9 305 40
0.5666055043427826 1.5616341190916225 0.4346554978819056 9 305 70
0.7501682626521273 1.5021705450108727 0.38231796048851474 9 305 140
0.8450325093343078 1.5133585577232282 0.34665525439167844 9 305 162
0.8954165413998114 1.5138951863860097 0.3288251025962604 9 305 174
1.0704605430297929 1.0957169503885287 0.3532054566919256 9 305 316
0.5664519768436934 1.6454133096280317 0.41454722413085243 9 306 51
0.5673406757862913 1.6198780544572922 0.4195067284908778 9 306 57
0.5881385226777649 1.5085130648414724 0.4351556926687803 9 306 90
0.6128746188428091 1.5086167466243547 0.4263920996852626 9 306 98
0.6778511425323965 1.5044262913989053 0.40429365008272933 9 306 119
0.6877574658891976 1.5040778713596623 0.4008645339033854 9 306 122
0.5806947457138321 0.2707626233681265 0.6934088896488215 9 306 624
0.7584682301748022 1.5124795609203483 0.3709944703213257 9 307 140
1.0657570834420844 1.0893896072960298 0.34966635530325707 9 307 317
0.7954891812411307 1.5249561294384082 0.35203342338697896 9 308 147
0.900849541869815 1.5160500680752664 0.31629101108313584 9 308 175
0.978009735525593 0.6549820948949778 0.4683178090190854 9 308 449
0.5704271167955838 1.648872175584519 0.40354620274686015 9 309 52
0.6845044117150552 1.5013759984775172 0.3935455401501591 9 309 122
0.8139507524986018 1.5156664818066685 0.3441323643563412 9 309 154
0.8623418690818296 1.5157515814027829 0.326761759347717 9 309 166
0.9141186736282092 0.7022337000502219 0.47866187849095077 9 309 422
0.8003640464483954 1.5225499444739392 0.34432536814767967 9 310 149
0.9350274025788543 0.6890548735404525 0.47129721401157465 9 310 430
0.6567684421503988 1.505308809335972 0.396722240922856 9 311 113
0.8736088905828325 1.515176527027645 0.3161266881829301 9 311 169
0.8999483186439088 1.5161098260174595 0.3063929463911125 9 311 175
0.570087319658361 1.5878611668172884 0.4077300569229183 9 312 66
0.592911566517756 1.5137687139483051 0.41517700023051407 9 312 91
0.6848503505010473 1.5072510916267805 0.38311640258626944 9 312 121
0.9341478614634557 0.6658003840708744 0.4712955009818023 9 312 439
0.5732590953449321 1.711631068595837 0.37722179115302334 9 313 40
0.571952983896248 1.6773766032956088 0.38200510757794304 9 314 47
0.5664941803710799 1.5450810869409346 0.4124003754979815 9 314 75
0.6177823010787028 1.5105574847984469 0.4009732051775282 9 314 100
0.8575131502660471 1.5210928474628878 0.31066958937473155 9 314 164
0.8987022107006106 0.7036525034712925 0.4709645200320549 9 314 419
0.6589197081658311 1.5139842658406404 0.3821309897808419 9 315 112
0.7336516277391767 1.52936048744301 0.3512400105797726 9 315 130
0.7522988771349892 1.5213146312550718 0.34609407340672416 9 315 137
0.5778542285989783 0.2702144617080049 0.6802170318255882 9 315 623
0.5734636652318426 1.6533667400791 0.3806162880937619 9 316 53
1.0627673751801183 1.1090774064299516 0.3171234339345095 9 316 311
1.0702887830392764 1.08148939808115 0.3203113457279536 9 316 320
0.7432616829443011 1.5244112228476983 0.34243937549440107 9 317 134
0.6367125035889457 1.5162755795455036 0.38092529462068603 9 318 105
0.8346900360290528 1.5112000818300133 0.3079482479262138 9 318 161
0.8486116822580279 1.513049492782575 0.30233411265779864 9 318 164
0.9000148060835238 0.6539389751108622 0.4709533624532425 9 318 439
0.6628650011676838 1.5250152703404665 0.36619820137619685 9 319 111
0.880035641517021 0.6740365612682906 0.4714938006916869 9 319 428
1.064509392520103 1.099437957796737 0.3053857027902769 9 320 314
1.0730360368829408 1.086663322767056 0.3049844700670562 9 320 319
0.5742589349481617 1.6169449573464305 0.3733698570484786 9 321 62
0.565952105612423 1.565189469073598 0.3879972400547247 9 321 71
0.5780809934277955 1.5187472025797646 0.3936920564427282 9 321 86
0.5954622056838804 1.5091309910161272 0.38922871890887256 9 321 94
0.6143207716182196 0.276214768411056 0.6554361983949952 9 321 618
0.5773906822828512 1.705346730862205 0.34950767141890715 9 322 44
0.8370786718114365 0.6998194794129434 0.4744860997743815 9 322 411
0.5727706407790581 1.5762129687623303 0.3770961934606978 9 323 71
0.570482005654473 1.534356591571881 0.38733866115430926 9 323 80
0.6938843875606189 1.5188598156148094 0.34354796297750534 9 323 122
0.8743794877048396 0.6236664128975404 0.4747386280588315 9 323 448
0.5825003052736852 1.6770255740389794 0.3477521546133895 9 324 52
0.6548676316117963 1.525586709513862 0.35395314882713524 9 324 109
0.7701045428303734 1.5239789266561077 0.3099811594342603 9 324 142
0.8231570856469299 0.6991907478378376 0.47497445454818465 9 324 409
0.575755244263989 0.2683788694514224 0.6669955537662922 9 324 623
0.5700307201913104 1.7242885617175379 0.3388359136794694 9 325 38
0.834211234550581 0.6790037175474192 0.47277766201076776 9 325 419
0.7275208796772474 1.5223825276768106 0.3204015824189512 9 326 131
0.8890866194479314 1.5143289739071328 0.25950400317004485 9 326 174
0.8992917750125942 0.5607687305839062 0.47184745326272126 9 326 478
0.6264700091580653 1.5239815156436882 0.3562804557578434 9 327 101
0.6409473186965982 1.5302421730420046 0.3492078833633342 9 327 104
0.7005030260165512 1.5159175578252666 0.3292459735693951 9 327 125
0.7742057344876785 1.5212109915401166 0.2992966033494183 9 327 144
0.8171248184945059 1.5171165167906018 0.2834916692315105 9 327 156
0.8370622346799979 1.5213318516442493 0.2747557815146735 9 327 160
0.839647205730863 0.6379569075639695 0.4750393816974793 9 327 437
0.6905002424117548 1.5168812794310738 0.32982952872142857 9 328 122
0.8208004861374971 0.6525765522775517 0.4766192248733302 9 328 428
0.5789861572894286 1.6333646465189036 0.3438283946841151 9 329 61
0.7959013212290282 1.511811120941557 0.28641765318389534 9 329 152
0.8609430273092193 1.508076852079452 0.2616815421918821 9 329 169
1.0659157897502345 1.107611290477664 0.27309875824774554 9 329 312
1.07437778567253 1.0803351233169116 0.2760402954410992 9 329 321
0.8532646252463767 0.5957314771050173 0.47447287585764 9 329 457
0.6131562940367232 1.5331645640677976 0.35043591005074914 9 330 95
0.5709053412003475 0.264543228738776 0.660129597877577 9 330 625
0.5754337361067127 1.727593688074378 0.3173212221400552 9 331 40
0.5773049793383965 1.697034322358451 0.32366756819330744 9 331 47
0.7265724568860863 1.5233555759310455 0.3046926949271971 9 331 131
0.7778497140435874 0.7024312582025368 0.47477542844356657 9 331 400
0.7915767838195951 1.5124575958223359 0.2781264746798122 9 332 151
0.8228980383009665 0.611277874558329 0.47562548105367486 9 332 446
0.5782690265026436 1.612127674315943 0.3369578001172049 9 333 66
0.6106070508964428 1.5312197901526319 0.3429402743914116 9 333 95
0.7072073215695418 1.5223790928003598 0.30631305722504854 9 333 126
1.0747611400274573 1.102143928178149 0.25743361244521723 9 333 315
0.7799862273326492 0.6817691781551609 0.47390419216479474 9 333 409
0.5904671276512524 0.27597957266011824 0.6447974672535195 9 333 616
0.5764744510142801 1.7411445383767354 0.3043332482296033 9 334 38
0.5816199770672796 1.6358299769383042 0.3270207709400734 9 334 62
0.7816540317990237 0.6613187036105552 0.4756288792831891 9 334 418
0.6412949203637113 1.530244222243435 0.324785021091192 9 335 105
0.8485884996648867 1.5190296174337437 0.24365972275503645 9 335 164
0.6183955363786442 1.52611990842188 0.33200808019338557 9 336 99
0.6588548273293848 1.5277363405169486 0.3152021211787295 9 336 111
0.817331188152665 1.5163148636434336 0.25358452106753937 9 336 157
0.7443256777295826 0.7119638674607329 0.4739750228703028 9 336 390
0.7928304260695935 0.6215856730473239 0.47572051829926665 9 336 437
0.6784076901253246 1.527237310279025 0.30426784121550776 9 337 117
0.8557913573949465 1.514191781813966 0.2350590386109188 9 337 167
0.7794992783609889 0.6396012338837012 0.47448443289998776 9 337 427
0.5711406357514782 1.6967414464243886 0.3045193621875 9 338 46
0.5749321962033904 1.655723233286664 0.3127797707158184 9 338 56
0.5795363406775814 1.626031285383982 0.31799784145444454 9 338 64
0.6390903712353023 1.533082515691262 0.3158491496781046 9 338 104
0.7351771667437339 1.5192655211378425 0.27981076024011986 9 338 135
0.8226150742536442 1.5184495687754027 0.24420348230884792 9 338 158
0.7291535506351248 0.7053245942375773 0.47464034865529525 9 339 390
0.5656426584840792 0.26269130658002693 0.6482357632891942 9 339 625
0.5733437487491664 1.682605450298943 0.30080207709929185 9 340 50
0.656391717462449 1.5221691056575029 0.30521652997561266 9 340 112
0.7360478639843482 1.5254554190936431 0.27152341001929214 9 340 134
0.7341953173859375 0.686433864792754 0.4747557738593233 9 340 399
0.7805428123470519 1.5165497844969331 0.2519946953929366 9 341 148
0.7723099829423032 0.59456185492163 0.47885849947690806 9 341 446
0.5780015910262803 1.6080696815481876 0.31079363434287355 9 342 68
0.6001992280344884 1.5301484721263643 0.32051202937410816 9 342 93
0.6900192351695766 1.526755380854497 0.28391903464190815 9 342 121
0.699098158363235 1.5293324114400155 0.27950952513432825 9 342 123
0.7269824346966689 0.6674355243276486 0.47767726573041513 9 342 406
0.5740697241878805 0.27123144522241893 0.6378158710081211 9 342 618
0.5775962129371888 1.6398708635307524 0.3001493862874507 9 343 61
0.6251718423282342 1.5257393282182863 0.30814294292750255 9 343 102
0.8546016154811529 1.515043286169431 0.21476704144722047 9 343 167
0.8967242567696274 1.5189891440555832 0.1961789347612164 9 343 176
0.6989787276505608 0.7106319129236368 0.47650991802949905 9 343 382
0.7335457617612049 0.6495962994031033 0.4769672082292902 9 343 415
0.7560789443368994 0.6109903302941384 0.4769765507159618 9 343 436
0.5683846514375732 1.7012161719602306 0.2858843986591697 9 344 45
0.8707357863712981 1.5146687157963563 0.2046382469930893 9 344 171
0.7828794857089185 0.5584844609122543 0.47628485986228375 9 344 464
0.6959044653689772 0.7045359280278682 0.47466335247954117 9 345 384
0.6428334780150774 1.5289361225477809 0.2907319592149449 9 346 107
0.7912309773852455 1.5261971700321375 0.22852445225580442 9 346 149
0.7258936531903257 0.6266729142376488 0.4789173370406177 9 346 424
0.5741226052818886 1.7319313400414043 0.2664155410662823 9 347 41
0.5772474957409324 1.605409597393995 0.29654275396651864 9 347 69
0.6207505380778366 1.5218337081688242 0.2988089943530954 9 347 102
0.6625835917852531 1.5333513912857604 0.27814284436056247 9 347 112
0.801260322632044 1.5290509696048462 0.2201966565472261 9 347 151
0.8933190204695105 1.512388558901611 0.18516283840811054 9 347 177
0.7581730454213875 0.5702310853743608 0.47692387712264817 9 347 455
0.8210935801614423 1.5205078061911141 0.21047910075029075 9 348 158
0.8784675928281176 1.5107785404143528 0.18838899043334623 9 348 174
0.6722644019546147 0.714472502453761 0.4753327401483154 9 348 375
0.6853607599911058 0.6884195645047292 0.4762407660425053 9 348 389
0.5625009411018118 0.26085450548360417 0.6355000674298503 9 348 625
0.5738740388432979 1.6894544817280968 0.27081073449742465 9 349 50
0.5991712226934107 1.5322976686807661 0.29935809518868983 9 349 93
0.7027533049766208 1.5282639504004396 0.25591627855990706 9 349 125
0.8295935876937157 1.516900781181464 0.2043307052402994 9 349 161
0.5782234721890438 1.6732219721150199 0.2698826367538122 9 350 55
0.5831234613154418 1.5369428354533987 0.2990833764979175 9 351 87
0.6063846391517693 1.525964980027185 0.2917923367878559 9 351 97
0.7008652036399945 1.5355392796450706 0.24848377274897604 9 351 123
0.8612536359315388 1.5116009996046023 0.1851257352885719 9 351 170
0.6763097229658213 0.6644278062298891 0.4793572755240929 9 351 398
0.6840674997214635 0.6565506142976152 0.4779916069221516 9 351 403
0.5774327373805388 0.27076425773706764 0.6216793467530703 9 351 617
0.5775436140554044 1.6640628423209116 0.26623071651490404 9 352 57
0.5787132528466254 1.6241797878137585 0.2758482585762081 9 352 66
1.1266793926299545 1.5655901101014709 0.05259363987344301 9 352 214
0.6399576504097412 0.7129672408549701 0.4805792692349591 9 352 369
0.6609279349328608 0.702291578598107 0.4741766287117125 9 352 378
0.6903433872537621 0.6392679558260412 0.4773944921656622 9 352 412
0.7074035606899689 0.6046275276016926 0.4787754385884516 9 352 431
0.7153402696464133 0.588113475914688 0.4772747540627137 9 353 440
0.7415847013752057 1.520457772023204 0.2248486847577691 9 354 138
0.6223635855838072 1.5321950037443273 0.2710064096014918 9 355 101
0.6817385340750004 1.5223160577010686 0.24742095953629772 9 355 121
0.679917593069018 0.6159625053304288 0.4812061694447729 9 355 421
0.5991529119884813 0.28249063252297574 0.6024636046359867 9 355 608
0.5749600357958646 1.6118870184980076 0.2682982174893398 9 356 68
0.7065287950909083 0.5602734633182582 0.48160654066963593 9 356 452
0.6664255445075069 1.5256175092264634 0.24699690568647492 9 357 116
0.7242331719701802 1.5273231649220131 0.22090982079927013 9 357 132
0.8600064787130124 1.5123887438042143 0.16454773551014723 9 357 170
0.6303379565618545 0.714906065195319 0.47312180175966345 9 357 366
0.6434866355796613 0.6743877921651013 0.4777899829728599 9 357 387
0.56010463628498 0.25774059342524913 0.6227646806261373 9 357 626
0.5713514475284964 1.715715298010397 0.23671553862469596 9 358 45
0.575149412665938 1.6642555715889773 0.24841536515592177 9 358 57
0.5773082606875833 1.5850361307269214 0.26806936798010395 9 358 75
1.1231089685257036 1.5543681154915436 0.03292660087389998 9 358 216
1.0965317878744227 1.5691599393439377 0.03692251602542096 9 359 208
0.5972365839638563 1.5352918578178585 0.2660359097514724 9 360 93
1.0411688839048816 1.5704327612613849 0.05745358512843257 9 360 197
0.633640284988694 0.6592320988525475 0.4795298845078647 9 360 392
0.6426745802723147 0.643753693906016 0.4795336302185734 9 360 401
0.5710899838376263 0.2688450156374315 0.6100418288539908 9 360 617
0.7147363567501712 1.5263634402045758 0.21235079592540207 9 361 130
0.7794478282773365 1.523210454572081 0.18400254110599024 9 361 148
1.0943756617939608 1.5581364665759305 0.03279921475001224 9 361 210
0.6207141841045221 0.694660357324076 0.47383574889132085 9 361 373
0.6435036274096374 0.6250954076453985 0.4818848501025268 9 361 410
0.6648061201894103 0.5975743719330581 0.47952909192822046 9 361 427
0.7015289563371028 0.5400432355487826 0.47812555207164065 9 361 461
0.5677639446416947 1.674283965509991 0.2365028291495337 9 362 53
0.6157167004876697 1.5311194068170986 0.25265843371239605 9 362 100
0.8089287912644301 1.5212767823537763 0.16778855325575792 9 362 156
0.6201584243544791 0.6747869632971455 0.4771372075530721 9 362 382
0.6705782615538118 0.5830198980969054 0.47858186569459926 9 362 435
0.7109041826650444 0.5264900534155852 0.47527653129809755 9 362 469
0.5733275255697368 1.5555929165489972 0.2623363347551866 9 363 81
0.5824999612868205 1.5380843561604762 0.2628164038680585 9 363 88
0.6781726873299729 1.5301943505498568 0.22142284791199396 9 363 119
0.7230927817444939 1.5285557670022092 0.20143920323824527 9 363 132
0.7880335741669331 1.5248967735587624 0.17289152323183865 9 363 150
1.051657889300984 1.5574480054177846 0.04441493119858686 9 363 202
0.6221732758568721 1.5277654475434417 0.24441995719485954 9 364 103
0.5736312448833951 1.6291099923415704 0.2364277005241595 9 365 65
0.5911558301235702 1.5381737722113855 0.2527403384151794 9 365 91
0.6898632229365902 1.5195459036468735 0.212497453663407 9 365 125
0.7016154744202807 1.520909125267592 0.2067474554540749 9 365 128
0.596156471719928 0.7180517125007497 0.46998724133145076 9 365 357
0.7749030223505553 1.5244596943494744 0.16882970916747142 9 366 147
0.8619708473901477 1.5131607235624278 0.1318109427312042 9 366 171
0.5630785164560892 0.25975055286004745 0.6061816574798646 9 366 623
0.5713827936509914 1.7569470797007742 0.19671098278087507 9 367 38
0.5961212058780117 1.5373899720074709 0.24452778944160158 9 367 93
0.6634813847034501 1.5222012189567828 0.21751362535638852 9 367 117
0.7383018108409238 1.5264441477720678 0.18181044915719125 9 367 137
0.5649727082121473 1.6786776961999539 0.21761845067310503 9 368 52
0.7259855727436515 1.5298117863821514 0.18328165496128257 9 368 133
0.57812824158171 0.2752749163297963 0.591702061206252 9 368 611
0.556533065474182 0.24788117925196929 0.6091371742024052 9 368 632
0.568311115398443 1.6052516930522764 0.2328582226248601 9 369 69
0.7915080550358247 1.5267655415567645 0.15029340095338117 9 369 151
1.0374865994911038 1.555706307690919 0.023988290083739372 9 370 200
1.0502689220548307 1.5534614886717741 0.01862680523139204 9 370 203
0.5804921222227106 0.7144728893477339 0.46728402903429334 9 370 355
0.6231158672567634 0.6003495171519697 0.4785230012235435 9 370 418
0.5696600216121337 1.7123991517896409 0.1966370479988867 9 371 47
0.8051418552668692 1.5161088534186262 0.13994740617424295 9 371 157
0.9008232752609588 1.555765903149235 0.08417893790233211 9 371 171
0.5874882881516115 0.6746315521377345 0.4727479583434939 9 371 375
0.5723055459477298 1.5724135015426313 0.23068381226535273 9 372 78
0.5705919680680864 1.5610702449896277 0.2346127144620187 9 372 80
0.5732789056791656 1.538617618500654 0.23952590287957964 9 372 86
0.6160149635018051 1.5278700744360223 0.22235136133315536 9 372 102
0.6436356491997746 1.5251704963938313 0.21008262718561554 9 372 111
0.6893249897788101 1.5307822150936548 0.18701477399194277 9 372 123
0.7322800238576099 1.5214442838401405 0.16934915093063896 9 372 137
0.7792858109487137 1.5230155461571349 0.1467730744102873 9 372 149
0.8148504688353513 1.5138453798143863 0.13254276902612472 9 372 160
0.5713966905145738 1.7421137512858649 0.17786770901801874 9 374 42
0.5857480687804458 1.5267416693132436 0.23078871347752394 9 374 93
0.6774792149046838 1.5300515747729926 0.18631879627191572 9 374 120
0.7074602274989541 1.5232611444062738 0.1739678483428848 9 374 130
0.8483773440737314 1.5421505561050382 0.10182446508393661 9 374 162
0.6282587052681639 0.5659606145660598 0.47708390904587894 9 374 436
0.5699794073201545 1.648487182839337 0.20133562665422322 9 375 61
0.9048590369600804 1.5755056076476732 0.06204346823215401 9 375 168
0.9408618315755035 1.5708490692026806 0.04618009378854604 9 375 177
0.7389229203257313 1.5177855520925507 0.15385669840150573 9 376 140
0.56803112900609 1.689661012494325 0.1843623415976563 9 377 52
0.6121683355375583 1.533931867776935 0.20685913611482698 9 377 100
0.6472918400124485 1.523600564596797 0.19288710484357685 9 377 113
0.7988173745226761 1.5292426203186145 0.11852123692860961 9 377 153
0.572629680627133 1.6125943245377123 0.2006293059652745 9 378 70
0.8832171312776729 1.57687951612579 0.060927740268051034 9 378 163
0.5692029183671549 0.6701212901656242 0.46775891597828756 9 378 373
0.5801148834112385 0.6336333294116567 0.4727752747087606 9 378 393
0.5677311238962034 1.7599338196060605 0.1581855320737935 9 379 38
0.5782854250224221 1.5320100196246955 0.21752582217683325 9 379 90
0.6952301714324263 1.5237071106301394 0.16326691562722706 9 379 127
0.7610329228400081 1.5231141970578936 0.12817407177348272 9 380 145
0.9060181304162511 1.5786425116416773 0.04196309688739763 9 380 168
0.9192402194429328 1.5737628872961853 0.036923491003571396 9 380 172
0.9568024505201078 1.53251359407588 0.030380438392830778 9 380 189
0.9742595709955113 1.5079365655620824 0.028874137895166685 9 380 198
0.9814263196042947 1.5009899706130052 0.02736357090466779 9 380 201
0.5666485062914837 1.573810445545412 0.2051307022237383 9 381 77
0.6158378463751166 1.5321690301104423 0.19300294541563767 9 381 102
0.6729206432152846 1.5231907943839529 0.1677180395976372 9 381 121
0.8277904811786052 1.56339915514508 0.08072065072895063 9 381 153
0.8760172411467713 1.574923240682387 0.053913546664344336 9 381 162
0.5614284189613907 1.639828372873679 0.1856947628827873 9 382 61
0.6050925457719116 1.5312847496868083 0.19536169067909004 9 382 99
0.6554038001040847 1.5320856691184142 0.17049864167086648 9 382 114
0.5644853052553986 0.7060114470543418 0.45129353319343357 9 382 355
0.5685081150966489 0.6529567058004464 0.4644988520806538 9 382 381
0.5677751103053968 1.7179086003178474 0.15698292853995777 9 383 47
0.590122563267028 1.528784731903304 0.20029942170551474 9 383 95
0.7126166414721715 1.5158906457721704 0.1437960403137548 9 383 134
0.5701343855634632 1.742421987509064 0.14547924603106643 9 384 43
0.5665839752929618 1.6349943677816656 0.1781920163265539 9 384 64
0.7741387581954458 1.5489793247449617 0.1005817831971072 9 384 143
0.6205417625383418 1.5235001621212994 0.17737127652960738 9 386 106
0.9120104688628474 1.5450131884621363 0.026233430896583698 9 386 177
0.5741700583712841 1.629737906008455 0.16637187469268344 9 387 68
0.5897756289090581 1.5303992373878688 0.1875404158770596 9 387 95
0.8562832262422304 1.5837761396543393 0.039000305390627155 9 387 156
0.5673731478349711 1.5389444267296022 0.19313588974889662 9 388 86
0.8690842977174829 1.5795213787314126 0.030150602758518774 9 388 160
0.6406303443254434 1.5251377698171122 0.15726634396676786 9 389 112
0.7283909403782443 1.5375158087951093 0.1095111823808188 9 389 134
0.6328653133409268 1.9505762922060836 0.032557228104483915 9 390 25
0.5684907219203514 1.5817555280881506 0.17375840150378963 9 390 77
0.6181631084265123 1.526707129131879 0.164919705471539 9 390 105
0.6599265061205581 1.5329438150519448 0.14200702267439014 9 390 116
0.5693523881221341 1.5522443534084098 0.17890221675855544 9 391 84
0.6430705595527089 1.5248956148526591 0.14965605988233865 9 391 113
0.5779547272436902 1.5253938539474472 0.17937899910378297 9 392 93
0.8746573617590019 1.545107143862164 0.022688068430695152 9 392 169
0.567996746608709 1.6715634683248743 0.13777809680996544 9 393 58
0.7220751501517622 1.568306172690565 0.08649896708200222 9 394 126
0.7735253833351292 1.589535728762717 0.0537975069914689 9 394 135
0.6087627349378816 1.529793556950235 0.15287026936171833 9 395 102
0.6278178439616583 1.7987174862153505 0.05880508776356552 9 396 52
0.7972827366982822 1.5859151016669881 0.03550640600682531 9 396 142
0.8098773153705436 1.5678614190752058 0.034449417526445814 9 396 149
0.6287589643189399 1.8764218736200746 0.03129007026790154 9 397 38
0.6609627388056352 1.5376703587020155 0.11708015105739333 9 397 116
0.8837541019933148 1.4395519316020122 0.027777141493743995 9 398 195
0.6103854337775154 1.5296384580348443 0.13930327867355463 9 399 103
0.7529559413357219 1.580962884482749 0.0492975974370653 9 399 132
0.6189952479350578 1.8245976073686165 0.04139272455166254 9 400 45
0.5638074233715862 1.5762391494006267 0.14623359394850688 9 400 78
0.5669643884914958 1.5673133455257358 0.14731041437163173 9 400 81
0.5670595718547633 1.5495650882361012 0.15268807550831898 9 400 85
0.7381464099879398 1.595837244526169 0.04897083464084662 9 400 125
0.8494723593269575 1.480719677018533 0.02589314139152843 9 400 178
0.8575299211351679 1.440536723865695 0.033962978753956374 9 400 189
0.6260094766853229 1.752865523880474 0.05617226758702509 9 401 61
0.5661462951647737 1.5355496595883844 0.1543228836307453 9 401 88
0.5825038149560764 1.5321305985744895 0.1467776793359934 9 401 94
0.8166387432040381 1.5088675254752975 0.03089834998153651 9 401 164
0.6196341207491998 1.7796712015234788 0.04778921977291084 9 402 54
0.6898904327051139 1.5820095072067704 0.07162623767745746 9 402 115
0.7849947623784994 1.5648685918083463 0.026755328578845994 9 402 144
0.6307490459594551 1.5412294217497031 0.11210873235463947 9 403 107
0.7659228984829416 1.5659677053055032 0.03292322553688931 9 403 139
0.8491753802608346 1.46371263412342 0.02047447592235585 9 403 182
0.6275551690199546 1.711826438836662 0.057608202970246714 9 404 70
0.6153399202359763 1.7959801027439868 0.03446035374524903 9 405 50
0.6379452900061507 1.7081438753327651 0.04975985350788226 9 405 74
0.7673887921882803 1.5547676032447033 0.028516538086607923 9 405 142
0.7860764116737262 1.5175334769586868 0.026602067768398907 9 406 155
0.6052190733373664 1.808218658715839 0.025457784871539157 9 408 45
0.627227375733527 1.749500280180638 0.03207965881901176 9 408 63
0.73676524523274 1.579339464030097 0.026614439150560276 9 408 129
0.6670337755514724 1.5973592556891238 0.055094840898925024 9 409 106
0.6960927099109693 1.5843235622735856 0.043499612741342064 9 409 117
0.7060050639980731 1.5830910113443188 0.03852921317540248 9 409 120
0.7381597369639961 1.5630012892491822 0.027488021085797287 9 409 133
0.6384670832083125 1.6726430921980628 0.0433113887520955 9 410 82
0.6335392782747231 1.5988783862198872 0.06936567474068456 9 410 96
0.6232247443402489 1.7006794738334146 0.035775987736198944 9 412 72
0.6692805217019804 1.5973113633955878 0.04360312153462709 9 412 107
0.5728466503880041 1.7749396053728437 0.03269446340405335 9 414 42
0.6857019864475256 1.5780946209694442 0.03386332006117021 9 414 116
0.7347605170933307 1.520222750468847 0.02546806725278694 9 414 142
0.5515600209927806 1.8132407268158413 0.028635542428497862 9 415 28
0.6311483844291704 1.5983851976629682 0.0539902066749256 9 415 96
0.736938909476067 1.5008653460723629 0.027024282383723675 9 415 147
0.754533976856296 1.4811859687644935 0.02365540452230208 9 415 156
0.5629820713100127 1.7659564709641855 0.030708778639081724 9 417 41
0.6821237565640694 1.5566042004229876 0.03245627210345137 9 417 120
0.7203890105514306 1.5224094919735034 0.022283628083205387 9 417 138
0.6831820836282292 1.535731544997477 0.03523391574317547 9 418 125
0.6208851514406519 1.628645801272175 0.03631047282318878 9 419 87
0.5538734471863035 1.7332459586524178 0.03283051084982369 9 421 45
0.5961315956921336 1.660845321488191 0.03284803150798443 9 421 73
0.6476334229494737 1.5917333739477728 0.02656996529897182 9 421 103
0.7411822166863458 1.429718177368611 0.027181388832903997 9 421 165
0.64958342836525 1.576331388293826 0.027133707470936352 9 422 107
0.6066608525223044 1.6343468018507985 0.028850858838177063 9 423 82
0.7465218922844306 1.3981973398365348 0.027756853277654647 9 423 174
0.7062967259509954 1.4689634470686563 0.02372173829733837 9 424 147
0.7171570000464411 1.4468848541854444 0.024881559745631998 9 424 155
0.6003366334209711 1.6263247560514489 0.02834265169139183 9 425 82
0.7263695465275402 1.39824868034011 0.0324501946318404 9 425 169
0.5506940129393548 1.711498444414158 0.02489622098193134 9 426 49
0.6198764776296042 1.5704263626808217 0.03247780884377505 9 426 100
0.6763855592384038 1.49094978626579 0.026691322501874892 9 426 134
0.690137655073896 1.4812605231971796 0.022049077943251394 9 426 140
0.73879709289957 1.378943450622082 0.025040989707113215 9 427 177
0.5984582324161999 1.5831336543500112 0.03383096319139489 9 428 91
0.6160979854082154 1.5390545294175055 0.038512825911200865 9 428 106
0.7002580527374054 1.4208454537510995 0.029782966091831842 9 428 157
0.5410128665189681 1.6730394177787182 0.03334618079213569 9 429 54
0.5131984393359476 1.7069956555232815 0.03464985592948233 9 430 38
0.554117374330386 1.6507314430533033 0.02996566945590673 9 430 63
0.5668577859221371 1.627173048738888 0.03055862201483439 9 430 72
0.637358686464466 1.5011935106495269 0.032350793116867504 9 430 121
0.5296121245701421 1.6755649833142443 0.03245935851197013 9 431 50
0.619010894993465 1.5310450809597798 0.029549899638457333 9 431 109
0.7024369845831933 1.3830713922031574 0.027973123699407076 9 432 167
0.7242489114516006 1.3612564592397045 0.02266341673351624 9 432 178
0.594972185495289 1.553516651319113 0.02928700425446429 9 433 97
0.626639599390422 1.4888965045123421 0.03285594358731936 9 433 121
0.5471497386695297 1.6425078044136399 0.023517389678630374 9 434 63
0.5554183712077683 1.6076236163531084 0.030652318679571966 9 434 73
0.5741160149889434 1.5980331933509593 0.02293424892369622 9 434 81
0.6142105058067489 1.5172540895001563 0.027110979548281677 9 434 111
0.6754719790630792 1.424380616538478 0.022976272137251064 9 434 150
0.5228321542921088 1.672237914719326 0.02429643354572797 9 435 49
0.6538920629430933 1.445968341345401 0.02494668526882493 9 435 139
0.6497945233601505 1.4203728559934072 0.032927132022909644 9 436 144
0.6732432416840484 1.385536530812454 0.02779469003327384 9 437 159
0.570730375310577 1.563056550334614 0.02379859473893442 9 438 88
0.6026187668042404 1.4999735019263525 0.023467167396874045 9 439 112
0.6541523341170923 1.3892984742584562 0.03132242940266006 9 439 153
0.5863471431436 1.5228518508002802 0.021920550177056408 9 440 102
0.6768726151681073 1.3539885435562509 0.026792248745573954 9 440 168
0.5655843509404832 1.5482690091694993 0.02219653069009886 9 441 90
0.677429626853971 1.3428861483140893 0.02709037005683612 9 441 171
0.6909677264668526 1.321411354771655 0.026490022606120878 9 441 180
0.524236828467288 1.5883359881716328 0.029771792321657164 9 442 68
0.5067123207278814 1.608235176560442 0.030102321023143475 9 443 58
0.6059710282698334 1.433022024000926 0.03197118737699778 9 443 129
0.6534354559158373 1.3534193621632407 0.03138165325976339 9 443 162
0.4892795074399581 1.627986691524318 0.030449514430896163 9 444 48
0.613197744932152 1.3969912071507622 0.03393485144540742 9 445 140
0.6611976566909644 1.3267661072034964 0.029666618408022094 9 445 171
0.668895122475218 1.3152940620192846 0.02905727140403036 9 445 176
0.5679692282282816 1.483255319913493 0.027555363610387462 9 446 106
0.6352134827385739 1.3783371628232062 0.023897744857822478 9 446 151
0.48413359138611 1.6167970244103054 0.027914929706010616 9 447 49
0.6137446179901986 1.3861641394087307 0.031048205779342752 9 447 143
0.5706300483369473 1.461945685335632 0.027126618085793197 9 448 112
0.6381876961919397 1.35819243182332 0.022831650982687135 9 448 157
0.6359690398598028 1.3397210586489736 0.030859159385754675 9 448 161
0.6394529076926108 1.3202567733756942 0.032533284329424705 9 449 167
0.5284005531836862 1.5175765274714326 0.02673246614270053 9 450 86
0.5016619190361127 1.549907358750187 0.028420663112848077 9 451 70
0.4853600197828243 1.5660795699223669 0.029512288243188745 9 452 61
0.5789111119730974 1.4280226021788112 0.02143618825653415 9 452 123
0.5889692672527218 1.3868570761053056 0.030179421992256095 9 452 136
0.6119723319092123 1.3577029510918213 0.026443678250000713 9 452 150
0.6362609004366282 1.3028445102105155 0.02492836407691057 9 454 171
0.4571468582883691 1.5828510906032136 0.028415683934199243 9 456 48
0.5095651919482186 1.4674570934064097 0.03790049147789676 9 456 92
0.6134954166181048 1.3252144968343817 0.02469524780653265 9 456 159
0.5473236398035435 1.4268708936209529 0.025841016874505907 9 457 114
0.5506093483924197 1.3939648027263531 0.035962958020487434 9 457 123
0.6118720907039329 1.289241868490601 0.03276867848416409 9 458 168
0.47442227459231134 1.5132906063726819 0.03072507141875469 9 460 70
0.4983395377053539 1.4706112578837993 0.031372540458910025 9 460 88
0.51164388603456 1.4597308867820502 0.0269153396770343 9 460 95
0.5695038330176962 1.3623016195466622 0.02630185229856019 9 460 137
0.4501847745617147 1.5516534772818398 0.02877543585968012 9 461 53
0.5789832989639585 1.3343859227089792 0.027550406142294537 9 461 147
0.45592777793583683 1.5083074768715325 0.035188739518989376 9 463 65
0.5449625579090336 1.3812519149618034 0.025587923049046224 9 463 125
0.603229996506454 1.2814226552913597 0.025612081321702784 9 463 168
0.4520125294278188 1.5339498139406937 0.024909768010629607 9 464 58
0.5130421238048513 1.4262354426714487 0.023013774691296618 9 465 104
0.5815399336675581 1.303786763304462 0.024979696911550664 9 465 156
0.5873775360806025 1.2988770182509524 0.023044594909260918 9 465 159
0.5167859014270436 1.3946185997291707 0.029514771910487125 9 466 113
0.4668418268552479 1.4671383701588654 0.028314591096001762 9 468 79
0.47609100417488404 1.4430823768280032 0.028396092941825324 9 469 88
0.4843684166998594 1.4424483944254831 0.02317969650654761 9 469 91
0.5330870830734509 1.3606725484259312 0.022547378328034107 9 469 127
0.4470914812344702 1.4811799658945928 0.029783398042502518 9 470 69
0.5399080889126159 1.3340055231058285 0.025242853425404554 9 470 136
0.47427323224858675 1.4247254934466163 0.030558105726482432 9 471 92
0.511034851148563 1.3535578447545737 0.030695984709476543 9 472 122
0.5788583266349815 1.257644242352731 0.022834350389738134 9 472 168
0.5179375734282569 1.3352447981853488 0.030175538478075192 9 473 129
0.5308792405888229 1.3167231838205404 0.025702899801486212 9 474 138
0.5563641615916941 1.2781263526648663 0.02373105136073994 9 474 156
0.43127535014337504 1.464296045795821 0.02862977461489713 9 476 68
