2.4027156897821778 0.8282786531530093 1.4212745355646326 9 26 522
2.4122417288010527 0.814133278441732 1.4209676421778408 9 26 525
2.400117168004273 0.8751965166172458 1.4117249155689615 9 28 512
2.393856344042201 0.826384844044213 1.4075557166309824 9 29 522
2.472722827147421 1.829536413073481 1.3821795354322284 9 32 337
2.469439271199887 1.8766525865515933 1.3712451121309943 9 34 329
2.4446673336738973 1.83828670415341 1.3674949685630513 9 35 334
2.4419488739864335 1.8553487242084543 1.362146997054399 9 36 331
2.469496942203001 1.834448267261128 1.3555092568555274 9 37 336
2.485692486683496 1.8701065934704053 1.3325468361740496 9 41 331
2.481735307940837 1.880988596991019 1.3272078811073307 9 42 329
2.464199466631131 1.8568664058760533 1.3123322900854273 9 45 332
2.480174471986005 1.8805594285600276 1.2999859949496224 9 47 329
2.4189388170263326 1.318500580216701 1.21992906748227 9 65 423
2.399026653490009 1.2343065792040415 1.2239206608836488 9 65 438
2.38918559299473 1.3839095940077732 1.2159620418963322 9 66 410
2.39180760064761 1.1798831123663056 1.22085116312679 9 66 448
2.414441035475871 1.3061916362984136 1.2102425389766667 9 67 425
2.4032243051469653 1.2880230461293622 1.2118219725903872 9 67 428
2.455309502945787 1.1344377270583126 1.2106152084712962 9 67 458
2.4239380886093147 1.1202673270860224 1.2140890247138563 9 67 460
2.4182906055381324 1.4448700646896424 1.2009888529559762 9 68 400
2.404873530067384 1.3643888574948613 1.2044541520821177 9 68 414
2.420363958976579 1.2364138173214734 1.2062593926479983 9 68 438
2.4070538387292264 1.2023820357360724 1.208493037027158 9 68 444
2.376738280494012 1.0886700687248747 1.2145319538203596 9 68 465
2.4161862072106914 1.3883862844269497 1.1974106368936308 9 69 410
2.424500154069539 1.2963408962496175 1.1990301491759292 9 69 427
2.416246094310465 1.0767392983738924 1.2057625519025912 9 69 468
2.407376270704856 1.2606743663403495 1.1965357621011905 9 70 433
2.438029565572861 1.2113095389500326 1.1947092778220787 9 70 443
2.413020509065311 1.1917897845576988 1.1978350876111492 9 70 446
2.4379475428260546 1.1523993540239086 1.1963292150333469 9 70 454
2.453168542661476 1.1435796961398976 1.1949930100750867 9 70 456
2.4013602900947397 1.1003596943255205 1.1964331936246484 9 71 463
2.417935746301564 1.1810147351311537 1.1872544300441503 9 72 448
2.399939453912225 1.3278928500022267 1.1587083339696194 9 77 420
2.388571365597718 1.2392003931418962 1.162767710792931 9 77 436
2.4740604986794787 1.9418441906377746 1.1254069461014766 9 78 319
2.43779100337737 1.0906407923053787 1.1565574575534856 9 78 465
2.4848598945812563 1.9649676953081259 1.1061206976123645 9 81 316
2.4698704361345327 1.9596531115748956 1.0965816445385312 9 83 316
2.4635401589496606 1.963840204612635 1.0856835526618722 9 85 315
2.4620770469288686 1.9381671575815838 1.0694680598096586 9 88 319
2.4263516688333238 1.1159794745619722 1.0941003557216362 9 90 459
2.4096617629228763 1.414878763239567 1.0794918160457956 9 91 404
2.4277806926228025 1.3789741504973696 1.0784211228758989 9 91 411
2.4765002319720937 1.9435965596311877 1.0440853316370353 9 92 319
2.4233954546691825 1.4401778253115802 1.0711715342004533 9 92 400
2.4610668147065144 1.2443256018036468 1.0682603046168382 9 93 436
2.4737070038875983 1.9491677057308308 1.026707914055918 9 95 318
2.459592671169872 1.9760612277143343 1.0217568994473205 9 96 313
2.4500689874205537 1.9600969894898232 1.0003847359675482 9 100 315
2.421548587835466 1.192105106020633 1.0382518213256 9 100 444
2.409900005032634 1.2888822962765243 1.030333457227977 9 101 426
2.444990324454691 1.2445262379336415 1.0269798890490534 9 101 435
2.4143959715977874 1.120572530805312 1.0371071591415175 9 101 457
2.4567392939390755 1.9884014371994496 0.9863459694497043 9 102 311
2.4206177844969474 1.1911953984582921 1.02763374122833 9 102 444
2.424527202928637 1.1374520817338705 1.0294455504296236 9 102 454
2.4728449136871142 1.9816005343161287 0.9782511577776494 9 103 313
2.463790251025812 1.971975454989736 0.9682382888587657 9 105 314
2.431648227148198 1.4964420495816184 0.9898202087501499 9 106 390
2.4187007352217753 1.9427960212459283 0.9650088488536571 9 107 316
2.3940036639620823 1.447448298026719 0.9925911261818823 9 107 397
2.4185326482720773 1.4297155645777493 0.9894854783489732 9 107 401
2.3821150581950072 1.3321799807836416 0.9999987353626714 9 107 417
2.4094365647505898 1.3035086711809432 0.9969645721085408 9 107 423
2.382058142374921 1.3654266831680268 0.9929419495603022 9 108 411
2.3967660493889498 1.317744369340922 0.9928486791675644 9 108 420
2.423055376390578 1.2221148009575367 0.9931834404889535 9 108 438
2.440055828797202 1.213499151786611 0.9908336920432819 9 108 440
2.3745046142358137 1.1772566411763297 1.003243126210807 9 108 445
2.4109326851974298 1.4563753386655636 0.9782742933258074 9 109 396
2.4098197834718205 1.1165913969736083 0.9950310233655132 9 109 457
2.4364374341772335 1.9751469629411638 0.9428540643933978 9 110 312
2.399017791407401 1.2014959467861577 0.9872329759570734 9 110 441
2.3998225073972557 1.4019929493983319 0.971654265140913 9 111 405
2.408599503127376 1.952203674437724 0.9368409177491865 9 112 314
2.361318016934461 1.376872481070896 0.9683798566308512 9 113 408
2.4394218640960763 2.0025022537851567 0.9171434862693547 9 114 308
2.423766676365641 1.9772201944154761 0.921144612522321 9 114 311
2.4125786474635427 2.031267649246324 0.9083558055477153 9 116 302
2.2693035346585644 2.0063713101466862 0.9233386215713739 9 118 297
2.3921943103201118 1.3872028538404308 0.9347412646844687 9 118 407
2.334667416985248 2.013759990631659 0.9054062431669806 9 119 300
2.42903819175004 1.4754541369634513 0.9177027270687124 9 119 393
2.4095478144622327 1.4190447154563066 0.9242881211528408 9 119 402
2.385031902963059 1.2954530203795867 0.9354376221432908 9 119 423
2.3975851000493718 1.4915267156041763 0.9168318175552843 9 120 389
2.3713871730000755 1.3487185839477318 0.9294548298174476 9 120 413
2.421393521177478 1.2675073386401376 0.924826689972297 9 120 429
2.414110379582589 1.188688865281708 0.9304882102559074 9 120 443
2.4072917858961618 1.417804097525415 0.9078198991964603 9 122 402
2.400170647703525 1.4048531276057163 0.909865746626696 9 122 404
2.3977936247106983 1.381489711946836 0.9116180687924221 9 122 408
2.3589079326440303 1.3290217996411335 0.9217644750278368 9 122 416
2.43227680081281 1.4518134098449498 0.8955613020360438 9 123 397
2.366398575982328 1.3525357072773867 0.9134982072871718 9 123 412
2.4097773198723638 1.2478588465390728 0.9113357677359476 9 123 432
2.422062254833844 1.183036975413381 0.9127192990936266 9 123 444
2.375665196227292 1.3709574180483113 0.905130494085166 9 124 409
2.392040638031075 1.3005934460270887 0.9060783130701174 9 124 422
2.3949698650957645 1.4840289164508218 0.8893174123108526 9 125 390
2.397337684651966 1.4322880498753592 0.8918627080674856 9 125 399
2.4233753483250506 1.1934736049690065 0.9007397724448175 9 125 442
2.3749582078471585 1.3930087345028634 0.8927708684053798 9 126 405
2.385373689507106 1.2375103556603815 0.8998659525100183 9 126 433
2.3973906197470183 1.4549948951952887 0.8791496465013683 9 127 395
2.3884681858387955 1.3782765584774193 0.885403749900574 9 127 408
2.385597866736264 1.3888664670637116 0.8796850689090346 9 128 406
2.4026092347972763 1.340741571051388 0.8792384759663382 9 128 415
2.389447924513281 1.3270291819630162 0.8826213174930795 9 128 417
2.3932085394894576 1.3163904606078742 0.8825225915056965 9 128 419
2.362510955260542 1.2440061764520203 0.8872872258442565 9 129 431
2.4057854821974747 1.461716136327284 0.8541913116542085 9 131 394
2.429197074955936 1.3446415512804106 0.8566962508660392 9 131 415
2.39518542255295 1.3954128558857883 0.854679578988557 9 132 405
2.411525157413484 1.6174074493506478 0.8317764826369617 9 133 368
2.427687658161841 1.320792739414657 0.8470373408909875 9 133 419
1.3142445715315891 1.9681156822325834 0.9110573307769403 9 161 224
2.3777103948920697 1.6891286243010382 0.5564362090946838 9 179 354
2.3620015567179125 1.7026771724194765 0.5033912895923394 9 188 351
2.3430817963760204 1.715614158865232 0.47635084836889785 9 193 348
0.6307962388546515 1.9731184936637556 0.8090916266117638 9 240 128
0.6426086285934294 1.963984932288461 0.7946254602142014 9 243 133
0.624155488528652 1.9795775005041676 0.7889445080195152 9 246 126
0.628359137767653 1.9725047687505342 0.7771493745510716 9 249 129
0.6793533204957607 1.9607065106505508 0.7502698819331123 9 251 142
0.6649987942412048 1.9630653995128855 0.7483505016985372 9 253 139
0.6288314979161327 1.9641345755832407 0.7558938547883607 9 255 132
0.6204774743147745 1.9638545979089563 0.7446158477080617 9 259 131
0.6313819236753713 1.960354625884503 0.7404306744922504 9 259 134
0.5965723398120406 1.970598814711337 0.7428627841038388 9 262 125
0.5970327791133767 1.982496810461346 0.722352733676962 9 267 123
0.6064190591823584 1.9834180147292955 0.7105236461139337 9 269 125
0.6215704549170047 1.9800253175371298 0.7004306847508179 9 270 129
0.5902914914515902 1.9825900593520989 0.6916557822101445 9 276 123
0.6022579127735874 1.9676435283952878 0.6884204852820807 9 276 129
0.6009690238441223 1.9865948148606192 0.6670586419998209 9 281 125
0.615789376697419 1.9691208376340135 0.6396739177491592 9 287 133
1.4016555274030629 0.7035511257304962 0.4543837273454332 9 289 517
0.6115648941502956 1.971753307874888 0.6296753725605361 9 290 132
1.0757897624749526 1.0793292803237136 0.49750805906326767 9 302 411
1.0761931280690573 1.1170894320885796 0.48215306403086466 9 304 401
0.7466325266442837 0.7500131084093461 0.7146555115103893 9 305 503
1.2504226288696536 0.7096659978496326 0.4582617219575875 9 305 514
1.2461556011260435 0.6953086161463223 0.4630143480659057 9 305 518
0.7459842878133971 0.7969932656787595 0.6965782922046722 9 308 486
1.0869688366229115 1.121653691972909 0.44525224220493986 9 311 400
1.0641684871405597 1.1019672377394996 0.4610103739246374 9 311 404
0.7353375430026872 0.7562486676376106 0.6994047127568623 9 311 500
1.0597352439558294 1.1083853124342442 0.4535939770064661 9 313 402
1.0607344593240504 1.1116202642295405 0.43509886640248485 9 317 401
1.1595106103863135 0.7187987046476447 0.444882994497362 9 319 510
1.124266410547315 0.6913835967995909 0.46527626498853025 9 320 518
1.0681755135961974 1.1199854923658126 0.41190978205456896 9 321 399
1.1366519008694653 0.7043417164987641 0.45175016225945974 9 321 514
1.055458236523004 1.1019624668483907 0.4180085584818696 9 322 403
1.1309075195997438 0.6458916447759225 0.4617346593288538 9 322 531
1.0707251121682857 1.0812453568538103 0.4045864838774629 9 324 409
1.1089651382555474 0.6865273218195194 0.4579992706677005 9 324 519
1.0580172326033357 0.6825230101348919 0.4670498463878694 9 329 520
1.0571347160264213 0.652398944146368 0.4693156370739602 9 330 529
1.0518002092024161 0.6685944224274516 0.46515610797364704 9 331 524
0.6796126915402187 1.7018931572749645 0.474681574277267 9 332 214
0.6740210356302008 1.638622846864295 0.48631419743283466 9 333 229
1.0616287706385203 1.100853937917541 0.3661496009236478 9 333 403
0.6755812086315527 1.6638015472087602 0.47639809450888393 9 334 223
0.6378937289023265 1.7250553750524895 0.4823310006218835 9 335 202
0.6608475511589926 1.6394562176239744 0.4858278745479898 9 335 227
1.0719945109018463 1.0943330807770244 0.34793249957071226 9 336 405
0.6355973001721851 1.688613833292723 0.47890960883268674 9 338 211
0.6606475661043185 1.5971318594438526 0.48239014326589436 9 338 238
0.9923055322792946 0.7001066387351994 0.4654069761503359 9 338 514
0.6232217951003935 1.7170677574147688 0.47654311959278917 9 339 202
0.6787718290054781 1.522490788790534 0.47864255294249514 9 340 260
1.0789459635215473 1.126251147661725 0.3192753760843057 9 340 397
0.6293219624417095 1.6738559650873497 0.473620363723241 9 341 214
0.67052910032773 1.5301962466028973 0.47405469282027846 9 342 257
0.6005857715176537 1.7201704698432558 0.4695251392421831 9 344 198
0.6119713150923078 1.6289684152831427 0.48134596408133645 9 344 223
0.6093582025482176 1.6004525339169575 0.4887917563638937 9 344 230
1.0516804628492917 1.100643140593666 0.32278490132672966 9 344 402
0.5899493607733555 1.6976187332439978 0.47666404517424255 9 345 202
0.6936478816676452 1.4965214015739279 0.4549136311162971 9 345 269
0.7234812729719877 1.4915729226599357 0.4377451521835434 9 345 274
0.9527607731851666 0.6507276994157806 0.47136775984316115 9 345 529
0.6154903014699533 1.5702364972587182 0.4834447291593653 9 346 239
0.5985443426718542 1.6373373549048154 0.47598354501985773 9 347 219
0.5811216029522144 1.7171750019837806 0.4621468421492141 9 349 196
0.584779575633753 1.6761680113899147 0.46847087016308686 9 349 207
0.5752487916301905 1.737530641999189 0.4575324622310446 9 350 190
0.5848491176839008 1.6261259592133683 0.4749888487852636 9 350 220
0.5978851275517039 1.5917999995671857 0.47411003937593166 9 350 231
0.6383949000028037 1.5154921725997479 0.4649972117219514 9 350 257
0.573872913495141 1.7170925878587493 0.4587109161009679 9 351 195
0.7792668838261041 1.4991701529435837 0.3724306361546468 9 352 279
0.5751913213695368 1.6520635606373149 0.46374564465219903 9 353 212
0.5687125631884331 1.7148798350534475 0.45048063208540023 9 354 195
0.5766420880847589 1.6186452229787331 0.46602147200582156 9 354 221
0.5821931034114873 1.5876723046009973 0.46913411245082437 9 354 230
0.8577229310495078 1.5105941862592451 0.31201381114469284 9 354 285
0.8750491562365832 1.5099311264441262 0.30124075110233317 9 354 287
0.8865499565212505 0.6961125234018439 0.4676608160682998 9 354 514
0.8889750728251489 0.6714377094116593 0.47139861343619804 9 354 522
0.8970380355046284 0.658807168057975 0.46901469347366076 9 354 526
0.5756851788892388 1.6187436236673767 0.45875273641171255 9 356 221
0.5751129189705639 1.5581186818892878 0.4682657251134399 9 357 237
0.6096910319940678 1.5059979129962664 0.45749565271863357 9 357 256
0.5635406947849919 1.7012137200507698 0.44077438775627487 9 358 198
0.5691041379949411 1.7373492848132908 0.4253641465433511 9 359 190
0.8537298035211474 0.6558438395260214 0.47796518497972795 9 359 527
0.5730548041182846 1.603189649032823 0.44806449720657304 9 360 225
0.631715355942843 1.4954965398062114 0.4338114163187259 9 360 262
0.8769662735541315 1.5032980854621933 0.27426324663968904 9 360 289
0.5726734478381359 1.7533736656531176 0.4074064976326648 9 362 187
0.5736812189443026 1.7378782100108625 0.4101598768563841 9 362 191
0.570571808859266 1.7036834878941676 0.4196929356566992 9 362 199
0.5668262843520946 1.68140379247883 0.4270188519537148 9 362 204
0.5652477171628336 1.6529938084697964 0.4342878799486354 9 362 211
0.5685922550392357 1.6244994560652435 0.4344239776629595 9 363 219
0.5656186651786312 1.5962290579013443 0.4386595554448174 9 364 226
0.5653263127771275 1.6386348452407948 0.4254818374976346 9 365 215
0.8153890786940485 1.514001165352242 0.289371134210465 9 365 280
0.9472719018347611 1.5042045887126643 0.20515292985814115 9 365 296
0.5908725747983039 1.5019942104670396 0.4351891656984077 9 366 255
0.5771985844193372 1.7067015673857493 0.3903562492179109 9 368 200
0.5668084229525463 1.632902158534133 0.41382034876741414 9 368 217
0.5718077779344934 1.593590062348805 0.4193455181342691 9 368 228
0.5649391170099667 1.6480262442982996 0.4036344908150511 9 370 213
0.569514374617542 1.6275441496095737 0.4052209909270901 9 370 219
0.5851876519766814 1.7500608298947988 0.36288406809988505 9 371 191
0.5703789319564696 1.5860606380187203 0.41005207908850805 9 371 230
0.5702364965921252 1.5073393373537838 0.42410823592239844 9 372 251
0.8559817999832309 1.50432841848551 0.23296525412031532 9 372 287
0.5812516110930601 1.6754397109760362 0.3742871017363596 9 373 209
0.5684718162521665 1.6163312187264216 0.39642335288247366 9 373 222
0.8018617647843771 1.5050866817132602 0.26465507179246983 9 373 281
0.681849694502392 1.5121352317740875 0.33968779303688423 9 374 265
0.8289475310851864 1.5093069235452699 0.24089889211310123 9 374 283
0.8915573421101981 1.507528502489295 0.19898296814979655 9 374 290
0.9118554752032604 1.5077182130643694 0.18521780882831207 9 374 292
0.5843862722925348 1.7637755952835215 0.3435886657970373 9 375 188
0.5804610371076258 1.6997926432704085 0.3609996321913018 9 375 203
0.5769962774173116 1.7181157341807818 0.3549859898560068 9 376 198
0.5760300941735839 1.583299376535432 0.38683109471317545 9 376 232
0.580253772700563 1.6249423007987591 0.37024539853671223 9 377 222
0.5765593734446168 1.6664210484213051 0.35902933359818023 9 378 211
0.5761998231705232 1.61500310722328 0.37125587642517344 9 378 224
0.7027978980494491 1.511543567267651 0.30859220689173794 9 378 268
0.5843575244715831 1.5929999534152988 0.36671782784111495 9 379 231
0.591748979418234 1.7510694541904077 0.316207907363552 9 381 193
0.575954793591352 1.6712054006643866 0.34595275162567196 9 381 210
0.5818619780508161 1.7077694814355822 0.3290681701876965 9 382 202
0.7013298882333605 1.5116647767046714 0.29240343737288343 9 382 268
0.7719819038494473 1.5133925035698566 0.24290325524758005 9 382 276
0.6536659817070938 1.5155434559666787 0.3204064380225422 9 383 261
0.577533280466956 1.7716231906329774 0.30851174746178 9 384 186
0.6760300600102378 1.515341075059574 0.30060308874162134 9 384 264
0.5844845526991513 1.7354801588980353 0.30801819678798825 9 385 196
0.7836987703555893 1.5070989617710278 0.22272617090107727 9 385 279
0.5783485347849415 1.7695216121621387 0.29567984918046974 9 387 187
0.5770012826512119 1.614682989628577 0.33387692364345467 9 387 225
0.7744677228208281 1.5035467800884024 0.2120219265221186 9 389 279
0.5886340550612494 1.7826087958741004 0.2723318890505222 9 390 186
0.586410682268705 1.7641695929929755 0.27840140125179147 9 390 190
0.596751694775401 1.5222447375216817 0.3298257797363964 9 390 252
0.5846949164550761 1.6052874897347542 0.30991228401017734 9 392 229
0.7167025010909325 1.5132959802569323 0.23755204119325235 9 392 270
0.5857724959323265 1.6500730881357961 0.29395676160221007 9 393 218
0.6519955155003638 1.5170014550247155 0.27888724374016904 9 393 261
0.5736510013812697 1.7197901259051256 0.28131784797559134 9 394 199
0.5747914051712526 1.6919148347057151 0.28736354811307274 9 394 206
0.5819037369227702 1.7597195473341203 0.2568645128801432 9 396 191
0.5849142588253764 1.6306179886122683 0.2867141671239941 9 396 223
0.583174074620145 1.690549539299235 0.2688326210524088 9 397 208
0.9466552184232062 1.5351816350488736 0.04188769315875884 9 397 290
0.5775728369388455 1.7367388472200291 0.25711517744236256 9 398 196
0.9613487958662978 1.501135572113701 0.03459107470550027 9 398 299
0.5803822103720151 1.5234072316955245 0.3042318245375717 9 399 250
0.5925462574020872 1.5184542258895857 0.2965249908564711 9 399 253
0.5795780157878667 1.7474336319354449 0.24430819638700751 9 400 194
0.5737837070527467 1.6411793989587795 0.2753223720086968 9 400 219
0.7541777823954623 1.5208613131475048 0.17244548165046836 9 400 273
0.5742212050256053 1.7609375524164832 0.24052299087016715 9 401 190
0.6663845099167345 1.5222673918268534 0.2325337627386337 9 401 262
0.9154228959630539 1.5579177968185283 0.03910289766435815 9 401 282
0.5703477537056276 1.6477953740891196 0.26771877110239073 9 402 217
0.5812338844113811 1.6145499405914938 0.26805340034305614 9 402 227
0.5803513610640041 1.7035791873661497 0.2418317704043016 9 403 205
0.7485978633778101 1.5187954339534775 0.16338783690117875 9 403 273
0.5761499395408971 1.7260573920382403 0.23491223141075146 9 404 199
0.5757385369088484 1.6318693911203865 0.25924690223340585 9 404 222
0.8887603375600965 1.5507133103507205 0.04583576741209461 9 404 281
0.9054334076500452 1.5184195082550342 0.036630762934089844 9 405 290
0.9123607315939535 1.503708279848818 0.03519824243662617 9 405 294
0.5720471661499207 1.7660992086671183 0.21902161520329733 9 406 189
0.5695379034774104 1.6731205069945025 0.24479086312429787 9 406 211
0.5800605608505542 1.6433520727310378 0.24451461582282263 9 406 220
0.5730181241333983 1.7551140873110262 0.21235304353807605 9 408 192
0.5773533522607903 1.535711893961566 0.26580091392947525 9 408 247
0.7420561743824814 1.5084154243328447 0.14805222133575602 9 408 275
0.8315058104785811 1.538046220429524 0.07260796240431411 9 408 278
0.5775952305777492 1.7210020159488775 0.21333357549452336 9 409 201
0.5712157080669344 1.700090799700246 0.22360908200174046 9 409 205
0.5825596406665827 1.6339102702283368 0.2321557415165909 9 409 223
0.8554722107365349 1.5363173494797926 0.04999623475925996 9 409 281
0.8731281629854117 1.5180229124307332 0.04131995699315949 9 409 287
0.9053673358710332 1.4487332192642934 0.03478780069058107 9 409 306
0.5749076508756861 1.6782743832626108 0.22212780503753216 9 410 211
0.6355320544103522 1.5165010205857379 0.2180026860503077 9 410 260
0.6456325092695414 1.5098228403843348 0.2120373683668375 9 410 263
0.5751008783817304 1.7879142412716418 0.1889991705809244 9 411 185
0.5680508238590929 1.7446547593641124 0.20569362336331087 9 411 194
0.8586823227355267 1.4815744186003421 0.052019471751360236 9 411 294
0.5752263186529822 1.5356480618919175 0.25057248841828517 9 412 247
0.5958173355259817 1.5235460133016672 0.23793672147129286 9 412 253
0.8844896375439475 1.4622907898948847 0.03237957350893739 9 412 301
0.5711141667953223 1.7059278682994123 0.20473008507218604 9 413 204
0.5870400462741514 1.646312175594066 0.20814121596067325 9 413 221
0.6970686627465774 1.5122080407295528 0.1586641043321939 9 413 269
0.8543839196115766 1.5234272359991068 0.034552433787882864 9 413 284
0.8368057286999624 1.5637045470025195 0.03258346290249392 9 414 273
0.8618761241244077 1.4661068525696446 0.038963183549904246 9 414 298
0.5772243096167993 1.7701080204036552 0.17423906292286784 9 415 190
0.5706837326258847 1.7069769852763987 0.1916292236426187 9 416 204
0.5726483045212893 1.6142660137596807 0.21472699691366604 9 416 227
0.5742274525868551 1.5323289640213622 0.2352627728134058 9 416 248
0.5718020131614512 1.784374153871734 0.1657301982130268 9 417 186
0.5744304877010262 1.6850195028332633 0.19015779445295733 9 417 210
0.5803964331077258 1.6277926849836035 0.1963929785793419 9 418 225
0.805983701252988 1.5237496695317123 0.04764684536369046 9 418 279
0.8121040188734383 1.513686205556362 0.04554737140157772 9 418 282
0.8165949563717527 1.498564665373769 0.04607568771033543 9 418 286
0.5751499783109189 1.8051993894192773 0.14854936747543102 9 419 182
0.5773978921558034 1.7722761173200114 0.15561691926146537 9 419 190
0.5767754153834714 1.7547173806357284 0.16081634394791688 9 419 194
0.5755970333562623 1.6783585530799698 0.18222713025276205 9 419 212
0.752442302024614 1.5451342637961338 0.07910760034370368 9 419 268
0.843077348516784 1.467433742894786 0.028785408689992575 9 419 296
0.5819505693612816 1.5573557388819796 0.20538380395872746 9 420 243
0.5831106086630049 1.5227059692237956 0.21379668587447775 9 420 252
0.7925379534338062 1.547947847616058 0.04203001881793833 9 420 272
0.5761242231214054 1.7175662046097224 0.15793733589307868 9 422 203
0.5799233041116192 1.6658670420105066 0.16893367127375303 9 422 216
0.5718747441747429 1.652502171547836 0.178935709641608 9 422 218
0.7980018598872682 1.4993951800984997 0.041151443859849035 9 422 284
0.6710849352164023 1.5218024378279882 0.13116506830687213 9 423 264
0.5697899506180062 1.723056333061167 0.14808095816243627 9 425 201
0.5618758644750932 1.692580612888675 0.16275484624020997 9 425 207
0.5900807388638813 1.523881347813853 0.18634366132143998 9 425 253
0.6046501648060134 1.7702050484101295 0.09342565147173554 9 428 196
0.6063314160152418 1.7587789449166935 0.09059815656919445 9 429 199
0.5838183819560647 1.525496787349682 0.17352503209838055 9 429 252
0.5922251156893428 1.6939092289033726 0.11547847849144222 9 430 212
0.7409744430761185 1.5123922534468792 0.04501240311496124 9 430 275
0.6200947323227388 1.8093242997981445 0.05598936502198182 9 431 190
0.5771148713732543 1.557929084485125 0.16120444980749715 9 431 243
0.7468452277742004 1.4818312123075934 0.0439879235513132 9 431 283
0.5894248514212292 1.521449933584195 0.15695222368171602 9 432 254
0.7148497562411704 1.5631867295150643 0.04263285712587317 9 432 260
0.5826054532431257 1.6512695722021333 0.12168779982847511 9 433 221
0.5808565434075703 1.5726744863683415 0.14519945054211814 9 433 240
0.7221093530661253 1.5502072669837181 0.03556041696400691 9 433 264
0.6135902964738371 1.8241995448859842 0.042936505121859536 9 434 186
0.6220769355722369 1.8168854087532091 0.03800930640880318 9 434 189
0.6250882282979118 1.7654380449198241 0.05002726348442543 9 434 201
0.6002227832358731 1.8199569569356766 0.045704882105616296 9 436 185
0.6059962103593328 1.8107668623600341 0.04352744480126747 9 436 188
0.5678386137936475 1.5187178481768082 0.15797708142469147 9 436 252
0.7411798661175082 1.4759529620789462 0.026472829103517004 9 436 284
0.6768329993817019 1.5655878560003362 0.049674508432818065 9 437 255
0.5893518571597627 1.8444171897197794 0.03832045189288258 9 438 178
0.6396820814458417 1.6806418032527575 0.043105622547876976 9 438 223
0.6891752215619329 1.5430032375498952 0.04112783725431646 9 438 262
0.5980273339955995 1.8155372974858002 0.03459540579768561 9 439 186
0.5823305593404111 1.5393274837044313 0.12682400236075697 9 439 249
0.6926335584501411 1.5075240156526186 0.043673798011656384 9 439 271
0.7089650099314166 1.4783760205761767 0.03363951731214354 9 440 280
0.6535793005336985 1.5667251672674825 0.050059484025744894 9 441 252
0.677946902270401 1.5546918117500876 0.03301948661370102 9 441 258
0.5848420723049954 1.8208756700933288 0.029929283151399755 9 442 183
0.5996802512727573 1.7694230828423425 0.032279545148039546 9 442 197
0.6716669119921432 1.5349777835743743 0.039294189212826236 9 442 262
0.6251124763726068 1.6907952787394789 0.028820624984316368 9 443 219
0.6775429128519199 1.4927650063641418 0.041862137421956325 9 443 273
0.6872320610635543 1.4606204688191018 0.042980980037444105 9 443 282
0.6004084467999247 1.744547111093546 0.02943367606325542 9 444 203
0.6075170470293874 1.7362613666761084 0.025806220144795944 9 444 206
0.622334404535059 1.6215075549853835 0.041944867025077937 9 445 235
0.6197991967298428 1.6074130628906116 0.04821963724254097 9 445 238
0.6187850535120065 1.5984671174028502 0.05169532396360088 9 445 240
0.6150096314690225 1.6899162754148667 0.0234967014514611 9 446 218
0.5835120654049875 1.7605715807166877 0.02501670933378497 9 447 197
0.5881713050809747 1.7332375179325803 0.02905238536738075 9 447 204
0.6192507995581935 1.5910586030674216 0.044175964713810245 9 447 242
0.6491575860736771 1.4880839315232646 0.04415005575971609 9 448 271
0.6697439479283465 1.4534147644889672 0.03666327681055259 9 448 282
0.5527122425256943 1.7614207119982284 0.041890670666870244 9 449 192
0.6081567744480756 1.5815266180444982 0.04261574422752723 9 450 243
0.6154432938737098 1.5773836491091409 0.03753946395709162 9 450 245
0.5275677907279037 1.7700441750472633 0.05183429528381289 9 451 186
0.5693852517826916 1.7222718178241934 0.029752195791338254 9 451 204
0.5976944947514586 1.6257283643814557 0.03390544762592418 9 451 231
0.6616421471746583 1.4542256347016054 0.02942863895137071 9 451 281
0.5285249594010288 1.7843038036141636 0.04213429549422987 9 452 183
0.5917489796781006 1.647725193817959 0.02785490707964655 9 452 225
0.6228934266528703 1.5408262230605363 0.03264604726013154 9 452 255
0.5942724055854078 1.6035017950530421 0.03421791816301578 9 453 236
0.5344818469140891 1.7379650068248038 0.04155755695965113 9 454 195
0.5937205457071877 1.5380916143865258 0.04510825066099855 9 455 252
0.6065516196962464 1.5369364660229516 0.03418268426433202 9 455 254
0.5679017036327765 1.6098512995079046 0.03696715754091073 9 457 231
0.5780195236224561 1.5952618764079547 0.032446635195311435 9 457 236
0.5933640788756991 1.5588686765391544 0.02991651798295658 9 457 247
0.5157113403547535 1.7393201507134037 0.03925130462712412 9 458 192
0.5981916209515026 1.5129955854910975 0.034953692578901574 9 458 259
0.6251190958060038 1.4344808501221373 0.03495765177109966 9 458 282
0.5171229131963317 1.6984946738368063 0.04584649893306758 9 459 202
0.5812312826201014 1.5404824690940384 0.03703978969493216 9 459 250
0.6205585909060964 1.4128816168738727 0.04099391562593402 9 459 287
0.6189057553205821 1.3965428571408285 0.0474486848897957 9 459 291
0.5225433764712841 1.66504737847381 0.04666980786825459 9 460 211
0.607975916660249 1.4863493216403343 0.02514948120395566 9 460 267
0.5162768022249891 1.6530315556192012 0.05139733868483232 9 461 213
0.583035824263868 1.48981203161407 0.04177308104445876 9 461 263
0.6246261192067915 1.372153733229636 0.04068122693022436 9 461 298
0.6344136358638983 1.360781514481574 0.03541513479528158 9 461 302
0.5037290695329011 1.7036365326872946 0.03795657537220842 9 463 199
0.5399963018668426 1.619652388385001 0.0312539800581213 9 463 225
0.5478449735514337 1.5834868712251144 0.035360881716488546 9 463 235
0.6051347731543646 1.4260690185667833 0.032419167436003704 9 463 282
0.5470387927789033 1.5630630968455101 0.037835176623199906 9 464 240
0.6093252132273985 1.400805530144309 0.03187737074348074 9 464 289
0.6228609588193215 1.3601877883597036 0.03224257388082541 9 464 301
0.5097395927500885 1.6139848338145844 0.04669279732445375 9 466 222
0.5493663086863934 1.5529418303735367 0.02973215390318673 9 466 243
0.5655682068458767 1.4978232605475075 0.03220140296063301 9 466 259
0.5580528211442826 1.5219558929343162 0.026928747644817896 9 467 252
0.6082760090802153 1.3659615179020514 0.029961905160438285 9 467 298
0.6359851820975995 1.2968483511825413 0.026333426026651674 9 467 319
0.5749199448866229 1.4400276144024484 0.03263644774461594 9 468 275
0.5789388046135797 1.4031721330177336 0.040526583856210774 9 468 285
0.6078841037230478 1.3467725210762134 0.031771052284035095 9 468 303
0.5649086050181009 1.4665991562077694 0.028892824027851205 9 469 267
0.5637893278012471 1.458191140972313 0.03256458934896589 9 469 269
0.4865793012596975 1.6494305233358855 0.0386210584956741 9 470 210
0.49860798522799143 1.60846268140075 0.040495609576086 9 470 222
0.541845968837658 1.5138986246776673 0.030599157231655294 9 470 252
0.5506188158626957 1.47520261305647 0.034749518077090036 9 470 263
0.612404137479494 1.2957867928606381 0.03458777335287966 9 470 317
0.5794841014013876 1.4310967516752577 0.017560596907312043 9 471 278
0.5764304953196524 1.3680962992202983 0.040323981219621885 9 471 294
0.4668780700004249 1.6208952186956012 0.056827424598170584 9 472 214
0.4985094311768745 1.5729716193408239 0.042797046100183866 9 472 231
0.5540656555947585 1.4464011791932812 0.02708306729456833 9 473 271
0.5776808125774586 1.3311483439518466 0.04189695046373365 9 473 304
0.4840352465751423 1.6128194067433101 0.03450485402896586 9 474 219
0.5595805225879826 1.3991029943242252 0.03252159277682054 9 474 284
0.5728636181618656 1.370744988914414 0.02922668936377182 9 474 293
0.49684371660351045 1.5610568268769975 0.03462326661747728 9 475 234
0.5123057171931473 1.5265267347786997 0.031264711733179684 9 475 245
0.5227606208948425 1.4969499745993662 0.0309902431429403 9 475 254
0.5037589300217331 1.5535971812727505 0.026035256990684763 9 476 237
0.5319457935126877 1.4669540932573557 0.0275146369362278 9 476 263
0.5604880057889374 1.335587614801436 0.04304056893858621 9 476 301
