2.4660153348735054 1.1377669882218115 1.3987534543917244 9 3 459
2.4700330899809395 1.1198706120443533 1.3938664466763766 9 4 463
2.4391378484824315 1.3474497542848427 1.3903295668964875 9 7 414
2.4339636390157304 1.3201892844620506 1.3884407722191685 9 7 419
2.444594980419508 1.3800740039204933 1.388082301489954 9 8 408
2.4461940677970135 1.2797585595754715 1.383014381535257 9 8 428
2.4710444170255785 1.067268945122263 1.3698884865929792 9 9 474
2.431391940155764 1.0373258308688786 1.364985433694466 9 9 478
2.490108775440885 1.114906505980461 1.3696369689293806 9 10 465
2.460583068783865 1.3809007537425029 1.376087437421127 9 11 409
2.4447953955761 1.3336643508334207 1.3724422663840272 9 11 417
2.4732039005748976 1.2000156335988277 1.363794027399226 9 12 446
2.4671433932835782 1.178583180646982 1.3622552296372463 9 12 450
2.4894492285907543 1.1426723159459515 1.3623108410315754 9 12 459
2.4641576873023805 1.0735544017040834 1.3568820254198397 9 12 472
2.4317690943458965 1.022889042686769 1.3517787933226848 9 12 481
2.464459183461894 1.1107327605741115 1.354438897666058 9 13 464
2.422437590969602 1.0109198721484067 1.3462837743088762 9 13 483
2.4577616305353462 1.238089906757601 1.3556525430348798 9 14 437
2.4666716775371493 1.1827000544848043 1.3537309214771862 9 14 449
2.497554818621085 1.1443877396634663 1.3499828860436813 9 15 459
2.4566220181201244 1.070366742928359 1.3433746477534458 9 15 472
2.454443414711613 1.2660325927128875 1.3479159467110884 9 16 431
2.4666941023349924 1.0823810531201241 1.3404352784590958 9 16 470
2.480170586866072 1.3463343171226496 1.3490470085064783 9 17 417
2.469348187604237 1.3267534295391004 1.3473575416517243 9 17 420
2.4622473002945213 1.2987146457975163 1.3455649289662601 9 17 425
2.4935118705459662 1.1714618938238153 1.342167650450645 9 17 453
2.4890325463092733 1.141066935431211 1.3404645808331477 9 17 459
2.43950303084264 1.0416871688234008 1.332292801052259 9 17 477
2.4528807444210354 1.2402460220381546 1.3378454820928045 9 18 436
2.4420983651833135 1.0558841750501848 1.3288937317014615 9 18 474
2.4909286039290714 1.1748918840195801 1.3333512864468986 9 19 452
2.4721873182895826 1.1160718431638355 1.3294429016964866 9 19 463
2.4558666712207295 1.3565579013771578 1.334240192954374 9 20 413
2.4567699048889646 1.2959376476689997 1.331713585037129 9 20 425
2.4492344004682938 1.2286047628500167 1.328303431960391 9 20 438
2.460492013488656 1.3122709425400414 1.3282100822495286 9 21 422
2.462974952206769 1.2679658889296974 1.3265231480935895 9 21 431
2.466521010509356 1.2197394695717965 1.324745434972816 9 21 441
2.447696794107723 1.06457859884041 1.2998584072727133 9 25 472
2.449103194543188 1.3731917179738091 1.3074321018047685 9 26 409
2.473667931849612 1.1671802564082197 1.301123750081795 9 26 452
2.4243271910114417 1.0072060961382343 1.2919262670232108 9 26 483
2.4524703710463545 1.3332353214956232 1.3016260638748738 9 27 417
2.476598057072335 1.2815847163693013 1.3011816320038263 9 27 429
2.484561537356651 1.127086948194124 1.295902367266076 9 27 461
2.437587132634583 1.3475481638773026 1.2967546733368494 9 28 413
2.4677329519271622 1.1405804708031848 1.2910009704256526 9 28 457
2.466582974297717 1.272351285750993 1.2912759469547126 9 29 430
2.458085674681731 1.0851052225494322 1.2840732204803635 9 29 468
2.4221789552201978 1.0328469860024998 1.280088454545139 9 29 477
2.4290416045268777 1.0211471124796443 1.280073737552207 9 29 480
2.4374566607220296 0.9962934632762214 1.2796795924745052 9 29 486
2.4690098541812286 1.3390907738560442 1.2892743490444214 9 30 417
2.447408106277122 1.2057850266837455 1.2833625571100131 9 30 442
2.509125889977982 1.1194681080074678 1.2838922042596004 9 30 464
2.4231650670748683 1.0055676845973904 1.2749554751968177 9 30 483
2.4540806904091435 1.2275066306679203 1.2800760011727577 9 31 438
2.446872742161075 1.1810100041001979 1.2780783565737432 9 31 447
2.476166540084019 1.152062708736081 1.2787344972051142 9 31 455
2.4731049116419404 1.098497677527089 1.2767279779395968 9 31 466
2.4539621062367187 1.3636004011584288 1.280189067562345 9 32 411
2.46499957643715 1.3216996613502512 1.2793928153927907 9 32 420
2.469153733597917 1.2978290792586893 1.2788220150783385 9 32 425
2.488854952677488 1.1173460773764687 1.2738633012393166 9 32 463
2.44145061086162 1.051268830483465 1.269048495681374 9 32 474
2.4526936455162747 1.2812857290336832 1.2728850497614252 9 33 427
2.446550357809361 1.254003606536686 1.271663893629158 9 33 432
2.4361877358548942 1.2108415399845296 1.269697457390882 9 33 440
2.420820721739406 1.1908940286731733 1.2682217714073363 9 33 443
2.4491015639120786 1.3560580302408973 1.2706002436948391 9 34 412
2.482111455285914 1.167695788809106 1.266313911270283 9 34 452
2.4772104382956504 1.146699256647999 1.2653876378509588 9 34 456
2.4850901103505416 1.1060098420826712 1.2645008647285794 9 34 465
2.44508094623771 1.374913884355393 1.2664415998458263 9 35 408
2.454463182257213 1.0634352331345018 1.2572208932295774 9 35 472
2.4534587029768926 1.3265363917590223 1.2608341110093606 9 36 418
2.4397022539500126 1.2557289166324885 1.2580019871988226 9 36 431
2.4387982444354814 1.240512980834316 1.2574952000029533 9 36 434
2.441916030885131 1.2268190097377096 1.2572341509661915 9 36 437
2.4426255814189965 1.2172302503610286 1.256978251244505 9 36 439
2.4639956477452563 1.1514719672146125 1.2560421451903117 9 36 454
2.477344026128198 1.107768132974534 1.2553776046192842 9 36 464
2.446069290773083 1.2778497249740324 1.2545051489234593 9 37 427
2.4737608864406777 1.242655489953951 1.250303426548183 9 38 436
2.4651284018718527 1.2197028590897794 1.2492370769896937 9 38 440
2.4464907786379695 1.2033441049630262 1.2478908425428854 9 38 442
2.4641336116269064 1.1125755511148494 1.246105183780398 9 38 462
2.466379823784886 1.1417332993807678 1.2426371139485055 9 39 456
2.456283508878783 1.8584954971208438 1.2423755445436186 9 43 323
2.443232491686627 1.3617477860587826 1.2203322060154953 9 45 410
2.438556712343194 1.3238261982125312 1.2192720798516858 9 45 417
2.458772516960372 1.2804472264350149 1.214480357058318 9 46 427
2.4512067592466997 1.2474742355584685 1.2134629802751484 9 46 433
2.446325736293483 1.2307744920236132 1.2129096568229747 9 46 436
2.4190828525202943 1.206327079093572 1.2113706869202043 9 46 439
2.4412743249738944 1.3347173063441744 1.2105046202457102 9 47 415
2.4778455182351142 1.128563576008976 1.207299022440773 9 47 459
2.461771118128384 1.3116871351954718 1.206142254608962 9 48 421
2.429685495269781 1.199735263868705 1.2027182354111172 9 48 441
2.456809975581373 1.1993216508304745 1.2036205983906325 9 48 443
2.458416103680787 1.2897459623633771 1.2010098046380802 9 49 425
2.4403389508349287 1.232570077255276 1.194778959815999 9 50 435
2.45502706854486 1.202824712692592 1.1901611576403894 9 51 442
2.431863051292878 1.9186665378242043 1.1318887550935284 9 65 311
2.4337819495727318 1.926273694650525 1.1115052723054297 9 69 310
2.458417645079957 1.9669732408432734 1.1014126582078645 9 71 306
2.460842325366944 1.9557140264655786 1.096191183808891 9 72 308
2.4525951504171664 1.937941495576944 1.090973592536725 9 73 310
2.4563455605967834 1.9594314731581937 1.0857905882674914 9 74 307
2.4577911271041146 1.9221694649852317 1.0754132910232628 9 76 313
2.47580973036643 1.196185465993755 1.0438496466412643 9 83 443
2.4299052375227292 1.229577263872952 1.030386324051121 9 86 433
2.4621063317352805 1.4686604013132853 1.022648037658439 9 87 390
2.462368975967251 1.220671949928314 1.025202497444303 9 87 437
2.4268067216733815 1.4258469283900674 1.018991547292698 9 88 395
2.4452445937565965 1.3535162198506576 1.0194075438561483 9 88 410
2.4395816133406805 1.4413162665514971 0.9943527534185181 9 93 393
2.448505677420142 1.337685804425445 0.9909004051765877 9 94 413
2.4270466662531454 1.2825119578062691 0.9924198287211031 9 94 422
2.0664329266814905 2.0243422250528074 0.9815212057138476 9 96 255
2.4381051017757343 1.5006996570998812 0.9787766750812162 9 96 382
2.4448472750270374 1.4321642201605373 0.9797720211415686 9 96 395
2.4225782736994486 1.374383020157921 0.9815147969337524 9 96 404
2.4436289743436657 1.415173487286194 0.9752613932531814 9 97 398
2.4115517339052617 1.353796946253047 0.9774805184944559 9 97 407
2.3048906084785044 2.031019133040745 0.9374487043453068 9 103 281
2.32071060547854 2.0223224817753676 0.936985557887552 9 103 284
2.4034342391110313 2.012295031028688 0.9177519335561642 9 106 294
2.4194631567198845 1.5016251808482868 0.9253396601708356 9 107 380
2.4531240522135014 1.2375220699862484 0.9308095974793033 9 107 432
2.434252207269251 1.4472730424465297 0.9211743419778708 9 108 391
2.4283826079111597 1.390432865103008 0.9230347795867884 9 108 401
2.4003401451683612 1.3207524715170387 0.926342659227576 9 108 412
2.4307372930483244 1.3013402715797533 0.925381542959143 9 108 418
2.4335389304524475 1.524660165743853 0.9140873171628333 9 109 377
2.4418341793338207 1.5003941257047564 0.914357816574576 9 109 382
2.428698604793668 1.4390132345290607 0.9118622528801887 9 110 392
2.4358085256881226 1.3823691126042519 0.9131519914132569 9 110 403
2.4426467760509474 1.2432145624689734 0.9168743167537793 9 110 430
2.430238706660112 1.478102251872972 0.9056874367049244 9 111 385
2.444424604440491 1.4073929997385124 0.9070595152129834 9 111 399
2.4196910282132036 1.3383065870389503 0.9104663652588911 9 111 410
2.4316868077224307 1.178282691764208 0.9146481409920667 9 111 442
2.435595553971347 1.3711349793943055 0.9037534742198189 9 112 405
2.418369483295765 1.2852586354539355 0.9073608449996606 9 112 420
2.4229073568028303 1.2714566381879286 0.907539032409636 9 112 423
2.442684136055442 1.2478493540979447 0.9071834178302557 9 112 429
2.449687147869651 1.2298446349499008 0.9073563187362264 9 112 433
2.4500566589492148 1.214381949007246 0.9030491999457649 9 113 436
2.4356578089900345 1.4139812925280868 0.8925933370514338 9 114 397
2.4319127493956008 1.3213900680994781 0.8958334619015091 9 114 414
2.4182589805596706 1.3580803336471265 0.890574832985993 9 115 406
2.4244779552570264 1.5081894578630506 0.8801893457054201 9 116 379
2.4203511405682283 1.4728472657985743 0.8816531306866006 9 116 385
2.413491433703724 1.2928319363471266 0.8882497208655084 9 116 418
2.42983823928902 1.2521643074506172 0.8838672969253363 9 117 427
2.4117891079065874 1.3107794850215242 0.8394286875845022 9 126 414
2.4296273841552085 1.486410380898882 0.8255479216429824 9 127 383
2.42620691173794 1.5355584202374415 0.8185936207264101 9 128 374
2.416858679610872 1.4471577271987401 0.8232528049277783 9 128 389
2.418153200874964 1.3446257924146567 0.827710729158457 9 128 408
2.4261167296847352 1.4125242821207884 0.819098418683363 9 129 396
2.4019927611002543 1.3165478988392452 0.8205017963387229 9 130 412
2.4190029280029255 1.4531194478846299 0.8078157943186177 9 131 388
2.4308586330745476 1.4861677921419623 0.8002298692857893 9 132 383
2.3943240737292006 1.3341690180321062 0.8105649920526077 9 132 408
2.434373217285082 1.415282537820507 0.7983224043830555 9 133 396
2.418743961103174 1.359857938710515 0.8023542024784637 9 133 405
2.4223931572081603 1.5329334581815108 0.7885176061198201 9 134 374
2.427638169550387 1.5239914332742877 0.7885063581591394 9 134 376
2.412406994087837 1.499939532175816 0.7910185228956023 9 134 379
2.4142696942801276 1.4727551838020148 0.792204669127428 9 134 384
2.4201759215850425 1.4418642814658138 0.7882064724430868 9 135 390
2.4323703238388497 1.4030762443135463 0.7890878932937143 9 135 398
2.4173648857579644 1.4738242418984289 0.7817968372455022 9 136 384
2.42078323184917 1.360059589408565 0.787324579520322 9 136 405
2.4228779604126314 1.431628249608777 0.7784443697412409 9 137 392
2.420014356319249 1.5255537934226466 0.7687044798372766 9 138 375
2.4219891430583886 1.4754170088686953 0.766110351277987 9 139 384
2.413363192458899 1.4214503487881787 0.7648126262065018 9 140 393
2.412849701489763 1.5331799454128796 0.7536345774317481 9 141 373
2.412261806740105 1.5213563378126689 0.7492402813238939 9 142 375
2.4307480862859037 1.4958190663957247 0.7488632336530312 9 142 381
2.4255124018537586 1.4429593137335464 0.75236095790877 9 142 390
2.4459893827232997 1.4740727439179897 0.738342504207726 9 144 386
2.431463420569842 1.4900032540144015 0.7337631460791554 9 145 382
2.4066724078437156 1.5066641905009222 0.7251082701319513 9 147 377
2.392294875073981 1.4885781392639343 0.7226464854588951 9 148 379
2.4066889902558803 1.4839114702133933 0.721391291262953 9 148 381
2.400423061385221 1.3705838304261873 0.7240497646195927 9 149 401
0.7907911320848309 1.9620345107947532 0.8557185189704783 9 151 30
0.8280699834591265 1.9719040467786297 0.8509242081963135 9 151 39
0.8502889418408996 1.9578374477673859 0.8493475627847623 9 151 48
0.9505067908549605 1.9417674672680394 0.8391942422609274 9 151 78
0.9201037321927159 1.9480957347077195 0.8388619632445395 9 152 69
0.9735995794014494 1.9422775700553567 0.82979419487706 9 153 84
0.7907592094169962 1.9746846600805803 0.8454483618504414 9 154 28
0.8281582842475275 1.9584824809077417 0.8421905937891657 9 154 42
0.9311287852784462 1.959292842949927 0.8301863264410532 9 154 70
0.9588949433633149 1.949605554132111 0.8276112070715886 9 154 79
0.8874292805727604 1.9566676993418266 0.832145439556333 9 155 59
1.0061262769169228 1.93850365349245 0.8194233938173119 9 155 93
0.9689628209865064 1.9484753211585444 0.8197116013066236 9 156 82
0.8715753482555502 1.9562987609477713 0.8274965380046395 9 157 55
0.94090964872131 1.9587945062859318 0.8189676052723891 9 157 73
0.9772744791636283 1.9442863334059037 0.8155924842651905 9 157 85
0.9853572795958598 1.9443571687569183 0.8146134872297552 9 157 87
1.0654795744489203 1.9561631362349 0.8041380599820356 9 157 104
0.9540973059382925 1.9561928520293321 0.814162753501884 9 158 77
0.998340363989294 1.9460302588861258 0.8094794884452821 9 158 90
0.7692655071702712 1.9709261536543465 0.8325398681603228 9 159 23
0.8355786668617546 1.962641242455999 0.8249404066256979 9 159 44
1.0458256522052052 1.9600346435592604 0.7956190502192954 9 160 99
1.0498906850053822 1.9491524701496157 0.7958950737978593 9 160 102
1.062683403227786 1.9490771204618613 0.7943016147866717 9 160 105
0.7556337114257601 1.9672350454375591 0.8251278812338124 9 162 20
0.9952032677560863 1.9496375290566217 0.7957683352379497 9 162 89
0.9814439813347591 1.9534198282321777 0.7937987876468316 9 163 85
1.1159665524655105 1.9351836266830327 0.777744227718645 9 163 120
0.8100724159452526 1.9651738736089406 0.7861217242381544 9 172 38
1.1374435247133314 1.9275995946135747 0.7424114693780146 9 172 127
1.012586944124795 1.936199424212011 0.7560389007687364 9 173 97
1.201102861672141 1.9323423806249123 0.7138880896402919 9 177 140
1.2396780948889095 1.9312417557914485 0.7081755758415862 9 177 148
1.2467475210902574 1.9257773862641177 0.6803450755715418 9 184 151
1.2038233000544294 1.9213881361999974 0.6530025286468761 9 193 144
1.4272540553876152 1.9204667002468534 0.6013269081380519 9 196 186
0.8329855931717187 1.4398252134853526 0.7350958867536275 9 204 163
0.7991495720952493 1.4441477864261538 0.7354184999304926 9 206 153
0.8076721550963104 1.4300049111704425 0.732504025701218 9 207 159
0.7423770133049361 1.464515757628876 0.738628092535097 9 208 132
0.7513918804893096 1.443357342351341 0.7392750039714979 9 208 140
0.7569790605748938 1.415399354291399 0.7358509861165434 9 210 149
0.9310834657705742 0.9913701169536251 0.7397195523293163 9 214 316
0.7454519745554387 1.4044889902874043 0.7257084360418402 9 215 149
0.7403797316420544 1.3655191791944485 0.7287938783302447 9 216 158
0.7412028596605542 1.3333611566496737 0.7325581369210965 9 216 167
0.7492556075743908 1.323476609148813 0.7320701217950248 9 216 172
0.7551726327964223 1.3080974853081253 0.7300201730313667 9 217 178
0.7591963261770287 1.2801042967719223 0.7326189593637974 9 217 187
0.7688722071175467 1.2578448188896327 0.7333092969178526 9 217 196
0.852985995211218 0.9794197784070704 0.7345225906308068 9 223 304
0.7704207093722231 0.9114372485048694 0.7331583697879134 9 235 310
0.7997601790778064 0.8937846639981412 0.72855758896046 9 235 323
0.7429905335364628 0.9214469114945864 0.7265841307869612 9 240 300
0.7404553006005308 0.9011351158306655 0.7231295706202485 9 243 307
0.747744082215029 0.881774923759754 0.7217970598294531 9 244 316
0.7441577876395686 0.8639944504657169 0.7160598088291676 9 248 322
0.7054782071069778 1.9392074721932862 0.5357342691353799 9 256 24
0.7162928103207904 1.9416106542179654 0.5290298941445305 9 257 27
0.7234132278081702 1.9370027128414113 0.5278007432883413 9 257 30
1.0858965827169484 1.0987224248018639 0.5625298692805132 9 257 312
0.6935452474833947 1.937224797801007 0.532732200407181 9 258 21
1.0856390325049796 1.1092304877977497 0.5514475124595574 9 260 309
1.0840924645489585 1.0836672452050249 0.556077679209917 9 260 316
0.6963351514517551 1.9406412788814071 0.5147908056935191 9 263 22
1.0881030519545147 1.0756330348540528 0.5468618380403967 9 263 319
0.7319100123444766 1.940151568616827 0.5012783521411952 9 264 33
0.696254280933938 1.9430175023967853 0.5044037775310551 9 266 22
0.7049905584113165 1.941243244511583 0.5021560564077456 9 266 25
1.0878940894976759 1.0860266363059488 0.5357245661180378 9 266 316
0.7234834182250567 1.9397979012278117 0.49361887903449553 9 267 31
1.0742688573632797 1.1094692742285446 0.5325569547788398 9 267 307
1.0814202682639962 1.1033122637776525 0.5251678067460046 9 269 310
1.0745761497437045 1.1097797309529414 0.5197358305886495 9 271 307
0.6796651773953901 1.936469306722227 0.4904414460262274 9 272 19
1.0785002931798917 1.0980955738558151 0.5110723044329935 9 274 311
0.7284360470971836 1.8094615830708873 0.4749568725317348 9 279 59
1.0853585812802538 1.0706326922558842 0.49799245322978136 9 279 320
1.0881887428700605 1.1186187279939719 0.4753797614356411 9 283 307
1.0847110679855714 1.098536433768806 0.4802404154877188 9 283 312
0.7149843480468492 1.7141924243352284 0.4805632726766501 9 284 75
0.590883192595788 0.254471214365093 0.7943167795682585 9 284 628
0.6413404225529127 1.7867306217839296 0.4780086163065489 9 288 38
0.6589143626813194 1.7697415534078307 0.4754861984793738 9 288 47
0.6752202796796805 1.6974664295232667 0.4839703181105359 9 288 67
0.7054579969810899 1.6607406116439303 0.481065763115075 9 288 84
0.6687579910494061 1.736487940102395 0.4754512771139673 9 289 57
1.082588904483253 1.0831787726992046 0.4580584909964248 9 291 316
1.0751751634797413 1.1107868227953275 0.4519166420990839 9 292 307
0.6733018135644939 1.6556140920157882 0.47710525706668117 9 293 76
0.6022101330585845 0.2593029528333276 0.7755005003050136 9 293 623
0.5887755814558217 0.25263313012904165 0.7813415839258873 9 293 628
0.6899482834767776 1.6108428509237964 0.47719530765977325 9 294 91
0.6122095458997061 1.7159219421995333 0.47971389553393484 9 295 44
0.6360865504940995 1.686293735448044 0.4774631384683683 9 295 58
0.7409532262713512 1.5444395219874263 0.4699064672331277 9 295 121
1.0783478688925046 1.0984799419961602 0.44352163462872407 9 295 311
0.6541329770189703 1.6576213701942868 0.4739208354416613 9 296 70
0.6623851772929121 1.6011060934361967 0.4823729003193028 9 296 85
1.079395235854518 1.1171573250418323 0.4361838010520249 9 296 306
1.0978203639747255 1.0674496740357953 0.4365369884226258 9 297 323
0.6182649962030762 1.6900216032011075 0.47053849329180564 9 299 52
1.0756121241049916 1.111304437804575 0.4255705011456332 9 300 307
1.2260181715019027 0.6817665670272962 0.46048800292595926 9 300 460
0.6109122664956861 1.6389269578936345 0.47441063311400955 9 302 61
0.5770658041956604 0.24691078626617313 0.7725174953766565 9 302 631
0.6362869853623578 1.5775619248399257 0.47507944288775505 9 303 83
0.6938513107661337 1.5201459369071828 0.4634998803705944 9 304 114
0.7181011090120157 1.5118842996486968 0.4565801912741414 9 304 123
0.7251833547235436 1.5034856551673748 0.4558019373229738 9 304 127
1.0764424995713453 1.0939335793370843 0.41575023624055185 9 304 312
0.6052951097125052 1.605262831430753 0.47438279315528686 9 305 67
0.5679531453871447 1.6765700008830988 0.4698777648267849 9 306 39
1.0771739935287514 1.0801334905603304 0.4118264879647431 9 306 316
0.763636454686619 1.499222747935903 0.4335482361209655 9 307 139
0.5709209599487133 1.6409201976121128 0.47035588770070846 9 308 48
0.5756824599758059 1.634636575993966 0.4699574768434511 9 308 51
0.7347598904646748 1.4954789397303738 0.44166729130334403 9 308 132
1.1569995583858874 0.6802507248024214 0.46094721317677745 9 308 453
1.0742315551282693 1.0784222318565737 0.40017306323153923 9 310 316
0.5750606486872457 1.6219610658623322 0.46398704167957405 9 311 54
0.5809041985749317 1.6083362046428926 0.4647608757858548 9 311 59
0.7699629452320784 1.4911025076978857 0.42032102486671097 9 311 143
1.1203645322034206 0.6996173058559667 0.46124499667332564 9 311 442
0.5725056452654129 0.24382093508542407 0.7608316981193516 9 311 632
0.7044359986787054 1.4987005732616754 0.43975150599325175 9 312 123
0.6831419275077755 1.5023340136120544 0.4438101741313174 9 313 116
0.7382199105047771 1.5017230147614538 0.4234712578174792 9 313 132
1.0715057027113974 1.1127786206695145 0.383900846735411 9 313 306
1.0914310249387846 0.6928465393496493 0.46751676105613094 9 313 441
1.072984187098169 1.088447103956835 0.38533081905672995 9 314 313
0.5648503360341073 1.6405897740493327 0.45185949227302113 9 315 47
0.5689228528348655 1.6156839052769607 0.45281980390864696 9 316 54
0.5734702842607193 1.5823626701619002 0.4584305947971259 9 316 63
0.7434851821702009 1.5007120437919672 0.4122985344633361 9 316 134
0.8207587507848677 1.4986405318739036 0.3836285228375018 9 316 155
1.075427762536645 1.0863809784397225 0.3782647207210317 9 316 314
0.7920654132848475 1.4929421567152887 0.3924675236749069 9 317 149
0.8324850737136293 1.498872390775434 0.37585250878202103 9 317 158
1.0852514461151708 0.6627082677628202 0.4648053175631428 9 317 451
0.6438362038078376 1.5050013621334664 0.44294792913885206 9 318 104
0.8349172371935936 1.5022815271173329 0.367542205031815 9 319 158
0.7497524322315681 1.4926880086215206 0.39906314560413203 9 320 138
0.8723275644698527 1.5078812181877166 0.34860239480540123 9 320 166
1.055327993105584 0.6801245188603443 0.4637058749575863 9 320 441
0.5918497115792434 0.2601544949671878 0.7356867108170233 9 320 618
0.5688694520851583 1.5917957704380992 0.4433615916232362 9 321 60
0.7061069995929483 1.496261375533071 0.4119244897693606 9 321 125
0.8216674817169918 1.51067299464827 0.36079828228911626 9 322 153
1.0804158016678125 1.1223395401561307 0.3483117710567476 9 322 305
1.0788955933137883 1.1067255189647258 0.3524293740726394 9 322 309
0.8591041281835052 1.5124812849286178 0.342498571776085 9 323 162
0.562259274276607 1.6658301996771772 0.42018688384261205 9 324 42
0.5637455022631411 1.6363047253010343 0.4233377563142363 9 325 49
0.6034127126989358 1.5050580274427878 0.4378272875382564 9 325 92
0.7684369772342243 1.5036405303817701 0.37334513191546637 9 325 141
1.0774320726629012 1.1059032805257516 0.34311685753553256 9 325 309
0.9932892465082412 0.6989857708600099 0.466588867425323 9 326 426
0.5655084945858532 1.5993697523125185 0.425164514244473 9 327 58
0.6266380533715683 1.5078627104939981 0.42209525897381583 9 327 99
0.6729943873522573 1.4960155336787135 0.40646551681764753 9 327 116
0.5696224965360028 1.661619879845692 0.406096846115254 9 328 46
0.6114977683771909 1.5049314934146745 0.4258128280821497 9 328 95
0.8163132781931122 1.5114555192128072 0.34277915556160576 9 328 152
0.8592344577122311 1.514503481897109 0.3249883264311617 9 328 162
0.9853429489098942 0.671986242294812 0.46766767706862344 9 329 435
0.6390227768402557 1.50031478960023 0.4099137905701452 9 330 105
0.7027552445078404 1.5004342852961068 0.3842938123221007 9 330 124
1.0729111301823506 1.0851060098599357 0.33295804433274245 9 330 314
1.0846582210614915 1.106863530549478 0.31974987592207216 9 331 310
0.8585043563554393 1.5196756979969936 0.3103964709596869 9 332 161
0.5701551542401644 1.709064983195551 0.37932960819377426 9 333 37
0.5654582231461801 1.6537213885426403 0.39437933879298837 9 333 47
0.6522812601302347 1.5020800214231145 0.39505254504894605 9 333 109
0.9422247220240025 0.7036801856067277 0.46662117942162085 9 333 417
0.9621619051758015 0.6407293871222888 0.4734537167312576 9 333 444
0.5586172443313342 1.6204185970367961 0.4020644074129047 9 334 52
0.8255344831148754 1.510895296010495 0.3191011300513006 9 334 155
1.083008107235229 1.1244015116554595 0.30603934758806295 9 334 305
1.0793290869667 1.0890649352520319 0.3159686527577965 9 334 314
0.6348698109426327 1.5015506972989274 0.3962271164357284 9 335 104
0.9313060172537189 0.6942116237366882 0.46790690440000726 9 335 419
0.9443941212211515 0.6755143989031025 0.46701279446016675 9 335 428
0.5938421161674181 0.2624185083269988 0.7098265094820583 9 335 614
0.5681369504797742 1.655354299811682 0.3837182394994898 9 336 48
0.5656549687553369 1.6144065303183048 0.39459079649963724 9 336 56
0.5667861022747533 1.5889849844401098 0.4002393160701183 9 336 62
0.6267984866277969 1.5083582085545386 0.39489433006684105 9 336 100
0.838013333627039 1.5170088271172397 0.30234075424685036 9 337 157
0.6938496016737052 1.5193681686363003 0.35514669567514334 9 339 118
0.7028838672362809 1.5220088337577122 0.3507306207362584 9 339 120
0.862850398495808 1.5181264229969509 0.28487669665882487 9 339 163
0.9658129083000027 0.5811808057040097 0.4701968177442448 9 339 468
0.5677107344866057 1.570520427982782 0.39236827371854843 9 340 67
0.6405925089424704 1.5202034838877467 0.3741173854695037 9 340 102
0.7983816282148295 1.5180872678699453 0.30846195173297075 9 340 147
1.0707977408872498 1.1095584489142487 0.29419647108399305 9 340 307
0.8954802432712068 0.7087594182562348 0.46580904443101523 9 340 408
0.9184826073234502 0.6533134852124345 0.46973172646404326 9 340 433
0.7093165502722252 1.5222464133459193 0.3416021701110785 9 341 122
0.5777316870492208 1.72334880019802 0.34442151012842315 9 342 38
0.575129233721164 1.7043672589816012 0.35020758912187355 9 342 41
0.6729704465449082 1.515944572355751 0.3553335919851369 9 342 113
1.0754954414684104 1.1125869519383875 0.28121551517678745 9 343 307
0.7497954446937041 1.520370861706954 0.31520031464683274 9 344 134
0.8569284434827606 0.7061011383656046 0.472209881435113 9 344 403
0.8738397831791958 0.6772696293217505 0.4721736149648832 9 344 417
0.8784637705104401 0.6639880599896831 0.4735075802839587 9 344 423
0.5934393659031689 0.26456411872632446 0.6945226169324263 9 344 611
0.5747049015124743 1.6625489431905303 0.35137938026889026 9 345 50
1.074154202534554 1.0934266269988226 0.2797154657792651 9 345 312
0.6599790345036605 1.522787731418696 0.34666907868943053 9 346 108
1.0732669192505195 1.1075987533714104 0.2731239531581269 9 346 308
1.0719077092981575 1.0811547170985016 0.280347635036605 9 346 315
0.5781804452782386 0.2557121148820321 0.6983287112273642 9 347 617
0.5708453896164198 1.682373200078354 0.33867467500444604 9 348 45
0.6783472388084072 1.5170539207797313 0.3338979520996401 9 348 115
0.5708677255011003 1.6592181964481378 0.3414111481009854 9 349 50
0.5757616666699452 1.629338330977625 0.3468759947347342 9 349 58
0.6878107404621412 1.5208663951881867 0.32564683143290796 9 349 117
0.8413790789273081 0.6919274776327136 0.46950191884525494 9 349 406
0.8697102699058787 0.6382425466195415 0.47081001146314505 9 349 432
0.730736406864797 1.526949345017203 0.29886226699748775 9 351 128
0.8624119216945618 0.6140307834639691 0.475066962165289 9 351 441
0.8765407840457533 0.5971142808721024 0.47319822489392316 9 351 450
0.5749581606631481 1.6582890845667015 0.3304779496956862 9 352 52
0.6994605177374693 1.5194946294848937 0.31129918262657164 9 352 121
0.78639382507142 1.5182151847572434 0.2732892116001864 9 352 145
1.0673585609903593 1.089451542071979 0.2563287291820314 9 353 312
0.7992406372701077 0.6994747266226992 0.47586651279402226 9 353 396
0.8247782956721093 0.6630999148326593 0.4739600768032919 9 353 415
0.572459766997667 1.6844579624604163 0.31852133432865193 9 354 46
0.691198217384096 1.5231931827854859 0.30758125524298063 9 354 118
0.7325346049443806 1.5261066854215495 0.2884446417369121 9 354 129
0.7450304187692414 1.5191223566933847 0.2847011610740252 9 354 134
0.8746136636466431 0.5750768932281642 0.47211536103760676 9 354 459
0.5756338975785138 1.6237899746710687 0.32974971376516193 9 355 60
1.0672304237614776 1.1041189813882206 0.2457038126330202 9 355 308
0.5881009011035234 0.26618798008925576 0.6780082849862046 9 355 608
0.6298246482964919 1.5226910536175022 0.32880276810066045 9 356 100
0.7856595733970426 0.7009477794743273 0.47398744431183404 9 356 393
0.5770126803660603 0.2538525770725291 0.6845248614039099 9 356 617
0.5787178001714406 1.7065526519169536 0.3003905011978123 9 357 44
0.5731200286773659 1.6446147205848 0.31918517835939275 9 357 55
0.7485436390226754 1.5118630271150657 0.27179293463046095 9 358 137
0.7767370915991232 0.6922115597334273 0.4753030737580026 9 358 395
0.7878752258758785 0.6750087330291857 0.474807937744816 9 358 404
0.813359590522053 0.636919664803087 0.47333959189486796 9 358 424
0.599861739578929 0.2686123688562996 0.6670010121982737 9 358 606
0.7737519776746977 1.5154245153354362 0.256094159921897 9 359 143
0.7584352632476901 0.6989612204619529 0.4793306761290548 9 359 389
0.6427975893151289 1.5246829368700558 0.30992485206600007 9 360 104
0.679556659831448 1.5244593394023358 0.29323678582156 9 360 115
0.7517010909594828 1.5120810294169411 0.2636599508499331 9 360 138
0.8085570834067397 0.6140612386314526 0.47661099939265084 9 360 433
0.7788225760378407 0.6498100880121152 0.47574129615023364 9 362 413
0.5726978926156386 1.7410114843147941 0.2745700092247596 9 363 36
0.5715610461584664 1.6895111349121497 0.2889584190038641 9 363 46
0.6515379374834126 1.5246609042498558 0.29645944923876466 9 363 107
0.7562938368634449 1.5188512046226423 0.24972011167783292 9 363 138
0.7770069431259303 1.512038833257039 0.2420031511343057 9 363 145
0.8210809357099587 0.576537731232199 0.4735230203433153 9 363 451
0.5968274542620761 0.2686447464594569 0.6580982860138636 9 364 605
0.5752193025726386 1.6533884073525211 0.29065590142512443 9 365 55
0.6242839081232421 1.519917678103851 0.3040706126531082 9 365 100
0.5753435441174832 0.25459275981563495 0.670179416755709 9 365 615
0.6544440245507865 1.5256299765019625 0.28531956987624263 9 366 108
0.6878138687701516 1.5203129622135774 0.27119703312723886 9 366 119
0.7356659148778741 0.7078050695999266 0.47023035006664715 9 366 381
0.696356657117204 1.5183525276003622 0.26448896312717673 9 367 122
0.7406992830144055 0.6695626639668472 0.47588071008841804 9 367 398
0.7620792485773533 0.6224481867850146 0.47875188251326506 9 367 422
0.5713921046430619 1.6071983609752516 0.2956041240844529 9 368 64
0.6162248134841465 1.523658872899836 0.29745930496747053 9 368 97
0.7030172801153971 1.514403432544163 0.2559104343523505 9 369 125
0.7159677893726701 1.5171819819817696 0.249029713677415 9 369 128
0.7643928839525234 0.6072244291398105 0.4770321178769673 9 369 429
0.7812860270217361 0.5926282547875995 0.4730798950043138 9 369 438
0.8037853224502449 0.5507188127768329 0.474010687750101 9 369 460
0.6572150303404272 1.5181030795845007 0.2733226132275638 9 370 111
0.5699851727216626 1.6492653888997706 0.27518960747532983 9 371 55
0.7348403013717393 1.5189677148912046 0.23294633053140168 9 371 133
0.7315656762811846 0.6448355498643525 0.47739224613817777 9 371 407
0.7370834176623056 0.6265604745614674 0.4798445124481312 9 371 416
0.5752477139934089 1.722027303759013 0.24919714324826447 9 372 42
0.6229924466542882 1.5218608028125222 0.28222501227331975 9 372 100
0.7447945753234586 1.5180608718998527 0.22509846084182716 9 372 136
0.690181840150387 0.7035660633974333 0.47838994989052475 9 372 374
0.7772689735090474 0.5710483176201882 0.4737528877699668 9 372 447
0.7132666464408872 0.6647995539183724 0.4757964103313105 9 373 395
0.588100939569228 0.2651810812982884 0.6477299944407927 9 373 606
0.5731074973367254 0.25270614797765023 0.6567411199898388 9 374 615
0.6972432072999435 1.5233210426640142 0.23648400361609134 9 375 122
0.6942551119743088 0.6842277907081578 0.47473474890173684 9 375 383
0.5754084779582418 1.6232687746963816 0.2639809198993164 9 376 63
0.6268955884616363 1.5248775057814385 0.2668772164830897 9 376 101
0.6863928847775345 1.5189592703271413 0.23968892644567297 9 376 120
0.7321798466309195 0.6042438185085288 0.4766228036161275 9 376 425
0.7689900933073985 0.548562625272508 0.47453938981719557 9 376 456
0.5691873039424252 1.7367367221633665 0.22826295856326995 9 378 38
0.667875859562183 0.711534868361952 0.47270803244063453 9 378 366
0.6369823032102475 1.5223940950747672 0.25312164430394724 9 379 105
0.6612129788934369 1.5234670526389327 0.24092307097660748 9 379 112
0.7576726288334747 0.5449129110021698 0.47403186576384426 9 379 456
0.5739325277771232 1.6812537451567184 0.23528327325044895 9 380 51
0.5693926122467726 1.6307489083250586 0.2520493715586014 9 380 60
0.6899114794156405 0.6345638490978698 0.4792712616938053 9 380 404
0.6977236278188315 0.6265402273825119 0.47773119181310797 9 380 409
0.7040640618105336 0.6157306591723566 0.4777175947140767 9 380 415
0.5685419603315934 0.2449144248800258 0.6511573515848186 9 380 620
0.6767596992997706 0.6558367481432822 0.4773080096281098 9 381 392
0.7349022712234259 0.5655318237838797 0.4746361769261078 9 381 443
0.6104294933411849 1.5188422112906668 0.2577342304402246 9 382 98
0.6777728288028774 0.6406189409386248 0.4788919989948307 9 382 399
0.5809143308705829 0.26448475300202084 0.6360045286656943 9 382 605
0.6897450762001829 1.517745855167875 0.21538325066910402 9 383 122
0.6377548418952849 0.7083204002417555 0.47450378335017396 9 384 361
0.6516228333073805 0.6829163492980032 0.4749884184740074 9 384 375
0.6552894217144739 0.6643370443845785 0.47858148787354793 9 384 384
0.5675682306148685 1.7192579516403494 0.21102358420593237 9 385 42
0.6646325340557793 1.5220930194618048 0.22010475261231788 9 385 114
0.6728776507032435 1.523877944369084 0.2154424399741861 9 385 116
0.6930313103872516 0.5918159369870197 0.4785966139010496 9 385 424
0.5699347186129605 1.636358550981651 0.2277053903401174 9 387 60
0.6838988691558603 1.5211882957186655 0.20408817025640702 9 387 120
0.6918666299773675 0.572196703652288 0.4803893592558257 9 387 433
0.5703061369724671 1.676313246707527 0.21244705914222972 9 388 52
0.6255574096079403 1.5206110549112732 0.23056551936851832 9 388 103
0.6348157982603383 1.5153705983764985 0.22741936821013764 9 388 107
0.64236139533491 1.5165650332075153 0.22323472919960907 9 388 109
0.6442620819578537 0.6592640525931405 0.4764638986545049 9 388 384
0.570385837153563 1.7219882121291024 0.19554152887537357 9 389 43
0.5973873220970766 1.5266632444690305 0.23991453123957018 9 389 93
0.6333660182549387 0.6854970566076674 0.47192374964678063 9 389 370
0.6609578873681871 0.6138674574457743 0.47918264788035647 9 389 408
0.5699652231330881 0.2508689178471483 0.6335792906775561 9 389 614
0.6926766268183067 0.5534086081557065 0.47875278738569027 9 390 442
0.6031444545212986 1.5225095259485413 0.23188061121234194 9 391 96
0.6429610706270179 0.6388077111496102 0.47640333760401843 9 391 393
0.5841249326666363 0.26541339294772415 0.6185600092671174 9 391 603
0.5711859987847457 1.6806435649934999 0.19758319019052906 9 392 52
0.6090132972338657 0.7119801738735626 0.467319210875792 9 393 353
0.6136051769913284 0.7006466260081351 0.4683680714862539 9 393 359
0.6573897671168528 1.5216846839053257 0.1944461291365458 9 394 113
0.563989263017211 1.6916911553629421 0.18478097658967496 9 396 48
0.6545893498611572 0.573168036546335 0.47900999080431583 9 396 426
0.5684333089010996 0.24939382441097824 0.6229331700158349 9 396 614
0.6144384132899245 1.5236214350978365 0.20652036306664256 9 397 100
0.5708307006770978 1.7659211433950068 0.15172810035272977 9 398 36
0.5648172318605513 1.6503357487907664 0.1904529217297526 9 398 57
0.603540421561654 0.6754917837448009 0.4699558939681633 9 398 368
0.5645867677534793 0.23855248751990815 0.6248870680467122 9 398 622
0.5831674777289321 0.7143631240446777 0.4664715229824715 9 399 346
0.5704887681271106 0.25651724801652936 0.6128141717866873 9 400 608
0.5730502564608086 1.7204864271552098 0.15443894348052845 9 401 46
0.5934581656135405 1.5234211590913882 0.20486142829365184 9 401 94
0.5920546298394815 0.6655941340182556 0.4723900294756376 9 401 370
0.5695006792980051 1.6952422347301552 0.16084132742433677 9 402 50
0.5884690273808204 0.6967779667355593 0.46234793273242447 9 402 355
0.6286887260726571 1.5194976614323648 0.1808149458988284 9 403 106
0.6597910750202243 1.5205039464468162 0.1638231641526704 9 403 115
0.6268606694604895 1.9181958540777628 0.05319850265310189 9 404 27
0.6194657381548881 0.5762083161522287 0.47687501825357514 9 405 418
0.5731413562040615 1.7712470472724307 0.1214140187493995 9 406 37
0.5806700287831719 1.530461673702479 0.19357272374020495 9 406 89
0.5905571276600313 0.6453077137665792 0.46847698169761653 9 406 379
0.6296319206991314 1.9376022600798801 0.03438066898344805 9 407 25
0.5688484199878153 1.6534066718530847 0.15774386071304813 9 407 59
0.6004603613684324 0.6116939425840354 0.47156069009842394 9 407 397
0.5654335287817622 0.24706505183737537 0.6064736176663498 9 407 614
0.6765754619675255 1.5133251720192862 0.14030467582958273 9 408 122
0.8080142513687616 1.5777745528720626 0.04801319281584249 9 408 143
0.5786315272481837 0.267182628744788 0.591140094435191 9 408 599
0.5663738544647287 1.7516809355769591 0.12102275771325266 9 409 39
0.6365581171202769 1.5243199013788273 0.1553402789311188 9 409 108
0.5684183152164506 0.2559398289712435 0.5985671304717062 9 409 607
0.5889898822792197 1.5222057898263917 0.1788622493461749 9 410 94
0.7029012103118943 1.5346736500130718 0.1087980807781338 9 411 125
0.784452904333536 1.5795792491951572 0.049341923994068226 9 411 137
0.5716885464080056 0.6946439695091272 0.4519043548970737 9 411 352
0.6115388986755492 1.9332955178211164 0.026996262943771665 9 412 21
0.6040958681492796 1.5176064339382465 0.1655590735026815 9 412 100
0.6387735724205901 1.5243900735615816 0.144169812263647 9 412 109
0.647221264169428 1.5221283547781086 0.14022521713809 9 412 112
0.591990850184829 0.5895677508346305 0.4724073942911329 9 412 406
0.6157324393191397 1.5117915878130932 0.15773863755684214 9 413 105
0.5728548292301016 0.64540679022868 0.4627486522083808 9 413 375
0.5803724852511248 0.27031644825699125 0.5803116193335561 9 413 596
0.6098243220027564 1.920465377576546 0.02466464257623535 9 414 23
0.5696361464129773 1.6944712293545168 0.12067165759523535 9 414 52
0.5616058922643615 0.2338815981565926 0.6008574022782747 9 414 623
0.5710714306876812 0.6636303294175699 0.4533995592842017 9 415 366
0.5755203773642608 0.6151688767559439 0.4645803854736086 9 416 390
0.5646914219534708 0.24253957870366621 0.5928726351043724 9 416 616
0.6283109850273576 1.814347321458793 0.0380013367241403 9 417 48
0.7802284257801431 1.5726442950731685 0.03198332309412155 9 417 138
0.5788180268373583 0.5981165262700501 0.4661632453770791 9 417 399
0.5887908314076923 0.5620893278860912 0.47240333411582025 9 417 419
0.6288489938721312 1.7684308317241433 0.045612455266669905 9 419 57
0.5814032733529801 1.5210720970583873 0.15449771372581467 9 419 93
0.6500253824518691 1.5250139260115956 0.1142724427767019 9 419 113
0.7265456375898549 1.5828676328044855 0.05170096030506821 9 419 122
0.7455778472124202 1.5832451515931125 0.04078176040765635 9 419 127
0.6143201292414295 1.820808705713426 0.03285751144209326 9 420 43
0.6177104881532516 1.8046685843120127 0.03629550036054541 9 420 47
0.5753247230226837 1.6386515441861833 0.11562681924837537 9 420 66
0.628127277305145 1.5279106035929875 0.12240403452805348 9 420 106
0.5958866930030049 1.5156878022903406 0.1415624217036815 9 421 99
0.6022812666570536 1.8240124019222892 0.03139797826014279 9 422 39
0.6235557290860252 1.7256516287872292 0.052143362595669984 9 422 64
0.6216381058292281 1.7599533868102637 0.03816321761958541 9 423 57
0.5658749434611355 0.6500970571451816 0.4431357068236743 9 423 371
0.5594700126447265 1.8555898064458418 0.038189515235045324 9 424 20
0.6320659254176793 1.549204355631478 0.099603863156424 9 424 103
0.6234006709800258 1.7173143794543166 0.044369571058712864 9 425 66
0.6143616706346926 1.687956049825837 0.05953424329679757 9 425 69
0.5691041276914168 1.5345405862952013 0.13439291291705402 9 426 87
0.67939570611664 1.5771102748597738 0.055877444253876085 9 426 111
0.7604457820995596 1.502595701208645 0.030507142070789417 9 427 149
0.565781597541496 0.6477057622598213 0.43514893940592114 9 427 372
0.5835470086150181 1.8024539421697825 0.02788852239231332 9 428 38
0.6109968709668292 1.762531785131026 0.025479642782388234 9 428 54
0.62698103142734 1.664826031755887 0.046006889755453084 9 429 78
0.5657505440902274 0.6954446029025613 0.4143596298445724 9 429 350
0.5646270170778394 0.6750256057069917 0.42202105176090665 9 429 359
0.6212165652962813 1.7072997806014831 0.03126477171739861 9 430 68
0.6222492579855895 1.6986707643966854 0.03362585798786366 9 430 70
0.5635822355951483 0.6276448040352223 0.4366876038764096 9 430 381
0.5690713237446076 0.6114182462802761 0.4390391333798658 9 430 390
0.6415587622382541 1.5850986536679335 0.05787359227656719 9 431 99
0.6107387265924092 1.7388855989898704 0.019403065514866924 9 432 59
0.758958877156966 1.4758995981087515 0.022650053929801572 9 432 155
0.5593639782164019 1.7596088017718228 0.039165541372289336 9 433 39
0.696596032636073 1.52909910013343 0.03415395767724472 9 434 127
0.6144745429678868 1.6657238426676875 0.028470303338204772 9 436 75
0.5517669275931922 1.7658100160611916 0.0274822358630189 9 437 36
0.6892171308176653 1.526369663062559 0.025470835508068834 9 438 126
0.5484717286472527 1.7458426520389045 0.029514437433479923 9 439 39
0.608593690312251 1.6638443126919444 0.022116363717396004 9 439 74
0.6268093329924733 1.593537688278162 0.03251737423028622 9 440 94
0.5628542129017778 1.7247981000639014 0.02124066916128342 9 441 48
0.5715863394238971 1.708204615387094 0.02183098437727571 9 441 54
0.6455269128879702 1.5633741747766339 0.02837238108620399 9 441 106
0.5695673349861288 1.6707888616211934 0.029491740653270426 9 443 61
0.6888397198814709 1.4964244595046976 0.018824987354472578 9 443 133
0.6179174311343947 1.5832943125064385 0.027744424812247814 9 444 94
0.5726455007960766 1.6571188562317158 0.025588841054972278 9 445 65
0.6210808430606192 1.5390460564227917 0.024598219130204324 9 449 105
0.6369166674447908 1.4884091315576813 0.02639551250899208 9 451 121
0.5040121130146721 1.6947108144087166 0.030762863399214524 9 452 36
0.5183438045033036 1.6889332174472127 0.023831192967258552 9 452 42
0.5307664984218717 1.6643622935298859 0.025059247671032292 9 452 51
0.5383695631370347 1.632825172861949 0.028517900202826407 9 453 60
0.6698650705280372 1.4205087924375341 0.023832735087713885 9 453 146
0.594650085235672 1.520185040691046 0.02443917753980518 9 456 102
0.5841559364463647 1.5111965822798592 0.02781005742507414 9 458 101
0.5987850021526113 1.4862560365996313 0.027778685305215545 9 458 111
0.6238912994974799 1.4485240100866805 0.025812867471364687 9 458 127
0.6343436931839141 1.427417162351797 0.023660692441665798 9 459 135
0.5722592130812187 1.504652787537665 0.03127703323490727 9 460 99
0.5960240189451833 1.4658254641740625 0.030585396380696572 9 460 115
0.6045002722257392 1.4463096093536199 0.032489161886711804 9 460 122
0.49076907422842864 1.6335641487619152 0.031922770729923666 9 461 45
0.5130593512249475 1.5838674679873068 0.03300647812346136 9 462 63
0.5422674656956019 1.5492492220662801 0.027148192299622842 9 462 80
0.6341100877180583 1.402788695262378 0.02308741816647797 9 462 141
0.5186477859611428 1.5744545243811943 0.029626648722191895 9 463 67
0.48472520876962943 1.6206091225165271 0.03085921764461208 9 464 46
0.5855961436169277 1.4671675094939713 0.023522719663358727 9 464 112
0.49709789674465377 1.5998623756174568 0.02073397872716809 9 467 55
0.49774280422947015 1.576901872722622 0.029212108806568216 9 467 60
0.559165104201266 1.4856382496691993 0.023862220431686065 9 467 100
0.5719853090205699 1.450328609649075 0.029052895306152404 9 467 112
0.6042402814541594 1.4020648933411692 0.026374601503836193 9 467 133
0.625744246222936 1.3738116608380597 0.023067140915185913 9 467 146
0.4741266302330118 1.6055240055179945 0.030488935198623057 9 468 46
0.5818035026910094 1.425438242699892 0.025603846935199792 9 469 121
0.4676826419376404 1.5967580766709064 0.02837085763776992 9 471 46
0.4929755489774462 1.553772043191337 0.024983573912509494 9 472 64
0.5038411085241751 1.506890889026872 0.0328819593499996 9 473 78
0.5159068074343072 1.4980515393026428 0.028220457855177683 9 473 84
0.5576286310792409 1.4470320940746937 0.02018410659161951 9 473 109
0.6234447261426121 1.3365004451678548 0.01938077632750157 9 473 155
0.5847516159441286 1.372446723710932 0.028069220002784778 9 474 135
0.45948385898286326 1.5761107834480133 0.029013133208661168 9 475 48
0.5909741343470477 1.3435682061913776 0.03205893389650605 9 475 144
0.4750585791139549 1.5697812079971671 0.01766168896647269 9 476 55
0.5170364659531128 1.4614087669740967 0.032250513674840775 9 476 93
0.5584425310888004 1.4108931452641862 0.02415504562713311 9 476 118
0.6121870888693464 1.3125739882939866 0.02670870744110454 9 476 158
