2.5089248846770675 1.3603360020272828 0.8537859908092351 9 3 226
2.5102038377863494 1.3461682500174643 0.8527812067693608 9 3 229
2.523261535647307 1.3321457350825407 0.8493864313447765 9 3 232
2.496691729265386 1.3175769514157205 0.854029330458178 9 3 235
2.510773194906348 1.2796569824471486 0.8491704665808263 9 3 243
2.5195073386994284 1.2652829382105701 0.8466373012277729 9 3 246
2.3823618755770295 2.0198182052587192 0.9100267427646581 9 4 75
2.4013832964683304 1.9947834072585846 0.9048050829600403 9 4 82
2.444617852304816 1.9750137354653785 0.8948954444642462 9 4 89
2.5350011563336063 1.658166659315933 0.8596445432350106 9 4 163
2.48545205973539 1.4117935865791313 0.8568092984161388 9 4 215
2.5245873539077985 1.3427119606643416 0.8405978719934679 9 5 230
2.4887906901678343 1.4130667255113378 0.8472403033220969 9 6 215
2.489868551851331 1.3896514997654155 0.8457709435997238 9 6 220
2.5147015598800815 1.4901753447384056 0.8414350264264957 9 7 199
2.5112615515939005 1.4805511578601496 0.841642619056462 9 7 201
2.526730334939782 1.3437757010027225 0.8310979369789802 9 7 230
2.527974582127774 1.329439537981054 0.83007177015936 9 7 233
2.5172473912090103 1.3054007969242634 0.8310379547410287 9 7 238
2.4766333222063457 1.3908294759463766 0.8351414873183671 9 9 220
2.5202576323652703 1.4735864514860868 0.825762771958651 9 10 203
2.500316778344946 1.4441276929093518 0.8284453995933527 9 10 209
2.529074938582231 1.5739648897977792 0.824744619481393 9 11 182
2.5106916187856685 1.431083989701687 0.8209658707676565 9 11 212
2.5106005337577364 1.383629916727707 0.8184125374475674 9 11 222
2.5096505196810415 1.6148040252780889 0.8266325129618212 9 12 173
2.252538467268085 1.9790619907950426 0.8983098367873495 9 13 79
2.2513299109447096 1.9623990076960114 0.8976639550341545 9 13 83
2.3355728840190215 1.9665687494953734 0.8794447694864617 9 13 87
2.5022689995275496 1.5025609109365483 0.8175875956742029 9 13 197
2.5194751957318533 1.4422027153133499 0.8105216977381366 9 13 210
2.5294256262589667 1.4576338208630515 0.8045855765241641 9 14 207
2.5201776892387313 1.4285570030761758 0.8050300169796422 9 14 213
2.4941560168930073 1.4084147265568172 0.8096637088043501 9 14 217
2.520223223325475 1.6509818001152663 0.8126676338844327 9 15 166
2.521601333082568 1.5956547886342323 0.80473885915722 9 16 178
2.5189162820670417 1.443980828122847 0.7969547489764255 9 16 210
2.5110793862107945 1.3863946502921694 0.7955241141685472 9 16 222
2.5192188613327935 1.6524264578900159 0.8038414385176382 9 17 166
2.514627586425669 1.5721644397820789 0.8004214485818864 9 17 183
2.5086493507788563 1.3964164265690555 0.7920149492336853 9 17 220
2.4946753147535325 1.4964968753237973 0.7915636367131164 9 19 199
2.5038621568743813 1.3782511055842916 0.7828532317305316 9 19 224
2.50543454142811 1.610985918937537 0.7909275714408193 9 20 175
2.473126095424209 1.3967782189469182 0.7863318345403344 9 20 220
2.502685410036248 1.4794057023687923 0.7795594415251172 9 21 203
2.49018216873848 1.427674761407678 0.770302644581747 9 23 214
2.470858203460456 1.3936313083735228 0.7729046020088833 9 23 221
2.5113168878012577 1.6569712680672835 0.7737472182515059 9 24 166
2.493942065015412 1.513891712195229 0.7696972177110283 9 24 196
2.0297110885352296 1.9785956790926051 0.9020788218980479 9 25 67
2.5035584035725735 1.6661612082694264 0.7714945532711978 9 25 164
2.497539024427928 1.6373219063299775 0.7712763169593476 9 25 170
2.4972949536874465 1.4816013601513216 0.7624250454025348 9 25 203
2.501020156754164 1.462795974304182 0.7604630498821907 9 25 207
1.9991757723596382 1.9859364145830891 0.9060164654293833 9 26 63
2.502918953294276 1.4968998571322711 0.757308726575963 9 26 200
2.5061419947806574 1.420624074049494 0.752156419695705 9 26 216
2.010156566801824 1.9676123226909055 0.8985607519867478 9 27 69
2.5136501344789224 1.626632166318874 0.7575381192401561 9 27 173
2.5004785449698748 1.674477904541826 0.7495585578794192 9 30 163
1.9641345150445586 1.9633813548149623 0.8907982580991876 9 32 68
1.9376966094126655 1.9615497646131117 0.8898661193944346 9 34 67
2.5223707337693977 1.8240611308951231 0.6773072447287861 9 46 135
1.4015987516845014 0.21078857100649495 0.8756945769382817 9 48 567
1.3332450505640883 0.2176440356990219 0.8885215520647141 9 50 576
1.3248687817158953 0.208705734975966 0.890294229650795 9 50 580
1.3146182832942384 0.2010279854314665 0.8926681770129823 9 50 584
1.3393780151139292 0.22373949066713483 0.8839694435896135 9 51 573
1.2843943157858866 0.20092885623728285 0.8947976158573399 9 52 589
1.2697176912241295 0.20774451442561892 0.8899725024147069 9 55 589
1.2448517207101215 0.18958330111843624 0.895948153695834 9 55 599
1.2568461291366555 0.21424773843133238 0.8878355329076734 9 57 589
1.321933540835115 0.23579343776251482 0.867085857057802 9 58 571
1.3277377674652031 0.22375756114634004 0.8580941702911173 9 60 573
1.2834917929475402 0.2261595158350982 0.871322862718933 9 60 580
1.2259831277432691 0.20363965907734727 0.8837483669979043 9 61 597
1.20499003065132 0.20894706433421195 0.8841881776950776 9 63 599
1.300490740597339 0.22655043973775268 0.8534002368256836 9 64 576
1.1785711319439953 0.2056306160205379 0.8888739047667629 9 64 605
1.2764903878555536 0.23266907689622895 0.8546434365124301 9 66 578
1.2586017795419282 0.21962850600546657 0.8592457593882359 9 66 585
1.2235861969844097 0.2213471648552403 0.8700648110336184 9 66 591
1.1849017589021982 0.20886648460863189 0.8779971155548943 9 67 602
1.2169699477065001 0.226527450819469 0.8630655463945331 9 69 590
1.2386769461048266 0.2221130003729761 0.8528475416470902 9 70 587
1.2048767706402574 0.22257828716444483 0.8603254357431291 9 71 593
1.1772469264104177 0.21642115285094254 0.865515044163282 9 72 600
1.2494503153539567 0.22319456587791264 0.8399406604192627 9 73 584
1.122487360552198 0.2163493837572974 0.879829469568645 9 73 611
1.1086734771387095 0.21533491770695012 0.8811786349149681 9 74 614
1.2062840825421617 0.22434194872583935 0.8442980718356072 9 76 591
1.1749949222887937 0.2270710483259908 0.8514915671154135 9 77 596
2.478497057629147 1.7216989319311533 0.5262031215397651 9 78 161
2.4588708938031116 1.7091341161367082 0.5317426993074272 9 78 163
1.2146554875034132 0.22411557927881232 0.8352230666740998 9 78 589
1.1380483761341513 0.22436527081698765 0.8602615031331905 9 78 604
2.4678778726211705 1.5402426019689313 0.5120164842331035 9 79 198
1.0860310713059718 0.22742230495573046 0.8655916663030778 9 82 613
2.5130679299701355 1.8540518291456545 0.4985526720302781 9 83 136
1.1918632579241417 0.23130242469751883 0.8273789826795168 9 83 590
1.1837393678767283 0.22982859844121983 0.8300004136204244 9 83 592
1.0282676674144535 0.21462532048477412 0.872401652487244 9 86 629
1.238259604784928 0.23275361732237942 0.7988441538646989 9 87 580
1.168286786365623 0.23325735101356093 0.8228541586947621 9 87 593
1.1337949917839598 0.2262707321987305 0.8341723599453178 9 87 602
1.0922322590848534 0.22531650932016656 0.8483443347783344 9 87 611
2.497637072816739 1.6791577026542248 0.465540244891969 9 88 172
2.496578146729898 1.6641354913247126 0.4648276409689659 9 88 175
2.4599057884668962 1.8499133169167141 0.48568800119081545 9 89 136
2.4641545770270947 1.714741651397353 0.47449011494578075 9 89 164
1.0500314216807056 0.22681652253668183 0.8540491432174568 9 90 619
1.0288772224576253 0.2231455300320606 0.8611460976262755 9 90 625
1.0336398864158203 0.22422857962772014 0.8536877994131256 9 92 623
2.4794157569324096 1.8529039777251834 0.4585358260169008 9 93 137
1.0399761610695206 0.22509563409132816 0.8485631667593917 9 93 621
1.1389834663153464 0.2359433948123244 0.8080686453844521 9 95 596
1.1193938751693289 0.23581996277633088 0.8150547474333796 9 95 600
1.0854382453709286 0.2288050916537192 0.8236051458763508 9 96 609
1.1779237580889803 0.23898880068491657 0.7879292898106189 9 97 587
1.051182352143401 0.22629897241001373 0.8327116251763661 9 97 617
0.980482754191069 0.22079630895361912 0.8549273372764747 9 98 635
1.4434285540888578 0.26076996648027917 0.6863147850539599 9 99 537
1.3062876629997084 0.25547683264466103 0.7324120665308997 9 100 559
2.342399182340946 1.7072264235735646 0.456328568342532 9 101 164
1.1010211446291753 0.23906289975569783 0.8001247699071561 9 102 601
1.0097870315575417 0.23274414324739778 0.8334005076769964 9 102 623
1.0015585947213286 0.22940504675981144 0.8361934471989478 9 102 626
1.419938690773047 0.25530092899556456 0.6796510630177099 9 103 541
1.385056449880264 0.25578553726611397 0.6926563927591616 9 103 546
1.2840003908133844 0.25475389664707526 0.7266789807515552 9 104 562
0.9764804357559769 0.2184375930713771 0.8388323744491966 9 104 635
1.168863736970624 0.2484486112677855 0.7659559422018438 9 105 584
1.0864081032901685 0.23343165194243753 0.7957775516017496 9 105 605
1.037386420047719 0.2291637635266941 0.8138610585621039 9 105 617
1.2888058722670201 0.25391855499600147 0.7178389181042053 9 106 561
1.2699965437226226 0.2508294762519583 0.7247014560088536 9 106 565
1.1516675956525368 0.24185853453710005 0.7686707020611421 9 106 589
1.3704974412593118 0.25720029776124553 0.6836088363805585 9 107 547
1.0151444703810364 0.22987762722539706 0.8132766495631618 9 108 621
1.3149825243360147 0.2542783571247784 0.6973164682380649 9 109 556
1.2501048589388792 0.25178365044442286 0.715062415831322 9 111 567
1.0942706251443197 0.24588079565327492 0.7748706351444652 9 111 598
1.0571567249111433 0.242039455101567 0.7889260354718326 9 111 607
1.0121097078625665 0.22943510122580246 0.8053704991255842 9 111 621
0.9667486995942332 0.22867379510781238 0.8228539109169821 9 111 632
1.2358391694043382 0.2526261808093937 0.7172070226762288 9 112 569
1.2198036291715841 0.25386666410165426 0.7167000075826044 9 114 571
1.2074274707592114 0.24757336424155452 0.7210639290944116 9 114 575
1.0909961744899097 0.24556079830270505 0.7665934556018734 9 114 598
1.1567436216519764 0.24803409983349733 0.7376780927187313 9 115 584
1.0242701103118688 0.23297030395636753 0.7887286486289085 9 115 616
1.0515766323943785 0.24162755853056295 0.7755230065352767 9 116 607
1.2038039342743465 0.24739483093961612 0.7122528026789898 9 117 575
1.0685662782001712 0.24521840308078957 0.7659183102736875 9 117 602
1.234133229310909 0.2586854695484626 0.694113337002827 9 119 566
0.9648957171403763 0.23830265710491938 0.8007028333657528 9 119 627
1.3532685296879 0.26451761858106804 0.6429785606628938 9 120 545
1.3309590631335948 0.2548215925710382 0.6512140766455952 9 120 551
0.984420464880702 0.2322762950683055 0.7893581599083945 9 120 624
1.175539806640758 0.2542215245831412 0.7071514861512007 9 122 577
1.2149480110152102 0.2566344984450586 0.6878047611819684 9 123 569
0.9297469284212696 0.23669806979867802 0.8030174399446023 9 123 635
1.1397261455915733 0.24819365183782427 0.7145967862433713 9 124 585
1.0220937890332158 0.24258584084761492 0.7625532387959382 9 124 611
1.0045352068087554 0.2392367957707595 0.7695084436522778 9 124 616
1.334500895152697 0.24879975300019153 0.6307664688593231 9 125 551
1.2411482666215292 0.26029768876031767 0.6702976921506849 9 125 563
1.1679970519893685 0.2522642367890451 0.6964854913759246 9 126 578
1.0544740998771818 0.24720713011904039 0.7432326177290038 9 126 602
1.04373266457855 0.244919706775244 0.7475085829120981 9 126 605
1.0286813145093299 0.24579958343304642 0.7538326771006556 9 126 608
1.3402948806214965 0.2657131523404259 0.6185079318358415 9 128 545
1.2930880728715959 0.2595285119326698 0.6377953067487835 9 128 554
0.9806468508303334 0.23730048031525408 0.7669820972849908 9 128 621
0.9356876316924154 0.23372475114060376 0.7855407385580919 9 128 633
1.215811298393466 0.2547467291034262 0.6662855795033404 9 129 568
1.083889718679954 0.2508329114252781 0.7215365361110937 9 129 594
0.9629088638853756 0.2370186242557737 0.7713651229812063 9 129 625
1.4412923189379157 0.2740041978367258 0.5689194382704881 9 130 528
1.2686202383947243 0.2541283989197769 0.6403575622150373 9 130 559
1.1690924191291663 0.257834517373531 0.6793416178608928 9 131 575
1.0998870653270785 0.24836169356505344 0.707982254966797 9 131 591
1.0582256355063768 0.24596050259464097 0.7222616011854543 9 132 600
1.004808114919295 0.253404838224665 0.7425608592106824 9 133 609
0.9853685768455991 0.24198231923143432 0.7499516155114819 9 133 617
1.2256885835884843 1.935389601447385 0.781530918383669 9 135 31
1.148548130745731 0.25726319395407504 0.6743477326598589 9 135 578
1.1420728584668567 0.25109722928557354 0.6766352941759665 9 135 581
0.9147454924859808 0.23726036275838447 0.7739206555357028 9 135 635
1.2587040757535066 1.9350436718489603 0.7640003048340405 9 136 36
1.4311878115945798 0.27889734742189587 0.5497702490737957 9 136 527
1.406220704067502 0.2609215989090128 0.559120950780765 9 136 535
1.1939254784241737 0.2661729130946946 0.6519176705998997 9 136 567
1.238093880002016 0.26690568955035987 0.6291439605938376 9 137 559
1.1921211235135518 1.9385653185626635 0.7870999606256719 9 138 26
1.4552819837061244 0.28052670210998754 0.531320952945879 9 138 523
1.4185812095522863 0.2723150361639206 0.5467382243333697 9 138 530
1.2258044609218746 0.26633615870643834 0.6308627251439991 9 138 561
0.9857924004685064 0.24354385311204751 0.7343016242103902 9 138 615
0.9706006362725137 0.24200618486600156 0.7408408391846755 9 138 619
0.9521170953473648 0.23692274633501276 0.7485252368658526 9 138 625
1.2920902144762565 0.25873098041780196 0.597373891358701 9 139 552
1.1543616185700847 0.2571037742512492 0.6579740671381255 9 139 576
1.3911513123389216 1.9280977531996792 0.6918510819219065 9 140 56
1.2797138987866492 0.25781884497747254 0.5990253820060051 9 140 554
1.1775658923175736 0.2625246735747362 0.6446772494589647 9 140 570
1.1079438720590715 0.2521790309219365 0.6746388604158954 9 140 586
1.0596737610914162 0.2545364137399 0.6962230587925822 9 140 595
1.1711222372815537 1.943584784737519 0.7875813485107765 9 141 22
1.3205664116174967 0.27062540426485393 0.5782028906216024 9 141 544
1.0227552412014307 0.24976864245347485 0.7089471832663741 9 141 604
0.9804947955839902 0.24789574325375052 0.7275930669377895 9 141 614
0.9038328447044279 0.24016634412543114 0.7610474054547078 9 141 635
1.425980843711349 1.9232988370258128 0.6688536267819107 9 142 62
1.4107331948104775 0.26957786361686775 0.5339849824474592 9 142 531
1.249886986138975 0.25934289606740624 0.6050070316852103 9 142 558
1.1738458571998998 0.26238046073590904 0.6357193541029648 9 143 570
1.1682328895488163 0.2553593271795507 0.6376361925177101 9 143 573
1.024907526169562 0.25627532274841625 0.7020700536631885 9 143 601
1.1583280576017598 1.944672961844803 0.7811656873316832 9 145 21
1.2251787461886177 1.9304584461633194 0.7496496506037816 9 145 36
1.379231244664928 1.9286265047936118 0.6796981708994475 9 145 56
1.439631106379024 0.27556129390620177 0.5093465684397962 9 145 525
1.342735834494053 0.27391399964892016 0.5531021905245025 9 145 539
1.1226901753160514 0.25527899840919277 0.6511813131245738 9 145 581
1.0546141379598184 0.2536597845256787 0.6818828968814703 9 145 595
0.9836849387849822 0.2515653964839164 0.7138359951482767 9 145 611
1.1849118472008071 1.9402711632015626 0.7656196176042432 9 146 27
1.0169769111170925 0.2559496075862353 0.6958868167036037 9 146 602
0.9219515537118701 0.23999935749034096 0.7377459186086712 9 146 629
1.3280863762328465 1.927424623124113 0.6959284873754302 9 147 51
1.3483426874280395 0.27689218996013576 0.5429911760469334 9 147 537
0.9741900044974365 0.24710074257538528 0.7114218318359192 9 147 614
1.2484923371320362 0.2663202027127878 0.583985395028076 9 148 555
1.2092612051250848 1.9307324136009503 0.7441503546352178 9 149 35
1.0787025919401745 0.25723161387260607 0.6577554105252524 9 149 588
1.059664044084507 0.25336236211100194 0.666196340899278 9 149 593
1.0011048601318506 0.25155165412284175 0.6930430922286441 9 149 606
1.35779915852477 0.26920889628884126 0.5261306342360899 9 150 537
1.2942645244774873 0.27114875723641774 0.555730592277075 9 150 546
0.9743829497766079 0.24423786582728324 0.701535993536707 9 150 614
0.9915180853227847 0.25340069882605 0.6911753407095953 9 151 607
1.137433428986419 1.934558116313792 0.7684316141549181 9 152 24
1.466803480303186 1.920872717109945 0.6133077530254971 9 152 70
1.3213573937947531 0.269065533235916 0.5351921607319069 9 152 542
1.2366293755681455 0.2702116880913974 0.5748866518664059 9 152 555
1.1556814002318272 1.9367941388015466 0.7413464133522355 9 158 28
0.8930477812252375 0.2409272678393144 0.7114067843364011 9 159 632
1.2133051935598296 1.925527388482959 0.6763028215557039 9 169 44
1.2008359256449672 1.9254018230365357 0.6759044986360793 9 171 43
1.1898984096081806 1.9304861822814068 0.6786136321600088 9 172 40
1.0775550122461053 1.9357810209159307 0.7270609680301624 9 175 22
1.1855071896414922 1.9287609642741703 0.6707283642785048 9 175 41
1.1024829814371118 1.9359728764017636 0.7047456755292895 9 178 27
1.0826455338682124 1.932117990025314 0.7084635463652837 9 180 26
1.0592414875901548 1.9360310166209307 0.7180697279952781 9 181 21
1.189026395435862 1.9291970789114585 0.6420163030386092 9 183 44
1.1032966207554575 1.9339099407238978 0.6849617989629941 9 184 30
0.7981752414645835 0.7545001134025028 0.7272587898680445 9 186 468
0.8307336769168305 0.2553617837090085 0.660631748291332 9 186 635
0.7682045180186745 0.7412534686502055 0.7249319998716479 9 192 477
0.7708636331713121 0.7583630131128241 0.722284724507865 9 193 470
0.7543800971681187 0.7255115772256817 0.72526936676763 9 194 485
0.8260522362810667 0.253407250521962 0.6345886123933736 9 195 634
0.7494434450211687 0.7182030639522281 0.7157809132163551 9 198 488
0.7467591546302683 0.7798043894133166 0.7207139277937445 9 199 465
0.8236355571937497 1.4465078281762767 0.7366122119662247 9 202 196
0.8215074122433004 1.4244508800406848 0.7355614051253158 9 202 205
0.7461086301453954 0.7420371748910146 0.7085516697735242 9 202 479
0.7500584209427681 0.7576982706586779 0.6991521102603871 9 205 472
0.7427032981973274 0.8076738657279001 0.7028440655425678 9 207 454
0.7484557661490803 0.7838664238937173 0.6940446435538107 9 208 462
0.8010227291934577 1.460855830749427 0.7313404096168996 9 209 190
0.7856594443987128 1.4382550037187758 0.7324014876662485 9 211 199
1.0971548094933676 0.7035538967826629 0.4649435055333412 9 212 442
0.7686343189118408 1.4158032682142387 0.734566416660484 9 213 208
0.7987103784209493 0.2548017484085201 0.5926728356618393 9 213 635
0.8393761657982619 0.2549357136527193 0.5648923056654357 9 214 624
0.7610565166699856 1.3901964110339071 0.7279579855933945 9 216 219
1.082460303520514 0.6940777897177728 0.45759033749182243 9 216 446
1.0765667991541588 0.6760434954304184 0.45923385866671473 9 216 452
0.7554881552300634 1.4512739139313366 0.7323285480254169 9 218 193
1.04203481451744 0.6649259278711938 0.46410119305296893 9 220 459
1.0653547964523025 0.6987944918453349 0.4495857680341204 9 221 446
1.063234408103004 0.6894957160431332 0.4498848256231682 9 221 449
1.026400354727959 0.6010062492979354 0.4630577992660492 9 221 480
0.7947892405957442 0.25508226887445584 0.5655732676111715 9 222 633
0.8070257577334887 0.25640559305443067 0.5547591310174241 9 223 629
1.0110031539073268 0.6464965011869135 0.4664591264090555 9 224 468
1.013379299174962 0.6776507306668995 0.4609589333973113 9 226 458
0.9792602967714881 0.5964731488466681 0.4661585202178793 9 228 487
0.9905211189203935 0.6859353972929203 0.46526974549700717 9 229 458
0.98639979741788 0.668099384689233 0.4659096480726257 9 229 464
1.0368457645552482 0.7097926189979804 0.43451516267842405 9 230 445
0.981655544664777 0.6337386649490334 0.4614017877037585 9 230 475
0.7952824106891898 0.2589362494048921 0.5389616519669319 9 230 629
1.3012978692214547 0.6919791989486204 0.24937106750617888 9 233 423
1.037566766426695 0.7117173648006936 0.4227907564597977 9 233 444
0.9804446366869017 0.6884664724518837 0.4572367811598719 9 233 458
0.9474161379504109 0.6254280998650084 0.47154074540926183 9 233 482
1.220795673369072 0.6853908157131593 0.29657563779884155 9 234 432
0.9681799319710043 0.67980892593181 0.45684170249105627 9 235 462
0.8052655447601491 0.26764624199187215 0.5164662726311054 9 235 622
0.931709156131534 0.6345709328054099 0.47191778009870144 9 236 481
0.9334282828404354 0.5854686643348651 0.4651824773205123 9 236 496
0.9311351479136758 0.6182967148080218 0.46679767334448663 9 237 486
0.9643455780321355 0.696356382800546 0.45014948477242944 9 238 457
0.7880225619760672 0.2629834879216262 0.5170005274641242 9 238 627
0.9327891430048076 0.6741817836853632 0.46483441802977965 9 239 468
0.9235927604987528 0.6496684579271439 0.46811631474197024 9 239 477
0.8995466419149103 0.5840305899194242 0.46931711877684035 9 241 501
0.9297724261159601 0.6837337446269425 0.45699575878328813 9 242 465
0.9008281684596497 0.6304323528703348 0.47023525203105143 9 242 486
0.7629579627149659 0.2548871775747972 0.5191604289254704 9 242 635
0.9363663390357282 0.7023914451199633 0.44737871400101836 9 244 458
0.930037203471699 0.6986942812524513 0.4512279171933533 9 244 460
0.9007501171440933 0.6547304590219734 0.4658999875729437 9 244 478
0.8919805605487254 0.6578721897988089 0.46500031322272406 9 246 478
0.8677537162323863 0.5531771986232824 0.46561300578699816 9 247 515
0.8488271337899467 0.4567613551745344 0.4671888620820157 9 247 549
0.8652306240711833 0.6260795564965944 0.4723727207052547 9 248 492
0.8573057844660368 0.6165750927279627 0.4695700888258807 9 250 496
0.905391941292556 0.7031075271238243 0.44293915559057107 9 251 461
0.8760784312922025 0.6878608685099987 0.4614707808217836 9 251 470
0.8701843526554351 0.6688118821238955 0.46328974924543165 9 251 477
0.8682160601127 0.6604134599928626 0.4636541052577716 9 251 480
0.7615619713671922 0.25275267143499835 0.4890551029635902 9 251 633
0.8428383108013497 0.6012857227127643 0.4706680539898991 9 252 503
0.8325698676535116 0.5137165222406422 0.4673436028106783 9 252 533
0.8338035601219045 0.5591100041666962 0.4683671101715724 9 253 518
0.8540963063472149 0.6780147854790386 0.4648776331645865 9 254 476
0.8443506124409985 0.6426634062748968 0.46746339526487934 9 254 489
0.8392058566561009 0.6169631130372 0.46442138625879215 9 255 498
0.8059521594262107 0.49926935507445713 0.4701179479589994 9 256 542
0.804717801608684 0.47211172947733215 0.46770262235124893 9 256 551
1.0791571207960033 1.06147123974066 0.34095127642882583 9 257 335
0.831850329745383 0.6473405720747287 0.46618542554256115 9 257 489
1.1629655298929673 0.6894685711714365 0.2274812461514315 9 259 434
1.0693526625886318 0.6924510177462849 0.294773824208473 9 259 443
0.8041167844106345 0.6057869428234912 0.47381840052863644 9 259 507
0.7703473721853684 0.30958737953318216 0.4617837968821433 9 259 610
0.8885002684166998 0.7096887693442653 0.42248060393119724 9 260 460
0.8390514318975884 0.6883484800765509 0.4553491423190299 9 260 474
0.8202048833000359 0.669867137932229 0.46660882706433426 9 260 483
0.7952072549770148 0.5461847877961349 0.4693955522913703 9 260 528
0.7958712547806581 0.5150622184070534 0.46510668772070507 9 260 538
1.436402100059859 0.7988162881859118 0.03513235002069659 9 261 385
0.7941288142074572 0.6100633370432963 0.47449859128931493 9 261 507
0.7436476694384224 0.2511094804819689 0.4667557020999715 9 261 635
1.4216510435462484 0.785496943645737 0.039029112517642295 9 262 389
0.8243351886828143 0.6881919357194168 0.4587872111155562 9 262 476
0.744628903241846 0.31799245103342 0.47078731081580605 9 262 613
1.0693669046159866 1.0598547984075375 0.32339182709262815 9 263 336
1.4115994446162343 0.7877629584708266 0.036410669736975265 9 264 389
1.42923982505063 0.714359852319189 0.014470198088949449 9 264 405
0.811202015646828 0.6813502201288131 0.4603644924015047 9 264 480
0.7982060167717449 0.6515391013781879 0.466132256428502 9 264 492
1.4006578729123689 0.8199027821911153 0.043300687952495975 9 265 382
1.4107870767853947 0.7750500863069429 0.03032424929209787 9 265 392
0.7765186182182748 0.611362590164763 0.47346101805868657 9 265 509
0.7715956109083963 0.5871167770042584 0.4740449415261896 9 265 518
0.7434583241153732 0.36246901417655597 0.46668459759042835 9 265 598
1.416624245906187 0.8410402564908336 0.029154243958868564 9 266 376
0.7636419860004211 0.5760992097564646 0.4750180292026509 9 266 523
0.748481091928114 0.4468247379580942 0.4700227796444604 9 266 569
1.4014223971655884 0.7940687616506201 0.029352700622939265 9 267 388
0.7749426054110429 0.6588797279942694 0.4735708426871895 9 267 493
1.0761987804252344 1.0657869536932332 0.2985584072697267 9 268 334
1.3892775212794157 0.8764090209776578 0.04353989851319495 9 268 369
1.3994451880289778 0.8322720054024713 0.030495246035904477 9 268 379
1.3742298520375444 0.7004690317851816 0.0325973791887344 9 268 412
1.0853443990745961 0.6932446965601103 0.24509504010180172 9 268 440
0.8041229698600836 0.6888533818151934 0.45228637697361374 9 268 478
0.7549058406855413 0.5530166719629724 0.4716132157600973 9 268 532
0.7245598875997152 0.2943767733732413 0.4616032581326204 9 268 624
1.387983850496559 0.7888273347533783 0.028428843275501547 9 269 390
0.8326577517257912 0.7086240369034718 0.4300549724085143 9 269 467
0.7530162507688867 0.5804284258171178 0.47298091673183573 9 269 523
0.722163390621396 0.34778413048698587 0.4666024506740314 9 269 607
1.3962494512483934 0.8369271844164361 0.02324567658877008 9 270 378
1.3755176149146011 0.7794371250986424 0.031421833796787535 9 270 393
1.372916700044142 0.7129014685387227 0.02496673326855392 9 270 409
0.7582396672044474 0.6185387035518704 0.4704268374318259 9 270 509
0.7286418967280957 0.4484763861019392 0.4710041181588984 9 270 572
1.0777794068675208 1.065708900525167 0.28488143105600283 9 271 334
0.771771209459819 0.6881224556509521 0.46564039901724996 9 271 483
0.7074625034240518 0.3576765408045446 0.47187194042799097 9 271 607
0.7989706432490704 0.7044855591802728 0.44383004830415085 9 272 473
0.7443091689763364 0.6162506432539041 0.4736044259373767 9 272 512
0.7159485138527995 0.413767337057788 0.46917715472878263 9 272 586
1.3518740815331804 0.7686999625871674 0.03255924522758025 9 273 397
0.762647176140794 0.6798145122139356 0.4644349304671972 9 273 487
0.7600073760229169 0.6545110515419699 0.4632017772822874 9 273 496
0.7457666102670044 0.6384648000608076 0.47187173160928875 9 273 504
0.7416593611900979 0.6082843842333999 0.47112194832751086 9 273 515
1.3494350279631948 0.8147585351444899 0.0352177953679258 9 274 386
0.7230342249878723 0.5419219485320896 0.47324877663780474 9 274 541
0.7015456849132633 0.3958205655739223 0.4708311240251847 9 274 595
1.352008984774755 0.8798630035549238 0.03655025266868406 9 275 370
1.3368383518288847 0.7683879013397495 0.03378083529374143 9 275 398
0.7359926553739387 0.6367903731440154 0.4721205268212182 9 275 506
1.0625708038594877 1.111875341630393 0.2813307828705154 9 276 321
1.3542540745282323 0.93659301510629 0.03708001839920727 9 276 356
0.7381752675009663 0.676044775412854 0.47204036667053173 9 276 492
0.7393086293926958 0.6608333758590916 0.4692269293080512 9 276 497
0.7037827310742952 0.4880580711661803 0.47406777342449846 9 276 563
0.6849732641976134 0.3439594723076492 0.46987897652950883 9 276 616
1.3343161284144909 0.8714050704978005 0.038864524684196766 9 277 373
1.3163869317179258 0.7161499391215644 0.03256626860527101 9 277 412
0.7501119135050047 0.6811479721836494 0.46013198448080916 9 277 488
0.6890699800912576 0.42068839547143977 0.4731911428878258 9 277 589
0.6904822861597959 0.40167845546118564 0.46966734153901424 9 277 595
0.8147288077576049 0.7096214090393582 0.4108305124799836 9 278 468
0.7143836198313125 0.612141673567124 0.4750884144677404 9 278 518
1.0605216142785983 1.085514135266749 0.26692337781835196 9 279 329
1.3284871745693614 0.8969241152693376 0.03659044201734707 9 279 367
1.3200288699074414 0.8582239009971216 0.038081659087880304 9 279 377
1.3317706445448283 0.838968183952463 0.026566235145331518 9 279 381
1.3266797992463513 0.8074229019857628 0.026395672656570834 9 279 389
0.689017124257397 0.4546602665099928 0.47076683941427044 9 279 577
0.6685523630963837 0.3277355878891859 0.4700662633434941 9 279 625
1.3370254883452475 0.976206967310156 0.035275131715278185 9 280 347
1.3382272440031133 0.9557588459912124 0.03169417592857959 9 280 352
1.3271675257721278 0.8276431817103551 0.023594416921254524 9 280 384
0.9350752643396716 0.6870727254520843 0.3077379743409725 9 280 458
0.6984669333500446 0.6115275687177778 0.4804094031191225 9 280 521
1.3213150005535275 0.7837286117228441 0.017351703648145866 9 281 395
0.7600453299158445 0.7067528505468266 0.4417387695794204 9 281 477
1.301130202155884 0.8623595280772361 0.03822629446665404 9 282 377
1.3202112938960824 0.8331665641899807 0.01959430446289101 9 282 383
1.3070013181199809 0.7711475126445291 0.02175840485115299 9 282 399
0.7525182848129535 0.70399772575547 0.44367658732398274 9 282 479
0.6722160127582373 0.452733999352951 0.47324775233608496 9 282 581
1.3191104933940077 0.9350333303068705 0.02872967215497546 9 283 358
1.3011883553188437 0.9025231277337559 0.03844353443816728 9 283 367
1.3068826531674358 0.8160116556711317 0.02267831904566142 9 283 388
1.3129778737085913 0.976387119624767 0.03392623183929633 9 284 348
1.2834813687413953 0.8703579794524532 0.04307858964438238 9 284 376
0.7412380249597472 0.6967783015034441 0.4444681163258979 9 284 483
0.6950130988222876 0.6542916183225898 0.47504990568138894 9 284 506
1.2919926153208794 0.8560506459182475 0.029544266447399714 9 285 379
1.298588295645282 0.8055798595039868 0.01772029447659551 9 285 391
1.2791424278731687 0.7907246649717259 0.031030134214283578 9 285 396
0.7259799492466503 0.6951458227015466 0.45270457332581426 9 285 486
0.7148791117338582 0.6834133466095169 0.4598743470391986 9 285 492
0.7052885097895891 0.6711387551793515 0.465787123804146 9 285 498
0.6739237187662865 0.5512434626711724 0.47462215696464094 9 285 546
0.6663351072588102 0.5129412285275913 0.4755359308574427 9 285 561
1.2809201086510318 0.930574359023952 0.04309914763310618 9 286 361
0.7329815237695312 0.6998928636172035 0.4443215769546276 9 286 483
0.68222887450194 0.6001498567780015 0.4711343248690797 9 286 527
0.6558351406082554 0.4352693498386282 0.47015416282946354 9 286 590
0.6504454537995159 0.41310334879151844 0.47147311487595 9 286 599
1.28090735954898 0.9583025435544719 0.04181831045365536 9 287 354
1.273347695421223 0.920169711695098 0.04274489231154188 9 287 364
0.6836262964028978 0.6331871294440858 0.4709885700685529 9 287 515
1.0604496083501187 1.0997994415982753 0.23056512862053036 9 288 325
1.2598323848428667 0.8834171602467369 0.04362847926873714 9 288 374
0.6572228721179243 0.4909039603867592 0.4696234298189925 9 288 570
0.632414077266299 0.3202029742665802 0.4666347700551131 9 288 635
1.275693102127917 0.9987069036476339 0.04140973274037818 9 289 344
0.6467730738800819 0.44837473826115426 0.46887397519525154 9 289 587
1.061640792288119 1.1134644612032465 0.22281928426351083 9 290 321
1.2491497864525671 0.7619656827844589 0.026034199440600148 9 290 405
0.753853184308731 0.7083872105543676 0.4146450917177831 9 290 476
0.7445175431096502 0.7035126779151845 0.4178669460994251 9 291 479
0.6653598039953945 0.6186334276778908 0.46997021887649393 9 291 523
0.6292224431762403 0.3993050950324123 0.46956434884465503 9 291 608
0.6274208885250641 0.3745142725904965 0.4676877337170553 9 291 617
1.2576984141620327 0.8514340432046337 0.021187065735592148 9 292 382
1.222243578828592 0.7178334754075224 0.031767736489715315 9 292 418
0.7304398275332789 0.7040478435995798 0.42567161039778734 9 292 481
0.6681698200398287 0.6618701249534905 0.4701136827198331 9 292 507
1.2565585616264452 0.9745172468301856 0.03368915391516225 9 293 351
1.249776939105892 0.9246853072953767 0.03245116052980168 9 293 364
1.208294581624377 0.7063009488020537 0.03652439823126463 9 293 422
0.7469397407520901 0.7043184488659919 0.40881924880181675 9 293 478
1.0588160193986198 1.097124693105407 0.20553934418577535 9 294 326
1.229284659070279 0.893766298272507 0.03991524123895518 9 294 373
1.2303018959655279 0.8264293690528353 0.029991778607491693 9 294 390
1.2297279713757268 0.8107018954328082 0.028331652692413556 9 294 394
1.2173365613777998 0.794461804582757 0.03617893168470587 9 294 399
0.6925374163244111 0.6961064685697166 0.44817598335732356 9 294 490
0.6558755736316702 0.6281314937900309 0.4687007393817164 9 294 521
0.636566431087265 0.5553042019081783 0.47450750029508515 9 294 551
0.6340959853892918 0.5313967292245391 0.4732789325060798 9 294 560
1.0632469565933949 1.086324884318733 0.19610660045773098 9 295 329
1.2263296138567954 0.8707542837665849 0.03426936352147947 9 295 379
0.7383106614264647 0.7045870130326388 0.408623503507632 9 295 479
1.2482654699158169 1.030684663996295 0.03315964091689838 9 296 337
1.2353939547968495 0.9705450041853345 0.035490671908184224 9 296 353
1.230008460040122 0.9481932790633287 0.03684800714852843 9 296 359
1.2301464590199813 0.9090246164013603 0.031412178793615464 9 296 369
0.6521577203147337 0.6629797003638577 0.46966361391349043 9 296 509
0.6251734460251965 0.48191830474004194 0.4670780658523175 9 296 579
0.6219774394963544 0.4469531056475067 0.4649343527887666 9 296 592
0.6180737491804869 0.4182684569231975 0.46422172940477635 9 296 603
0.6145050593347707 0.38056474909535487 0.4620099825514169 9 296 617
0.6074132059213782 0.33419319993472163 0.46149544874619175 9 296 635
1.06469044838365 1.0966452083312577 0.1875326779247637 9 297 326
0.6230049331085716 0.5113034130954599 0.469473468082131 9 297 569
0.6148455062484881 0.40548162180483405 0.4617327176107635 9 297 608
1.0678385380629762 1.0824692750219405 0.17859192265375023 9 298 330
1.2335729974525962 1.0291345465192483 0.0350971869671628 9 298 338
1.2079030832940572 0.8748645535514988 0.03510690132343308 9 298 379
0.6310309223952921 0.6097857384053291 0.4729622426119263 9 298 532
1.216951643741795 1.0086730297453703 0.04106036122916046 9 299 344
1.2146173954989223 0.9743643844883987 0.0382824921975653 9 299 353
1.2155693698298307 0.9470467919514242 0.033752777873169215 9 299 360
1.2042118114528613 0.852153801559582 0.030111733671143392 9 299 385
1.1901320553120043 0.7658509454398298 0.029893206369449254 9 299 408
0.7204141063977734 0.7055459040318951 0.4090047494444571 9 299 481
0.6406166582999977 0.6510321591504902 0.46734138665363867 9 299 515
0.6175987775509428 0.544800668225662 0.4717624004905303 9 299 558
1.2171654042700641 1.0317396397173328 0.03914216346007349 9 300 338
0.6466409212793813 0.6890554818056913 0.4641934435921333 9 300 500
1.2282653014105813 1.0378121927605861 0.025844850818833365 9 301 336
1.1988134728774793 0.9811179625997131 0.04248801322073037 9 301 352
1.1842514119450185 0.7828453662773458 0.02724696573937968 9 301 404
1.056295685106557 1.0946938597105451 0.17206738155654389 9 302 327
1.240870462973154 1.0437804159364987 0.011206594245594781 9 302 334
1.202753937101957 0.9687927672984474 0.03260460347536731 9 302 355
1.189862977121872 0.9367365752392942 0.03891567805974239 9 302 364
1.1677376600835823 0.7171868744685317 0.0269999553879976 9 302 422
0.6376310524875874 0.6845555866170058 0.46427050519041624 9 302 503
0.6101358757521242 0.5053068110517269 0.4624018776207329 9 302 573
1.1710165112224193 0.8253151537437113 0.03432838677296557 9 303 394
0.6646242627135275 0.7060001693651802 0.44127642346304374 9 303 490
0.6254691006814741 0.668639888075794 0.4688413952509296 9 303 511
0.6149808039804157 0.5858808385787901 0.4661377805439283 9 303 543
0.6118430415415275 0.5514446662366875 0.4639871453243005 9 303 556
1.1989267942602169 1.0347056931054186 0.03512074261599696 9 304 338
1.17414433897508 0.9207946088259087 0.040078908096000454 9 304 369
0.6469323941092462 0.7007526595348632 0.45192181457845537 9 304 495
0.6166301946257065 0.6372042381927269 0.4685151639400267 9 304 524
1.1800440554999243 0.9116374303996236 0.02894890273221451 9 305 371
0.5911183670604034 0.4661710049673816 0.46278107630441545 9 305 591
1.2086272151207158 1.04099287715031 0.017966349389368474 9 306 336
1.1858092575242019 0.9526795134836321 0.024898492475584177 9 306 360
1.1646382306281469 0.8651322903090598 0.03054602291546149 9 306 384
1.1435668916331816 0.7669805844227338 0.034626300674806876 9 306 411
0.6537198650356881 0.7045214078141506 0.4398417352343724 9 306 492
0.6257679023183857 0.6861796875657802 0.4608977808712694 9 306 504
0.5844676999693188 0.44505307081368706 0.46207798059645455 9 306 600
0.5844576207020526 0.4279741863643842 0.45969805886886106 9 306 606
0.5836881588358993 0.3769741506158266 0.4532160728535922 9 306 624
1.1582072773213423 0.9240722968157595 0.03936165933052327 9 307 369
0.5985991350914017 0.6105661490744905 0.46993979877545233 9 307 537
1.179747377784191 1.0073930911476339 0.027877240528837 9 308 346
1.1503895683160137 0.8990918910996686 0.03762670750459396 9 308 376
1.1518088514270464 0.864289746593774 0.03152412193860887 9 308 385
0.7072983784846965 0.7075788067511689 0.38773617353752776 9 308 481
0.5912760265869337 0.5787230792610025 0.46834128530801 9 308 550
1.133936667556418 0.884021679401975 0.044676775484158826 9 309 381
1.141534576983306 0.8438601059768552 0.03252416258645052 9 309 391
0.6353665250122869 0.6931328114553597 0.4434789410404065 9 309 499
1.1346825099328905 0.8033590684688509 0.027784556066029475 9 310 402
1.118927228140398 0.7890971772643184 0.03926718384003158 9 310 407
0.5815518721787034 0.4721673145566534 0.454890025566524 9 310 590
1.0591008230794337 1.1195610953492832 0.13273652565272354 9 311 320
1.0612871867579208 1.1018342385258657 0.12834196280717936 9 311 325
1.0457927696645866 1.07246205803299 0.13749779655179672 9 311 334
1.1637664564872314 0.9987733216208035 0.025607913130957893 9 311 349
1.1458041503348397 0.9794289301289983 0.0383082073346237 9 311 355
1.1487818827197431 0.967516446517704 0.034058014559432914 9 311 358
1.1389525302854258 0.8671281516825263 0.028268773050226903 9 311 385
0.6086350544752761 0.6875272958014108 0.4587710140217639 9 311 506
0.5832422158880988 0.5403634092284252 0.4597282021500916 9 311 565
0.57000264792114 0.381124117143923 0.4485227354980037 9 311 625
1.1193527631035058 0.8342053593069025 0.03560597288780265 9 312 395
0.850871536074246 0.6894845934744664 0.2466633076485334 9 312 464
0.5917363290481188 0.6584387001333063 0.4658284778640507 9 312 520
0.582143634177742 0.5654506654346808 0.4608764180230549 9 312 556
1.1359945716869893 1.0224022429890238 0.043190105360750186 9 313 344
0.5737981880051592 0.44734671173111096 0.44788835760581325 9 313 600
1.052990531146094 1.1066382672003152 0.1225109411409735 9 314 324
1.1225577991648763 0.9613961248966698 0.04129223665741999 9 314 361
1.0589547484887076 1.120050296829539 0.11466373532960983 9 315 320
1.117257056491612 0.887275187857328 0.030438166037141112 9 315 381
0.649758781448015 0.707560728574939 0.41220437445850644 9 315 490
0.6167198714129869 0.7001259171901645 0.4399400201750876 9 315 499
0.5833642603017735 0.6343305824571454 0.45957802684082005 9 315 530
0.5720346872953586 0.49504720670912516 0.44947007055338606 9 315 583
0.5605735580734765 0.39402057530592305 0.44496598552467725 9 315 622
1.0772123552482513 1.1287792413369386 0.09535199465967992 9 316 317
1.121428702493183 0.9276546412372438 0.027732267086001183 9 316 370
1.098494639929942 0.8430746648959939 0.03562412462822229 9 316 394
0.8229464469922887 0.6874066457212417 0.25426847838316324 9 316 468
0.6301629556548951 0.709004056328323 0.4260190860573745 9 316 493
0.5740704971238224 0.5542506179144094 0.4528198123491125 9 316 561
1.119191199862559 1.0215534068443155 0.03837063085434722 9 317 345
0.8418031674288367 0.687879460472115 0.23371002650147288 9 317 465
0.6709757329164967 0.7068809660850421 0.38640309365538705 9 317 486
0.567791717961978 0.4684385729554573 0.4425695518508941 9 317 593
1.11837854300252 0.9582294465004094 0.02507988774494474 9 318 362
0.5742585031599625 0.632696714801844 0.45723993273023755 9 318 532
1.0776852172292615 1.0647206568566068 0.07162215819741524 9 319 335
1.1052564161029166 0.9272767957008559 0.02730687494329187 9 319 371
0.7492753646122192 0.6806207138056062 0.3061426397975118 9 319 481
1.0473401409730723 1.0903606314624126 0.09754235004618117 9 320 329
1.107205822009977 1.0125092500871231 0.033118136559948 9 320 348
0.563234232360647 0.5004199986342045 0.4410277982278439 9 320 582
0.5582379937312356 0.40246859445481364 0.4312031191757002 9 320 618
0.724960453009978 1.766163357636009 0.4784395177369314 9 321 82
0.7097497955045267 1.4931554110745944 0.4521294360349746 9 321 192
1.0665210848203446 1.1234768776035886 0.0806729799662993 9 321 319
0.5690483178363324 0.6093879182310512 0.44835459555855417 9 321 541
0.5680344169635902 0.585257658623969 0.44573499808941675 9 321 550
0.5590453143542493 0.47472577205397315 0.437602132491298 9 321 592
0.7101912067172684 1.6681969360456865 0.4739088856978134 9 322 121
1.0896680274420492 0.9861539937843717 0.03521338357322201 9 322 356
1.0923006724218003 0.899996280605346 0.020251661279908406 9 322 379
0.5659398603174235 0.5582512951377842 0.4402609137030453 9 322 560
0.5611200142437949 0.5339400198938089 0.44100652630445136 9 322 570
0.5545296365389132 0.4577496226439215 0.4357396931326143 9 322 599
0.558709647744742 0.38851510116220833 0.42187323352027883 9 322 622
1.1140758971743896 1.1805753162560706 0.03705088001438139 9 323 302
1.0820372166280108 0.972880678786316 0.035272298569050786 9 323 360
1.0649849840173382 0.8919431384050034 0.038671349454241444 9 323 383
1.088530577460846 1.1574706728254622 0.05178131315855827 9 324 309
1.0957559986069143 1.149642634256127 0.04413254069952388 9 324 311
1.0541171300878638 1.1039772686273774 0.07484843060954671 9 324 325
1.0681077225379612 1.0627849276452646 0.056205678253261615 9 324 336
1.069071178051306 0.9203301585901307 0.03436960642656928 9 324 375
1.070038942531048 0.9052883859741541 0.03128527910114909 9 324 379
0.7341375137952997 0.6856134667646687 0.3009612245247466 9 324 481
0.6135887882264213 0.7080955780528316 0.41265740829151887 9 324 495
0.5685700485287364 0.6597482799163389 0.4460173897209734 9 324 522
0.5616321673255145 0.4869247214810811 0.4268151131119493 9 324 586
0.5565703468793413 0.39988547999295565 0.418553786803852 9 324 618
0.6908865649167182 1.652051709371562 0.47876211898364374 9 325 126
1.062520364735163 1.042063735227682 0.0534305530977639 9 325 342
1.0719446765355833 0.9564429128157523 0.03228851658666265 9 325 365
0.8118578235139573 0.6880398142710219 0.22731371794249045 9 325 468
0.6989712922120275 1.738467298215412 0.48087814181904565 9 326 91
0.6876510998111713 1.6110944047066404 0.47226947923436 9 326 143
1.0705959164908179 1.1272464937302709 0.05396962942543215 9 326 318
1.0618858967085432 1.0853410928023968 0.05565082490982465 9 326 330
0.8022595927709735 0.6856044122147333 0.23150597418372287 9 326 470
0.6900376883644037 1.6887535885224647 0.47825685330538314 9 327 111
1.0626835598601114 1.0673372274539175 0.04750010693493656 9 327 335
0.5584989820878312 0.5346297832777879 0.4263976640572771 9 327 569
0.6915792308031945 1.715998368139029 0.4775504208504574 9 328 100
0.6870753892119779 1.6718850021177425 0.47508771092710234 9 328 118
1.0671830875095476 1.1207136717335477 0.04657011729761318 9 328 320
0.5576588397976376 0.49503375541316086 0.4178312953507082 9 328 583
0.6738041744732162 1.623297339523203 0.4766062999337627 9 329 137
1.0583339196755035 1.0319697370432759 0.036633475519304515 9 329 345
0.5601838142780511 0.5848223943684406 0.42546815898614154 9 329 550
0.6913572192867203 1.7736328751217265 0.4796555410015477 9 330 76
0.6729279618480359 1.5008379243217491 0.4557217147898256 9 330 188
1.0692609404124696 1.2205238928844888 0.050036168070611176 9 330 292
0.5584506383559702 0.6101933424861339 0.42741864673406194 9 330 541
0.553622513714882 0.5637259867883746 0.4248917229238147 9 330 559
0.5577905979327196 0.47895799570035136 0.4083741563822443 9 330 588
0.5553191056879165 0.4553026454078727 0.4071002596167135 9 330 597
0.5543341108926387 0.39860935533800657 0.39951535329731636 9 330 617
1.053187470505395 1.1226258413041124 0.04536791213683067 9 331 320
1.044303096897596 1.073806209854117 0.04621818556915902 9 331 334
1.052223629124838 1.011275042543613 0.029535225610406446 9 331 351
1.040108575500907 0.999082709692029 0.03886026407856358 9 331 355
0.6873301266373297 0.6787835683056186 0.31561114273636703 9 331 490
0.6634119692589056 1.5889886960815582 0.470957852876122 9 332 151
0.658844157346498 1.5663850404221802 0.47177455273972635 9 332 160
1.064959694313244 1.1964434914230393 0.040833848939105355 9 332 299
0.6071759676039512 0.7044322403516758 0.38971696114102694 9 332 496
0.5638861211082684 0.6603634072990195 0.4230788254550295 9 332 521
0.6647546379699525 1.6584652780991167 0.4768437846544453 9 333 122
1.0613419954833625 1.1791387090324121 0.036783735312730714 9 333 304
0.7206617493336831 0.6845151531075886 0.2779339774168892 9 333 482
0.667260043217998 1.709024489888836 0.4788254604489792 9 334 101
0.657494824377818 1.6427352290950323 0.47787064482691277 9 334 128
1.0486344122269688 1.1661163447759906 0.041833327391471276 9 334 308
1.0267671614419163 1.0764938465945295 0.04860282032706653 9 334 334
0.6735832875522556 1.7493674568549027 0.47571077912118787 9 335 85
1.0525106147780634 1.2365662147860699 0.04413686678066453 9 335 288
1.032872678374898 1.135937129701536 0.04718446695902312 9 335 317
1.0302482914891544 1.1221114413096394 0.04753437398860805 9 335 321
1.0387173558362168 1.0533290204604768 0.029183219649369985 9 335 340
1.0211574088789788 1.0061801890451147 0.03841330115971142 9 335 354
0.7805633910491765 0.6848906946334818 0.21419147012609363 9 335 472
0.5976104259043375 0.7052681067312633 0.38805621420129865 9 335 497
0.556513904116896 0.6107264675053047 0.4120579646101996 9 335 540
0.5611959628668008 0.5796237204575165 0.4029640839578439 9 335 550
0.557364419956021 0.5514692170070009 0.40226463116982814 9 335 561
0.5597231268520575 0.48145821117602583 0.38943035523060643 9 335 585
0.666548936816356 1.7679252122843114 0.4817744619206088 9 336 76
0.6622475829592638 1.73018329248276 0.4767227551674391 9 337 92
0.6593941021306162 1.6874379911768975 0.47287565177777235 9 337 110
1.046115172068779 1.1916245127931613 0.033725765462583546 9 337 301
0.5611205138311173 0.46986623512157977 0.3792636665019691 9 337 588
0.6475065739553605 1.6212107305261874 0.470590605966832 9 338 137
1.014490698595021 1.1207245410002498 0.04788938927700226 9 338 322
1.01265530450134 1.0963641513886404 0.045888828826223804 9 338 329
0.5618278929419609 0.545780019913017 0.38665910657264213 9 338 561
0.6505742640203356 1.6648468167203911 0.47104066894034125 9 339 119
1.0428259078640394 1.2239508290361785 0.03219709419537198 9 339 292
1.0148667170855707 1.089095096905156 0.03793600114036 9 339 331
1.007505712857917 1.051296091226208 0.03909446183747933 9 339 342
0.5852703186158603 0.7071433232380246 0.38572143810902126 9 339 498
0.5663599080279664 0.6930792998295413 0.4014528809029452 9 339 507
0.5560632438131827 0.6662887272814155 0.407079775719982 9 339 519
0.5576879903596981 0.4447352166583233 0.37151147388602546 9 339 597
0.558712954249085 0.40882620778236545 0.3650260263235654 9 339 609
0.5640604882408389 0.37752956113346237 0.35515933411050016 9 339 618
0.660492912964671 1.747949926160478 0.47107577641486875 9 340 85
1.0262898356481847 1.252650991406631 0.047518582655298625 9 340 284
1.0290737607400575 1.1863419292184632 0.03466161683058777 9 340 303
1.0264926455079686 1.1619532300249178 0.03335516994289911 9 340 310
1.0073747462730407 1.1461985590074657 0.04907757564706139 9 340 315
0.5544494841565737 0.5240609916447589 0.3832210244168255 9 340 570
0.6289302397296206 1.5966478747955835 0.4744139114147894 9 341 146
0.6267373342679481 1.575118345461414 0.4731769791308382 9 341 155
0.5576348859536857 0.6557606670767937 0.3969825151123578 9 341 522
0.5572949069141508 0.5124562212112035 0.3751694655056601 9 341 573
0.5612914413394641 0.46600474313388296 0.36418702966824945 9 341 588
0.6431170713850223 1.7218367922408357 0.4769201193727186 9 342 94
1.003284206456821 1.0908837917335783 0.034944389642782125 9 342 331
0.9949460285348393 1.0674728046849304 0.03928702661826344 9 342 338
0.7161881621405652 0.6849241456097769 0.24645092285961434 9 342 481
0.6364936314781344 1.699482630684734 0.4764715254400781 9 343 103
0.6275374643549938 1.6390733899043006 0.47567568901388113 9 343 128
0.6193511330137822 1.5627158614812275 0.4716639962509426 9 343 160
1.0076697449002652 1.2402168617064584 0.04917088428755667 9 343 288
1.0120270331573142 1.2020197612444874 0.039058317532789655 9 343 299
0.9997544599149317 1.1334443110397339 0.04017423522082186 9 343 319
0.6198200167749373 0.6911689332524078 0.33581801519393206 9 343 496
0.643540584448534 1.766748577668781 0.47684534863771755 9 344 75
1.0014797237897097 1.1821107113059175 0.04134640796449185 9 344 305
0.5565390826622465 0.6042392587587856 0.37945038763733807 9 344 540
0.5600863911607825 0.5763655584219454 0.37169458694721924 9 344 549
0.559900118874082 0.548027001237683 0.3674588996448398 9 344 559
0.6630640216980024 1.4893511147626026 0.41133030326257924 9 345 195
0.999489507538553 1.1478394047047806 0.028399297143795854 9 346 315
0.5629317921953578 0.6351222278659816 0.3709706734231042 9 346 527
0.6160516529937372 1.6379842338871538 0.47332472964756056 9 347 128
0.6161766270971476 1.617413570719608 0.4699711905615386 9 347 137
0.9767985828528258 1.119117965507067 0.04116107245073719 9 347 324
0.5628211875401243 0.5806754281179461 0.3589391846948291 9 347 546
0.6176198987722037 1.6756284020193069 0.47440539382204316 9 348 112
0.610597923667779 1.5864748124092756 0.46720607784825996 9 348 150
0.6084184454805508 1.5650944729518956 0.46596281886376856 9 348 159
1.0031665592822996 1.2520439294248757 0.0316580737271277 9 348 285
0.568899105776111 0.5235894264570894 0.34039909310341976 9 348 564
0.5664133219940957 0.44630804306593297 0.3306464954527091 9 348 591
0.6232562623492468 1.7484802708341678 0.47708286799086774 9 349 81
0.622659993241061 1.7280250823457328 0.47443417950182076 9 349 90
0.9930576141636611 1.2457258406673601 0.035779668751369176 9 349 287
0.5596890790673714 0.5955744484739263 0.35711288468360247 9 349 541
0.5680070000865722 0.5495377429132392 0.3416992068282583 9 349 555
0.6126871629707473 1.659389253093353 0.47002904445281535 9 350 119
0.6028301990043807 1.6083624548754387 0.4716211449760146 9 350 140
0.7141963426667477 0.6877248117809069 0.2163963202094985 9 350 479
0.5640375968001416 0.4993088622494989 0.3339688852289391 9 350 573
0.5645400928955597 0.42809229883134203 0.3221906149615792 9 350 597
0.5683107544524197 0.343435381812482 0.3050738504068562 9 350 624
0.5970771183544021 1.5867497169320273 0.4705362005598932 9 351 149
0.9809966057116459 1.2124424759922763 0.03285043176549385 9 351 297
0.5669643230380954 0.4784664349745409 0.324085997478176 9 351 579
0.5618878652830148 0.41444699227516923 0.31891371367387045 9 351 602
0.6050088953068236 1.7030190364031246 0.47790701466173424 9 352 99
0.5994987362391515 1.6358488071935606 0.47264928855365085 9 352 128
0.6613324805673952 0.6867805671291847 0.2602901108864961 9 352 488
0.6165830631950178 0.684199243910526 0.30031162530118927 9 353 497
0.5647727339513011 0.5486270066853532 0.3300282352646722 9 353 555
0.5636829504895262 0.3168011129991678 0.2940611943343878 9 353 633
0.5919119565991904 1.6052852085961746 0.46866643518816364 9 354 141
0.5892300656457599 1.574934998048066 0.4664711214392092 9 354 154
0.5628724721874236 0.5723443598713621 0.3320222025709454 9 354 547
0.5995767486892438 1.687474702684331 0.47090391879310367 9 355 106
0.5915654638823435 1.596719428502351 0.4643166298701805 9 355 145
0.976495650063933 1.3055637588349716 0.03321145109638324 9 355 270
0.5657008890197142 0.6413659167826218 0.33660027602618503 9 355 522
0.6082230390528021 1.7609108411197125 0.47076192828609154 9 356 75
0.6056993960663353 1.726444714655949 0.46773506281593025 9 356 90
0.5974554973004824 1.7030191833109507 0.47221779440715417 9 356 99
0.5895827715005499 1.6239405684804842 0.46735912492139475 9 356 133
0.585930066409847 1.554641236820876 0.45984922946701123 9 356 163
0.5661320935592953 0.6289827749709556 0.33049360503969405 9 356 526
0.9534518385222821 1.2759038714919522 0.042066291232604636 9 357 279
0.561376348782409 0.5361564600509728 0.3165743898532396 9 357 559
0.5613897062536788 0.48325326569427884 0.30801045239981684 9 357 577
0.5953303358260083 1.6701002046565727 0.462393892233802 9 358 114
0.5929628795643214 1.6579971040022445 0.46281964264874675 9 358 119
0.5687377760044265 0.6172427383378392 0.3185608820953274 9 358 529
0.560050096858679 0.5798695179217482 0.3212643933130441 9 358 544
0.5653529167360309 0.4282898221696446 0.2913482942712753 9 358 594
0.5796317396544324 1.575240970446868 0.459522221856552 9 359 154
0.5844173452449417 1.6361512583556577 0.461255423264082 9 360 128
0.5651002545401456 0.4173962910059803 0.28220743337045184 9 360 597
0.5596027203291594 0.3400506933223726 0.27518107691642735 9 360 624
0.5960583772700039 1.7263070626928059 0.460800939919515 9 361 90
0.5884435600892979 1.680895769576931 0.4611342345593181 9 361 109
0.5798911613998858 1.5969665810015896 0.4561263091276285 9 361 145
0.9389661555948008 1.2572132479879896 0.034841373813011334 9 361 285
0.5619582999413455 0.5848927146730345 0.3089564650536465 9 361 541
0.5619774091350416 0.5586768081646802 0.30465168710158097 9 361 550
0.5681611429028328 0.6205301753492246 0.30470607086859225 9 362 527
0.5567705483014711 0.31574126950727144 0.26638462254005324 9 362 632
0.5932262882296999 1.7620854264592278 0.46289489399458605 9 363 74
0.5879453947719315 1.7443080389046184 0.465387463761484 9 363 81
0.5747006700565609 1.6101869935717077 0.45692051606812445 9 363 139
0.5777819384571143 1.5907736552253038 0.4505696958245782 9 363 148
0.764947906042343 1.5151986879415393 0.24622835472832172 9 363 196
0.9370384230562645 1.3078209595485037 0.03567836866609131 9 363 270
0.5652911598057786 0.5272359110293233 0.28473254883651355 9 364 559
0.5601764339542177 0.30066619112705706 0.25264386693433827 9 364 635
0.5788458990598233 1.7023185155691105 0.46118238163056324 9 365 99
0.5744683003083406 1.5705456791953247 0.44391647353993635 9 365 157
0.5671359970428591 0.6044896691963607 0.2917773891073412 9 365 532
0.5622838166977562 0.41156360369664446 0.26489154904870915 9 365 598
0.5649765237241708 0.5788828357269848 0.28596543717869993 9 366 541
0.5682964945683029 0.5142803825121599 0.27181683365485587 9 366 562
0.5647051380541761 0.4931255915461302 0.27202908798184167 9 366 570
0.5613910419216501 0.4687733310674521 0.2714240957284271 9 366 579
0.5588182375683919 0.33992918227189595 0.25272800538605456 9 366 622
0.5776750353259721 1.6610525816323816 0.44886871054883626 9 367 118
0.574237063054114 1.6148778575394904 0.44476433519671543 9 367 138
0.5729060324552573 1.640557385955491 0.44369315817286603 9 369 127
0.5743028598033861 1.59347237679573 0.43435957808906034 9 369 148
0.5605535611562149 0.43930896315721735 0.25576924661954403 9 369 588
0.5570583893434409 0.4240530673778602 0.25687454727908543 9 369 594
0.5790422858962374 1.7371857024707404 0.4500789945047283 9 370 85
0.5716629122090977 1.714199525091229 0.4539695539121267 9 370 94
0.5740487942604349 1.6952865459017303 0.4482944463870684 9 370 103
0.5617858714799369 0.5691215141253337 0.2723408948941952 9 370 544
0.5578490175179218 0.5453997310878279 0.2724951976324379 9 370 553
0.5790071374269645 0.6861425266632146 0.27002930300447425 9 371 500
0.5612612844628633 0.6389301635827683 0.28077689749938095 9 371 520
0.5587101339839151 0.4902062430533072 0.25845626563644597 9 371 571
0.5576588364650734 0.3784994354979956 0.2407805003653114 9 371 608
0.5752938822654257 1.7656456625272638 0.4521071387412976 9 372 72
0.5725170440030245 1.7556248381552355 0.4533510954948823 9 372 76
0.5752641537544809 1.7238921177967486 0.4450981196697028 9 372 91
0.5718235385948789 1.5740055123529224 0.42345935928846345 9 372 157
0.9032065464865218 1.3300275595303652 0.03222292466935217 9 372 264
0.5636288039755177 0.6104032449016799 0.2696355594879547 9 372 529
0.5735730297769666 1.6435332862855214 0.4299298020536315 9 373 127
0.55830187111836 0.5514188922800591 0.2614455051370308 9 373 550
0.5616964093975005 0.43119180912429156 0.23751755222764093 9 373 589
0.5578255260196716 0.460857500349234 0.24271256281364928 9 374 580
0.5743996842915717 1.7677336790192775 0.44332991718250714 9 375 72
0.573092453502752 1.665063969315184 0.4272655126718219 9 375 118
0.5592722166142325 0.5191263299603125 0.24714237353137936 9 375 560
0.569258308477101 1.6778065337976105 0.4301216435460373 9 376 112
0.5740581317722666 1.6253051407893206 0.41603002260000355 9 376 136
0.8778997484236681 1.291945097105039 0.03390662073582584 9 376 276
0.8664782861994433 1.2596492359179357 0.0406262398768682 9 376 286
0.5591707810573467 0.4729842008750814 0.23545878822511668 9 376 575
0.557507016042204 0.4039660662322797 0.22547004592920272 9 376 598
0.5745874103201973 1.747483976433959 0.43290227719544605 9 377 82
0.8616045178271725 1.2373692532873743 0.03738542340813478 9 377 293
0.5713947952334988 1.60517658016612 0.40853110157086725 9 378 145
0.5694383823389402 1.590800691686438 0.40817395603303197 9 378 151
0.7476021013859544 1.5149968849303044 0.20317877361753767 9 378 198
0.8688517054992426 1.2990062754242264 0.035474290078606474 9 378 274
0.5593679493864203 0.5643162663054094 0.24298593892710874 9 378 544
0.5611421564665133 0.48467897150766415 0.22741634279767586 9 378 570
0.5685435109138188 1.7176640414609996 0.42748646673257684 9 379 95
0.5582693058205663 0.6087563103688047 0.24788175673012058 9 379 529
0.5558753424902683 0.45748994611708715 0.2244548735648797 9 379 580
0.8590407292785951 1.2899339968269083 0.035176997070439864 9 380 277
0.5847078768872369 0.6860002113568215 0.22860380157392446 9 380 497
0.5538562827827107 0.4028243813199558 0.21323150808648172 9 380 598
0.57057714634812 1.7519888703518285 0.4209356623755227 9 382 81
0.570961535536485 1.5961025634893193 0.39347823673429705 9 382 150
0.5623773742304996 0.5346840146862115 0.2187538872833681 9 382 552
0.5540309615691277 0.4221569003846172 0.20835038343496026 9 382 591
0.5593888591179237 0.6316050300746557 0.23488103704517505 9 383 520
0.572447819442202 1.7344581744299419 0.40893647456050797 9 384 90
0.5726688296825297 1.6646081531164572 0.39650984818017343 9 384 121
0.8463063179508257 1.291160977359183 0.030601961458836646 9 384 277
0.5618172151911356 0.5995534047230049 0.2226635085913946 9 384 530
0.5598880302980151 0.5649567881493851 0.21874940219915984 9 384 542
0.5572066057232488 0.5095161361468089 0.212026365792098 9 384 561
0.5717459405975145 1.6831821856464433 0.397268669410048 9 385 113
0.5691207186537475 1.643499899354843 0.39322248498888923 9 385 130
0.696579302866557 1.5145843050014953 0.23011483181420833 9 385 196
0.8363636500766671 1.2723171077601951 0.03358726021185299 9 385 283
0.8506655438560204 1.365328606161155 0.029409563784950077 9 386 254
0.847792052929613 1.3493050192316784 0.029778048423265258 9 386 259
0.8438771188383682 1.3205377502888238 0.029063372474494198 9 386 268
0.8312102782771154 1.2630963899476575 0.0330020132150286 9 386 286
0.8274066656571704 1.2504197207478487 0.034986684318110584 9 386 290
0.8319507857543538 1.2278109706241724 0.02599316208045077 9 386 297
0.5711112593813068 1.7138486303008817 0.39634718286417714 9 387 100
0.6348346344674889 1.5161398251388742 0.2908323791363052 9 387 191
0.6778856993471778 1.517299095568486 0.24324760083272445 9 387 194
0.7257633428688486 1.5132548798013223 0.18938975062116503 9 387 199
0.5593148328309812 0.661281222952253 0.22428513285675544 9 387 509
0.56046693191073 0.5680741648404246 0.20661023896553932 9 387 540
0.5582367068785206 0.5059340454805963 0.19815485436757774 9 387 561
0.8460503716367072 1.378542224425184 0.02748958405734525 9 388 250
0.5555754913112914 0.6096582741061504 0.21535517296555406 9 388 527
0.5697437057873453 1.7035591606011748 0.3890296367099333 9 389 105
0.5740931824232491 1.6848277486552103 0.3808560083214596 9 389 114
0.5789839176368776 1.6497964936364147 0.36919407095726653 9 389 130
0.8282347984983456 1.3117049267778356 0.030880188496120287 9 389 271
0.8108404541882128 1.1686821623678263 0.02501451936305421 9 389 316
0.577127599022113 1.7729250421442202 0.3895300684113798 9 390 76
0.8125938614974091 1.1847733481794103 0.021222599088772665 9 390 311
0.5745646257757098 1.7388579980850187 0.38282163418689996 9 391 91
0.579301934583176 1.606861652494315 0.35401047441321665 9 391 149
0.8168977967657733 1.3188022989499888 0.030879155710373363 9 392 269
0.5803047538944437 1.6903017548753787 0.36052943972333606 9 393 114
0.58598485858142 1.6715561254379838 0.3507450262635352 9 393 123
0.5814776669937194 1.6535573279017377 0.3526274832262015 9 393 130
0.5809108808144632 1.6393120479252201 0.3507204797354686 9 393 136
0.5540213606305942 0.6604779170285157 0.2060359524401436 9 393 509
0.8005117754803523 1.300366636009694 0.03683397102488728 9 394 275
0.5836213513617725 1.780373907146628 0.3657173013832 9 395 76
0.7914376288934117 1.2568693517883618 0.03470514168809036 9 395 289
0.5774505332096138 1.7351625380605227 0.3610129751903155 9 396 95
0.5822769468268227 1.63010509024401 0.3365388870265478 9 396 141
0.70939885125281 1.5153086614701803 0.17048700548347462 9 396 199
0.5551237378048641 0.6577077974673756 0.19212862502850525 9 396 509
0.5803370327144419 1.611202052604579 0.33165995436748363 9 397 149
0.5533671686708113 0.6312407480462807 0.1852764909023321 9 397 518
0.5807664820892278 1.719845831605109 0.3471831785795918 9 398 103
0.5786851313651347 1.5994631172865668 0.32773416684915 9 398 154
0.7866323128582569 1.2609022764196016 0.026992795297381633 9 398 288
0.5801953429242312 1.770892354506714 0.35347826221938705 9 399 81
0.5823878806918497 1.6770694641675177 0.33387388436373633 9 399 122
0.7996884407279676 1.379947958198839 0.028916413363421656 9 399 250
0.5820379809016787 1.639954369807484 0.32381430658579724 9 400 138
0.5674338002135546 0.6893682921645325 0.1672642342372841 9 400 495
0.6990887052462469 1.5189513530567227 0.16191975373568734 9 401 198
0.7952790317773566 1.3587996920311816 0.0208243892467892 9 401 257
0.7813321757216858 1.296177631654268 0.02557287646254003 9 401 277
0.5790249000729524 1.7431551767416344 0.3388148179371764 9 402 94
0.5845515577353446 1.7340120701198063 0.3306930756342714 9 402 99
0.5797582924041091 1.7087413213512517 0.33164416555459564 9 402 109
0.5812603024156455 1.6600741883221195 0.3209616126618027 9 402 130
0.5799056062325487 1.5959561038176209 0.307017492332625 9 403 157
0.7886886567189317 1.3962334400008365 0.026033840883575188 9 403 245
0.7850446517946128 1.3744253467624512 0.026282984934437037 9 403 252
0.7747203387687134 1.3184336918415538 0.028055497337486246 9 403 270
0.7613993818417522 1.2503591727090568 0.03110969188124635 9 403 292
0.7632069285045027 1.281557214249373 0.03010437776552588 9 404 282
0.5776758137957607 1.625371768625453 0.30754064061938724 9 405 145
0.7766532474392194 1.3685417064398475 0.02572535404974352 9 405 254
0.7757392829935728 1.3469646202969132 0.022808009486664282 9 405 261
0.57500910228374 1.660775044106796 0.31349591724549786 9 406 130
0.5738781178896724 1.6128925515011856 0.3059447950466292 9 406 150
0.5826627707342058 1.7768223382689077 0.32227703034459076 9 407 82
0.742964797032069 1.2457499665148666 0.03345054728722774 9 407 294
0.5788928078041973 1.7643947481269655 0.3207124702682205 9 408 87
0.5773858959518221 1.7335939044500996 0.3167550753464403 9 408 100
0.5755866071347888 1.6907800984456878 0.3109030437426248 9 408 118
0.5748561629677362 1.6360923267929035 0.3015638246788206 9 408 141
0.7591766450206405 1.3777160044645735 0.03417931204107183 9 408 251
0.5746936513659306 1.6700021570808783 0.30432267030228566 9 409 127
0.6343845128045675 1.5077868068659175 0.20275456060176378 9 409 199
0.7711491996243063 1.4095840659976688 0.021228451889769184 9 409 241
0.7391921678454247 1.2831070658332275 0.035675147725693135 9 409 282
0.7305642930624472 1.2098591788506876 0.0322564577756832 9 409 306
0.5770634298048885 1.7421180686221676 0.31124877537529816 9 410 97
0.7332661378391565 1.237591417694954 0.02960333928644454 9 410 297
0.7271085639281265 1.1825099466807785 0.02663309793331936 9 410 315
0.5754886239691626 1.721283176356513 0.30546068915315927 9 411 106
0.5798858848106894 1.699580706723502 0.29609563799549043 9 411 116
0.5758463906236979 1.6600769153372619 0.2935094366519795 9 411 132
0.7410269584416416 1.3172437436633846 0.030644415183461948 9 411 271
0.5778350789111626 1.6900948873222306 0.29297366459736995 9 412 120
0.5735675688234723 1.6097051554206172 0.2829385930349311 9 412 153
0.7598403942481367 1.4878883949552908 0.0355592493432777 9 412 215
0.7483024114244765 1.3785904627876562 0.02882496041772553 9 412 251
0.7197443996190114 1.1834533894328487 0.02638849265596721 9 412 315
0.7630928788800282 1.5098605591821719 0.03115546625568366 9 413 208
0.7191357935682858 1.2113399192821663 0.027765333043556772 9 413 306
0.5769014756713926 1.6651132896402223 0.2817319175743782 9 414 131
0.7403948878390425 1.36074501601601 0.025719379619847604 9 414 257
0.7324267417976409 1.3119717548799996 0.026120984976164552 9 414 273
0.7040978185153823 1.1575847376600032 0.031158772002972235 9 414 324
0.5793604512769188 1.747431020402353 0.2905706316333396 9 415 97
0.6133315551401008 1.5152210825468475 0.20095998953318217 9 416 196
0.7147189998680703 1.2609925075521997 0.028691398886241393 9 416 290
0.7087015286670759 1.1972780669955023 0.02387035997227982 9 416 311
0.7451096635759917 1.4823855395143186 0.029240469199219188 9 417 217
0.7047214001318605 1.2342799698758096 0.031186271397090293 9 417 299
0.695777869851093 1.1588280985350403 0.02768989565732438 9 417 324
0.5760840875314224 1.701315209838632 0.2742497651742215 9 418 117
0.7281955086661305 1.424260504593483 0.03421030565303451 9 418 236
0.7178996233813371 1.3340257514514047 0.02953137679598794 9 418 266
0.7117101672254396 1.3128444271231043 0.03306711794649875 9 418 273
0.5745845958860212 1.7307829639176426 0.27405216792919496 9 420 105
0.5740455667565478 1.6105314603765668 0.2514984698969043 9 420 155
0.7170607401060689 1.4209876075634735 0.03808333419995713 9 420 237
0.7234570792249595 1.371079847665028 0.020538301391864744 9 420 254
0.6865656354107736 1.1387619355125302 0.021288822952123088 9 420 331
0.7312861051498987 1.4558113804537816 0.02257379218703881 9 421 226
0.7023394176131359 1.286652339896913 0.025721491525099838 9 421 282
0.6940647500571688 1.2597173285205026 0.03076925004541886 9 421 291
0.7378503445904578 1.5312058489703175 0.0243859182671875 9 422 201
0.5796677317617651 1.785232337603204 0.26667723341831695 9 423 84
0.5715307911479186 1.6820270617571174 0.25673719050947685 9 423 126
0.6180363814348304 1.5124334401034623 0.16565078164167013 9 423 199
0.7076849532125205 1.3800783268261592 0.02795505202998738 9 423 251
0.698059491729691 1.3141736241631705 0.027137353575026335 9 423 273
0.6647094439738925 1.093233522583335 0.02574624393645153 9 423 347
0.5793711427037591 1.7695149970970485 0.2600878589251088 9 424 91
0.5746099656376586 1.6622810614089223 0.24510894585507703 9 424 135
0.5742212322803109 1.630525025404899 0.23939403547976856 9 424 148
0.697418150366117 1.3412783008160452 0.02860226157063317 9 424 264
0.658506981223222 1.036089707139509 0.017736424295997866 9 424 366
0.5871089621706747 1.5147276523380229 0.1965544849080212 9 425 196
0.718131900187549 1.453104127315114 0.019847035254975998 9 425 227
0.6633052994946076 1.151230021624511 0.029618406527716745 9 425 328
0.5786620439226862 1.7662574537744866 0.25250921222025724 9 426 93
0.5709789547001283 1.6137589596142825 0.23224349223330387 9 426 155
0.6748261724652314 1.2435348471392436 0.028615449270644744 9 426 297
0.6644004432088559 1.181331618240258 0.029541604265715726 9 426 318
0.6451403264122066 1.0542131301680258 0.028855143574039177 9 426 361
0.57277958960399 1.728847894056559 0.2486477528669877 9 427 108
0.5731346271280136 1.7074822025140208 0.2439905050993918 9 427 117
0.6688841706814905 1.217124545620105 0.02631080448338108 9 427 306
0.6545066753863513 1.1162726225118402 0.024630632437366407 9 427 340
0.6535294208370266 1.1042965367619784 0.02350777634613177 9 427 344
0.5757804948235168 1.7950295135592922 0.25397069152544116 9 428 81
0.7078592330800402 1.4824531578871714 0.02464309404162024 9 428 217
0.6966337570723198 1.45741957013123 0.0339418390503452 9 428 225
0.6561891480230488 1.1793802424930455 0.030341358359927684 9 428 319
0.6450624109965792 1.0784689293979282 0.024527427510567135 9 428 353
0.6597679582298466 1.2180629380526204 0.028842944006138627 9 429 306
0.6594483881132205 1.2061533088571588 0.026890675987069068 9 429 310
0.6905416557362125 1.39929646622807 0.020930812894753847 9 430 245
0.6875549034524955 1.372576642717089 0.01943747165281673 9 430 254
0.6714824554311942 1.3069803891326544 0.026933271073778853 9 430 276
0.6406522177676872 1.14248960609738 0.033631456233496504 9 430 332
0.571883751981549 1.683710100564022 0.22496577631861348 9 431 128
0.5682728110574207 1.6238144512829775 0.21766062312202972 9 431 152
0.694177368448657 1.4795089478745045 0.02296509665578661 9 432 218
0.6808451662781136 1.4196134637152353 0.028136763021837208 9 432 238
0.6761744997567907 1.3900514880168207 0.028234740871130315 9 432 248
0.571742972894435 1.68039702344563 0.21644872638217727 9 433 130
0.5692757060152369 1.6575160739480057 0.2150464563345178 9 433 139
0.6695094726960424 1.3724466925993992 0.028677873719687774 9 433 254
0.6545149254015139 1.2812716654291616 0.029748297943162694 9 433 285
0.6423675472581238 1.2110184459690752 0.03133858981508508 9 433 309
0.6288885469588559 1.102470513088216 0.026974133548778756 9 433 346
0.686246367006317 1.479299052686107 0.02387107844456282 9 434 218
0.670817814843381 1.3991398840710627 0.027726995053667824 9 434 245
0.661215650441533 1.328582362707111 0.025974108339816393 9 434 269
0.6379460646552517 1.1908060460212668 0.028398521157507517 9 434 316
0.6299891690593835 1.1560600238187728 0.031711927784626504 9 434 328
0.6205201609638615 1.076992289871332 0.02807699262823382 9 434 355
0.5991521072540473 0.9769105166716943 0.03561447995656564 9 434 390
0.5752778153419631 1.7800319788148582 0.22384872752937168 9 435 90
0.572506394255073 1.764404733905693 0.22429729020022138 9 435 96
0.6405849425351664 1.2556338337269857 0.03342841107398686 9 435 294
0.5748171684098138 1.7447736101698759 0.21330497865918696 9 436 105
0.5750903720464753 1.723131385120946 0.20857636557046422 9 436 114
0.5688700625611314 1.5828250270428033 0.18832689358708654 9 436 170
0.6165283931816843 1.1194706933061076 0.03264694433580617 9 436 341
0.6170672609755683 1.1045102025104314 0.028922457551661562 9 436 346
0.570500893985018 1.7002049456709578 0.20586268309846512 9 437 123
0.5655704521040483 1.6592532446503667 0.20400574215262934 9 437 139
0.6731785441139571 1.5243103659698736 0.03608712082830312 9 437 202
0.6673390157223968 1.4577873533114674 0.030236351516691906 9 437 225
0.6419985014940741 1.2999191531427081 0.031352049196213816 9 437 279
0.6231338043241639 1.1660227099620017 0.028865272834237343 9 437 325
0.5941256859798685 0.9717592907703951 0.027397565227208487 9 437 392
0.6589789275840205 1.4227581861574807 0.029455571642678535 9 438 237
0.6448814451353324 1.338031081081319 0.030714948486288307 9 438 266
0.5964640553198297 0.9586784060907084 0.01708526951978806 9 438 396
0.5721443961363779 1.7244599293672715 0.20049207564128935 9 439 114
0.6332650114963769 1.2742938751949366 0.028392867381582976 9 439 288
0.59963135125782 1.0601088445403457 0.028969192971484592 9 439 362
0.6042693372789514 1.0471061892669287 0.020221271807566277 9 439 366
0.5951285993793678 1.022314280091488 0.027187819689712178 9 439 375
0.573285048507935 1.7765608561237887 0.20554689591467445 9 440 93
0.5638941840948823 1.6511431418974718 0.1923040487826162 9 440 143
0.5654195088487937 1.6294439128795908 0.18585753033621755 9 440 152
0.5629046123485548 1.6062629355578735 0.18443767409829892 9 440 161
0.5693643858254904 1.522099559928472 0.15871692573273055 9 440 195
0.6615796395891402 1.532151341869786 0.03912958947525835 9 440 199
0.6626145015891889 1.4786414489987594 0.02682921245426484 9 440 218
0.5877821628267692 1.0180879027455 0.03142209492905579 9 440 377
0.6571620989075617 1.455497323914718 0.024671738331794035 9 441 226
0.6439075899978641 1.3909589868240897 0.028985857455458675 9 441 248
0.5746633239097378 1.7379115696476237 0.1876109924317213 9 442 110
0.5676078689622275 1.6860674861308342 0.18632301060594791 9 442 130
0.662795811990184 1.4997398813101934 0.021650755585021164 9 442 211
0.6368030515836309 1.364983046806042 0.028464488122015963 9 442 257
0.6241957756913465 1.3098369785002668 0.033868804637021244 9 442 276
0.5725015140888225 0.9862227667963757 0.035990582250585046 9 442 389
0.6562149401575765 1.5244494635659043 0.03086220659000105 9 443 202
0.6464541757902036 1.429329401089533 0.024257993282236656 9 443 235
0.6329218427307906 1.3392519661842601 0.023716691102124043 9 443 266
0.6139649458488976 1.2841843142502793 0.03761654101399792 9 443 285
0.5866309139032309 1.0833315208323568 0.0326266804546087 9 443 355
0.5677934743775199 1.6951543702625766 0.1796829852143942 9 444 127
0.5696997299901032 1.6811282190794041 0.1742365561297905 9 444 133
0.566409269173372 1.6102275380847382 0.16397859136444648 9 444 161
0.6010116837653456 1.2243958811500364 0.03799037766595781 9 444 306
0.5753779973044177 1.0266925065452006 0.031379367696702465 9 444 375
0.5691565075660217 1.7720411095706228 0.18964340860823148 9 445 96
0.5620256049396266 1.6543324090853573 0.1748038276247743 9 445 143
0.6328248324510646 1.4001817166168258 0.0272090329021899 9 445 245
0.6159443025269646 1.3134621927010508 0.031863355924593995 9 445 275
0.5848540877021384 1.1129988219191418 0.031989741577967745 9 445 345
0.5690702604557714 1.717002836419156 0.1741951614795192 9 446 119
0.5673622517675576 1.634585626858615 0.15935981404788002 9 446 152
0.5642309796807339 1.588287900918687 0.15394701375097508 9 446 170
0.6514954250081999 1.5168743202606745 0.02173691168508851 9 446 205
0.6468761463927251 1.4736160300054153 0.01895720675936441 9 446 220
0.6175079488710522 1.3509715032306344 0.03296073799195165 9 446 262
0.6044800059509146 1.2505830731885508 0.029614188542269826 9 446 297
0.5621264667821095 0.9766279686578309 0.02962841434611163 9 446 393
0.5652058836605778 1.7599701162220265 0.18419843765648602 9 447 101
0.567468672463632 1.7440434935907416 0.17782510224239934 9 447 108
0.5507609397818255 1.5143107322853744 0.15247678130321862 9 447 198
0.6367898074070439 1.444223307573264 0.02178823078384129 9 447 230
0.6043649419790935 1.297018093446872 0.030266444379429158 9 448 281
0.6021222967873618 1.2712518241363828 0.027915465410727647 9 448 290
0.5726058592151533 1.0682926571983797 0.025439460414096615 9 448 361
0.5639397837329254 1.0231872864602571 0.02774050490006319 9 448 377
0.5803584352954061 1.9578421344483212 0.196815849257985 9 449 22
0.5723360353584783 1.801534077317395 0.17493933934839867 9 449 86
0.5682232994949168 1.7388606018293 0.16738458936832235 9 449 111
0.5677616046800162 1.6844704678176674 0.15660827853297987 9 449 133
0.6134217104813047 1.3801993359237088 0.030807678555560658 9 449 252
0.5570350907228976 0.9983183965779112 0.02731819806548219 9 449 386
0.5529430838478904 0.9728863246465187 0.02754324193647606 9 449 395
0.5686623201047944 1.7252258320826415 0.15972924289235602 9 450 117
0.6389486577970556 1.533472804015245 0.023652366378433154 9 450 199
0.6213346165883276 1.404043329900933 0.020436901872735724 9 450 244
0.6022467214053862 1.314702019363841 0.0276582046232674 9 450 275
0.584568435950598 1.2264603910464804 0.03319023603047655 9 450 306
0.5848244818109107 1.2005687431020726 0.027397533666829066 9 450 315
0.5662747050142332 1.778719692869492 0.17005853029846296 9 451 95
0.6256709885666052 1.503427996036292 0.030827258514675604 9 451 209
0.6168481939720214 1.4293540870046124 0.027267657607089824 9 451 235
0.5784238476371715 1.1839823237993428 0.02804931930087884 9 451 321
0.5757072224864861 1.9373388946554908 0.18648119300444144 9 452 31
0.568675783472623 1.7564660335145863 0.15787628967421563 9 452 105
0.5614890372623993 1.6621272074954851 0.14778254623328335 9 452 142
0.5574464318094523 1.6231929700562429 0.1450930668172521 9 452 157
0.6012956898195154 1.340904809760805 0.025273067875763555 9 452 266
0.5701843311272494 1.1445970725468289 0.026423949085234266 9 452 335
0.5404674634814124 0.9908378989948117 0.034659809970566835 9 452 390
0.5635320549686287 1.6006081075127327 0.12767993423299373 9 453 167
0.5589137301471272 1.1289828019243433 0.034020406421007454 9 453 341
0.538446589605192 0.9647671953048331 0.027353156342157625 9 453 399
0.5662097851638737 1.7326293651959195 0.14775468885880438 9 454 115
0.5671030012184788 1.1595877184279975 0.024655824462492593 9 454 330
0.5687207487986063 1.95496342077006 0.18744449300372068 9 455 23
0.6156828430276564 1.5560081513704047 0.03733484725737557 9 455 190
0.609529579967266 1.4832363317353219 0.030334383855369795 9 455 216
0.5876559184576118 1.2903571980245943 0.019484690934414406 9 455 284
0.6296484632917023 1.6613082780447759 0.03586370280320583 9 456 153
0.6031975799850582 1.4577738470912123 0.02907353394044887 9 456 225
0.5647730964478093 1.2258692803253453 0.03284767826888091 9 456 307
0.5647113617737194 1.2116587419984 0.029894057838889765 9 456 312
0.5641773433493276 1.203148911382359 0.028815749594150564 9 456 315
0.5493076907956937 1.1305703409916599 0.033947506089299306 9 456 341
0.5455197871249555 1.1053516518258077 0.02924683653637805 9 457 350
0.5414712967680193 1.0801815999776374 0.029489856246857293 9 457 359
0.52507603323566 0.9505511539514784 0.024532845111946866 9 457 405
0.5736440602218578 1.9500473547974422 0.1670432500581871 9 458 28
0.5648964629922464 1.6983518663099166 0.12513180788976097 9 458 130
0.6019818643121795 1.513741601146122 0.033573314385979325 9 458 205
0.5911315246773408 1.3791579772815876 0.019793074668849053 9 458 253
0.5730249705471033 1.2826788977509327 0.024353993666226703 9 458 287
0.56862094835891 1.268602751030121 0.02748323886871895 9 458 292
0.5629877277600919 1.2546360239645584 0.03235451897829544 9 458 297
0.5324770575034093 1.0212988027088614 0.024818215478061845 9 458 380
0.5341567665845159 1.0062142456924295 0.019225099847246963 9 458 385
0.6053959157782272 1.550643450044114 0.03214388297562287 9 459 192
0.5887480299472208 1.4100572553324457 0.02516657075342188 9 459 242
0.5791805797341332 1.3169350841410268 0.01849733349613203 9 459 275
0.554856986634094 1.192971045201793 0.025871576463730506 9 459 319
0.5510294259880042 1.164845803771192 0.025172850642945832 9 459 329
0.5379071662635668 1.0547303739473766 0.019823730205073442 9 459 368
0.506811107269403 0.8444894540391563 0.01808521024430476 9 459 443
0.6086161815168127 1.6863692742359393 0.05236646421237068 9 460 142
0.5835447250799577 1.4292341969984037 0.03201692928961286 9 460 235
0.5528143398430441 1.2216519524126093 0.03035029665499156 9 460 309
0.5400816959596899 1.1235344550712316 0.027040098669855794 9 460 344
0.5660774519015503 1.7858050507070509 0.12943601744750732 9 461 96
0.610818804906438 1.6641658179345136 0.03988592519377154 9 461 151
0.6151426563836213 1.6549924603652493 0.03179188820405798 9 461 155
0.5964847128536168 1.5497387749416605 0.035295152154350085 9 461 192
0.5735380141588675 1.3538277363033648 0.02518400293523837 9 461 262
0.5344191976101866 1.107324728769187 0.026926177008397723 9 461 350
0.6254580328866943 1.7925568480943082 0.0424961492030671 9 462 105
0.5936545521373127 1.5361506947390313 0.03174888888821403 9 462 197
0.5785375450415349 1.443238598990771 0.03294241103190321 9 462 230
0.5546462190874022 1.2585986226649355 0.02660444558363917 9 462 296
0.532794202687674 1.116197105265194 0.02656848364098119 9 462 347
0.5014148402493185 0.8901613895782446 0.021828489533189277 9 462 428
0.4998950597104115 0.8789939128141715 0.02155105175946126 9 462 432
0.6253458523465163 1.7354271292609647 0.025595884675292613 9 463 127
0.6183595349084583 1.7113017487404818 0.030257890468269544 9 463 135
0.6060600761231192 1.648134953343959 0.03394997588843207 9 463 157
0.5638966456716399 1.342849229455193 0.02724247315122419 9 463 266
0.538686944572138 1.1666767852316957 0.0246196125582836 9 463 329
0.527493923928297 1.0798942241308516 0.021586712713398626 9 463 360
0.5671330099222922 1.9669882189939014 0.15459944372021406 9 464 22
0.6191243559678594 1.7785146208797085 0.039248780225380475 9 464 110
0.5705468745548723 1.385340173560294 0.022454421576716177 9 464 251
0.5439012585231057 1.2031296034588135 0.020562677208622482 9 464 316
0.5288731083686561 1.1425076007094555 0.02871807788084646 9 464 338
0.5222243936342583 1.0347905453133537 0.01462394867925254 9 464 376
0.6148026690169157 1.753944485559036 0.03543388087182109 9 465 119
0.605946588381632 1.684348933214002 0.03282520255059662 9 465 144
0.5522650972674277 1.312495973854126 0.02798588677564018 9 465 277
0.5543886496611068 1.2874139221404868 0.01944492334888448 9 465 286
0.5462852408546185 1.2595137661103313 0.02491004003510433 9 465 296
0.5427979277294854 1.2203271995087097 0.021297338246027975 9 465 310
0.49153082220703614 0.9340249711870383 0.03177968735199155 9 465 414
0.612390084987736 1.81111893204459 0.046864825703465396 9 466 97
0.555262366356218 1.3462053546498407 0.026502941847057038 9 466 265
0.5169588844334279 1.0647481090770752 0.019510594939958992 9 466 366
0.5127084685545065 1.0109485723213298 0.013768101489080475 9 466 385
0.49316231891398865 0.9621033783020991 0.031059471772000302 9 466 404
0.5644724962552632 1.9618062358444608 0.14450793243992055 9 467 25
0.6318285833664405 1.8844558692604298 0.030493522340045764 9 467 73
0.549679509758674 1.3213731255359913 0.02444818237019497 9 467 274
0.537153188896099 1.2518596850227366 0.027134331862707528 9 467 299
0.5309541829851976 1.179271946522396 0.020035353578760517 9 467 325
0.5210341314711092 1.115390868734306 0.020213550276684478 9 467 348
0.483576413260403 0.939284797761698 0.0352560906514916 9 467 413
0.5588748978583218 1.4051187986794529 0.02509383569347534 9 468 244
0.5585661274528058 1.3803549836793954 0.020058355176210352 9 468 253
0.5323607240452388 1.2102903926063293 0.020253641226823937 9 468 314
0.5151531190993788 1.0793482434633055 0.01611650184610225 9 468 361
0.5089934026761367 1.0520823996835893 0.01897540068244208 9 468 371
0.5081191937018487 1.0321615641966164 0.015828320571599885 9 468 378
0.478889775157759 0.9118602871126102 0.03140478163098415 9 468 423
0.5618830595392521 1.9554480106442342 0.13827933126462932 9 469 28
0.609277672787981 1.773678015908529 0.029276076949114493 9 469 112
0.6001246294500739 1.719896095119716 0.030596431827407455 9 469 131
0.5953520500351515 1.6758433399772497 0.027731061975981408 9 469 147
0.5603886544071421 1.4548636097018526 0.029325089568844387 9 469 226
0.5937191280119707 1.7024366837679206 0.03139278263928347 9 470 137
0.5931858164291974 1.6626413283824144 0.023308756856331936 9 470 152
0.5515375094271637 1.396967327429794 0.024690855466122708 9 470 247
0.5421773707161954 1.355095767453702 0.028972182419018555 9 470 262
0.5224179138469769 1.2502623658616594 0.034349998058447406 9 470 300
0.5211744347071162 1.1693721023373542 0.01814966122073769 9 470 329
0.5195062818479851 1.1526301402004273 0.01684687864353651 9 470 335
0.513295724347326 1.1025096675057104 0.014714755600034657 9 470 353
0.46889683293819984 0.8659539080828478 0.026576297593712495 9 470 440
0.585632180152293 1.6501779743484857 0.02689441086168487 9 471 156
0.5699950728171981 1.557661859437982 0.029037760945368696 9 471 189
0.5620794471996837 1.5129292838620074 0.030591531509630787 9 471 205
0.565713782492907 1.4948607935655005 0.021259018804852703 9 471 212
0.5516853968093014 1.4544620480110075 0.03269237572540007 9 471 226
0.5507935309116536 1.4299994103169138 0.0285312738544794 9 471 235
0.5410197818369559 1.3223622741063898 0.01875036364406424 9 471 274
0.5424982177241565 1.2974071507853229 0.011023553394457375 9 471 283
0.5169145136405111 1.2258268692625127 0.03234246415966058 9 471 309
0.5206919912235417 1.18642405361326 0.018038278490706938 9 471 323
0.4732038630031945 0.8956821883938386 0.022363767573530646 9 471 429
0.5586516307702909 1.4859222988198315 0.024949441081330903 9 472 215
0.5041633756094002 1.0900077607468703 0.01600331118336973 9 472 358
0.49131799616933014 1.0045594827913944 0.01566014410386085 9 472 389
0.5379675049361134 1.3723236860632095 0.025168450988995783 9 473 256
0.5107488936652813 1.1455419261763615 0.014187177729844347 9 473 338
0.49199163704861004 1.0300265134537363 0.015773480002346796 9 473 380
0.4575264218733064 0.8437166952162379 0.02451319972458066 9 473 449
0.6051354417417638 1.8596265936695526 0.03140666408965842 9 474 80
0.6012923659712472 1.844754502737035 0.03371516892826065 9 474 85
0.5979108074377755 1.819906522793786 0.03309786133203829 9 474 94
0.5820233527300425 1.7298979360030267 0.036217593598208975 9 474 126
0.5828483159978506 1.678036374785203 0.023324784808990806 9 474 146
0.5273264581216675 1.3146138728106334 0.02322266604141965 9 474 277
0.5281125714594989 1.2981118826626468 0.018349440243711213 9 474 283
0.5009727961449133 1.1075977644206474 0.015401710240338318 9 474 352
0.46364650434934207 0.8957003526496805 0.02263455159306771 9 474 430
0.48087985984704584 1.007117922042389 0.01775925533347933 9 475 389
0.4702355567930414 0.9733873375893523 0.025862127634487475 9 475 402
0.4559198897481699 0.8726427454536991 0.02425331373165096 9 475 439
0.5730083657678104 1.7355762394310816 0.04162880534213409 9 476 123
0.5687362751632055 1.6508896777572004 0.028778703747424306 9 476 155
0.5350722490181954 1.430170721566959 0.02866834829121112 9 476 235
0.5250967749257431 1.3479876976817122 0.024835629044670515 9 476 265
0.5156122037139588 1.2738533302379582 0.02209842686459229 9 476 292
0.5132227467178583 1.25185393655076 0.020656326450334994 9 476 300
0.48698748030365224 1.0679573569237664 0.017878731263951675 9 476 367
0.4641803223927916 0.9581047558006279 0.026791385474748797 9 476 408
0.46526526213423025 0.9261059605285802 0.017936802792645867 9 476 419
