2.482767914565964 1.6109751292350898 1.401375423228008 9 30 361
2.4872082876122987 1.2965144849903205 1.3955364838069453 9 30 420
2.458352161248275 1.7302685345403566 1.3971757361990156 9 31 338
2.4885419706935052 1.6023081539233102 1.3968473902107015 9 31 363
2.457004737967484 1.4775415463061354 1.392332011551932 9 31 383
2.4636737266173085 1.247199994831242 1.3884606727463094 9 31 428
2.4418678602758175 1.2146949398968538 1.3863492773885724 9 31 433
2.4465278042176357 1.2065242660810707 1.3865162999962422 9 31 435
2.5024793078629375 1.8257273202218112 1.3970501954857104 9 32 326
2.465087752617264 1.774834967423103 1.3887372236683153 9 33 331
2.488877163044371 1.705281189812106 1.389108837036206 9 33 345
2.4302017247241485 1.4811985482193077 1.2743473345272585 9 56 379
2.444691497335099 1.5038724089265467 1.2701058462530936 9 57 376
2.4386042159681196 1.4255709931187064 1.2699935935847215 9 57 390
2.4416749957726958 1.3015538888169587 1.2702448953210923 9 57 414
2.4477191211356013 1.237995418158137 1.2705245824639921 9 57 427
2.4514232099690934 1.2140112803056442 1.2661492710235924 9 58 432
2.455288311732311 1.5749636802179927 1.2607442834681075 9 59 364
2.438219293229519 1.4355712489955352 1.2605977691378385 9 59 388
2.442648234952751 1.4214560424326657 1.2607739600830508 9 59 391
2.440953969106636 1.341883361104985 1.2609400546330256 9 59 406
2.445625637062062 1.2871287966517144 1.2612354487253343 9 59 417
2.4586021458774514 1.401311695317592 1.2566312222059444 9 60 396
2.420443995093982 1.318014052507982 1.2557934145598542 9 60 409
2.4273522321020726 1.3047585335588776 1.246882407897635 9 62 412
2.4590183155871275 1.2555765682643094 1.2479851194311382 9 62 424
2.46183298720491 1.6113247546684917 1.2413757979774642 9 63 358
2.453832078073284 1.2128333685726396 1.2389547779564924 9 64 432
2.427233002836573 1.4995337317063524 1.2316556497883604 9 65 375
2.4073145260237574 1.479580223338458 1.2313498620400458 9 65 377
2.425210639470737 1.471419488467478 1.2318186235470951 9 65 380
2.4465254312810183 1.4481587000963132 1.2277385954699287 9 66 386
2.440865990770644 1.3604141652020505 1.2236719391792699 9 67 402
2.4182441221329927 1.294640875938523 1.2238106853025967 9 67 413
2.4352512349385056 1.5972791592415332 1.2165768227569744 9 68 358
2.4582295505302008 1.5801754270756525 1.2171733924778976 9 68 363
2.4285517401989343 1.2275147835549955 1.220072213267955 9 68 427
2.4318083114540503 1.3771571113088419 1.213991821207479 9 69 398
2.462550349935494 1.2242336945294379 1.2161410825267502 9 69 430
2.453672959256813 1.2060898480503432 1.2161794600748 9 69 433
2.427262579917533 1.460311754342257 1.208294159817143 9 70 382
2.450459375396434 1.3164521272211727 1.2102982487110303 9 70 411
2.431001274847555 1.2579114770107542 1.2106538410806316 9 70 421
2.4202115030740954 1.345718494209969 1.2048404024339956 9 71 403
2.4659180920557127 1.2297936719926625 1.2069134741598626 9 71 429
2.417631301625153 1.4990135214464575 1.1981746486558313 9 72 374
2.4323755388209536 1.4241156069201877 1.1946067170524128 9 73 389
2.4383238070018676 1.4052737847016106 1.1949354125966503 9 73 393
2.440369896096449 1.3428036680492723 1.195817183611497 9 73 405
2.4463242349574665 1.1872593862146217 1.1980228230931667 9 73 436
2.4008298447746306 1.474565406619343 1.188811212793909 9 74 377
2.4280582308978493 1.3847838359804578 1.1903975314915134 9 74 396
2.4397508094079496 1.357976238322169 1.1909081789148317 9 74 402
2.43209023789144 1.297838874472605 1.1917017924704574 9 74 413
2.436012289650809 1.197915655580081 1.188627337857045 9 75 433
2.424679699156567 1.320127731250203 1.1820031006563174 9 76 408
2.4259020396945012 1.2591827684879362 1.1829936952539843 9 76 420
2.4291150199193727 1.4859779340746717 1.16016787318758 9 80 377
2.450920340199265 1.5908470711997358 1.1483377785626645 9 82 360
2.4393375705119937 1.4247683071795443 1.151811485745665 9 82 389
2.43669377361213 1.402178685555227 1.1522847624442103 9 82 393
2.4465266510148402 1.384937870015119 1.1526371943286284 9 82 397
2.437886241217378 1.3707685233095024 1.152939231158523 9 82 399
2.4634163076900646 1.4643512094353612 1.0826528131231974 9 96 383
2.4543121558800225 1.4220546074649802 1.0841955612834056 9 96 390
2.4445618902867428 1.4016983102435543 1.0850476170467367 9 96 393
2.4417482905330288 1.3310523990130902 1.082595966216231 9 97 406
2.4502468820490093 1.5191933756226437 1.0712789209257325 9 98 372
2.4493801572118605 1.5020046169468968 1.0718782549183679 9 98 375
2.462890522925952 1.9659944362771888 1.0292419175419594 9 103 299
2.4701804467343162 1.957420323489739 1.0186275160912563 9 105 301
2.4655842437093263 1.9479596768949723 1.0030824373029608 9 108 302
2.4356276876345717 1.247340614114044 1.0335001422216896 9 108 421
2.4277287211376413 1.275010465444872 1.0278756672660478 9 109 415
2.4302539857955 1.3918786798582918 1.017928410426065 9 110 393
2.4232588742008634 1.3462640460524256 1.020192324181715 9 110 401
2.4363993904955414 1.3356266128692074 1.020124452858522 9 110 404
2.4072474494999887 1.528848155486386 0.9831324556530666 9 116 366
2.443997591487472 1.2788910084912983 0.9934217752967358 9 116 415
2.1330105785226348 2.019685449195261 0.9578455877704987 9 119 256
2.16055079418229 2.026974412328931 0.9560076575826686 9 119 258
2.186593597652254 2.0265970118586107 0.9546391989031261 9 119 261
2.221960045807305 2.0325142559326848 0.952453987636904 9 119 264
2.407966269023799 1.791953342277336 0.8919194479155773 9 131 321
1.0192470638640618 1.9916703310425796 0.9092486958944331 9 151 75
0.8212284837002088 1.9969456763010829 0.9191330169487282 9 154 21
1.0146871377068032 1.987816680958379 0.8961389569826612 9 155 75
0.9568330157002842 1.9639290739279918 0.9008496757418389 9 156 65
0.8054267959970163 1.9849149828550035 0.9122738271248025 9 157 19
1.1447156522452075 1.9499135411828878 0.8635278554595852 9 161 113
1.2364107149638632 1.9422821585295806 0.8460410824234028 9 163 134
0.8065797506869155 1.9704805524869555 0.8911950800366335 9 164 23
0.8015451066846546 1.9601490582068788 0.8800580026354167 9 168 24
0.7873498271680623 1.9621584748451222 0.8658678011711658 9 173 20
0.8018866209949334 1.9587377514351738 0.8642596144437444 9 173 25
1.2626224228691048 1.9371610114744593 0.8010414269397138 9 174 141
0.7845520863780395 1.9597785913286945 0.8569788092134363 9 176 20
0.8027232920954486 1.9619730426690243 0.8542554991434671 9 176 25
1.0848145140672254 1.9441297487868607 0.8135078229059204 9 177 102
0.8218663804701716 1.9670870656157289 0.8413995436348832 9 179 30
0.8392327063851983 1.956640751318016 0.8399875321783031 9 179 37
1.1220504610611486 1.9427539122341528 0.7937369742852566 9 181 111
1.1080661101299758 1.9532471886762244 0.7910110284558675 9 182 106
0.8130174513486841 1.9614374625142796 0.830319304416539 9 183 29
0.8017560679232378 1.9716179372018083 0.8244620637128144 9 185 24
0.8239740701555358 1.9649526909052184 0.8152755053503312 9 187 32
1.156455188831703 1.937840430814835 0.7630057335506732 9 188 120
0.8128040958466796 1.965002097567162 0.8104914717460647 9 189 29
1.0728609760978314 1.9409813502518034 0.7684535931544256 9 190 101
1.088284308653094 1.943783670284248 0.7656829964968659 9 190 104
0.82158432146479 1.9639108429532535 0.8026806266510661 9 191 32
1.2595154961022599 1.9297185728584445 0.732107175100869 9 192 143
0.8227421598006386 1.4652344959458685 0.7368039151273379 9 233 145
0.7857345744409869 1.4385779430939947 0.7348168174607512 9 238 142
0.8190222257608912 1.3771009309933617 0.7307167267189256 9 240 167
0.7632677355431536 1.3814533975455434 0.7321042705797545 9 244 151
0.7431998404150386 1.4024317025714332 0.7252447179396935 9 247 140
0.7574689488953243 1.342590818150754 0.731434012388509 9 247 160
0.7526818341906636 1.3054878203279032 0.7332053093319275 9 249 169
0.766566297983418 1.2869408547670047 0.7327467613943033 9 249 178
0.775465980804869 1.2636059897323029 0.7343406502901852 9 249 187
0.7716010117282972 1.2293162565293994 0.7328617070400909 9 252 196
0.7450776195409596 1.2671406322562402 0.7279610807823014 9 254 178
0.7677288285359605 1.2023634523630347 0.7330234969481215 9 254 203
0.7517523819456209 1.2424305027885552 0.7277114694716457 9 255 187
0.7288469988502719 1.9347692220402484 0.5957451196880493 9 261 19
0.7388380078388523 1.17155223665244 0.7196173182760401 9 264 205
0.7233478338067592 1.9537334768292434 0.4887716336186657 9 292 18
0.717998711497418 1.9370165736915692 0.4802487136343976 9 296 20
1.0812616504357884 1.1009856224238164 0.5188268099108364 9 301 300
1.0899375107611744 1.0707153391253725 0.5223727383750181 9 301 310
1.0863222757520075 1.1148705707544542 0.510839628774731 9 302 297
1.0914126430572608 1.0820273167335555 0.5063964005619073 9 305 307
0.7450572222905838 0.7557593503372325 0.6982282197500708 9 305 354
0.7045978559611503 1.758908417199161 0.48301448085404575 9 308 52
0.68642891197494 1.757381472227169 0.48327320597509205 9 310 47
1.0779342243393835 1.091531274244653 0.4926944842284263 9 310 302
1.09812654174747 1.1293310608555474 0.4736943295234899 9 311 295
0.6649370996478141 1.7748442427418145 0.4805607949771633 9 312 37
0.7288488031303133 1.6852418134961953 0.4777817122600142 9 312 75
0.6829559506144133 1.7398915170442297 0.4754918259793208 9 314 50
1.0768931966077133 1.1015191580448835 0.4776895635989198 9 314 299
0.7008594574035112 1.69000185223735 0.4771229934347496 9 315 66
0.6955629861108235 1.663783131991844 0.48505423837208794 9 315 70
0.7378334034848448 1.616030747908518 0.477321914013341 9 316 93
1.0983208240070121 1.0642707787312518 0.4717924087529479 9 316 313
0.6793694448895016 1.6298627931995118 0.4830515853868542 9 320 73
1.0822256607602823 1.1045845227232571 0.4485072177360867 9 322 299
0.623281160569492 1.6879761728156315 0.48112208792294775 9 323 43
0.6415680712139709 1.6782437838006463 0.4764903201153413 9 323 51
0.785908602128127 1.5144859375132502 0.4605149055674017 9 323 130
1.076644022422485 1.0903196546865395 0.4506677978639545 9 323 302
0.6474685240943441 1.645820480168549 0.4788145626399417 9 324 60
0.6573878397497352 1.6286804484093973 0.4759922927260063 9 325 67
0.6580338086123309 1.5946186576134025 0.4776994376795788 9 327 75
0.6155716541533389 0.25867448211017996 0.8141354404390594 9 328 608
0.5886897907876218 1.6610762714156362 0.4824091794965055 9 329 38
0.7810808097139468 1.498126240693662 0.4469594358444229 9 329 133
1.079005154985521 1.1132833173225816 0.41751486427321494 9 331 296
0.5953118454810733 1.6318040209044657 0.47784528852050046 9 332 47
0.6071090257671055 1.6000053861811536 0.48100069115060773 9 332 58
1.0771777031828427 1.0795650072385192 0.4231593573620953 9 332 305
0.617064434974465 1.588402445844653 0.47688754262925226 9 333 64
0.5909850590431396 1.5866320768152322 0.48170510079253126 9 335 56
0.607374390488981 0.25964694503288976 0.8054688869465338 9 335 606
0.60834433151209 1.5734498613756984 0.4720095935586467 9 337 65
0.7516292088660876 1.5051109865403454 0.4312430033414232 9 337 124
0.7844736798965948 1.49186018720282 0.4212923816772447 9 337 136
0.5861516606288129 0.2471181231433477 0.813858200692358 9 337 615
0.5783978124012393 1.659496245472611 0.45946862845638203 9 338 36
0.5762429851994153 1.615575152344805 0.46840708053100455 9 339 45
0.5799656807839249 1.5816866539543162 0.4724839265580665 9 340 54
0.7773302229894872 1.4975520503467976 0.41301675262686954 9 340 133
0.7932468986857619 1.4899337523186849 0.40843262602864483 9 340 139
1.0818530602529253 1.122234804048742 0.38363195266008465 9 340 294
1.0794511393236337 1.0950895800654634 0.39151204025980246 9 340 301
1.155321186399063 0.6853827042965457 0.4645213468712739 9 340 438
0.6492630153074455 1.519494376656452 0.45685566179691794 9 341 91
0.7558003854408515 1.4986126525038077 0.4183520311279897 9 341 127
0.8890403875049406 1.5120965605483954 0.3566255436057204 9 342 158
0.7659764240479072 1.4940576551761449 0.40886193592213194 9 343 131
0.8362719694708058 1.4997153299280217 0.3782336757954252 9 343 148
1.1256717565946204 0.695786681028024 0.4648463764169506 9 343 431
0.6787174503602318 1.503674196723228 0.4395125397262607 9 344 104
0.7779524653009253 1.495335185489886 0.4003024526620792 9 344 134
0.6233846581894866 1.5163307197863443 0.456302342140429 9 345 84
0.7212935507141358 1.4973518922787115 0.420234384260776 9 345 118
1.0704576423672667 1.096695867790583 0.37791323247222475 9 345 299
0.5768595693308634 0.2412440213312741 0.8046651566246356 9 346 618
0.5665159981842176 1.6460543401656547 0.44040100466499865 9 347 36
0.5666764426197535 1.6053425714054166 0.4509696118175188 9 347 45
0.6481532291948269 1.5121015771203332 0.44092642322000974 9 347 93
0.565777216997492 1.5778373713336196 0.45556022503695437 9 348 51
0.8075180224688214 1.495612620751107 0.37461457567624035 9 348 142
0.8682853912420494 1.513964794203927 0.3440318646278133 9 348 153
0.757035376867164 1.4943136568546733 0.3931240152468445 9 349 129
1.0753471247608926 1.106920764057334 0.35957472911905874 9 349 297
1.0949676335934941 0.6961782517387274 0.4593795124629352 9 349 427
0.5673279690014055 1.621627462926673 0.4373607655793923 9 350 42
0.5716077973553273 1.6565940925814275 0.42320947725244906 9 351 36
0.7024956147454344 1.4894490530865565 0.41135242441906317 9 351 115
0.8089072408994036 1.5155973148875361 0.35870743819041806 9 351 138
0.5677405702207207 1.5610001720570328 0.4472677302364704 9 352 56
0.8495308974052389 1.521472815703204 0.3362537835721291 9 352 147
0.5697054581273708 1.6641271674117792 0.41585508970939256 9 353 34
0.7062844828082251 1.4906010348996037 0.4031100832848641 9 353 116
0.5942955372256443 0.2580524257789369 0.7813037229555972 9 353 604
0.7552224382640365 1.5112171156721097 0.3731274352994052 9 354 125
0.6232777351032109 1.5121562002876452 0.42723508194408266 9 355 86
0.7961996515840584 1.5200573630253795 0.34957134022460357 9 355 134
1.0733318151823446 1.101847917109052 0.34125216212992737 9 355 298
0.6181489324591722 0.2676005040891485 0.7649641627566146 9 355 597
0.5758862805356548 0.23922331379903988 0.7910743730234379 9 355 618
0.8078117789215034 1.516396287140172 0.3387245698289826 9 357 138
0.7962221014220496 1.516731336529537 0.3403732708091354 9 358 135
0.5675913800183569 1.6365061116097852 0.4057601321013381 9 359 40
0.6461423523269809 1.5060806768494444 0.4065759724118192 9 359 95
0.7831059018238316 1.5198917383510024 0.33861323503467466 9 360 131
0.5648881091059337 1.5925264424155174 0.4129430747812628 9 361 49
0.5669912066175489 1.5778936855386456 0.416037585897408 9 361 53
0.8196847962105547 1.5179046695816172 0.3194257958218072 9 361 141
0.6868500647489462 1.5084190709037621 0.37835782514584515 9 362 107
0.7423196934571776 1.5205527149866978 0.35005608832638213 9 362 120
0.5979408569808357 1.5151056446615603 0.41346860438354405 9 363 78
0.6140599209065813 1.5032429136073664 0.40948806539256344 9 363 86
0.5745075735786539 0.23870318977261967 0.7788129723886924 9 363 617
0.5940570827615053 0.2582393473311282 0.7628667056542556 9 364 602
0.6063131291571785 1.506768279968071 0.4029185206764423 9 366 83
0.7795058865576594 1.5270549856546407 0.31468342615166356 9 367 129
0.5745247222847043 1.6308189791199335 0.37012574315628155 9 370 45
0.5678949538131512 1.575270904239944 0.38905435796896404 9 370 55
0.5755345890708716 0.23839157491669832 0.7669555328424527 9 370 616
0.818454058418695 1.5154573872327628 0.2862972331687691 9 371 142
0.710473702594844 1.5164309285337887 0.32985524896196083 9 373 113
0.6118353059583344 0.26469811191829445 0.7373569944263422 9 373 596
0.5838857253395685 0.25207696283222564 0.7541354439668339 9 373 605
0.7219823845565934 1.5183233926711044 0.31732386515383537 9 375 116
0.7375439513246123 1.5201500461355084 0.30609624854310935 9 376 120
0.5754417283309812 1.6184589506939333 0.3482570006663559 9 378 49
0.7157774464047468 1.5206307927760068 0.309729953093392 9 378 114
0.5784744021729148 1.582662204940347 0.3542180415855274 9 379 58
0.5730325657246638 0.23893506559137684 0.7531123561117714 9 379 614
0.7353806716073035 1.5190740799018865 0.29412706675678835 9 380 120
0.6139919388487225 0.27105403232108854 0.7186128062293962 9 382 590
0.593557771475255 0.25817865262834744 0.7324002052255032 9 382 599
0.752007405091895 1.5137583224693003 0.2775695131475828 9 383 126
0.7173508169223299 1.5205834855440057 0.28915094600056424 9 384 115
0.5763215420364107 1.6675424872821898 0.30457582492066715 9 387 40
0.5746725492441637 1.6506444766820483 0.31052279583428943 9 387 43
0.5724951194449468 1.6151079604751972 0.31923133550827765 9 388 50
0.7262609620909464 1.5199087314425714 0.27162041059588105 9 388 118
0.7345362408231726 1.5127156887739408 0.26633123766458366 9 389 122
0.581283345222013 1.6773746834747407 0.2893946576775086 9 390 40
0.5946040298963033 0.2629522090085675 0.7148251459656271 9 391 594
0.5700779664668219 0.23235457960215872 0.7366023790400738 9 391 617
0.5729118850110526 1.6192661991839734 0.2987087881474092 9 394 50
0.57404382434985 1.6980977945729476 0.2703343549307151 9 395 34
0.5772511371423514 1.6747343246666522 0.2727282566275605 9 396 40
0.5746040652095767 1.656101578313926 0.27992413950680217 9 396 43
0.5750583302520991 1.6284504168920324 0.2883528210193288 9 396 49
0.6825347374012777 1.5169863443516052 0.26808945203471046 9 396 107
0.6965726132496588 1.5175797763132557 0.2573771468324346 9 397 111
0.7152622948244187 1.518807003619072 0.247360055180194 9 397 116
0.5749788873456461 0.24920312570273806 0.718747517918291 9 397 603
0.7592731563238111 0.7036824471214034 0.47579943810252223 9 399 374
0.603337865885268 0.2666121317396718 0.693316583098009 9 400 590
0.567865192439892 0.2251958702075978 0.724955208098247 9 400 621
0.6804462049559717 1.5217026492693604 0.24455967233952336 9 403 106
0.5759949820069715 1.6925106345011167 0.24147007228030892 9 404 37
0.5871271287010301 0.2611972736019963 0.6964790315787942 9 404 593
0.5741278015576199 1.65139234144202 0.2524386974539399 9 405 45
0.5735582878841747 1.6221035611881056 0.26220437083118253 9 405 51
0.6766457636268592 1.5181052791430412 0.23778572209000415 9 406 106
0.5730906736024681 0.24846129775269904 0.7045706083137789 9 406 602
0.7278568699238401 0.6939944094747943 0.47267394093772364 9 408 372
0.7333654846951556 0.6843356893195336 0.47287138176860943 9 408 377
0.566379262563951 0.22568610026273467 0.7104822290576074 9 409 619
0.5688896499736065 0.21417349463180468 0.7129011599960224 9 409 628
0.5784667661015969 1.6572058919529495 0.22853948083359554 9 411 46
0.580657571019847 1.6462612750189298 0.23096016750271486 9 411 49
0.7119106118010621 0.6987038640014396 0.47221902098539825 9 411 367
0.6751919625796512 1.5143832414867977 0.2198496482436998 9 412 107
0.598412766784424 0.2690808591390332 0.6718263053205202 9 413 586
0.5923491925415411 0.26197407950682494 0.6774972156888838 9 413 591
0.5717261639776511 1.6677007888082245 0.21883131201169737 9 414 42
0.7033903541405992 0.6922291170452677 0.4715486024133202 9 414 368
0.5707817931312386 0.24927217157113707 0.691765291216264 9 414 600
0.5740248006772893 1.6478698231348727 0.22088548401023012 9 415 47
0.6783991553614608 1.5197910393790597 0.20627080198495762 9 415 107
0.6975190062933676 0.6705483233292032 0.4746443004332742 9 417 376
0.6849840027279497 0.6930927457503153 0.4715508837031661 9 418 364
0.5666242269565969 0.2248582393223737 0.6953852693905204 9 418 618
0.5671244496215079 0.21336708156933254 0.6989855441290271 9 418 627
0.5755553555338492 1.677741922060675 0.19337222109456975 9 420 42
0.659001026320189 1.5190600513821062 0.20056555097417905 9 420 102
0.5724499239174514 1.7080389313835889 0.1814410440226878 9 421 35
0.6580033151483622 0.7038111609594748 0.4732544256833531 9 422 354
0.587726734030519 0.26395157060840196 0.6632989309901911 9 422 588
0.5722229594780919 1.6645523721888122 0.18972550688211975 9 423 44
0.5708429642284998 1.6334527684283382 0.2011765901204069 9 423 50
0.5693454290187456 0.25119873778274293 0.6762786848615892 9 423 597
0.728201347125949 1.514679862016591 0.1459443710914501 9 425 123
0.866902961302165 1.5798748807886251 0.04441290696969147 9 425 144
0.6478157648910706 0.6987292538146601 0.4735263346165397 9 425 354
0.5702677112853908 1.629620742020176 0.19291973659821904 9 426 51
0.6615431452738872 0.6611547546356246 0.47628904615594836 9 426 373
0.5670482633940301 0.23857516221171593 0.6767204928404211 9 426 606
0.5679745118975142 1.6848371843504348 0.17173570034950258 9 427 39
0.6482640851743562 0.6779880369312111 0.4756592039259313 9 427 363
0.5618176136594494 0.21521499922787124 0.686107482203703 9 427 624
0.7061799999283345 1.5112406857632348 0.1493533505674569 9 428 118
0.8030469004223544 1.5595536256053522 0.07674776213307188 9 428 133
0.5648449306272746 1.671213912804392 0.1715705087260262 9 429 41
0.6200199495452172 0.7058359945918886 0.4774447535559181 9 429 345
0.8409590500473394 1.5808613833774425 0.0399019977324917 9 430 138
0.569826492461034 1.6470450094373106 0.1671297176434332 9 432 48
0.575940963931395 0.26003814109156576 0.6535200084037984 9 432 589
0.6375698760244964 1.919644381265857 0.027512746694761336 9 433 18
0.5732779449780661 1.7183995548004165 0.13303632976068158 9 434 35
0.6694301494244814 1.5164905864180327 0.14832745977541495 9 434 107
0.6200957797120249 0.689403178133988 0.4713558597951413 9 434 352
0.7266500438712864 1.5441975417256562 0.10130954806519377 9 435 117
0.5648527112871151 0.24707888216218682 0.6593117657190127 9 435 598
0.5646389159768117 0.2351858618855287 0.6636794825069076 9 435 607
0.6172366449330637 0.667594296297523 0.4761141221426821 9 436 361
0.5645608251021792 0.2117060535949128 0.6703844352016619 9 436 625
0.7698864254144104 1.5752252934074165 0.05740024898594709 9 437 122
0.7835004829353451 1.5776139928077884 0.04846295363986175 9 437 125
0.5638442954875321 1.7055043857066678 0.12950468986974517 9 438 35
0.6569330675433891 1.524885623619026 0.1357015732911071 9 439 102
0.6686522541649719 1.5271543019058331 0.12444585467031821 9 440 105
0.5876836995252592 0.2639539580147305 0.6307101855392018 9 440 585
0.5648996818926982 1.6497647003959839 0.13884740137427554 9 441 47
0.755486133857473 1.5828468810435228 0.04853285346494607 9 441 117
0.5971543695537034 0.6936309773988699 0.466996783433967 9 441 345
0.6234891684591002 1.5174692332590716 0.14835441383049375 9 442 94
0.5571785126624271 1.6338647878173427 0.14258743309454935 9 443 48
0.5654673520197442 0.24790323028108513 0.6445351622853663 9 443 596
0.7427408327829044 1.5824127725145702 0.04538383474157204 9 444 114
0.5649735468821913 0.23570456038996346 0.6475374293061533 9 444 605
0.6362412880343551 1.5181437723327023 0.13029104074310993 9 445 98
0.7461508992352128 1.5729193203311893 0.04313375583900214 9 445 117
0.5609793088768009 0.21222812590699752 0.6568525834153255 9 445 623
0.6251464290255081 1.7502089026410115 0.044379029634665335 9 447 47
0.5862353997354902 0.27073260987768016 0.6162293310619495 9 447 579
0.591974278997175 1.6726410387583637 0.0899854643027096 9 448 52
0.6567566687063918 1.552157117629902 0.09139600714939222 9 449 97
0.5721898075673811 0.258794855424063 0.6256512540865289 9 449 587
0.5611639745062441 0.19987183076187187 0.654421196390957 9 449 632
0.6239887100094927 1.7295995936908408 0.041887432267558644 9 450 51
0.6263217466986254 1.7133430968425358 0.04291342803444076 9 451 55
0.707076639013124 1.573483640777974 0.04154547324164648 9 452 107
0.5661122361617137 0.2512069551369107 0.6268543547836365 9 452 592
0.5637330344321517 0.23889797647318556 0.6311906970713571 9 453 601
0.6287923117924419 1.703798891561291 0.034133327435136085 9 454 58
0.5632224909358079 0.2267982433275087 0.6343109807963399 9 454 610
0.6378709171195299 1.6878764384597116 0.030844481466394846 9 455 64
0.7003730132561148 1.5661538526280736 0.037690640765490446 9 455 107
0.5959618314749664 1.750959591398292 0.02968271196311445 9 456 39
0.6113659806045332 1.718753449602901 0.0322137709851158 9 456 50
0.5609988497401116 0.2004502505091859 0.6404788490034758 9 457 630
0.5910560989530578 1.7457133338532274 0.020373326735877217 9 460 39
0.5653800542790011 0.24212064482123846 0.6127906526140114 9 462 597
0.5610041506795498 0.22994975566090442 0.6185476623031062 9 463 606
0.559702032364752 0.20211374660550813 0.624965952591112 9 466 627
0.5623307435729727 0.19061436452509806 0.6277646224878654 9 466 636
0.5762557635479623 1.6563568339679189 0.03285647941839831 9 469 53
0.5535569685778835 1.7013979922045905 0.022926137136819236 9 471 37
0.5598751242948162 1.666271903519677 0.03273339590335134 9 471 46
0.5410187856922978 1.6926248551298058 0.024248767385700365 9 474 35
0.5590164816646988 0.19235262251528779 0.6135020180166249 9 475 633
