2.5216259261971 1.0013039234194276 1.103613830403447 9 3 232
2.508071941445078 0.9902653306124127 1.1043657012553556 9 3 235
2.4899466292735197 0.9614721448035546 1.1053085799111586 9 3 242
2.495028778267615 0.9506785861448459 1.1049600694090211 9 3 244
2.4646985118273963 0.872514114437883 1.1064041402012408 9 3 262
2.463051272934705 0.46809238545204734 1.104697973085136 9 3 342
2.461921407994186 0.44726212515488317 1.1046718599518486 9 3 346
2.571461685669446 1.7560455642015564 1.100065136550553 9 4 57
2.5433832485028676 1.7433706051098459 1.1017001871168315 9 4 60
2.542251518981571 1.7315017078623032 1.1017093447790054 9 4 63
2.5558811117868574 1.7158926915314718 1.1008069517177297 9 4 67
2.538384863754081 1.5782893649620227 1.1011777772505777 9 4 101
2.545824052214587 1.5407587848893243 1.1005403017422146 9 4 110
2.542192426126418 1.5284155788952654 1.100698300489134 9 4 113
2.5054566550418564 1.5053668242226128 1.102805177940858 9 4 119
2.5397628702667223 1.4654521465355597 1.100530691127736 9 4 128
2.5373741367917075 1.444374895815907 1.1005698759820246 9 4 133
2.5384572232960463 1.4143381683005516 1.1003543000112748 9 4 140
2.5261766399649455 1.3767215356081735 1.1009091803843578 9 4 149
2.5163878637669397 1.360447785922148 1.1014199684072237 9 4 153
2.514883081587067 1.347616778944115 1.1014468841274447 9 4 156
2.519134778807372 1.3078398821375914 1.1009909871473507 9 4 165
2.526388235189349 1.2937055959399486 1.1004816338990793 9 4 168
2.517192824586272 1.2550867808280566 1.1008448951557983 9 4 177
2.514492470712639 1.2242527222964905 1.100854183901824 9 4 184
2.5324732543211783 1.2079208030778668 1.0996849896289633 9 4 187
2.5280397865059068 1.1905263487640805 1.0998662531675851 9 4 191
2.5192545931119183 1.1738548421958006 1.1003143504887554 9 4 195
2.5387163874493988 1.1613389409127302 1.09907463945479 9 4 197
2.539130779583262 1.147485656813289 1.0989803631729333 9 4 200
2.520491224118765 1.1233236828018776 1.0999870968884435 9 4 206
2.5076638496573307 1.084297908520823 1.1005680108310743 9 4 215
2.5050223028117142 1.047647199354651 1.100544682532496 9 4 223
2.472308229244662 0.2948653343096066 1.0941403479131797 9 5 373
2.4627590295495714 0.24938036516653028 1.0944794904158741 9 5 382
2.525942164899736 1.6043147997696332 1.094068891911511 9 6 95
2.577024344178558 1.5362873671854247 1.0904245407520543 9 6 111
2.5585771780355224 1.524509267022844 1.0915199591928553 9 6 114
2.55352404084499 1.4697645608222574 1.0915072426042678 9 6 127
2.532713069287327 1.4071917963776515 1.0924438049784713 9 6 142
2.5464197969815334 1.3799322448658782 1.091411250147447 9 6 148
2.5299351195483557 1.2540042674955687 1.0916894982692509 9 6 177
2.471383718508478 0.3282664109729947 1.0897729787385688 9 6 367
2.472705480233004 0.27206937878670856 1.0893481831784846 9 6 377
1.374109062599267 0.10215635337018325 1.15781131484743 9 6 562
2.5719031855355623 1.7100639922611078 1.0877925775687358 9 7 69
2.5554440253625335 1.5753261886943497 1.0879659896111078 9 7 102
2.536915585329086 1.4501457381079081 1.0883363459760038 9 7 132
2.5365783523495127 1.4373637051957608 1.0882736583546888 9 7 135
2.5288451797048364 1.3429824514618012 1.0881497236770892 9 7 157
2.5230690123877597 1.2953377991175905 1.0882082021895436 9 7 168
2.488578387954825 1.2779257477216373 1.0903227934032906 9 7 173
2.5112989418013254 0.5591952736684904 1.0841032365769683 9 7 321
2.5239942318103537 0.538307031875481 1.0831444658832428 9 7 324
2.475051989101738 0.4300461351839391 1.0855927926010018 9 7 348
2.4695903209501724 0.22835078456002322 1.0846126748048381 9 7 385
2.5515006133527818 1.475178575698589 1.0834440574321023 9 8 126
2.539923941190738 1.4632004713568714 1.0841229024884023 9 8 129
2.466683639773165 0.4173568745605012 1.081482259055162 9 8 351
1.3623955400932333 0.09812774911863142 1.152123141655648 9 8 565
2.5615577897976634 1.5302026416990615 1.0790684044611472 9 9 113
2.4628970460069106 0.3094089074637394 1.0763334939880724 9 9 371
2.5667599975578117 1.7717979394411174 1.0765882232621609 9 10 54
2.557388064697713 1.7357580709403242 1.0769365950847847 9 10 63
2.574707857890865 1.712039930495994 1.0755493836192818 9 10 69
2.5527453248531877 1.6019458802478765 1.076154763324919 9 10 96
2.5058584343945585 0.6757347729848288 1.0717583527715335 9 10 299
2.489700707516304 0.5568256448953139 1.071891675969639 9 10 323
1.0984028912088175 0.08285163629369974 1.1637435583549487 9 10 631
2.5216956834683444 1.5538914319341834 1.0738482821188562 9 11 108
2.514548173392266 0.6207724885225478 1.0661645131889532 9 11 309
1.5127910569492686 0.09720623980809018 1.1319138841756273 9 11 535
1.4454172782095296 0.10012368083117984 1.1333328995636027 9 12 547
1.275349863409622 0.08622643468700986 1.1453831622699102 9 12 586
1.26172608775891 0.0867291038163025 1.1463635381477366 9 12 589
1.215341342423741 0.09480279156257865 1.149760678514785 9 12 598
1.1326804138648126 0.10138840146922523 1.1557419481124933 9 12 617
1.1050078621096515 0.09833095138697345 1.1576952928100996 9 12 625
1.4607508645480798 0.0994531859012382 1.1288645201415357 9 13 544
1.14491027375466 0.10401810089112118 1.151971254245637 9 13 613
2.46395950202662 0.4605488747421784 1.0545942177903476 9 14 343
1.1147481255635323 0.09820643377851335 1.1512320284366637 9 14 622
1.6553148889133196 0.10903029210506388 1.1074748351245445 9 15 507
1.3567145458352903 0.09765055298546699 1.1299910168094809 9 15 565
1.2155806009582928 0.0833905378193478 1.1405361038028325 9 15 600
1.1584924381299129 0.09618956531786749 1.1450048056399391 9 15 611
1.2024908749638439 0.0831555361452998 1.1385020934620385 9 16 603
1.1883182360949316 0.08510377175235906 1.1396190200822511 9 16 606
1.108168924861877 0.10346714752571762 1.14601989946109 9 16 622
1.333301196498817 0.09588482349428107 1.1253406613875039 9 17 570
1.2401929707477826 0.08660869985493314 1.1325507157858454 9 17 593
2.499145073040481 0.9087280635635329 1.0390392286742633 9 18 253
2.5217838370902244 1.0524617102840161 1.034667780860894 9 19 222
2.5162253624040485 1.0204174844828824 1.03469970760875 9 19 229
2.541033819350857 0.9809895405107973 1.0321610160418566 9 19 236
2.499653142728895 0.8448148034669638 1.0337433489820593 9 19 266
1.3988377028225394 0.10467416344535296 1.1136933089767145 9 19 554
1.3443199896065645 0.09707017665731854 1.1180343690174626 9 19 567
1.1302182288754998 0.09755755354022888 1.135481166850251 9 19 617
1.0813335383434488 0.08084542382630833 1.1392437463631768 9 19 634
2.495893403959442 0.9293638389364938 1.0307546858487138 9 20 249
1.4749639392749 0.10441399927633865 1.1040742458225474 9 20 539
1.3744781471803187 0.09039557125710518 1.1122099279528543 9 20 562
1.270532606583895 0.09697273209850255 1.1209141216972096 9 20 583
1.1008695841476095 0.07879431891560884 1.1347257601370044 9 20 629
2.4790452011357735 1.071478870671307 1.0297857613731398 9 21 220
1.5905945273702846 0.10892369181610562 1.0909728221841402 9 21 517
1.4415626887047208 0.09643450677325838 1.103356689291497 9 21 547
2.51548039086586 1.2033092511788779 1.0242960477132494 9 22 190
1.5388521486799882 0.10393415953491258 1.091748099595602 9 22 527
1.410633806091939 0.10061787723225901 1.1026881468993712 9 22 552
1.394496561696603 0.10618242252172672 1.1041534579051449 9 22 554
2.5408149514353617 1.444896878107763 1.0214920819382485 9 23 135
2.5105041823989835 1.3167191008193906 1.0221676133910522 9 23 165
2.5145373579142913 1.2446555921492002 1.0207112896805879 9 23 181
2.5186107937195965 1.1756398449517806 1.019298188774254 9 23 196
2.487741469683866 1.1167012266541994 1.0210840101959753 9 23 210
2.481610269710842 1.0714512521896669 1.0209243895507 9 23 220
1.530280100788743 0.10106256741036379 1.0889309867274397 9 23 529
1.3663488729491189 0.08204808441665312 1.1029220657293104 9 23 565
1.2820779284659158 0.1004663529781733 1.1105466331329477 9 23 579
1.1402887263583994 0.0913951389424712 1.1227610301226436 9 23 615
1.1273105513174742 0.08445341919413751 1.123785327178612 9 23 620
1.0763082224541616 0.08259138832775692 1.1282003907613585 9 23 634
2.5394199718154375 1.4584461675458935 1.0176211575731413 9 24 132
2.5383626087400377 1.2732645225001766 1.0147732782820753 9 24 174
1.4546007954042197 0.08708492687845126 1.0918958876039637 9 24 546
1.3456181073041018 0.09168035731014079 1.1016190285136132 9 24 567
1.2442566193629232 0.08060274339049323 1.1104183736827025 9 24 592
1.2316168857667058 0.08040018440798047 1.1115343730171423 9 24 595
2.508436373284343 1.3486725108074022 1.0143983183717733 9 25 158
1.4274862626734675 0.09214665727626237 1.090999406024642 9 25 550
2.5293194282129035 1.5577528358647736 1.0118133541972085 9 26 109
2.5365009200057695 1.4939770593928172 1.0100734243778375 9 26 124
2.5383189422246564 1.4810299733527081 1.0096872890091282 9 26 127
2.5346423774056603 1.4598004025044804 1.0096626222185254 9 26 132
2.4992634130102838 1.3980118601512146 1.0118463595524507 9 26 147
2.5076720023352825 1.35796927055949 1.0103975077039435 9 26 156
1.3252273249065587 0.10034645272854448 1.0971023206820687 9 26 569
1.2598799589952767 0.09356779123489023 1.1029597118958256 9 26 585
1.064446353827269 0.08067658626140295 1.1206027592207024 9 26 637
2.535520043729313 1.5790157165962082 1.0074622481461775 9 27 104
2.5309791484025075 1.52032788239182 1.0068541239806483 9 27 118
1.1878835686278792 0.08823060781964842 1.1064018868667411 9 27 603
1.1746230018814796 0.0892964330860575 1.1076514975971685 9 27 606
2.5372186997773114 1.5417242802734497 1.0024756957954497 9 28 113
2.525298885254049 1.6218906263620434 1.0009312108073567 9 29 94
1.5361569576900702 0.10950697801811105 1.0638180108032362 9 30 525
1.5121909730973921 0.10635276155676543 1.0660850054258593 9 30 530
1.4801875924246015 0.10592754050542696 1.0691850235641167 9 30 536
2.559620064580212 1.7618207908268149 0.992059470427568 9 31 60
1.4071513283366028 0.09196093761531099 1.072632571034167 9 31 553
1.3068087413578966 0.10394860619419899 1.0795276893434957 9 32 571
1.261418998748837 0.11280334225704713 1.0842463963333613 9 32 579
2.5071614443041277 1.4786288618981356 0.9790426639667894 9 34 129
2.4926241852789572 1.4411647277135784 0.9797348053035151 9 34 138
1.501159895463951 0.09872796269148676 1.0529452607170375 9 34 533
1.4545073744932517 0.11583836392210545 1.0581116349484845 9 34 538
1.4016554868307376 0.08912552941674412 1.0595856860259323 9 35 554
1.170357740112198 0.08968916449979392 1.0806668794793084 9 36 605
1.119578945278881 0.09305303764593043 1.0861134979547016 9 36 617
1.5274057097172329 0.10687372898285896 1.0397187484580899 9 37 526
1.0850332033541614 0.09236543734886471 1.0868121575296112 9 37 626
1.292200567146355 0.10840480441688038 1.0617364518417518 9 38 572
1.2536231862898424 0.10222902141663548 1.0657821632274356 9 38 582
1.1745623241796765 0.07913731080246444 1.073826270786675 9 38 606
1.062175411106871 0.08379938050580193 1.0861492694725745 9 38 634
2.4849357102274916 1.145172897465904 0.95230161163049 9 39 205
1.1003626387150707 0.09854644262885315 1.079382242297895 9 39 620
2.510096313162592 1.2242881122189613 0.9470638696688648 9 40 187
1.3628670547712427 0.0979346848797662 1.0471079244044201 9 40 559
1.2115670369201732 0.08627549775221022 1.0636994000607154 9 40 595
2.486587503703981 1.2419317957121954 0.9457766406550904 9 41 184
2.479038239280347 1.146878852474869 0.9442171165036488 9 41 205
1.2875371809657907 0.08830650854667521 1.052020028709417 9 41 577
1.243392901415357 0.0966611199356664 1.0572216597917345 9 41 585
1.2223105094217543 0.09175852166269682 1.059480123132781 9 41 591
1.3494991081213499 0.09519665521559384 1.0418467079729707 9 42 562
1.1556877490979116 0.0867568233024798 1.0638165767435281 9 42 608
1.0788735344107798 0.07765739046086972 1.072374677296111 9 42 630
2.508933697854053 1.3830791273239764 0.9382136701700406 9 43 152
2.5144586974109644 1.2840829237545361 0.9349480221383194 9 43 174
1.4081076797238434 0.0994752498030822 1.0318151003891465 9 43 549
1.2995887369273258 0.10144474695941863 1.0444498392655552 9 43 571
1.0586608901717889 0.07865797895767179 1.0717806265693766 9 43 635
2.5137288255119543 1.334139552456099 0.932005910325105 9 44 163
1.3097645680606353 0.10858205181255576 1.0401706269490134 9 44 567
1.0975526664742854 0.09264061469632434 1.064654742287038 9 44 621
2.4920288148654404 1.4895494411382995 0.9345226831417441 9 45 128
2.513453699460819 1.4055968101388365 0.9296542941342789 9 45 147
2.508077990442934 1.2902677621140837 0.9271041932404479 9 45 173
2.5261631205691666 1.6321052136400809 0.9301918165208722 9 46 94
2.501568819755904 1.565825941669647 0.9312810301599711 9 46 110
2.517783035129593 1.5525642170047265 0.9289555088029937 9 46 113
2.5185851879225614 1.3344418968964236 0.9227031864026913 9 46 163
2.507625342105514 1.3177859332734325 0.9235520569805371 9 46 167
2.5028563106200252 1.2823180511732821 0.92312500711978 9 46 175
1.51825816399818 0.11239221125245913 1.0085962694764605 9 46 525
1.1412726494845546 0.09404789393872837 1.0534457846695746 9 46 609
2.5239974234124594 1.620243278322452 0.9258928868692933 9 47 97
1.1776844736672165 0.0846108127103915 1.045675195256273 9 47 602
1.1242036164037605 0.09443777247164009 1.0524726927953862 9 47 613
1.1108167927625543 0.10047048042716855 1.0542770487773307 9 47 615
1.0581844223210792 0.08353252786840537 1.060200582389421 9 47 633
2.5018338300827887 1.328307421430387 0.9158224235899036 9 48 165
1.452190675930631 0.11609148422514726 1.009630955862311 9 48 536
1.1524860591580421 0.09302853797763033 1.0459020186914751 9 48 606
2.51269433074141 1.613294019801153 0.9186272283517107 9 49 99
1.5018973289001543 0.10983318720620527 0.9997246833378699 9 49 528
1.3524040531063486 0.10907661811809888 1.0183521370588458 9 49 557
1.2291403212040268 0.08629543671311457 1.033048021824682 9 49 589
1.0586205129243589 0.0842104365680112 1.0512984761897908 9 50 632
1.4496781324577515 0.11129988999936247 0.9992344683974198 9 51 537
1.213493175211521 0.08288503105115419 1.0285141034232175 9 51 593
1.188258001540121 0.08713572715678897 1.0318689553402218 9 51 598
1.5892997474057904 0.1062855699253833 0.9775063542819649 9 52 513
1.2733892832311593 0.10566043656163293 1.0182983592300157 9 52 574
1.2554122775272971 0.09683401016573567 1.020341376755605 9 52 580
1.0942531538591076 0.09691874838894066 1.0411638594430248 9 52 619
1.160909212921032 0.08797893046560201 1.0291471344015592 9 53 604
1.0670981554467436 0.08836565513903238 1.0414178482169352 9 53 628
2.509829610254015 1.2982557320072892 0.8874586198674148 9 54 172
1.2262745569492237 0.08461950633436466 1.0172715904773653 9 54 589
1.217385946589792 0.07611577555151272 1.018167286667095 9 54 593
1.0504431434858186 0.08950492670930021 1.040668577763915 9 54 632
2.5103436018763663 1.4893488733701779 0.8893306962294873 9 55 129
2.51264112268041 1.4060344388161643 0.8862424955525036 9 55 148
1.5356889535083382 0.11459076646373734 0.9736914625439772 9 55 520
1.3565133303070034 0.10477103690258849 0.9973085881628341 9 55 556
1.1412711838700993 0.08548219756406428 1.0254295291957645 9 55 609
1.3846098119940606 0.10089959564344397 0.9899630174440063 9 56 551
1.1175455104551533 0.09725196186903773 1.025926887233886 9 56 612
1.0352796485173754 0.09235121711009753 1.0368768458797566 9 56 635
1.3485546162458595 0.10140998990106054 0.9914398936568927 9 57 558
1.251673324252681 0.09606190779467094 1.0044908954184057 9 57 580
1.4780665814415335 0.10911325946848849 0.9704060436617964 9 58 531
1.1843746832588684 0.09330298213533106 1.0104127018350315 9 58 596
1.1231588042001661 0.09352196603543428 1.0188749311937435 9 58 611
1.1398933809076444 0.09170053008258794 1.0133836134961902 9 59 607
1.4420082411727277 0.09688283234530681 0.9678220881059496 9 60 540
1.3425530362431526 0.10444974966198295 0.9821298786339043 9 60 558
1.2968533342463213 0.10714123220881167 0.9886758171569979 9 60 567
1.4558440871047567 0.1025889960045816 0.9624844226855989 9 61 536
1.109462757126821 0.09269368104084807 1.0115138366672762 9 61 614
1.0676661133879697 0.08815979351351277 1.0173069447978813 9 61 626
1.3926702986088833 0.1160946648141361 0.968495921417185 9 62 545
1.1702294437086986 0.09560294246860779 0.9997827611270563 9 62 598
1.1579634687286662 0.09549654576040822 1.0015463235964908 9 62 601
1.2950094726292347 0.10630019742540897 0.9788433995527923 9 63 567
1.137722895212279 0.09018497271687975 1.0011323094136308 9 63 607
1.032611301568502 0.08832738603248091 1.0163664295590518 9 63 635
1.5425496135265886 0.11637064063299007 0.9394527606372343 9 64 517
1.0973860881577677 0.0902194414877886 1.0039312157397124 9 64 617
1.5016446887833912 0.10703509641502773 0.9414301299885646 9 65 526
1.397257799666633 0.10951296983051284 0.9570410038037258 9 65 545
1.2603513121084955 0.10248768031505606 0.9771124076539206 9 65 575
1.246190347982248 0.10314520078237477 0.9792427505698297 9 65 578
1.0840846323356563 0.09119333159360488 1.002866119489662 9 65 620
1.1345151129768367 0.09073210100383466 0.992212840969381 9 66 607
1.5875661060522275 0.12071127121007441 0.9215775828775273 9 67 508
1.0568830127199726 0.09431548927399191 1.0009847015056512 9 67 626
1.5353793683966392 0.11926377411533462 0.9256930400122336 9 68 517
1.3322089978650935 0.11181352739919159 0.9565042560209562 9 68 557
1.198252774477188 0.10023275177263713 0.976545895930886 9 68 589
1.1162353395931106 0.09132934553761718 0.9887425569105458 9 68 611
1.0801922810973608 0.0925456659023236 0.9943125041948885 9 68 620
1.4978965085736906 0.10708177208628022 0.9272393226393781 9 69 526
1.332229180432624 0.10187087224006408 0.9526466644387414 9 69 559
1.2437920627870318 0.10192207123310615 0.9663273860433872 9 69 578
1.067968048475553 0.09995362363352722 0.9903882127353983 9 70 621
1.0294191122438863 0.09742277087908136 0.9963025004565346 9 70 632
1.1929821370804794 0.10721625733451545 0.9679259457497174 9 71 588
1.1639531472812363 0.08931316971425751 0.9717392523170423 9 71 599
2.5147365600061002 1.6608389516405273 0.8215034937736324 9 72 91
1.5001310948734392 0.11233340655285629 0.91599223290744 9 72 524
1.149418913167894 0.08535305064605625 0.967470119404822 9 73 603
1.0610451192542574 0.0962687774779778 0.9821561663426753 9 73 623
2.5172693046799637 1.6241380202531324 0.8107561835614084 9 74 100
2.490005938549409 1.5907865964148693 0.81369659183927 9 74 108
1.3839182124196105 0.10023974048132711 0.9268736149243886 9 74 548
1.2605565063491295 0.1031497456074888 0.9470229233787323 9 74 573
1.2414473326416213 0.09081258302540762 0.9495750979714245 9 74 580
1.190025662807547 0.1030911282888809 0.9584664514252389 9 74 589
2.505992374578079 1.65437776137989 0.809580248846932 9 75 93
2.524510184096316 1.803849461607177 0.8089890523402735 9 76 57
2.495546075522698 1.561939045689158 0.8027264757928158 9 76 115
1.4323908985120108 0.10633764911252674 0.9120168928121812 9 76 537
1.4176984180177983 0.10532888612582125 0.9144001684432476 9 76 540
1.145373420441884 0.08675859148091991 0.9585799688665965 9 76 603
1.0476241273500448 0.10417517256155606 0.9755382237852073 9 76 624
2.4970117506703584 1.6051216296864315 0.8000770448069426 9 77 105
1.3536919963474603 0.09779991754598982 0.921116354676533 9 77 554
2.4935366099451652 1.5930579074765852 0.7957105095033529 9 78 108
1.2123491842655403 0.10305873192506998 0.9416392329676326 9 78 583
2.503081425468565 1.6485057541954444 0.7923260307497624 9 79 95
2.50628118722503 1.571887754824028 0.7881448681861916 9 79 113
2.508912148387216 1.5588664689388338 0.7870795499742532 9 79 116
1.0278771870649777 0.08998484188908629 0.9690579582686076 9 79 632
2.5197773032903883 1.6064502574673953 0.7830584594411706 9 80 105
1.485071423625379 0.18931422025750733 0.8923839230865064 9 80 509
1.3205343833542307 0.11159026110748149 0.9133808859208016 9 81 557
1.173734254567012 0.10894954539361734 0.9386547746025731 9 81 590
1.1160971630091083 0.09599632411515402 0.9479979041442317 9 81 607
2.532648181641365 1.8085622280810474 0.781883004278912 9 82 57
2.497011710822195 1.6546259532522014 0.7805201744648411 9 82 94
2.5090594374721165 1.5388996322417934 0.7727149483443049 9 82 121
1.0904287292564787 0.10148385490227363 0.9495666973644963 9 82 612
2.500651274307277 1.6214251129696402 0.7738345061187454 9 83 102
1.4297713426964556 0.19575140314320283 0.8913535037725977 9 83 517
1.2758649909300075 0.0980918917397573 0.9135913016896084 9 83 569
2.502496223046081 1.592125227944142 0.7676069233028117 9 84 109
2.5101018948734364 1.535627476813579 0.7634039480716068 9 84 122
2.494968453661018 1.5276301962432632 0.7656892796467982 9 84 124
1.3866516260141866 0.19051368834150484 0.8951323180495182 9 84 526
1.0335817120687545 0.08668678952289222 0.9526268601961553 9 84 630
2.502408062043482 1.6649231206004984 0.7668928914369104 9 85 92
2.4936968320555772 1.6227588313918586 0.7663007374932399 9 85 102
1.4359358987358102 0.21203441845200066 0.8838378797175871 9 85 512
1.1471043617819219 0.11544744017437925 0.9306738791612877 9 85 594
2.5013575682019753 1.5240693302198005 0.7553933339386776 9 86 125
2.500643932155658 1.5109731831836273 0.7548455724687597 9 86 128
2.4790438072098286 1.4947071894349717 0.7579100908309744 9 86 132
1.4234691718584105 0.2124781144293726 0.8824857373708039 9 86 514
1.3555392754841504 0.19782969990920618 0.894009857588644 9 86 530
1.0435306915245297 0.10295065215892318 0.9455150792398962 9 86 623
2.4949143004250365 1.6620003564014298 0.7592791344993663 9 87 93
2.520029403439133 1.5804898918375252 0.7504379192953311 9 87 112
1.125569678088926 0.10160077236227583 0.9273956041407447 9 87 602
1.0267173244568286 0.09151040094516283 0.9448935863843753 9 87 630
2.498359367897441 1.6031940680198102 0.7511219100160222 9 88 107
2.5012397656838887 1.5600341887543538 0.7483095883960674 9 88 117
1.406245337213129 0.21624864963103185 0.8786181660737348 9 88 516
2.48960572873249 1.6590767448867414 0.7512736685953366 9 89 94
1.2911484007990406 0.19920147180160352 0.895457022851563 9 89 542
1.034362576400726 0.10185837136284914 0.9378755890763968 9 89 625
1.390910816979703 0.22757850929334356 0.8749016104683233 9 90 516
2.4766951730033346 1.6477782017291758 0.7442437556610738 9 91 97
2.4895499689494818 1.6051999163424227 0.7394900108115776 9 91 107
2.502650881094271 1.526805501318184 0.7327304409645274 9 91 125
2.4927676621070365 1.4789042289138625 0.7319738478612786 9 91 136
2.494877143734196 1.6355628455119071 0.7356906352335595 9 92 100
1.3955081887852665 0.23131135400801828 0.8670768184484623 9 92 514
1.3079834893738504 0.2214928177990796 0.8831780128650233 9 92 533
1.3025460640781283 0.2130839341867814 0.8837468861956497 9 92 536
1.2435033387154415 0.20101674164687644 0.8943073599745128 9 92 551
1.0654302845781105 0.1063434498071234 0.9229340434863276 9 92 615
2.5133139703295315 1.562504318623682 0.7236074062472402 9 93 117
2.5096957716747523 1.5363810276704295 0.7228401930412898 9 93 123
1.3672726659450074 0.22730069738159409 0.8686749374461538 9 93 520
1.3467312695885247 0.21355996573935188 0.8718450430040505 9 93 527
1.2168114801960415 0.2035163779791498 0.89619389152818 9 93 556
2.494248327416562 1.6112055765254563 0.7255038073737037 9 94 106
1.2671361413843292 0.21695061671287208 0.883892516995255 9 94 542
1.0471709609512936 0.09491112907892241 0.9195145781658794 9 94 622
2.5030137322445336 1.675581108174812 0.7229849367807726 9 95 91
2.4958884833196233 1.6544231195611139 0.723164429764787 9 95 96
1.3092962008178115 0.23050514145920986 0.8695702236657641 9 96 530
1.179581055904521 0.19791886521276325 0.8931724334390869 9 96 565
2.4720877743233323 1.4922620471638006 0.7094610318900589 9 97 134
1.2221833025438966 0.21678454290877402 0.8825444908454398 9 97 551
1.2049410212564877 0.2114298840432216 0.8856466603851001 9 97 556
2.476624524921079 1.4704030871235365 0.7027184839622339 9 98 139
1.1887208286485214 0.19597066060259527 0.8846439766385108 9 98 563
1.0093069316541863 0.11296114594486273 0.9155633324682277 9 98 627
2.5071920110251837 1.557496648349653 0.6971839678903914 9 99 119
2.481926175661141 1.6065364006735354 0.7006843071997428 9 100 108
2.455206670001065 1.459690194711483 0.6972602783495828 9 100 142
1.2672223937936358 0.22525609454298134 0.8638474490717014 9 100 539
2.4932590737334595 1.4797648873614107 0.6861429395755689 9 101 137
1.1378036945358387 0.20480861833379915 0.8856210639748698 9 101 572
2.5088327340352174 1.5810895112639813 0.6845455946139657 9 102 114
1.3278977879209135 0.22304584717750364 0.8443402925750739 9 102 527
1.2992435045090303 0.22150969093250739 0.8501481072258268 9 102 533
2.5020378200821507 1.6552541486738992 0.6859743767312078 9 103 97
2.505084033115065 1.6380936693244674 0.6842768988658376 9 103 101
2.4911279168282365 1.5604412514993262 0.6823538976194143 9 103 119
2.4894518013811773 1.4810876623910563 0.677776288924043 9 103 137
1.2528248484117972 0.22281869046221958 0.8563669228025974 9 103 542
1.22063643323512 0.21767878974918742 0.8627293791486488 9 103 550
1.1606506793248834 0.2103784216058544 0.8747277517819343 9 103 565
2.495035676667039 1.6898787584946482 0.6850744833047215 9 104 89
2.5103808247051633 1.582245542990068 0.6751171744587741 9 104 114
2.4873221209261622 1.4728355384731289 0.6730814558109051 9 104 139
2.4911538949674252 1.5659807186955945 0.6735393189485329 9 105 118
2.475977817734925 1.4963466376720145 0.6723294031169198 9 105 134
1.1789152385361252 0.2209704379631523 0.8649666086486293 9 105 558
2.4712588924824135 1.6699573822739966 0.6798251192094972 9 106 94
2.4984912324514568 1.648634991980051 0.672678557613792 9 106 99
2.496526213874504 1.557613005134298 0.6672766464209453 9 106 120
2.484525320976733 1.5405498044972274 0.6687344097417718 9 106 124
2.4995604693662656 1.5266132567032553 0.6646503780473978 9 106 127
1.2795879678417195 0.21821748582051104 0.840089470201749 9 106 537
2.4922380019635506 1.5714931408453214 0.6644827749737093 9 107 117
1.226338258929017 0.22648820817800597 0.848528263215172 9 107 546
2.4782479926804535 1.6627831728858125 0.6688500098082915 9 108 96
2.483020584576523 1.6114031027092435 0.6644722913733593 9 108 108
2.1446831090429814 0.29648126079221204 0.6517080878387679 9 108 397
1.3301303704469074 0.2433405584656958 0.8238471875377429 9 108 521
2.4765751290137823 1.6888020414419311 0.6663991967055978 9 109 90
2.4883812834431502 1.6334627335278125 0.6601935814381085 9 109 103
2.4857287299386757 1.568528392366885 0.6564968869892771 9 109 118
2.204751469362557 0.29663140230651597 0.6338291968021946 9 109 391
1.0826186391168997 0.22393879129884953 0.8727623436450638 9 109 579
2.5074489782838585 1.831834018838633 0.664631083253534 9 110 56
2.471888154105828 1.6683119794651042 0.6615495560283596 9 110 95
1.1598741561031085 0.22227690705266467 0.852564272837546 9 110 561
1.1110311179940502 0.215277697057362 0.8627862634841869 9 110 574
1.1009704696772336 0.21699555854997366 0.8651016603945472 9 110 576
2.469098619684069 1.5919589816293382 0.652518597496946 9 111 113
2.4947494464896027 1.6994271361003919 0.6495205117672269 9 112 88
2.4882203932774414 1.6908822459508768 0.6503918434367314 9 112 90
2.471315451381197 1.6611179016489424 0.6521308063977072 9 112 97
2.4727696554177983 1.5930677887257376 0.6426138882380621 9 113 113
1.2143544894064888 0.2284002264668843 0.830839528132193 9 113 547
1.044912570772404 0.22202586283293568 0.8682996536969751 9 113 588
0.9546344308166332 0.21003392029500745 0.8876711386880491 9 113 615
2.4889783282790163 1.6623815706636476 0.6391455467433923 9 114 97
2.470837058436585 1.5632608697738273 0.636399142515536 9 114 120
2.019105772469826 0.2998745479809659 0.6510665212338591 9 114 409
1.972365059701596 0.30069332073875876 0.6616522432372091 9 114 414
1.172168522742967 0.22850014679973518 0.8369356972961066 9 114 556
2.467048087704318 1.688457806744705 0.6413505386386873 9 115 91
2.4781735823285342 1.675816718675534 0.6379468386961096 9 115 94
2.455956083102588 1.546951464001398 0.6340230820864889 9 115 124
2.486996001571169 1.4561866159751644 0.6206661081738919 9 115 144
0.9982297915100842 0.21664583558628103 0.8722259890025862 9 115 601
2.4777102770957207 1.594757331344757 0.6277967887039007 9 116 113
1.0078424833647932 0.21757421284699685 0.8670141660575298 9 116 598
0.9355605391966864 0.2046771055474239 0.8826266039119972 9 116 621
2.4875003330615773 1.6557506995522906 0.6252406824822712 9 117 99
1.8471351989674152 0.26671004279131916 0.6742337606077754 9 117 435
1.2408998073163255 0.244382507308206 0.8121755326192214 9 117 537
2.4609174992721243 1.6861641395205231 0.6289679648986086 9 118 92
2.4654892912270414 1.6264996001652934 0.623644568938572 9 118 106
2.4767372723045167 1.5785448573471157 0.6176105899778691 9 118 117
1.1206249342212269 0.23258298340361305 0.8357415701819697 9 118 566
1.0835236671057857 0.22765095588300488 0.8439883559611217 9 118 576
1.0346987978325868 0.21998562280752232 0.854757081066297 9 118 590
2.489683738028055 1.6998173395598442 0.6186862538556686 9 119 89
1.6843476862919937 0.27789320728133404 0.7041453640525888 9 119 454
1.2036349274774472 0.23349593322031437 0.8131479283957077 9 119 547
1.1699884695727742 0.22641557607771867 0.8204909019169517 9 119 556
1.0668555662474308 0.21874220360942465 0.8440099900097799 9 119 582
2.4735782506218937 1.5842113448679975 0.6094667389180297 9 120 116
1.8213640163337934 0.276539248612528 0.6676595140414157 9 120 436
1.6630285781234573 0.2773164811936917 0.704932159492985 9 120 457
1.1922966857876762 0.23030079873621911 0.8121563521129134 9 120 550
1.1584325382480356 0.22808681997468838 0.8199549620277591 9 120 558
0.8987286140182404 0.2035927953914627 0.879215878013354 9 120 631
2.492575609019469 1.679825711007707 0.6073341972761128 9 121 94
2.478027043019731 1.6368487379944088 0.6076245596066412 9 121 104
2.4677341711142904 1.624031783628153 0.6091203885153743 9 121 107
1.1010811479927478 0.22410721107028664 0.8298783724003331 9 121 572
0.9298089196871975 0.21042824351172928 0.8694121979932661 9 121 620
0.9007181055597855 0.21222617607192373 0.8764294356624953 9 121 628
2.468211216963906 1.6718481652212471 0.6079221086884893 9 122 96
2.463907614207656 1.4525441100463108 0.592718693849368 9 122 146
1.6416128006569812 0.28131701424970545 0.702017818952148 9 122 459
1.1114336654477095 0.23823655496320928 0.8251844088941624 9 122 566
1.0775063563983496 0.2302520209099943 0.8326792402513916 9 122 576
1.0201471804265132 0.22763232076484896 0.8461554702360423 9 122 591
1.0118729566530302 0.22000695308143747 0.8475631231635443 9 122 595
2.4960998380129538 1.8367843355202937 0.6089401739027986 9 123 57
1.168482326707108 0.23311595951027675 0.8078271170874392 9 123 554
1.1426559127688862 0.23226001613846803 0.8139607266799558 9 123 560
1.0409940397834987 0.2286364421234457 0.8349053197401669 9 124 585
0.9768844140056832 0.21934215781045818 0.849695366876409 9 124 604
0.9348884050753303 0.21779841084690554 0.8597259300708289 9 124 616
2.495132482813516 1.842348467473927 0.6004950462436704 9 125 56
1.714437728041537 0.2786934540575561 0.6716978317823339 9 125 449
1.2192567387547915 0.24899958625145402 0.7899016291265752 9 125 539
1.1928059294391609 0.23003462488116178 0.7948962903028913 9 125 549
0.8848141445082096 0.20713232330941778 0.868079904331659 9 125 633
2.4665626255687294 1.5528780703578635 0.5807740822014034 9 126 124
2.453844022437218 1.4463543848866203 0.575733722611693 9 126 148
1.631105212328908 0.2765763407384154 0.6876752623934073 9 126 461
1.600096216182532 0.28406556968652463 0.6958430757057883 9 126 464
1.0810185325506054 0.22735004686923066 0.8186289475568984 9 126 575
1.144146665066304 0.2274129720479401 0.7998067045141073 9 127 560
1.682537760467464 0.2689263794357184 0.6660276084746516 9 128 455
1.5197289426537057 0.2747940066976282 0.7068966893658751 9 128 478
1.3939135920221108 0.2750920557031087 0.7381497201726288 9 128 499
1.208182501857219 0.24370413922769418 0.7818085037941962 9 128 542
1.1943438858375015 0.2434942123134176 0.7852271776955637 9 128 545
1.181651730377659 0.23805716262837073 0.7879543869386199 9 128 549
1.1017501752069614 0.22577362948907442 0.8068313379658489 9 128 570
1.5628516697652062 0.2707106193659019 0.6918320574665275 9 129 472
1.0648230603179685 0.2244462347973375 0.8126471251398458 9 129 579
2.4657951426413858 1.5241461867143853 0.5598426154892906 9 130 131
1.039254979025965 0.22502490672466324 0.8158723974801436 9 130 585
1.6071756351297453 0.28566188618634025 0.6736977028364035 9 131 462
1.062665499962382 0.23744990614361683 0.8077221113848299 9 131 576
1.0060204061025655 0.22207683260593392 0.8208383179913518 9 131 594
0.8697343802698712 0.2191386364757053 0.8551116850963081 9 131 633
0.8604447507591195 0.2224083950810174 0.8577246744071856 9 131 635
2.4740166538656148 1.529349864882946 0.5486625473629136 9 132 130
2.4511068831971916 1.4947785804247682 0.5517212093715282 9 132 138
1.4588033935270766 0.26705096397331873 0.7058905701835314 9 132 489
1.1527165604311607 0.24496457825558693 0.782125657810264 9 132 553
1.0960700304665003 0.23220699328253036 0.795536982078188 9 132 569
2.4653336276977913 1.4854276197728373 0.5425565153232546 9 133 140
1.0493228622202824 0.22431218023438237 0.803575365829638 9 133 582
1.5821157813846312 0.2872536523257434 0.6679028325981735 9 134 465
1.544847721157768 0.2807969879111418 0.6769980254305552 9 134 472
1.355688943269346 0.2656832070143147 0.7246047786737768 9 134 507
0.9507721957994588 0.22663098609252375 0.825965213779023 9 134 607
2.4613256095666287 1.6545729067685242 0.5479345150685674 9 135 102
1.0028224111373643 0.23418955142347153 0.8099765431393293 9 135 591
0.990531697490852 0.23506723533987972 0.8132429273856714 9 135 594
0.9095051972600512 0.2080034463248599 0.8320708330681112 9 135 623
1.1413000035578977 0.23969854130521417 0.7710429350456162 9 136 556
1.0740091444339337 0.24247293594176278 0.7888734692421482 9 136 571
1.043905691309482 0.22723724246952592 0.7954823429537414 9 136 582
2.4489864607601826 1.6256787187060637 0.5393738107710453 9 137 109
1.4904831610312035 0.2768472293489772 0.6788294671813668 9 137 481
1.2913707095065898 0.25937645709561874 0.7297806212537032 9 137 520
1.2780561196497602 0.25756605780705577 0.7331339837277783 9 137 523
0.859425453303873 0.22149814228774067 0.8403135136794835 9 137 634
1.3824666271202415 0.2819069619635983 0.7038980014410712 9 138 498
1.0931246350576458 0.24262958264929613 0.7772367415461532 9 138 566
1.0787556437674917 0.23925607735211551 0.7774481695334792 9 139 570
1.0388328707938543 0.22561580012632065 0.7869324028915394 9 139 583
0.9165326935777678 0.23225801926073664 0.8201016747357079 9 139 614
2.4572840047699875 1.6230928498469648 0.5227910593787932 9 140 110
2.4832379514425584 1.5872903941612377 0.512762381230234 9 140 118
0.8904524196601138 0.22536568240071442 0.8234615976874722 9 140 623
1.1558134561462599 0.24309495996557873 0.7503393992388605 9 141 551
2.4491504723175193 1.6375211211551184 0.516763880483404 9 142 107
1.1811449688640445 0.25305847102133416 0.7408702437246394 9 142 543
1.1202147611156335 0.2336416583630685 0.7557346465429531 9 142 561
0.8662999258496731 0.21604489719280595 0.8231840580903782 9 142 632
1.3286982100933398 0.26803975714597006 0.6983524546472164 9 143 510
1.3197476831266328 0.26654246037685425 0.7006679845518058 9 143 512
1.0691584312773048 0.23276164160490032 0.7662091895923591 9 143 573
0.9091109446365675 0.2408939287557872 0.8106716173523305 9 143 613
0.8743569621836966 0.21333947482864124 0.8177581884126208 9 143 630
2.464820842450669 1.5946822531224254 0.499199169383545 9 144 117
1.3390784552337935 0.2722213888851446 0.692125135829859 9 144 507
1.2393751613876676 0.26851416670259676 0.7192216728284442 9 144 527
1.2101752202814735 0.2552254055291332 0.7260804186190455 9 144 536
1.0960870102217433 0.23869246693477741 0.7560016462917496 9 144 565
1.0297493127625723 0.23476290742770645 0.7739012449229234 9 144 582
0.8926618271267168 0.22177488517087562 0.8074246964920986 9 145 622
1.3029553013933965 0.2605379829811989 0.6936076633770997 9 146 516
0.9858054340035252 0.23403370845636684 0.779545220204088 9 146 593
0.8814368204527605 0.21791362526243452 0.8071631374180523 9 146 626
2.4841878541089195 1.6049694019043947 0.48027123176633224 9 147 115
1.2459247723675795 0.26035352299676906 0.7058489324100228 9 147 527
1.1770284280180245 0.24406882633336213 0.7236813601128957 9 147 545
1.0821624554153382 0.2414917722934593 0.7500263106503702 9 147 567
1.2040112889123542 0.2532501469528512 0.7133890251601884 9 148 537
1.0703845109227574 0.24312127446573273 0.7467879620316249 9 149 569
1.0956527690556757 0.24241501306450308 0.7361638272384405 9 150 563
1.1673294301983355 0.25423559346398905 0.7132912320991696 9 151 544
1.1552541229369522 0.2525906556162445 0.7166040689513444 9 151 547
1.1209436064370684 0.2552723361885896 0.7267003581036416 9 151 554
0.9861533137184686 0.24552208223286343 0.7644797244760091 9 151 589
0.873982871176405 0.22975714907095046 0.7952084402169632 9 151 624
1.0520069857685452 0.2422549871502273 0.7419464208998615 9 152 573
0.9262745388447147 0.23684452583389448 0.7777416390153666 9 152 607
0.9085884186019555 0.24481425530046774 0.7835935940073206 9 152 610
1.2055093963975234 0.2698402154965249 0.6966275980830239 9 153 532
1.1824589625237327 0.25591819356303525 0.7020105570708324 9 153 540
1.105554608153146 0.25570453804080406 0.7243265011608755 9 153 557
0.8499948662113637 0.22046009082669604 0.7952302841982866 9 153 633
1.1454379396720198 0.25423434803774647 0.7056128841618134 9 155 548
0.9925007431196446 0.24742554655563676 0.7499086327003572 9 155 586
0.9527413025049665 0.24112512938474406 0.7609913712524614 9 155 598
1.0595741137020687 0.24787227399454004 0.7268795446012903 9 156 569
1.0318103824654812 0.25105824537325105 0.7353935534245222 9 156 575
0.9779118172772825 0.24561302485596204 0.750802834093161 9 156 590
1.2358318459910906 0.2659321024277306 0.6728549557173058 9 157 526
1.2249152196508728 0.26601796617819495 0.6724647010344402 9 158 528
1.1258349381618167 0.2531922420720458 0.7008462023163979 9 158 552
0.8584843686158332 0.23311600116151476 0.7788466242884426 9 158 626
1.0579411929185523 0.25533977100744476 0.7179939120465952 9 159 567
1.1372746740367323 0.2534752511141516 0.6904338281256912 9 160 549
1.0399487439165556 0.24745429472593616 0.7192847494282719 9 160 573
0.978710092354601 0.2492866981842896 0.7379941499190662 9 160 588
0.9242397651810133 0.23131000159221893 0.7526961080427568 9 160 607
0.8624215285610297 0.2263271058658578 0.7709066519556853 9 160 626
1.1879316346109863 0.25664312190072414 0.6682078343632107 9 162 537
1.1111569340263607 0.2553826668449424 0.6915777386623685 9 162 554
1.0952484874531991 0.25290314565168104 0.6927422930786715 9 163 558
1.0200054966588228 0.2527818804148785 0.7158890458454515 9 163 576
0.9664053573974043 0.24738002252770785 0.7318412445273699 9 163 591
1.143622933763717 0.27014277493036687 0.6760598111184959 9 164 543
1.037599987173183 0.2462506583250874 0.7064497758437729 9 164 573
1.0554079943084007 0.248308300535782 0.6977470546567938 9 165 568
1.0471530243251597 0.248238278460025 0.7003095957576032 9 165 570
0.8624408159395196 0.24135101960081884 0.7571043361389758 9 165 621
0.967323870676801 0.24768315193708834 0.7218522656967936 9 166 590
0.8390650664536383 0.23230758164451015 0.7604196941259078 9 166 630
1.0610123238672817 0.26126165131622736 0.6870940506847499 9 168 563
0.8609269093255514 0.24009757570191304 0.7482256068706719 9 168 621
1.0213344250861067 0.25012064013261726 0.6951324205480112 9 169 575
0.9876598927064215 0.24788803478787713 0.705617503703521 9 169 584
0.9748308134660904 0.24917463542634666 0.7098365376758947 9 169 587
0.9175354862477108 0.23728335581114068 0.7236358783598948 9 170 605
0.8996612371165293 0.24138187712499137 0.7297907080605109 9 170 609
1.0104003739487037 0.25458774132019757 0.689039010722199 9 172 576
0.8303982130985728 0.2334896844788381 0.7358601452342737 9 175 630
0.9453249833286792 0.2414919124021817 0.6956590688207758 9 176 595
0.8658101467687267 0.23722002668028663 0.718356177498678 9 177 618
0.8472181689276872 0.23919310881055322 0.7247568882500126 9 177 623
0.8388454304166097 0.24124594744929473 0.7277681173612536 9 177 625
0.9719932086907141 0.2520826702412362 0.6813714262970085 9 178 585
0.847254882257745 0.2369557879176165 0.7057916320201668 9 183 622
0.9159814205621086 0.2489760442475515 0.6770695856942011 9 185 599
0.8823672919755379 0.24945745646745854 0.6855874875315052 9 186 608
0.8506793578879146 0.24600274053770477 0.6962346984522843 9 186 618
0.8587843206297201 0.2505809286598679 0.6876155668007553 9 188 614
0.8943410433527055 0.2480205131944886 0.6683026316183638 9 190 604
0.8865646781695624 0.25086230099609086 0.6649420474367885 9 192 605
0.8474969536367656 0.2435826486170951 0.6781121195296762 9 192 618
0.8291070383084784 0.2454855274045049 0.6849568716569719 9 192 623
0.8186406078511199 0.2378092121162274 0.6752529694748095 9 196 627
0.8344653758267861 0.24789238521235557 0.6611716605106859 9 199 619
0.8171700204631893 0.24650259463178115 0.6611278222152884 9 201 624
0.8213273864915362 0.8295508714233999 0.7311676993975348 9 202 458
0.7859836542731249 0.7723992978980068 0.7344715364134384 9 203 485
0.8457401989101758 0.26290069585982145 0.6460539735681059 9 203 611
0.8317572110710949 0.24787593468847158 0.6398137063051758 9 206 618
0.7473834354290041 0.7786452661716705 0.7312428318223084 9 210 492
0.7467249375528331 0.7513764412532455 0.727845999912461 9 210 501
0.8279515591018951 0.25236700256524514 0.6290179044713509 9 210 617
0.8187782220941917 0.25018664305599625 0.6291212756299283 9 211 620
0.75245204297429 0.8283034312756705 0.7305787551638474 9 212 474
0.748175937474651 0.8045182649503271 0.7290523372398618 9 212 483
0.7463774876337963 0.8440468824747303 0.7298232237949444 9 214 470
0.8513427890389744 0.25302957405118987 0.6068008108632825 9 214 609
0.841713994625481 0.25625297115093737 0.6111003104503667 9 214 611
0.8323712524110707 0.2551155407479526 0.6146877862271155 9 214 614
0.7469068489214352 0.7418551715777735 0.7101413684644442 9 216 503
0.8764664214809024 0.2588822133498141 0.5908622000167016 9 216 600
0.7468440251243218 0.8184535805139039 0.7180883776623352 9 217 478
0.8661834108216664 0.2614971155556818 0.5920596019956783 9 217 602
0.7453478745475453 0.7697534336745815 0.7064673809784899 9 219 494
0.8062166738106638 0.24883397448944855 0.6082116622183431 9 219 622
0.7820141630274096 0.24230876933969192 0.6172211518522308 9 219 631
0.8658029234079123 0.2588382407363601 0.5818363977495209 9 220 602
0.7383966935283848 0.7527797021361498 0.7014646777521223 9 221 501
0.8665192720479025 0.25906823855477823 0.5715132177433994 9 223 601
0.8359475989803684 0.2536583458084922 0.5835106467716505 9 223 611
0.8192356404184653 0.2521406187472093 0.5869972455260863 9 224 616
0.7998288805803688 0.24886918217610798 0.5750972225425177 9 230 621
0.8654414567056619 0.2593502276032087 0.5415443137104253 9 232 599
0.8318395961451703 0.26568259912756265 0.5571241841527471 9 232 607
0.8175863645792611 0.2652104403162432 0.5599433483669606 9 233 611
1.2057331574082246 0.6899040848283218 0.4506757727827011 9 234 420
0.7904090186266801 0.2675302734821947 0.5656426454138482 9 235 618
1.1592821187418447 0.6835099406586718 0.4627459965627121 9 236 429
1.1474034082986926 0.6708971535572873 0.4587167804730192 9 238 434
1.1445393230572607 0.6610168448867229 0.45846573699563287 9 238 437
0.8555713624308185 0.25619541683484837 0.5249088514073105 9 238 601
0.7965498278151686 0.26903259983102545 0.553286618782835 9 238 615
1.109287347789575 0.6141170743322379 0.46330045900176187 9 239 455
1.1485124226985857 0.696712193829334 0.4548758485535871 9 240 427
0.8118592763170454 0.2593874189121741 0.5349082758651323 9 241 612
0.7688736721452991 0.2632823775489861 0.5549944446338468 9 241 624
0.7877545009834441 0.26316396263997577 0.5431157900652136 9 242 618
1.118064965140911 0.695297092258903 0.4502105236295858 9 245 432
1.0804345995314077 0.655465515264952 0.4611683871577691 9 245 449
1.1258460283204137 0.7008921725309816 0.44018533753523215 9 247 429
1.0621299236847779 0.68574294179501 0.4602302867766386 9 249 444
1.0858383911294047 0.6951777871597553 0.44342105248985086 9 251 437
1.0264138012395998 0.6718925580512134 0.4641622955571407 9 252 454
0.7636699612130939 0.2491925375823958 0.5188683731034766 9 252 626
0.9745399177491669 0.5926166978240515 0.468675918157862 9 254 485
0.7673264733732637 0.24825495659189434 0.5035887144690809 9 256 624
0.9838342867162579 0.6671404785981118 0.46630553869604663 9 257 463
0.9674136059712053 0.6604771140732066 0.4696926973843657 9 258 468
0.9573789371433481 0.6346166558662283 0.4701704634532021 9 258 477
1.000053209761824 0.7016965436288715 0.4503391770999423 9 261 450
0.9955380488551477 0.690060471534421 0.450554150878704 9 261 454
1.1100138981479892 1.1333138352650094 0.46735484939366867 9 262 308
0.9495991432226727 0.6758186251840003 0.4673317865438408 9 262 467
0.8052177321344536 0.28658620166490456 0.4712268780879405 9 262 602
0.9315286337511268 0.652466202723295 0.46881603351077095 9 263 477
0.9216466913886132 0.6269993376125986 0.4692865280368982 9 263 486
0.9444192378501415 0.6856019552192836 0.4613494613086512 9 265 465
0.9777356816134297 0.6969766590921428 0.44315491231010373 9 266 455
0.9180075214660932 0.6431340749918195 0.4637089357857521 9 266 482
0.7475839805196196 0.24543200023047085 0.47916640175464165 9 266 628
0.9331865105438721 0.6858619322267794 0.46021493140822467 9 267 467
0.8541449463453676 0.551569985821418 0.47295579458685655 9 268 521
0.932038385032514 0.6961657130243133 0.4523940142952435 9 270 464
0.8783462006489928 0.6405094050065219 0.46985349082692895 9 270 491
0.8694279655037667 0.6223916068611386 0.4711547429277243 9 270 498
0.8702179679618869 0.6752092316584747 0.47363948338363915 9 272 483
0.8373686642343321 0.5905529205486868 0.4752034894285979 9 272 514
0.9356124951163864 0.6992143075135353 0.4408129954752854 9 273 462
1.2668933505902351 0.6934693439332488 0.26394851935148966 9 274 406
0.9827660223903092 0.707981535182507 0.4144418103503267 9 274 450
0.8847987940590349 0.6869371882403124 0.4581997144832518 9 275 476
1.4629606193500877 0.7111812601105297 0.14236613581475366 9 279 376
1.4194557133511696 0.7076989785849217 0.16480675384811527 9 279 382
0.8604165757188411 0.6864916133509548 0.45758307791613984 9 279 481
0.8346932773598319 0.6757244191244546 0.469218808739299 9 279 490
0.8280793233753543 0.6635076879468413 0.4704390023380576 9 279 495
0.8045529015745647 0.650714147100014 0.47403631030683413 9 281 504
0.7897689497177476 0.6318940271278495 0.4783868919181731 9 281 513
0.8268166147941161 0.6836116602511741 0.4617912032444548 9 283 489
0.6788194614143113 0.32867034226552194 0.473886753135768 9 283 625
0.7062029303766251 0.41946958916009236 0.47319517383734155 9 284 593
0.6975912536875815 0.39487248187621793 0.4731445562229635 9 284 602
0.7860660317205204 0.6646987911457256 0.47372482080128697 9 285 504
0.7657084226329047 0.6194397483651106 0.4760806418812683 9 285 522
0.7484701179771032 0.5894248540100744 0.4796746221557715 9 285 535
0.8503052141086882 0.6944303156230329 0.44118903931155584 9 286 480
0.7737036344429924 0.6433950282980971 0.47312764217703207 9 286 513
0.7374543076704401 0.6060729465739598 0.48251973485530164 9 287 533
0.7384109067033502 0.5653827350593499 0.47409722631797535 9 287 544
0.8035695879955729 0.686341785557788 0.45862239202987876 9 288 493
0.6623602082289983 0.3487795610032549 0.47048236909823804 9 288 624
1.0785491790999662 1.0920282732123194 0.38295378984462813 9 289 324
0.7776641024373772 0.6732274592472482 0.4670963849774732 9 289 503
0.7054344109156827 0.5502085103063021 0.4797234242105558 9 290 557
0.6530224126657735 0.3969246077311672 0.47544690893581465 9 291 614
0.8093113896930173 0.6931986724844275 0.44369134896405915 9 292 489
0.6695994898790039 0.4772702270149074 0.47575084207321194 9 293 587
0.659388354957145 0.45572510383144693 0.47718687259898507 9 293 596
0.657546524434129 0.43905308999497716 0.4748998800994253 9 293 601
1.0721732987158654 1.0843219115598566 0.3673355375745926 9 294 327
0.7814372152612834 0.6948974068763494 0.4531338547911211 9 294 495
0.7358122734779213 0.64880712051707 0.4696019917415295 9 294 520
0.6783785389044534 0.5436882116276311 0.48091402967719055 9 294 566
1.0711788845594628 1.1044664119344714 0.3683983468680585 9 295 321
0.8417124355603569 0.7035806692197946 0.417573243332809 9 295 478
0.8228243419906716 0.7049037069096356 0.42851308915029707 9 295 482
0.8075226160539162 0.7035645361409425 0.43689157967606673 9 295 486
0.7078957345745231 0.6429033975966076 0.4778811541701288 9 296 529
0.6984144216435588 0.6208479744626718 0.478812309334147 9 296 538
0.9498760891590885 0.6945629254394852 0.3474027879948026 9 297 457
0.7343019993755151 0.6761590933884774 0.46644141883292445 9 297 512
0.6262499136162218 0.39056670589362597 0.4701420788704409 9 297 623
0.8193020832092579 0.7061274585966435 0.42077276852135914 9 298 482
0.74756105175997 0.6945973705362151 0.4594399416450884 9 298 503
0.6899702848700024 0.6174210050502666 0.4766688048060488 9 298 541
0.683800973377386 0.5920229730558857 0.4750309169911603 9 298 550
1.069244388297974 1.0950721657616493 0.3534274266748305 9 299 324
0.7510364456624337 0.7006360148976085 0.45229050791245884 9 300 500
0.6150813210434273 0.39056413011995983 0.46702688127611847 9 300 626
0.7648709152506139 0.7016835550660024 0.4413028901166589 9 301 496
0.6937257551653293 0.6533389771044507 0.47248753155457124 9 301 529
0.6687590688590661 0.6055764537839043 0.47708992148786744 9 301 550
0.7303348430728787 0.6869969433980452 0.45507351479690317 9 302 509
0.7077099388406718 0.6736519356483794 0.4654466967729587 9 302 519
0.6724335374761212 0.6324356798407136 0.47740080889055814 9 302 541
0.6347809195261389 0.5212020540210078 0.4762579062716752 9 302 584
0.6291952493136959 0.49497505480832515 0.4740775332032473 9 302 593
1.0648630825428165 1.0865980209377428 0.33994370432967813 9 303 327
0.5909244287481544 0.3853624142552188 0.47049684557002425 9 303 635
1.0661498680718313 1.1124825038731037 0.34100455246339867 9 304 319
1.056940057469028 0.6975307580972785 0.2520719654829391 9 306 435
0.9224559064468381 0.6881626664635978 0.32935016008073514 9 306 463
0.5988521212611311 0.4248669967977059 0.4647000625019152 9 306 621
0.5963952362390255 0.40910293423829436 0.462834541223598 9 306 626
1.0658136067315855 1.0825231504128658 0.3241535300051006 9 307 328
0.6575032558121126 0.647548810909298 0.4738661563595039 9 307 540
1.0602007069617208 1.1047026806850466 0.3285724007792499 9 308 322
0.8722367996657834 0.6932722765133814 0.35298490499542945 9 308 472
0.7269229899722942 0.7001274498441483 0.4407114077619818 9 308 505
0.67249283187156 0.6728459854846173 0.46724598732134814 9 308 528
0.6144764452162172 0.539809387636718 0.4734999814041624 9 308 584
0.7048247192548689 0.6958273991152 0.4497697859637477 9 309 512
0.6391344716533316 0.6472439423204457 0.4755284017522139 9 310 545
0.6206066035130513 0.587746397630931 0.4739005550964195 9 310 568
1.0583444677877163 1.1085501033076626 0.3197286294707715 9 311 321
0.8604371061686578 0.6900836129528256 0.3487913192075214 9 311 475
0.6001986728918847 0.5218412738353422 0.4689498575406955 9 311 593
1.0616217901481524 1.0972010136321626 0.3117096771567449 9 312 324
0.7550805465903034 0.7036315686354957 0.41168026256018675 9 312 496
0.6564771169442797 0.6723600467636864 0.4643671783230876 9 312 532
1.0679323621070036 1.0810229140069583 0.2971129916360914 9 314 328
0.6018395509239025 0.5565555072313728 0.466221908128845 9 314 582
0.8540562264588454 0.6856233366444507 0.33758904563043046 9 315 477
0.6833549368090961 0.701903546495001 0.4451580093752493 9 315 515
1.061503711794559 1.1069519220875312 0.29938412720067686 9 316 321
0.6347413328229357 0.6779699413146127 0.46651737169272134 9 316 536
0.5777597568618467 0.5124231619002333 0.4651380160398083 9 316 602
0.6959807566179501 0.7057691654781694 0.4319793424447438 9 317 510
0.6583552265799675 0.6975461678586388 0.4532700819813168 9 317 523
0.607886958067485 0.6445494087471482 0.4726065844119458 9 317 554
1.0631040909457254 1.0927837276296817 0.2879854461387247 9 318 325
1.06865311809226 1.0837517321033883 0.2825739310834685 9 318 327
0.8496952876510455 0.6874669433543061 0.33005958501182675 9 318 477
0.8090293878396344 0.6923291598840835 0.3561881917016858 9 318 485
0.6819555505718125 0.7040181251742827 0.4339147873361989 9 319 514
0.6392197393907586 0.6847990639221493 0.45608615950856835 9 319 532
0.5943529914988781 0.6134646211898371 0.46803245689522255 9 319 567
0.5906541318096465 0.5759582382171566 0.4620126953711212 9 319 579
1.0671534381001848 1.0943345904934885 0.2784718251518068 9 320 324
0.9111995973008802 0.6854368370210513 0.28434326990566683 9 320 464
0.6199601218062021 0.6801927038055915 0.46394271556535893 9 320 539
0.5771352534096985 0.5488661979665199 0.4613203987946791 9 320 591
0.7264105265039165 0.7062748526525124 0.400413346525045 9 321 501
0.6988477147613712 0.7073803114904345 0.4178303994377104 9 321 508
0.6420896981936415 0.7007300982415303 0.4517031622703678 9 321 526
0.6129564211446539 0.6852804822846282 0.46034950002313835 9 323 539
0.5850863748005628 0.6343623419393762 0.466380689458164 9 323 563
0.579628197298399 0.5993899407356909 0.4619363081940391 9 323 575
0.5670711297444714 0.5468751555308229 0.45494663572354077 9 324 594
0.8968107159084016 0.6901932743997745 0.2759689236403746 9 325 465
0.7979056968974416 0.6903647552934651 0.33852417569242943 9 325 487
0.6751127383325177 0.7031739808999558 0.4190447959332816 9 325 515
0.5915789972733124 0.6594842413147366 0.46193663653891415 9 325 553
1.0614860062248253 1.0928061915576825 0.25947867484825804 9 326 325
0.6500218920232148 0.6996154489488322 0.43097947752851307 9 326 523
0.6288557874710188 0.6937176912158574 0.44306397778835793 9 326 531
0.6787060941478142 0.7011824699983077 0.4067580752442257 9 328 514
0.5651648209460459 0.5843249134062862 0.45249334780726547 9 328 583
1.0653898541083655 1.090959211222034 0.24537471793997878 9 329 325
1.349258588651301 0.9537948405016772 0.031736235587247474 9 329 330
0.5753108601997767 0.6574188647117658 0.459782970594095 9 329 558
0.5515581382984949 0.49685659236545865 0.43802748050689044 9 329 612
0.710316084799838 0.7013382202542875 0.3800455803520528 9 330 505
0.8689573685931853 0.6858541393955326 0.26702737283886235 9 332 471
0.6081862699223488 0.7004752790141173 0.4394742321995433 9 332 534
0.5604044566089434 0.557369016469478 0.4340184031267508 9 333 591
0.5523108198969944 0.45823804275538826 0.4160910875453855 9 333 621
0.557063738424062 0.5817355376957756 0.4388394505742499 9 334 585
0.6345731214640588 0.7086999021412923 0.4149300212398567 9 335 523
0.612654750470444 0.7004718596922894 0.4273512499553309 9 335 532
0.5576130389994172 0.611477221389757 0.4424331034359753 9 335 576
0.5537985338232343 0.5097269522112327 0.4209430314143421 9 335 606
0.5561652418209502 0.4982708825686242 0.41355375880592693 9 336 608
1.058212754837025 1.0864297217212076 0.21885240675579842 9 337 327
0.6711116839396785 0.7058734620218894 0.3838815298253553 9 337 513
0.5520692138373715 0.47563428719411194 0.4045753801785279 9 338 615
0.8752314036690845 0.684223604545569 0.23658021445256638 9 339 469
0.7393069222824018 0.686545477153141 0.32746836370430343 9 339 500
0.7161753645068192 0.6864652592908886 0.34282186140036064 9 339 506
0.633824623305123 0.7100779456967927 0.4032031959459962 9 339 522
0.5567362771518931 0.5274405640511044 0.41071059326336545 9 339 599
0.6004655778611825 0.7027245149927759 0.42053444150757024 9 340 534
0.5609633695023852 0.6512507178601492 0.434509713986977 9 340 562
0.5528354313269404 0.4724575330440335 0.39696383155173653 9 340 615
0.8637134850259298 0.6848192309463942 0.23694341552207865 9 341 471
0.6712289370574034 0.6961590111268976 0.36850614468327525 9 341 515
0.5741949627994192 0.6929317433700974 0.4326711286188716 9 341 545
0.820385851154515 0.686457082201384 0.26271380046912296 9 342 480
0.5586230436985367 0.6284059746110247 0.4244692306734096 9 342 569
0.5571345592359003 0.5743334275240128 0.41237554964972556 9 342 585
1.0621680163702394 1.104760612608785 0.19396913336596833 9 344 321
0.6227849359932006 0.7040891079528683 0.3934030310359301 9 344 526
0.6123364709693924 0.7045142213548287 0.4005739046012089 9 344 529
0.8644795365333062 0.6856157656705881 0.22166942939921874 9 345 470
0.7030596073679258 0.6840805342649872 0.33085816606598306 9 345 509
0.5612249242918119 0.4210338312475581 0.36270815355069286 9 345 624
0.5589457863512981 0.38100103872781177 0.35445094938980515 9 345 635
1.0748868733346266 1.1405563693538523 0.18643493905692532 9 346 309
1.050042332911616 1.0924554890189047 0.19153292560738944 9 346 326
0.5612614213284661 0.5904513148919399 0.4010522696906519 9 346 578
0.5610973575340874 0.6522128539234906 0.41327634839425387 9 347 560
0.5579797591875539 0.4464172349523752 0.3646269815786407 9 347 618
1.0577546221814622 1.106252264979909 0.18199673761575252 9 348 321
0.6008843831059794 0.7032726284472506 0.39555672857736146 9 348 532
1.0798466143265721 1.1420131884716906 0.17183341597698876 9 349 308
1.0560558771495085 1.0965845336634568 0.17691465680671614 9 349 324
0.6421674472989133 0.6879495404010818 0.3602031203095739 9 349 524
0.5639264677344173 0.6610243156328619 0.4073622268741488 9 349 556
0.5606318419404724 0.6026164552495041 0.39510940361805713 9 349 574
0.8652785127474409 0.6857990665049563 0.20231766975879495 9 350 469
0.6934281137530369 0.6826994469895711 0.32023962904656367 9 350 511
0.5586115869627162 0.48034367091934094 0.36286130928964844 9 350 608
0.8201105203464127 0.6886260628835793 0.23053965789594777 9 351 478
0.5612044036971087 0.6419578774380987 0.3982962137710738 9 351 562
0.5566766038049602 0.5736684353878259 0.3843302015894552 9 351 583
1.0566699049331576 1.0891856872483214 0.16302683963077058 9 352 326
0.5948063347388566 0.6999252398798319 0.3863908715852895 9 352 534
0.5580945959869716 0.44336483965198425 0.3441325099153004 9 353 617
0.5646085617086771 0.3629430106423097 0.31929324783571533 9 353 635
1.0598413214654627 1.1049850071957632 0.15702123409616298 9 354 321
0.5600395824849578 0.6015124926537982 0.37636570123157664 9 355 573
0.5601902726758954 0.5364616557025976 0.35972334302607445 9 355 591
0.5645147639405659 0.5845789803807306 0.3657230368804769 9 356 576
0.5609421998233319 0.4243234674950429 0.32735335376758257 9 356 620
0.7195828582399857 0.6855120459729115 0.27864831871157714 9 357 502
0.5629722414667628 0.5048948701507832 0.3432091760286802 9 357 598
1.0673399703470914 1.139562313067941 0.14495499285219382 9 358 310
0.7889787509589681 0.692231563331327 0.22761666919090207 9 358 483
0.6563763459073793 0.6812957286977246 0.3189554196818948 9 358 520
0.5590103633942309 0.6351510543456431 0.37622596434992217 9 358 563
0.5632901892298978 0.36264160538099244 0.3031432785445949 9 358 634
1.0603158621869824 1.087053604461313 0.13250221344022517 9 359 326
0.8467420433139983 0.6917783700098717 0.18269049764226608 9 359 470
0.691205458983239 0.6821360503425993 0.2910150276358925 9 359 510
0.5630847645067818 0.4913454465732383 0.3330748046656533 9 359 601
0.5659412230742051 0.5827846751109951 0.3514070921442365 9 360 575
0.5651733096161338 0.5583440777400073 0.345627784541109 9 360 582
0.6280324418029215 0.6831074904467457 0.32971025149132194 9 361 527
0.620426815755686 0.6769715713387657 0.33357146712223984 9 361 531
0.5657356363336943 0.6213016536847467 0.3583362032661137 9 361 564
0.5589693420657282 0.4602424687293596 0.32133487815329387 9 361 610
1.0457952083438957 1.1031046305155292 0.1313442484719025 9 363 323
0.5591989764783725 0.42251714293083387 0.30462075874549366 9 363 619
1.0598346274556356 1.111139215097626 0.11538843860667436 9 365 319
0.5633323120784371 0.5224580889582877 0.32119753515605465 9 365 591
0.5612483072657493 0.48355048842951076 0.31245356986249906 9 365 602
0.7387370409763658 0.6873174337747052 0.23353736982154039 9 366 495
0.5916615319026632 0.6790852205436402 0.3386688112262618 9 366 538
1.0527740382827115 1.1207208390647287 0.11515366462372434 9 367 317
1.0639565524886228 1.0848215402327095 0.09743205155196688 9 367 326
0.67059759856184 0.6892580565900501 0.2803466619697408 9 367 512
0.5608494904025711 0.350633829068276 0.2707537026313507 9 367 635
0.5658686841207022 0.5497592216235825 0.31666565124093426 9 368 582
1.0577351034279505 1.1255686079720002 0.10486911816129973 9 369 315
0.5633639238122401 0.6409371529594323 0.3363767309107617 9 370 557
0.5996321628755432 0.6841540468954341 0.31788389527303007 9 371 533
0.5599044797320276 0.4738674434520016 0.2873150812909572 9 372 603
0.5565616452285296 0.42749090941817514 0.2772625503917475 9 372 616
0.6970162505364379 0.6884541122166328 0.23973552330846215 9 373 504
0.6675468464442953 0.687961300343543 0.2616161765179168 9 373 512
0.6369376638862227 0.6855692649661913 0.28044808284661604 9 374 521
0.6844841022559838 1.4962163454604143 0.46015618490190335 9 376 219
0.5618536157987626 0.6269373112025809 0.3142307778108565 9 376 560
0.5551193272789452 0.4524603032465109 0.27145043423833615 9 376 609
0.5519870384562543 0.3602945868947358 0.24853144173160535 9 376 633
0.560297469600887 0.5663695689833483 0.2954630237682616 9 377 577
0.5621685981507576 0.5380280116904064 0.2862442262550202 9 377 584
0.5594529197147029 0.4811752944373122 0.2623853444362101 9 380 599
0.5581969702486429 0.5010425151370219 0.2654621023239554 9 381 594
0.6834074015060125 1.6345855254515982 0.4832914690788661 9 382 153
0.5588632403601177 0.5258259245225052 0.2684759193152555 9 382 587
0.5537708090110774 0.4291356131271846 0.23832783913002942 9 384 613
0.5630632116089558 0.6319572046586215 0.2850411953794949 9 385 556
0.5585057285515105 0.5719367447571397 0.27158772824546507 9 385 574
0.5565733838833815 0.46382374104371404 0.24247480661867282 9 385 603
0.5551361402752094 0.3438206242271993 0.20960999283397386 9 385 633
0.6734333181038352 1.6320369683273204 0.4798253442280166 9 386 155
0.5995858090163858 0.6832046975445097 0.26779234367965543 9 386 530
0.5608976269681182 0.541848046224509 0.2577978074871625 9 386 581
0.7080720310838231 1.7369341134175385 0.4800134129043889 9 387 101
0.5580041833626326 0.5179248208478553 0.24982335739782413 9 387 588
0.6491056581916278 1.5743182124285207 0.4771633216440414 9 388 185
0.580186482448998 0.6811957558226922 0.2756911843813412 9 388 536
0.5527744622131594 0.495672381600053 0.24066716567550994 9 389 595
0.6173642012739073 0.68287718294721 0.2401100659777804 9 390 524
0.5885668730212225 0.6839270030769733 0.2597980475824009 9 391 532
0.5562428109118691 0.46534738421622945 0.22221917661881707 9 391 601
0.6412145430733618 1.608072890003544 0.4775208849240764 9 394 169
0.5538414958901041 0.5800828931408173 0.24710448345102498 9 394 571
0.5556907850245972 0.5478625158537664 0.23620941887321978 9 394 579
0.6777906442544932 1.7398079837847444 0.4815998151758918 9 396 100
0.642054240200429 1.6433683156248606 0.4820235130390551 9 396 151
0.5550246275859834 0.5352759873750395 0.22613813120115056 9 396 582
0.636270399646651 1.6265477713267797 0.4791571351484234 9 397 160
0.6222053705275896 1.5924701711425728 0.48046730657939696 9 397 178
0.5524460676081892 0.4234262063335712 0.19172800312156002 9 397 611
0.5484377984256574 0.35886041220839027 0.17590676429812424 9 397 628
0.5588405266702281 0.6025497846618957 0.23259111242118946 9 399 562
0.5478222635451482 0.3273107554351111 0.1597376558582042 9 399 635
0.611479439944332 1.5764325284317495 0.476681297993649 9 400 187
0.5523057875725383 0.4158735186362579 0.17880791576251065 9 400 612
0.6320892606470854 1.644935133017199 0.4777219527464557 9 401 151
0.5560783702015599 0.4700456380171705 0.18831743489878172 9 401 597
0.6471028013675796 1.7033084590417813 0.48034494809539363 9 402 120
0.6107329689898248 1.5944658859839482 0.4775374927118954 9 402 178
0.7985756441144332 0.6384536418365814 0.036082762215282393 9 402 487
0.5901391222031549 0.6842400767571329 0.22108626793036334 9 402 529
0.5558053481962223 0.45325912100313115 0.17992374246462983 9 402 601
0.6587872093470505 1.7444414215251576 0.4805518898608697 9 403 98
0.6197463092715666 1.628729724013675 0.47786046563987683 9 403 160
0.6138360505084262 1.6156551759402746 0.4787918495752199 9 403 167
0.5578124648561534 0.5588640334218526 0.20649463603640772 9 403 573
0.5553496888255713 0.5352611283379347 0.20141160599585683 9 403 580
0.6122694463306175 0.6809304728706816 0.19487215937339286 9 404 523
0.545058936892076 0.33317230078595284 0.1452904443918024 9 404 633
0.6429908947807003 1.7280923300311914 0.4810507855182369 9 406 107
0.7782608996856908 0.6421262285081215 0.037852143315056486 9 406 490
0.5468613358988615 0.3576472049256676 0.14381685427113067 9 406 626
0.5758000957347089 0.6849262178920426 0.21593292520856133 9 407 532
0.5571983097720339 0.6155002770451663 0.21025457445415752 9 407 557
0.5477330351183578 0.4891524899204316 0.1759835233246414 9 408 593
0.5538507679055952 0.4448127823718122 0.15726843343981844 9 408 602
0.6307106840053659 1.712126709438376 0.4788202945056088 9 409 116
0.6087849555273861 1.6363207303979983 0.4739279820629513 9 409 157
0.6193879061687285 1.6938763601024553 0.48019268353041755 9 410 126
0.5486619759807849 0.5132079639517464 0.17545149597524046 9 410 586
0.5472571320853798 0.47959281693701183 0.1662619444169795 9 410 595
0.6138385317780636 1.677645290817182 0.47732620658743685 9 411 135
0.6090704252410023 1.6610765747799583 0.4762277028806865 9 411 144
0.5944420871607424 1.6148161699233545 0.4742731393971191 9 411 169
0.5878576651275876 1.5828642867357798 0.46994719321852285 9 411 186
0.5836753235576384 1.5678051522015415 0.4688208003377099 9 411 194
0.6357283290985589 1.7492433365680111 0.47846191590414877 9 412 96
0.5887863168103771 1.5983316413487674 0.47139581003929854 9 412 178
0.5506583946656026 0.4073793921865265 0.13372291019586124 9 412 611
0.625940884790876 1.7353132577959698 0.4748699924830372 9 415 104
0.6162261706726871 1.7190064215729706 0.4755491815160866 9 416 113
0.5953204592871233 1.645959767947542 0.47050802224104615 9 416 153
0.5846296348093074 1.6184083236149505 0.47101702889298536 9 416 168
0.5744625057889515 0.6826760547694223 0.18510030046252002 9 416 531
0.5537513017189531 0.6186507490645607 0.18273275705100334 9 416 555
0.6015336313751151 1.679218874256721 0.47311332855418986 9 417 135
0.5727918759095862 1.5604606553936302 0.4603630378779502 9 417 199
0.5567575951877277 0.6509250791123982 0.18682006664285122 9 417 545
0.5951836383711463 1.663065037486953 0.47094776954243656 9 418 144
0.5774103480760451 1.602380050511885 0.4670766242082989 9 418 177
0.6016106543985092 1.7032053005721643 0.4756012537236136 9 419 122
0.5725651789724495 1.5861131311728673 0.46098551755129913 9 420 186
0.612786389710457 1.7451215603024592 0.4742247065663965 9 421 99
0.5790194756788084 1.6349988524008945 0.4658957459772515 9 422 160
0.5716083602411994 1.5693123279264978 0.45128250302854456 9 422 195
0.554242524535171 0.645751884063275 0.16979374527300783 9 422 546
0.6066357220947659 1.7594480309994305 0.4767158093628865 9 424 91
0.6025738503962458 1.7278455569335651 0.4700745865360927 9 424 109
0.5909796169212372 1.704306351085079 0.4726770066216215 9 424 122
0.5863952362225692 1.688459241287398 0.46907321120630363 9 425 131
0.5639261832874947 0.6867644595311788 0.16392395679440508 9 425 531
0.5777012477426858 1.6727767502747084 0.46663208684716295 9 427 140
0.5754830683415955 1.656524067809402 0.4632965135368512 9 427 149
0.5494038178423771 0.5525531509406707 0.12592534446010895 9 427 571
0.5932656423067652 1.7509813645775412 0.47584804020119364 9 428 96
0.5646232125756228 0.6835282772226658 0.15161231941795816 9 428 531
0.5738363066001321 1.6442936704831963 0.4556703004431154 9 429 156
0.570229475434275 1.6034521073388999 0.4454707207740136 9 429 178
0.5749316689662141 0.6860032187562111 0.1396386983080966 9 429 527
0.5484268013490898 0.6240065472144218 0.1429749137370142 9 429 552
0.5685040563510205 1.5866580511947521 0.43889034274294103 9 430 187
0.5897778168205385 1.7362106915190756 0.4666174909935832 9 431 105
0.5750777741079653 1.6899311211840946 0.4645389169855796 9 431 131
0.5674715566765536 1.5695797102706117 0.4315600516314293 9 431 196
0.595207570432398 1.7631486406447348 0.46564496416711565 9 433 90
0.5822529006423969 1.7276681184906164 0.4655639351233868 9 433 110
0.5792208687276028 1.713570044679013 0.4636149986137593 9 433 118
0.6659727406586984 0.6183224930369757 0.012264296934876295 9 435 518
0.5817856653703717 1.7458255723353848 0.46455823038700605 9 436 100
0.5763160339127433 1.687869522772173 0.45006479228333185 9 436 133
0.5675831271951789 1.6716296288987715 0.45258828508494053 9 436 142
0.5690920676789918 1.6295697089359649 0.4370600736909762 9 436 165
0.5755836036368163 1.711441808278644 0.45361380160249287 9 438 120
0.567783617760926 1.6559051282634618 0.4419874965801627 9 438 151
0.5697832648722532 1.613116517730969 0.42566010300361756 9 438 174
0.5687834850259795 1.5962510549753361 0.4182295627233259 9 439 183
0.5679641610373969 1.5691513455303072 0.40978052888237304 9 439 197
0.5768347280341285 1.740231239909697 0.4546817430182155 9 441 104
0.5803237531455991 1.7681003561222788 0.45847113175252896 9 442 88
0.572775578019904 1.6365364073734154 0.42037632115830714 9 442 162
0.5658962704097661 1.5838382584916726 0.40604249731757913 9 443 190
0.5705700917556144 1.7290203037820282 0.4465805709958748 9 445 111
0.5728263050501073 1.697576296821362 0.4335691288000043 9 445 129
0.5681420700642259 1.6813644745704954 0.43235830594343705 9 445 138
0.5703787629462744 1.6708321995378883 0.42400908051270414 9 446 144
0.5672180478043634 1.5882442905115206 0.3982942217210865 9 446 188
0.5725752736850193 1.7263382222202779 0.4386754238676166 9 447 113
0.5680036855418765 1.6546493087692862 0.41801092579939303 9 447 153
0.5698159190495241 1.630398981557155 0.407843659761979 9 447 166
0.5734726040827014 1.6150334980822842 0.3990287046787052 9 447 174
0.5696768978430322 1.576694881487167 0.3865426686316509 9 448 194
0.6398880835050571 0.6886420779660657 0.009377262989801016 9 448 504
0.5681068651508014 1.6995272033520543 0.42065297173762195 9 452 129
0.5695789489236935 1.7161499295322358 0.41995810127105426 9 454 120
0.5707804410672456 1.696959575397016 0.4093386624213565 9 455 131
0.5694953488099109 1.6752052244123097 0.40280461982812843 9 455 143
0.571017221258876 1.732652099741466 0.4192902221688639 9 456 111
0.571071763235807 1.7659846669300587 0.42608951638042214 9 458 92
0.5739764987370604 1.7512462088162155 0.41534131714066647 9 459 101
0.5756778891289 1.6597092666424278 0.3805191446483722 9 459 152
0.5762189359348706 1.6427354804328314 0.37384076449995307 9 459 161
0.5804952670286563 1.6255811667638536 0.360677602836737 9 460 170
0.5832388349645101 1.595952964349298 0.3472131730401772 9 460 185
0.5755919964317749 1.7154857154306669 0.39287675519069454 9 462 122
0.5729680592374052 1.733706479228036 0.3968819337944577 9 464 112
0.5796037836081898 1.7000445017050119 0.37788766960758147 9 464 131
0.5763135354321359 1.68344318642413 0.37505582668956805 9 464 140
0.6565101475637167 0.9296822264819967 0.01784321924576515 9 464 430
0.6141792290146287 0.8226213548105032 0.020605828315299224 9 464 471
0.5871655845278989 0.7367599856895749 0.015914907130005318 9 464 502
0.5759341175334803 1.7517824098935657 0.3979560451638655 9 465 102
0.5782913382024769 1.5894959518762535 0.3356995425643401 9 465 189
0.7083066232188397 1.0665265312370253 0.012798406689364938 9 465 378
0.5826042407580845 1.6152510562784936 0.33809075978327363 9 466 176
0.720906434891391 1.1165412280417495 0.014872006558049655 9 466 360
0.7067523685169754 1.0955550216245387 0.017489830159794106 9 467 369
0.6406984446095647 0.9233023141442094 0.01988281510588452 9 467 435
0.578801046460722 1.7721670688364346 0.39476029756916664 9 468 91
0.5814935311423357 1.6678832728127015 0.3531895009338699 9 468 149
0.5826109644827592 1.6545851728311485 0.34710827828536006 9 468 156
0.6561264036211873 0.994707320760959 0.02713772251633184 9 468 410
0.6276542493692269 0.8990868369839424 0.020204787097996224 9 468 445
0.5807459284448246 0.7620210240534264 0.016410144725490294 9 468 496
0.5540091138741041 0.6870505537855839 0.01542260702957865 9 468 524
0.5504935391147632 0.6759684458367067 0.014836542619119264 9 468 528
0.5797850448507137 1.637615952528063 0.34084356308997743 9 469 165
0.6831185506399495 1.0514129379056092 0.01727451466234675 9 469 387
0.642290415542401 0.9744763187968895 0.029789657663988667 9 469 419
0.6065432670700217 0.8298281380495014 0.011859295672410175 9 469 470
0.7151568132981598 1.131246523633139 0.010929003862573783 9 470 356
0.6926919775333906 1.0773882504926948 0.013511938971118465 9 470 377
0.6495272179697593 0.9984372106918883 0.027674057067846647 9 470 410
0.5522918460790469 0.7095074458799253 0.01792662658963673 9 470 518
0.5835172922594783 1.7206718287906368 0.36269057175111774 9 471 121
0.6997607731709927 1.111025222771977 0.015173430527154697 9 471 365
0.6297023603064326 0.9264449352840307 0.0169924865295652 9 471 436
0.6110213622936786 0.880317785247194 0.01864013905314521 9 471 454
0.5827466234480279 0.797370612778219 0.016194964929378886 9 471 485
0.5684258943607131 0.7503844762303737 0.013085418866576548 9 471 502
0.6612409513443738 1.0352060023881593 0.02206400153498489 9 472 396
0.5802328034420576 1.7390902641333832 0.3675746523305399 9 473 111
0.5865217121393989 1.705001034578582 0.34823874780239916 9 473 130
0.5837862008859455 1.6919156960596318 0.34608459397454927 9 473 137
0.723953126468923 1.194077233205793 0.01426760905205704 9 473 334
0.675152581028676 1.058253507763609 0.012783782355666684 9 473 386
0.6451795502479964 1.0131994941709936 0.02639422803910607 9 473 406
0.6341144934886246 0.9786479899883654 0.024636656727313744 9 473 419
0.6040348751814533 0.885034555378253 0.019977102058971852 9 473 454
0.5853082923118063 0.8428096890836783 0.023153099309269676 9 473 471
0.5769051473636659 0.8191418956510526 0.022791690503925377 9 473 480
0.5852421389786442 1.7664120712335283 0.3701078089696277 9 474 96
0.5749409413828842 1.631336236610875 0.3293934571015056 9 474 169
0.6519992978694769 1.034048753531548 0.023556090384126094 9 474 398
0.576556012334471 1.6138586476036734 0.31825768542989585 9 475 178
0.6374956458664426 1.0079759872804956 0.024791727332928115 9 475 409
0.6203302905760033 0.9516928345029896 0.02102119442796102 9 475 430
0.6066177541171295 0.9223772828483093 0.023968016007199555 9 475 442
0.5958485108322181 0.8805695764370267 0.01912818394986182 9 475 457
0.5841122183731913 1.67592261808457 0.33132051439350485 9 476 146
0.7098535955038869 1.1576034428959732 0.003514890513687252 9 476 348
0.6812366725329104 1.0918771413252961 0.007942379446510772 9 476 374
0.5767374453561854 0.8486443394355443 0.022878816539722457 9 476 471
