2.4362316019507557 1.0303675124729255 1.4532284098250634 9 40 467
2.453827024962973 0.9532284171111763 1.455680821616518 9 40 485
2.5006702703196417 1.1292865356673052 1.4516413674830917 9 41 450
2.461126276469619 1.0742926001217998 1.4498866744723191 9 41 459
2.464641125100729 0.9963707369878814 1.4514330326640117 9 41 476
2.4544298841772996 1.176933075308667 1.443280461145323 9 42 437
2.460768738522777 1.0223933276718777 1.4464125704479813 9 42 470
2.4632182925532025 0.9681073284283976 1.447527595140149 9 42 482
2.4901319798533517 1.298893033822315 1.438936316085164 9 43 415
2.4680888941474834 1.2603464190560998 1.438208587333063 9 43 421
2.4674052097490273 1.166164150734437 1.439887719850999 9 43 440
2.4809125226532243 1.219448899457466 1.4352852367231317 9 44 430
2.45565303114669 1.191038141641688 1.4342186244793755 9 44 434
2.4903876809816 1.143944777987949 1.437327288691719 9 44 446
2.4875295998719515 1.094884472124667 1.438080270309535 9 44 456
2.4695570909588933 0.9732190334502864 1.439254677289664 9 44 481
2.4590449063784185 1.3425713022066967 1.4269736386529996 9 45 404
2.464297718200658 1.2984932798456539 1.42817425217815 9 45 413
2.4431468309615663 1.0482817110958174 1.4318140719872428 9 45 463
2.462939928837117 0.9846381321393576 1.4343082610062772 9 45 478
2.4593353145757395 0.956437798032689 1.434642431268814 9 45 484
2.4940396490495407 1.23809187416302 1.4266782903179567 9 46 427
2.492646457687979 1.158305461183216 1.4282346844265335 9 46 443
2.494889822899943 1.11530708147419 1.4292559359585308 9 46 452
2.460860888293096 1.342430552376508 1.417925870027276 9 47 404
2.4618151415322838 1.301761418041014 1.4188501825634474 9 47 412
2.4838146367526526 1.2190379430926521 1.4219254985519356 9 47 430
2.4356882921244045 1.1538016937638758 1.4204492902592079 9 47 440
2.4658778003368584 1.380419748573447 1.4127906955972995 9 48 397
2.4933537922150797 1.1234819345682414 1.4200658697814266 9 48 450
2.4726138264204005 1.074124807970567 1.419948496548722 9 48 459
2.452004860468589 0.9574676529881703 1.4213253066250755 9 48 483
2.463025567745521 1.2962388359846062 1.409923814552968 9 49 413
2.4918641859814836 1.2510303805580385 1.4125966192061072 9 49 424
2.4267350746982697 1.0001733314637784 1.414624753926172 9 49 472
2.4320147863368415 1.314487373735535 1.4032074405888688 9 50 407
2.472694969547489 1.2739858668566826 1.4064214041843561 9 50 418
2.4786171539249304 1.215818963241063 1.4081233265817519 9 50 430
2.4753977438805492 1.1653936687798414 1.4091351152341764 9 50 440
2.4966190921726006 1.1576120203256013 1.4104966298931276 9 50 443
2.439235400374731 1.3787359822236616 1.3974924142322003 9 51 395
2.499078400394477 1.2628208237588414 1.4035569132429442 9 51 422
2.4702033620603574 1.1827974864744726 1.4039438606789991 9 51 436
2.4419668868427236 1.0216941769768673 1.4063412673654658 9 51 468
2.4536652278079316 1.3220175743591667 1.3950761118180364 9 52 407
2.5219349745233335 1.149971842112397 1.403002522027565 9 52 446
2.434272969196038 1.03286877709803 1.4013194857795925 9 52 465
2.421402792693529 1.0062732460356478 1.4013086985304615 9 52 470
2.4485128886710608 1.3608635832406328 1.3892214793193305 9 53 399
2.4477461728074346 1.3039608756983456 1.390655500530884 9 53 410
2.5148908024677454 1.1620142922438392 1.397782560429103 9 53 443
2.478202243100819 1.0874845203184396 1.3978264858957092 9 53 456
2.4576919167024305 1.292007330571169 1.3869055421211016 9 54 413
2.4556231663145764 1.181372444635616 1.3897512350015442 9 54 435
2.51543485121343 1.1518221342408421 1.393531698065243 9 54 445
2.4817269152256376 1.0784862428756286 1.3938000096832996 9 54 458
2.477765522728648 1.0489112914324712 1.3943901797884997 9 54 464
2.4420255789975407 1.3367400538934584 1.3803415515837527 9 55 403
2.4965073215490405 1.0967526844431275 1.3895736869455826 9 55 455
2.452634839422804 1.2740012365793771 1.3780197628804816 9 56 416
2.4612627851578552 1.2218926131656473 1.3798965426823109 9 56 427
2.4649607659911554 1.0536059870990353 1.3848146993884556 9 56 462
2.4700556868082804 1.3994526759033121 1.370625199710244 9 57 393
2.4557163646437945 1.3777597866364664 1.3705947062481372 9 57 396
2.524802623330877 1.1483491555245757 1.3804090776081828 9 57 446
2.491330187599143 1.0941660396503947 1.3804405321504793 9 57 455
2.4575362477282057 1.244643845717521 1.3699809826037193 9 58 422
2.5074905847714493 1.1227945247180133 1.375827484343712 9 58 450
2.4571152263825877 1.2641814618607852 1.3648119006390722 9 59 418
2.4549963616215145 1.1689668473519261 1.3676228999446125 9 59 437
2.4670495501174052 1.0526522187269796 1.3716890056837494 9 59 462
2.4607339943489315 1.2549429633539222 1.3606779322531581 9 60 420
2.466642630607095 1.19701896018176 1.362735103783594 9 60 432
2.4628880059674882 1.1564171725840857 1.3638470043943842 9 60 440
2.4523625423936553 1.3747211441229337 1.35192826486322 9 61 396
2.459934964642019 1.3568458015725984 1.352806726283966 9 61 400
2.4529054980866194 1.3436414587027616 1.3529453587718594 9 61 402
2.4606098777240324 1.31047637570764 1.3543187191007324 9 61 409
2.467368032623392 1.231697583996847 1.3571143418656306 9 61 425
2.485885598391242 1.0952807031740193 1.3622308508493428 9 61 454
2.4585946321514345 1.053882390733218 1.3624531787584597 9 61 461
2.4446758919707774 1.035823637377896 1.3624687530730188 9 61 464
2.462882918692355 1.3315665404320747 1.3490931485147517 9 62 405
2.455044481021666 1.182257771942765 1.3536826265111244 9 62 434
2.4927754268306863 1.121070309887546 1.3571620773802 9 62 449
2.446827804724761 1.2737646625972567 1.3457816399986808 9 63 415
2.4678438047234486 1.235486484164313 1.3432741543815199 9 64 424
2.467140636627621 1.200239817111778 1.3444585808206706 9 64 431
2.4627272717020903 1.1888236500801814 1.3446903314749459 9 64 433
2.484045660933112 1.1076589724266324 1.3482500880959398 9 64 451
2.4883547832336896 1.1356732498791593 1.324706468574298 9 69 445
2.4235443642654597 1.3540554074671005 1.3098239990184228 9 70 397
2.414599314231449 1.3401089832450732 1.3101171839801746 9 70 399
2.448575902824525 1.307042882015879 1.3123560490887665 9 70 408
2.44171908233582 1.2636546779856999 1.3138548323791195 9 70 416
2.4611430881061893 1.2202695183761534 1.3160886787089785 9 70 426
2.4789638882896137 1.1170785884433037 1.3160708843811486 9 71 448
2.4376230930406027 1.3746085488976507 1.300054062511266 9 72 394
2.441698602263401 1.3138142681822846 1.3026198609687702 9 72 406
2.468355912808562 1.1868660993575224 1.3084348402217352 9 72 433
2.477972799916297 1.096882476713788 1.3123228708439205 9 72 452
2.4483024639152204 1.3056135754328684 1.2984692180493451 9 73 408
2.4507767747682956 1.260545760121341 1.3003890682680717 9 73 417
2.465289810892741 1.2152829024449456 1.3026035052000677 9 73 427
2.480738574145307 1.0635545969465932 1.309236429640975 9 73 459
2.4325419078675705 1.3716978723473001 1.2906823136501466 9 74 394
2.4280074172588524 1.3541755785226286 1.2913178684709867 9 74 397
2.481768584704846 1.0825251636565407 1.3039508077513635 9 74 455
2.4425498614680956 1.033125389099155 1.3051502636737173 9 74 463
2.4482833732285965 1.3150408895512515 1.2887533556898965 9 75 406
2.4814212538075164 1.1060797793324675 1.298403233406408 9 75 450
2.476870896395475 1.0950075597492743 1.2987820423743597 9 75 452
2.4469749402564847 1.1629730484163359 1.290692365799554 9 76 436
2.4562255577906686 1.1463905311046867 1.2915972714868094 9 76 440
2.464894492413418 1.1393933706695765 1.2920725871966092 9 76 442
2.458357239351561 1.0507402493819673 1.2958120140537317 9 76 460
2.4303142014136987 1.2562929351168646 1.281691277496681 9 77 416
2.472499492411723 1.0782128089948386 1.2903677568799963 9 77 455
2.4604041317185628 1.3340206352270552 1.2740778151346426 9 78 403
2.4606556158864628 1.2012882234848052 1.2800798079741043 9 78 429
2.475992417195862 1.1567273405681782 1.2823513369769974 9 78 439
2.4716097520064397 1.1112441108515019 1.2843328664456755 9 78 448
2.4555077248372355 1.3421191135180952 1.268915612553078 9 79 401
2.418220315432106 1.291042382769713 1.2660624366706048 9 80 408
2.4413226817382307 1.253892800245803 1.268123024356828 9 80 417
2.468521232872589 1.1582420457134572 1.272975947869838 9 80 438
2.458546599651076 1.0439640362122524 1.2781785882924166 9 80 461
2.445469742032105 1.2096088095242352 1.265646499972563 9 81 426
2.448118818425237 1.1707705751605577 1.2675259886165697 9 81 434
2.4827636681758802 1.1278422021258803 1.2700035332030963 9 81 445
2.459142527538487 1.0721778650927696 1.2723513929328907 9 81 455
2.4384954860865107 1.3237165279364167 1.2554459133947213 9 82 403
2.4174535997048836 1.284770330826322 1.2570917093722827 9 82 409
2.436080100018458 1.2662878702749458 1.2581935289392059 9 82 414
2.4257245104768046 1.2422592196294406 1.2592383846514734 9 82 418
2.4608051712977224 1.0388207056893204 1.269460927048313 9 82 462
2.4393169166188735 1.221534942054388 1.255777851599892 9 83 423
2.4799412369095197 1.121040515560844 1.2611104436062694 9 83 446
2.438663552766377 1.2816588777046383 1.2481545897992576 9 84 411
2.443952025394133 1.167925857625594 1.25387249359355 9 84 434
2.4645768818642906 1.1011676294465629 1.257375912607953 9 84 449
2.432175518231617 1.3564382618865767 1.2396510232112723 9 85 396
2.4156307405647723 1.2372331225591058 1.2455754381575317 9 85 418
2.44713635566879 1.2736717050168571 1.239270189939002 9 86 413
2.425579892309893 1.1805247651950979 1.243942816117647 9 86 430
2.436267431187695 1.3519871765318192 1.2304498693168533 9 87 397
2.439378252480299 1.2550517226559648 1.2355270245362555 9 87 416
2.4311468385368866 1.328624327032713 1.22694039614548 9 88 401
2.4888214828224346 1.1360447990720441 1.2373121297853236 9 88 443
2.462233552804592 1.0838951725250694 1.2400042776639122 9 88 452
2.4340298853589846 1.3397623697064844 1.2216317790888567 9 89 399
2.45288831564896 1.2847306290663905 1.2246189121985944 9 89 411
2.4313656822179497 1.1662364938936869 1.2309671545439271 9 89 433
2.4311824217261195 1.0455745559325709 1.237460793935024 9 89 458
2.4239639517229503 1.2128499339104708 1.2238325542067334 9 90 423
2.4279818516962544 1.1992825166169632 1.2245731689173995 9 90 426
2.4616079243066733 1.1559784031270042 1.2269356214466183 9 90 437
2.457992181551214 1.1009320250129773 1.2299418400026325 9 90 448
2.4319190454078248 1.3485373411716548 1.2116836756324045 9 91 397
2.4615639015967954 1.0918136370381404 1.2258616177034707 9 91 450
2.4283306883477396 1.0389923373674927 1.2288371306083294 9 91 459
2.4455050095729836 1.3094308573702544 1.185374229873823 9 97 405
2.466605510834459 1.275836000588828 1.1871838835513142 9 97 413
2.4458316377358678 1.1671611188564828 1.1939288685294511 9 97 433
2.467148325857279 1.1099167776018974 1.1971589387790027 9 97 446
2.43828398888113 1.342814005229208 1.1786639356488162 9 98 398
2.441421116823701 1.2970300418669312 1.1814184995323935 9 98 407
2.4405670708934672 1.2351500801298245 1.1851997094857196 9 98 419
2.465009719806891 1.0941043915550692 1.1935166783434914 9 98 449
2.460538211391908 1.0302538470798528 1.1974593491580385 9 98 462
2.423804801528623 1.1736897239282902 1.1845135078565405 9 99 430
2.440724914913568 1.1644860177157095 1.1848641930676456 9 99 433
2.469203494222645 1.275406795558863 1.1728754052065122 9 100 413
2.4786980661775675 1.131684389725276 1.181728176434791 9 100 442
2.463506291316564 1.0828952875513882 1.1849965074220408 9 100 451
2.416743546415942 1.1555534916338428 1.176512700056413 9 101 433
2.478642404671196 1.1015843168418034 1.1789581245130554 9 101 448
2.4441232646584266 1.0621481379123507 1.1819984420385437 9 101 454
2.4472242679327696 1.043924929850586 1.183103916879398 9 101 458
2.43070302272734 1.0249941471044206 1.1845626055399812 9 101 461
2.4445486186351477 1.7301488520468584 1.1140812107010036 9 106 329
2.460995020556744 1.7628931633546088 1.1063153998524635 9 107 325
2.434098388986961 1.7356110378337821 1.0985658016188231 9 109 327
2.44618573665365 1.7181486728873994 1.0994549128460993 9 109 331
2.457775961212107 1.3559651234704213 1.1195320596205398 9 110 396
2.4492063540004243 1.28935758678126 1.1244764892648373 9 110 408
2.4525755072161153 1.7510698924000543 1.0866248222258585 9 111 326
2.4425267535473143 1.2144770820659603 1.1252142398269287 9 111 422
2.4383442553860433 1.7672355293083022 1.0807195439861217 9 112 322
2.4574742633758975 1.56496054228653 1.0947121525407937 9 112 358
2.4460356966484023 1.3397898142724505 1.1113206382434506 9 112 398
2.4535656865321687 1.2485996622755313 1.1176633231947417 9 112 416
2.467705079298229 1.1770581235729476 1.1223798234841285 9 112 431
2.4531993965944854 1.294718346979934 1.109521752961908 9 113 407
2.443313055778171 1.2137967968173795 1.1157521277343174 9 113 422
2.4708002338967265 1.1225478644177374 1.1215036922388006 9 113 442
2.445238574720344 1.1886789806716254 1.1127885899688774 9 114 427
2.4422769269604374 1.3316964315005468 1.0974914229716821 9 115 399
2.458990401687567 1.2388319829686958 1.1038177080841418 9 115 418
2.4584994813572036 1.1474527143743087 1.1106503314356417 9 115 436
2.45541276275627 1.106856027088553 1.1137887266955473 9 115 444
2.4643326120318525 1.0510270101230277 1.1176324785953575 9 115 456
2.4584022785728457 1.197251541430842 1.1021721047702178 9 116 426
2.463392046251256 1.1736363356570993 1.1037662004928992 9 116 431
2.443510775408148 1.3049432252110322 1.0897713244732743 9 117 404
2.4221677361374767 1.2656942631347254 1.093589462809211 9 117 410
2.448436418428983 1.1431919148777228 1.101905424022417 9 117 436
2.463228308547049 1.04964185832525 1.1084602400705053 9 117 456
2.475934722145461 1.375896433683321 1.0781607880642223 9 118 393
2.4398813154962817 1.2102046836915903 1.0923704960305678 9 118 422
2.476614709836159 1.0773544163768816 1.10112351970554 9 118 451
2.459302835437626 1.1307450555358385 1.0929796338603937 9 119 439
2.455725343143037 1.1490323718422117 1.08696279302685 9 120 435
2.460408994954672 1.1008915000570265 1.0905461306152349 9 120 445
2.4555229930619284 1.234645218670611 1.022136579542937 9 132 417
2.4683798872002356 1.0576848033342232 1.03700520262232 9 132 453
2.4589074666557194 1.1134847689706189 1.0278682416450928 9 133 441
2.4321199451890507 1.1795045355871243 1.0188444009397473 9 134 426
2.470853098968972 1.1266952624897941 1.0211359516413308 9 134 439
2.4408787034687953 1.0675532918550834 1.0236490244836378 9 135 449
1.4482783120537903 1.9486555036009445 0.8992142736400475 9 162 164
1.5643350605681912 1.9517743232308942 0.8866138604925105 9 162 183
1.4998227851827612 1.9481725339948577 0.8896608575590679 9 163 173
1.5647170539585626 1.9523409871069881 0.8779630743090506 9 164 183
1.4562378423633031 1.9457791900167445 0.8863857948114926 9 165 166
1.4779804101527727 1.9334163916964153 0.8854262402563611 9 165 172
1.4626600878990748 1.9356960607006426 0.878615993195815 9 167 169
1.5311319069921219 1.949978304179934 0.8691898123354309 9 167 178
1.532265732677523 1.9512730350520626 0.8604221733364552 9 169 178
1.5565715571966314 1.9342637090830175 0.859629078386144 9 169 185
1.3344100580494394 1.9563538719859315 0.8788484379856001 9 170 142
1.528509188264395 1.9425665722705792 0.8491758574349487 9 172 179
1.4707087529391907 1.9333101078845494 0.8489750583291052 9 174 171
1.5305599793691886 1.9279305071088824 0.8422295295855952 9 174 182
1.5473261793395239 1.932125590053134 0.8353577031397942 9 175 184
1.5015705943021291 1.9295337973554227 0.8287770469503775 9 178 177
1.5872866573410123 1.934548468788567 0.8169997874698625 9 178 190
1.6013762096137258 1.9302968689853626 0.8025692820322219 9 181 193
0.8155151156874965 1.9709067228833497 0.8153015744392409 9 208 19
0.7990547643133024 1.9641537689621082 0.7366676739846097 9 233 18
0.790897537228346 1.9500366921301027 0.7176048588129926 9 240 19
1.0940041898534105 0.23889896097715335 0.8810598281448803 9 274 623
0.8184789497325049 1.242752200124346 0.7309699197054477 9 279 194
0.7619735987020573 1.3038435055488509 0.7314032547560246 9 280 162
0.7815247000311285 1.272662369243854 0.7324681085154449 9 280 176
0.7651692062030961 1.292729107639531 0.7300836541941584 9 281 166
0.7510392571322988 1.318468832017953 0.725794572181421 9 282 155
0.7500218479910461 1.264538658391189 0.7241667617325992 9 287 170
0.7557272759521243 1.2181665361431906 0.7301459173099267 9 288 185
0.7684906136551182 1.1991369130463498 0.7305209027463198 9 288 194
0.7504326237883867 1.2338745390292738 0.725462696951892 9 289 179
0.7538716777937204 1.1766195521495306 0.7211484484719959 9 295 197
0.7534617063451339 0.23615245550347364 0.90619802240352 9 314 619
0.7426845994909066 0.22318727212538758 0.9132853635593232 9 314 628
0.7350777879599544 0.21308040769883457 0.916732296401384 9 315 635
0.7232330256784352 0.24558281450284342 0.8981909332108235 9 323 611
0.7082192778307783 0.23280372232534824 0.9070858357950325 9 323 620
0.6783447811137648 1.6371044273222317 0.4786628704108875 9 346 59
0.6368228823499378 1.6468586848623366 0.4835535409816525 9 349 44
0.6528570976727444 1.6293017561011154 0.48190814602837606 9 349 53
0.7707029763930384 1.5355026412971975 0.45969047925490614 9 349 109
0.8986912107605358 1.4906368517678508 0.41918173454718355 9 349 152
0.8140666773759375 1.5084782255330649 0.4393490337185886 9 352 127
0.8418107254786138 1.495970624077017 0.43125289294232183 9 352 137
1.0788254558567278 1.0788302540401995 0.4420091373365834 9 355 293
0.6152697922166646 1.6405714436568997 0.47254820384416174 9 356 39
1.0798298175341265 1.090121685578402 0.4348497092437428 9 356 290
1.1057482784037718 1.0585192740584108 0.4330091659441879 9 356 303
0.7240853711057691 1.5199961767458183 0.45805131748106587 9 357 100
0.7480158986654915 1.5105126501352846 0.4505172595234407 9 357 109
0.7647481679418651 1.5046509649956783 0.44502210318491475 9 357 115
0.6184783684752369 1.6055977803395955 0.47526852327196734 9 358 48
0.7958430206983662 1.4935989485412986 0.43154303718257725 9 358 126
0.8289462809025641 1.4917740433572957 0.41772409617473616 9 358 135
1.1052049160169934 1.0614939606710374 0.425489927061524 9 358 302
0.6290312602632513 1.581362395115544 0.4747788306245645 9 359 57
0.8568548114556134 1.491916361079154 0.4021464930469534 9 359 142
0.7708757308169507 1.4997012212538703 0.434005466195011 9 360 118
1.0886825767006023 1.0949536114680345 0.4158347258952555 9 360 290
1.106173815056588 1.0617456448897862 0.418099235666731 9 360 302
0.6100018888446945 1.6122585523405708 0.4676724883654395 9 361 44
0.8050407160196542 1.4960316812414813 0.4168098109224442 9 361 128
0.7461299895906544 1.492522166118877 0.44050978789293405 9 362 113
1.0896706586907725 1.1136708282694077 0.4028560283167789 9 362 285
0.7232153517736084 1.508055410695141 0.4395223940518638 9 364 103
0.7649204848441258 1.4980234965761554 0.4240036412844628 9 364 117
1.094397665094984 1.1237845714495438 0.39071877631267693 9 364 283
0.5934791078514776 1.6206587430923767 0.4600590884384177 9 365 37
0.7905542785439543 1.4891905823682152 0.41194814146564496 9 365 126
0.6956353108774314 1.5042884697053553 0.44660442581595905 9 366 96
1.1013176973061372 1.0652609134161621 0.3984301012031948 9 366 300
1.218367649810371 0.6745470444177195 0.46174503309752823 9 367 434
0.5849304529229918 1.5871621552135993 0.4618503281637518 9 369 42
0.7222166778524974 1.4996838733634055 0.42642679741015777 9 369 105
0.8146833233694704 1.4999262453885736 0.38434669264634413 9 369 130
1.0801869363689884 1.0996091773564585 0.3870281428132202 9 369 287
1.0855180014291053 1.0882082975148035 0.3881177186873963 9 369 291
0.7544928993931987 1.4920813581826726 0.4042617485307516 9 372 116
1.1010458920158104 1.0642054435126693 0.37800523331347025 9 372 300
1.0888990608329188 1.0897043988123722 0.37216299592695146 9 373 291
0.5761887355905182 1.5894290784778253 0.4498627556073619 9 374 39
1.158461063760465 0.6817749408123849 0.46418525204592 9 374 425
0.6815553204194302 1.5019294065663946 0.42524664087900743 9 375 93
0.580422043190256 1.5658303789072372 0.4491980193691125 9 376 46
1.1307607837433267 0.6842488686081946 0.4667773578228235 9 377 421
0.7113786344264859 1.5059854258499326 0.4003797400461303 9 378 101
0.8042661713812995 1.5120101786358395 0.3546974162802463 9 378 125
1.0800417299966538 1.1057612908434002 0.35370710675612016 9 378 285
1.140805873689099 0.6609466158800112 0.466275268774449 9 378 430
1.120943940616676 1.052649624800969 0.3477536793194894 9 379 306
1.084714892371167 1.1121098845519435 0.342418673821264 9 380 284
1.0771393091819474 1.0963540812214538 0.35105183735226464 9 380 287
0.714911015188465 1.498327900135148 0.3914106861996475 9 381 104
0.7590542800274063 1.5126539582711471 0.3657659184835128 9 381 113
0.5758033977188662 1.619885644003349 0.41254109675947004 9 383 33
1.10576367514082 1.0616127907229718 0.33796198424922785 9 383 301
0.6661784336429336 1.5020203455819754 0.4039662104201531 9 384 89
0.6802614744811835 1.4987292521032536 0.3982354048593384 9 384 94
0.7942875388892894 1.5159126083513552 0.3273340660697175 9 387 122
1.0835574546232973 1.1142688296588812 0.3174079368810657 9 387 283
1.1128000620600713 0.610948089776606 0.46461551825694203 9 388 444
0.7272973245413825 1.5157124228096697 0.3534770288185145 9 389 104
0.5779878951196056 1.5993140264255592 0.39631750182715964 9 390 39
0.7018102020711319 1.5104703115349283 0.3644770187523756 9 390 98
0.7610376467206255 1.5173595890951634 0.33294079178592884 9 390 113
1.077836520215299 1.0771183388227175 0.3217837889991477 9 390 292
1.052608927058775 0.6846917177163192 0.4638187689328668 9 390 411
0.5734233369877979 1.602711728696764 0.38806690044102676 9 393 37
0.693969261440877 1.5231646573500308 0.35433706637452334 9 393 93
1.0824668446421848 1.1016540813924232 0.30068973274481403 9 393 286
1.0488315434847215 0.652191978462074 0.46734757758419865 9 393 422
0.7015220848371209 1.5243323624498406 0.34687572622646734 9 394 95
0.7347639793555913 1.517510893826164 0.33247868776708134 9 394 106
1.0868149501869526 1.1229730121961965 0.28780152830559613 9 394 281
0.5827632763896284 1.6139008381701379 0.37016369054877807 9 396 38
1.1213535767557827 1.0537515599580352 0.2864134018296204 9 396 305
1.0828565834206567 1.0791449013456753 0.2937647462595434 9 397 292
0.6649727663547484 1.5177754426740324 0.35449261234192964 9 398 86
0.6988702875025352 1.522508835803463 0.33231206405484026 9 399 95
0.7070834515577815 1.524117303684661 0.32756537941867325 9 399 97
1.083735266671586 1.0793905903853633 0.28609124979906686 9 399 292
0.9994288109136278 0.6679924188810542 0.4690157580637637 9 399 410
0.6784772074015419 1.5229272733789527 0.3393258501253873 9 400 89
0.6894502604472704 1.519579462703196 0.3348345539022345 9 400 93
1.0829576429515808 1.09346915341946 0.2745167130577131 9 401 288
1.0954171039008544 1.0638839547696364 0.27821524861265856 9 401 298
1.0851786724441692 1.1021572821903294 0.2667874648588813 9 402 286
1.08165509315498 1.07405281756268 0.27825216507174266 9 402 293
1.0782162303659248 1.1164039846824392 0.2582578714858119 9 404 281
0.5874638342524141 1.6253236659621133 0.3350469718608218 9 405 38
1.090846047089527 1.0865038758172363 0.2583805201600866 9 405 291
0.5854659337938306 1.60938205220409 0.3351956708848689 9 407 41
0.9526674150308791 0.674725327478849 0.46745195266215445 9 407 401
1.0894769698248665 1.0852694287205318 0.24865403834252997 9 408 291
0.9416765468540838 0.6947622406519162 0.4633468248241337 9 408 392
0.9539432993032653 0.6511052767232057 0.4721219818338791 9 408 410
0.6646277728359591 1.5165672924457043 0.31929211273218483 9 409 87
1.0853466213940446 1.1088876227697035 0.23893237609280882 9 409 284
0.5876856386085199 1.6095532344672183 0.32430001603016645 9 410 42
1.0873956679103163 1.0763172631513032 0.24564553083158325 9 410 293
1.079046189576903 1.0893738791320828 0.23098326823641657 9 414 288
0.9052719362471255 0.6565644056539274 0.47343861371920126 9 416 401
0.8913272980093458 0.6747504138034316 0.4716943136680989 9 417 392
0.5851193299122457 1.6047235277915677 0.3015152414014841 9 418 43
0.5796036881863599 1.6291337304180709 0.292475681198338 9 419 36
0.6426120093878898 1.5217221781844117 0.2933637051690917 9 420 80
1.0709763200619449 1.091027063880538 0.209295432310034 9 421 286
0.8947990882015928 0.646720182517641 0.4686535706154079 9 421 403
0.5809684601471445 1.6468557005477522 0.2754357444043922 9 422 33
0.5846689858092197 1.6063362122904896 0.2849028294317313 9 423 43
1.0795979655997379 1.0772835282583912 0.20220107342609972 9 423 291
1.0784065919564638 1.1025837931130673 0.18622149521369646 9 425 284
0.8442515602045617 0.6838036390110017 0.46938911911458936 9 426 381
0.8433531917350026 0.6657487598623956 0.47656606404405966 9 426 388
1.0646759576091462 1.0822799369416076 0.1831435469930942 9 430 287
0.8391885296463895 0.6409682378759578 0.4772093327139185 9 430 397
0.8466458125177632 0.63116796196521 0.476604976285781 9 430 402
0.5827827619014354 1.6590382220532731 0.23998961751815218 9 431 32
0.8527486703900105 0.6206513606934684 0.47431622848435095 9 431 407
1.079222101625189 1.0756507608566888 0.16621471541257948 9 433 291
1.078422373959163 1.109058634214842 0.150336723300466 9 434 282
0.8028295114527497 0.6762331900672806 0.4713580803602362 9 435 377
0.8044389869963884 0.6644539627058348 0.4748906707582464 9 435 382
0.8096234497011794 0.651602561180787 0.47674794492207084 9 435 388
1.0785796652658868 1.0781723689746578 0.1433516578856655 9 439 290
0.7923937631906341 0.6469658214182095 0.4779219051788226 9 439 387
0.8061314616532365 0.6276644120213065 0.47722118660352775 9 439 397
0.8419852526704772 0.5864664927821471 0.4718687579230668 9 439 419
0.5796538739884576 1.6443009178020702 0.21722657855394578 9 440 35
0.811553679892921 0.607751756404884 0.4790083745814857 9 440 406
0.8332911405186119 0.5834225217768501 0.4728212130089423 9 441 419
0.8644976885901621 0.5381193733179334 0.47176531162549906 9 441 442
1.0750953734725268 1.0983610449084504 0.12641180243280425 9 442 284
0.7519411420931341 0.6863292879685533 0.4735389080644722 9 444 364
0.7635631277624857 0.6690356055227333 0.4732965660303605 9 444 373
0.7653910188429947 0.6480601766943149 0.48037154251405556 9 444 382
0.7986068737324452 0.6026770020633065 0.47810380179230205 9 444 406
0.7634251043126483 0.6252023722050827 0.48006542673101826 9 448 391
0.5830168113048514 1.6638676418359784 0.1770454021667036 9 449 33
0.582751491424312 1.6537537096736483 0.18120580721370505 9 449 35
0.5818338307668112 1.6236302829838964 0.1936750342511946 9 449 41
0.7794315714485509 0.6093428930244233 0.47395211405548965 9 449 400
1.1578854945276709 1.072656780959588 0.05568875787852701 9 450 303
0.7542158158589285 0.642666902619673 0.47357129932805075 9 450 382
1.0790121409871998 1.0957531057079475 0.0910763863549291 9 451 285
0.7259841452668083 0.6743575163961586 0.47571873066495063 9 451 364
1.079501467363599 1.080670363567418 0.09298875586503996 9 452 289
1.0789823090253472 1.0727913574069181 0.09645088772552901 9 452 291
1.094218858273528 1.0666216470225547 0.08951036104145849 9 452 295
0.5805062440160275 1.614065498028657 0.1847920388269091 9 453 43
0.7264115594843124 0.6622308758817063 0.4751128960974178 9 453 369
0.768408962328277 0.5839140137479042 0.4778507586047489 9 454 409
0.7905753208236079 0.5517017369598594 0.474407260356547 9 455 426
0.7308527291454805 0.6210665528048627 0.47861345126546007 9 457 387
0.7577314024649942 0.5799122138424747 0.47839995320588324 9 457 409
0.5809291554161475 1.6506503132514077 0.15275548000663663 9 458 36
0.7441193848391514 0.6048077488775978 0.4742993741991042 9 458 396
0.5982592091349603 0.2639775497604834 0.7043530485116781 9 458 571
1.0795927136232795 1.079735364827256 0.06670467223618703 9 459 289
0.6892922968979679 0.6860332942618497 0.4733030527848616 9 459 352
0.7202536293132042 0.6375522833233405 0.4734760435636679 9 459 378
0.8272428481992162 0.47559951455038735 0.47180507523920645 9 459 464
0.837889059783707 0.4582703325333453 0.4721325366426308 9 459 473
1.0792093415850057 1.090828483284061 0.058604691705611334 9 460 286
1.0664696768043478 1.1889175892519965 0.022738112347726158 9 461 259
0.5760786540204241 1.6210561915826238 0.15420438566256633 9 462 41
0.5750829901559438 1.6053210901756243 0.16129490031056992 9 462 44
1.0542505091789869 1.1966347815253784 0.02343811731862555 9 462 255
0.6894946780102388 0.6643914360425168 0.47437932275540384 9 462 361
0.6953207714637772 0.6574516098015827 0.473511672510067 9 462 365
0.7435198069877034 0.5833146441256759 0.47319503474957414 9 462 405
0.7205954109204973 0.6161526038688039 0.47179196621983976 9 463 387
0.743618135098475 0.5608743932359253 0.47980738742116413 9 463 415
0.578716854265943 1.6357362741852404 0.13962692753477635 9 464 39
0.6672976309440002 0.6869727801132424 0.4691745519715469 9 466 347
1.0417854121779664 1.1517484821125996 0.030581932980971338 9 467 264
0.7158975611756306 0.5933762168412879 0.4740930076888943 9 467 396
0.5839929940014517 0.25854919088735234 0.6988849362206682 9 467 573
0.5723478919053229 0.24623056996756298 0.7115568147383765 9 467 582
1.019401848471985 1.216180300217234 0.014393217772168176 9 468 244
0.6663586091109612 0.6652314277557017 0.47379235011551324 9 468 356
0.6891237648258244 0.633153099162723 0.4723766835747778 9 468 374
0.5702437126699679 0.23338213918600464 0.7128532010124585 9 470 591
1.0135547178735713 1.1756485561549415 0.023602002536217803 9 471 253
0.6711383014914608 0.6460186065823923 0.4712029528376531 9 471 365
0.6850868247650843 0.6128260911566449 0.4735171345741598 9 472 382
0.6955872804776574 0.6009714748862023 0.4716042521795749 9 472 389
0.7165364000864185 0.5529659901006767 0.47806354749278723 9 472 414
0.7219975742320908 0.5349979132059138 0.4795636075451052 9 473 423
1.0137232936870522 1.1401488918879696 0.02700787533203819 9 474 262
0.5686898930556531 0.22046132124897977 0.7121183614613322 9 474 600
0.6332515845220048 0.6794883071932603 0.4721132382050135 9 475 343
0.9729512001175586 1.1938832296729183 0.023640787965773402 9 476 241
0.576960359322658 0.2560293910102031 0.6878302929026343 9 476 573
0.5721792248887844 0.24374296324243583 0.6962604094660517 9 476 582
