2.4782027410033667 1.2392697691572574 1.3933395304353455 9 32 438
2.486451720147186 1.2514602935824344 1.3884820513271396 9 33 436
2.4615091076791473 1.2561408654689032 1.3787814115057992 9 35 433
2.4598450435630266 0.950552744062315 1.3826070028433102 9 38 498
2.486767642478471 1.1032563829445037 1.3701581241829706 9 39 466
2.472050716795935 1.2030975689214896 1.359808927160263 9 40 444
2.474325499911534 1.1844848884517438 1.3609176169806623 9 40 448
2.466178480861222 1.0870491414973438 1.3664150029307893 9 40 468
2.4694922692774455 1.03722881551461 1.3693402067976872 9 40 479
2.44844451919373 0.964008935309437 1.3732432096794684 9 40 494
2.5052179350590666 1.1409420674303583 1.359479638877133 9 41 459
2.478432048990829 1.278138043827793 1.3465845976839164 9 42 429
2.4840681434417013 1.1194090013915818 1.3560614101120863 9 42 462
2.502532446165951 1.1108527625297135 1.3568013033435482 9 42 465
2.4845940321626614 1.2055684218679918 1.346507250252607 9 43 444
2.4551857531094345 1.0587337819969975 1.3549911585722851 9 43 473
2.478824921241402 1.0287036543755663 1.3570606004564918 9 43 481
2.4614327652065864 1.0102545623443893 1.357972130549069 9 43 484
2.4458914911921905 0.9970260676791354 1.358591101112896 9 43 486
2.4890620397717167 1.1821068799497465 1.3435182132978498 9 44 449
2.4664364145834488 1.0845750306381419 1.349225101871298 9 44 468
2.479761759628707 1.2619087802644735 1.3340694819030445 9 45 432
2.454927004606933 0.9712170376627041 1.351762654937466 9 45 492
2.5037284120864705 1.1086452870949133 1.3392963334623282 9 46 465
2.4980399226394097 1.09744826611082 1.3399535786070529 9 46 467
2.450099760171777 0.9471019761037156 1.3489849227378043 9 46 497
2.475172641996308 1.259087463918347 1.32519944022747 9 47 432
2.4922867351696407 1.1522868215196502 1.3320468365769178 9 47 455
2.4531255076202494 1.2015649047372599 1.3242676382007732 9 48 442
2.5084672358325575 1.1087917960517166 1.3304532202215407 9 48 465
2.4773229835227673 1.080573590577024 1.3321156691863099 9 48 469
2.4444438317124333 1.2174337518775427 1.3187723446226485 9 49 438
2.5020074960427925 1.139672154723359 1.323991628767642 9 49 458
2.4532282519765474 0.9943498294470686 1.3289601952833983 9 50 486
2.4653780289581144 1.248263578228145 1.3078421103072433 9 51 433
2.4890094881112246 1.168066510255708 1.3131723466198606 9 51 451
2.5285872271284813 1.1273789992219456 1.3158909465401476 9 51 462
2.4583005162587233 1.0452396684242937 1.3213011735258413 9 51 475
2.453245869066749 0.957815051046013 1.3270957704333557 9 51 494
2.447030912747831 1.0322122139979997 1.3178457551676082 9 52 477
2.439753885169556 1.0029321204116715 1.319816483640965 9 52 483
2.476237027803009 1.2064782243338645 1.3016329652199232 9 53 442
2.478976496326731 1.1976090443759502 1.302229097089386 9 53 444
2.479254051719616 1.256465834876561 1.2936887487778137 9 54 432
2.5045229071764767 1.127651674566388 1.302446112101147 9 54 460
2.444569021829268 1.053168698198716 1.3077736653025944 9 54 472
2.436606572164272 0.9917452744417481 1.3120203208200998 9 54 485
2.4505248673854507 0.959545608730321 1.31418249717373 9 54 493
2.4539641568994823 0.977677380654392 1.3086306676115171 9 55 489
2.4574147213458604 1.2623803968150804 1.2843061601882444 9 56 429
2.4717801105477495 1.183598109917645 1.289751709389592 9 56 446
2.4723699042268685 1.1450932191960486 1.2924534335969269 9 56 454
2.4551981324016543 0.9953925313345076 1.3030789879553308 9 56 485
2.4399125779925877 0.9466073792283352 1.306602272069911 9 56 495
2.4656189607817676 1.22008614815555 1.2827143524670799 9 57 438
2.458639223117456 1.032198348377252 1.296117707431602 9 57 477
2.4987927906352407 1.1329375893447282 1.2841608755775193 9 58 458
2.4404550093998902 1.054006149145077 1.2903553147397364 9 58 471
2.435771779698939 0.9309555141471475 1.2992382667134441 9 58 498
2.474207261927025 1.2467215221784325 1.2716509952651314 9 59 433
2.4692186102179483 1.2053667877717489 1.2747066583138764 9 59 441
2.473395800671646 1.1628561382997542 1.2777515744306804 9 59 450
2.4563057650520808 1.1380862395270288 1.2797275230587386 9 59 454
2.446951845087745 1.000242477825871 1.2898375020856347 9 59 483
2.457044457687716 1.2749576260521072 1.2652176543140465 9 60 426
2.46404522140715 1.2276269922543641 1.268611633306751 9 60 436
2.455182595652706 1.1804717594868972 1.2721782873194152 9 60 445
2.5101987658946006 1.111103548996817 1.276629019781926 9 60 463
2.495950320349815 1.0877282125582886 1.2785123240241894 9 60 467
2.4645430760460347 1.0272620484478674 1.2833202137498283 9 60 478
2.4474714342433757 0.9546917181489672 1.2888493240222472 9 60 493
2.482530811612471 1.3297824690781497 1.2562501089339553 9 61 417
2.482162400994051 1.3187893783405262 1.2524317615823912 9 62 419
2.4572880967060184 1.2638620818228437 1.2569119611415256 9 62 428
2.4434711053070415 1.0384409972677324 1.2740250540010936 9 62 474
2.4337235267442714 1.021935908847336 1.2754041065613333 9 62 477
2.456796920004764 1.228247975967944 1.2550536961323182 9 63 435
2.4890634280195365 1.083725622238466 1.2655030908415745 9 63 467
2.4584200905537146 0.9599043770309948 1.2753765250809992 9 63 492
2.433970286821981 1.0070190854352692 1.2678553995815962 9 64 480
2.4508354756860293 0.984329785599848 1.2693045324953374 9 64 486
2.4556235549001397 1.2217032975784927 1.2464915743618967 9 65 436
2.472837837265263 1.1735439048732212 1.2499013842083988 9 65 447
2.456277317975751 1.3271126257104982 1.2336861371583225 9 66 415
2.4525431810813343 1.2548097827169966 1.2394167405581635 9 66 429
2.4909358805621675 1.1061521805164185 1.2502817712733307 9 66 462
2.473063964956819 1.0912223818557971 1.2518055847905103 9 66 464
2.4667332334945185 1.3721243888172696 1.2252693422045693 9 67 407
2.42343723773582 1.0157889415552555 1.2543527918755366 9 67 477
2.4629595379572753 1.3131884905700157 1.2253672937979656 9 68 418
2.4375037491708955 1.2782107735168542 1.228736607628362 9 68 423
2.456093150602084 1.264964443981496 1.2293728494738838 9 68 427
2.4647627738555724 1.2480340695118917 1.2305280082751293 9 68 431
2.4670069469553417 1.2338435177102358 1.231610048241059 9 68 434
2.4564331275847624 1.1857677795261863 1.2356877818012533 9 68 443
2.4651124390558374 1.092276037221477 1.2429549700050693 9 68 463
2.4381157689083772 0.96477574400886 1.2537457095944506 9 68 489
2.4576791315389506 1.2052167092418933 1.2295553982278773 9 69 439
2.458441417484678 1.1956392415997645 1.2303093840936148 9 69 441
2.4728577854719505 1.156453946535325 1.2331226553180992 9 69 450
2.429073130549821 1.0206135686927365 1.2451291681106755 9 69 476
2.4422756998590316 1.3502986147637883 1.2135743792765146 9 70 409
2.455879052896496 1.3042492085250255 1.2169789952652783 9 70 419
2.464946178057654 1.0861978713284952 1.2345072618506308 9 70 464
2.4482538023960574 0.966030134270971 1.2447183798124597 9 70 489
2.475951866530073 1.260347623424271 1.2154127160888026 9 71 429
2.4409957832933658 1.0042883631513397 1.2374100191123492 9 71 480
2.4531666418577918 1.3848655212716436 1.2010761940758692 9 72 403
2.4582658766327254 1.3348436227972502 1.2050870523938744 9 72 413
2.46447185698651 1.210683207997613 1.2152242907082869 9 72 438
2.432222659019972 1.0471745165393331 1.229713350818723 9 72 470
2.4464303807518704 1.2837360145747891 1.2050451649890102 9 73 422
2.4507329975707886 1.270171939460808 1.2060554678081767 9 73 425
2.480995989831675 1.1419700060352755 1.2159120184287542 9 73 453
2.4586748170649173 1.2223547201285418 1.205237890490557 9 74 435
2.4508725698600764 1.041930866045347 1.2207559887218924 9 74 472
2.461476968889812 1.3708883067766984 1.1878525314192199 9 75 406
2.4930852989582113 1.1250798901122205 1.2078420255038096 9 75 457
2.455920178207635 1.342054564259624 1.1858003962269965 9 76 411
2.460243329099171 1.2316782686509302 1.1951789631029335 9 76 433
2.4557586853979863 1.1611115369843958 1.2014194276882804 9 76 447
2.480966042223297 1.101427409632001 1.205719386402037 9 76 461
2.4692727339816387 1.0741075329217762 1.2084712095408956 9 76 466
2.458127595705793 1.0520259856461003 1.2107525283623302 9 76 470
2.4544450183300963 1.2692177865441048 1.187494427864337 9 77 425
2.450207507616273 1.187981982232622 1.1947189744385291 9 77 441
2.462412226784939 1.1773518543097483 1.195216263742389 9 77 444
2.462861971509443 1.0386857619715546 1.2072784474327731 9 77 473
2.4479406469977523 1.3120462102975619 1.179320568477184 9 78 416
2.4847265962672127 1.1399704294479862 1.1931052412183312 9 78 453
2.4847086804467335 1.1490891616953864 1.1877082256174336 9 79 451
2.4869420332906342 1.1205914447332377 1.1901520665549992 9 79 457
2.478404489068804 1.0653304234386638 1.195378769819592 9 79 468
2.477326956266336 1.155235212895752 1.178245388694629 9 81 449
2.48296467368083 1.051114807336859 1.1874237491512036 9 81 471
2.4611286284960814 1.3459779049254215 1.1569304841811006 9 82 410
2.4776639056526326 1.1206204093728047 1.1767804492952896 9 82 456
2.489304407771614 1.0760402774863693 1.1803548553900751 9 82 466
2.470222694566683 1.3229372321504114 1.153909365089387 9 83 415
2.4325615518362973 1.241491078552359 1.1537840115896987 9 85 428
2.490175739976004 1.1660808172450143 1.1535218579689202 9 86 447
2.4992115725412223 1.965099103544741 1.0509243583804797 9 91 306
2.451952476683166 1.3819895778913915 1.0868674570613825 9 96 401
2.4367225543469075 1.3436736980220907 1.0869580636536917 9 97 407
2.4739892896848676 1.9402511609797153 1.001442950655739 9 101 307
2.445169287837915 1.21454397982677 1.0668024749033822 9 104 432
2.460082719007266 1.2936963289742782 1.0328849111758358 9 109 417
2.441817942833629 1.2765190111734683 1.0363053001107205 9 109 419
2.4472838380760806 1.2631087818355393 1.03738829979016 9 109 422
2.4534682362180575 1.2289766624056844 1.0359799627365278 9 110 429
2.4726315582741916 1.2102609232123887 1.036551303451229 9 110 434
2.468220912897084 1.193592810349196 1.0388194460387963 9 110 437
2.4695770349243498 1.1145426634357616 1.0477517641491807 9 110 453
2.4648399354740667 1.3736411768104333 1.0135679314499497 9 111 402
2.450697577043655 1.3413825958780028 1.0184644793346092 9 111 407
2.4657648061670745 1.0834957873003843 1.0469285253931755 9 111 459
2.478010359836965 1.0725940348153211 1.0471640927006893 9 111 462
2.458209539232499 1.1839421053328145 1.0312157266172657 9 112 438
2.4631750083612225 1.23057006221036 1.0205626544461164 9 113 429
2.4917320236967475 1.209836223246124 1.0205238760590558 9 113 435
2.4494486129759867 1.165416043561002 1.029365466981382 9 113 441
2.4695327245464678 1.1027709642944497 1.0349584452140523 9 113 455
2.2047197097146753 2.0353283814809062 0.9384843850266965 9 115 264
2.4693615171342467 1.0965119675065182 1.0262594101539757 9 115 456
2.2677050766550777 2.0344585220281974 0.9277377346715617 9 116 271
2.3430940329344834 2.040347731929595 0.9148476621032215 9 117 278
2.460779260681459 1.3902051488482117 0.9822421765329362 9 117 398
2.4551259179031213 1.3717448258218738 0.9849840003062655 9 117 401
2.226521605133228 2.037512689439955 0.920733447172819 9 118 266
2.273711621106858 2.0189188085298855 0.9185728041419529 9 118 274
2.379443139708387 2.0185422459532503 0.9087290451578928 9 118 285
2.4321831363188737 1.309173582424198 0.9897564969347665 9 118 411
2.445195203683416 1.2828491925729089 0.9917293944860511 9 118 417
2.4391454329795854 1.2650849808571438 0.9944478923017239 9 118 420
2.442897436622634 1.3496990694207167 0.9789186066152391 9 119 404
2.1816737624641673 2.030931899912768 0.9154720980082659 9 120 262
2.2376256983289458 2.0193253178252837 0.9115015204072071 9 120 270
2.227566638030978 2.0249484245276697 0.9065828766611135 9 121 268
2.129055453568596 2.011787795689612 0.9128089195673448 9 122 259
2.12794133100082 2.010731027230925 0.9029415872045534 9 124 259
2.1614777846800637 2.0033069281843856 0.9004478670619657 9 124 264
2.1081285464441066 1.9837134386455397 0.8983522773293199 9 126 261
2.0888104986427107 2.0004698439647655 0.8831947760299168 9 129 256
2.4628200154385365 1.395291284322183 0.9212085814853956 9 129 396
2.4283943798479046 1.3430758854283442 0.9268419769172841 9 130 403
1.8913330225610578 1.9970434272547828 0.8958334081950972 9 131 232
2.439948156186655 1.2466936570307943 0.9284188964047532 9 132 422
2.444436632953857 1.2894120604038655 0.9172595193004969 9 133 414
2.4547639204919802 1.372341532585672 0.8948411886270172 9 135 399
2.436079301462566 1.3486642773140474 0.9002722567261385 9 135 402
2.4386224921017785 1.296556295776683 0.9070467073066456 9 135 412
2.42651696332727 1.2297691485930844 0.9175517085578415 9 135 424
2.463876454656137 1.1915920633849828 0.918305560911356 9 135 434
2.448575088954094 1.320381841369097 0.8926090242708602 9 137 408
2.4387786964541682 1.2954443211025128 0.8972297561204131 9 137 412
2.43966491084546 1.2800152691005036 0.8992440521878259 9 137 415
2.4387197458192578 1.2021498877490768 0.9100681658919071 9 137 430
2.4419518414944754 1.3600789246440466 0.8829098321061291 9 138 400
2.442859955340963 1.249294926185004 0.8981312505838024 9 138 421
2.4457534105895986 1.224475479783938 0.9012103325695737 9 138 426
2.449675487061896 1.3036936268136248 0.8847503645535242 9 139 411
2.423304909987889 1.2675218725920308 0.8930729856923377 9 139 416
2.4555587870075284 1.231248430896601 0.8841725356345085 9 141 425
2.4534653014093886 1.2150129688179394 0.8867291842071106 9 141 428
1.3927612453790443 1.956495763227211 0.9053939904733255 9 144 162
1.3722949030503775 1.9690581132969536 0.9022808853411468 9 145 156
2.4471798766781467 1.3516706721165648 0.837752056474755 9 147 401
2.4389283970772495 1.3322349768085067 0.8417223769211095 9 147 404
1.373452840242855 1.9600913834591673 0.8873536523770801 9 149 158
2.4396857086577866 1.3260116460655271 0.8323796412187286 9 149 405
1.378646013359665 1.9437497938565511 0.8809980694865264 9 151 162
1.3925452673524195 1.9356889188069966 0.880223220784386 9 151 166
2.430880472831824 1.2947935397877706 0.8281387784184946 9 151 410
1.426684400448644 1.9369683805976163 0.8587354482079601 9 155 172
1.3998765151346542 1.934061644305111 0.8345362624722847 9 162 168
1.425377366099662 1.931738327950662 0.8225417314932999 9 164 173
1.4125454336099157 1.9369593143838784 0.7988558635227042 9 170 170
1.4296170926887353 1.9369171461656518 0.7959299033444234 9 170 173
1.2533243200779214 1.9325815446452181 0.8230201470441484 9 171 141
0.8227120025974737 1.9790436206879884 0.8832763457055742 9 173 29
1.0275343519576527 1.9526816201997654 0.8516009995021488 9 173 88
0.8263336173212974 1.9858925369110236 0.8748357399137265 9 175 29
1.4013549086212764 1.9324518477429562 0.780725104720999 9 175 169
1.1657353700556858 1.4530543665408977 0.7314720798151062 9 225 224
1.1141062681108795 1.4533771158272089 0.7308050755941529 9 229 214
1.2332442446337915 0.23394843169096502 0.8901734574568114 9 260 633
1.050239335908655 0.22459398941749642 0.9091356509268356 9 278 635
1.019277378637721 0.23653575143013184 0.9005088686172376 9 285 627
0.7127198299418174 1.9445511476192583 0.51426203672884 9 291 18
0.972959005782037 0.22056501880272938 0.9083571012666682 9 291 635
0.7240882019954311 1.95119866594536 0.4862580881271721 9 297 21
0.9149509074543312 0.2266715091867264 0.908855183046253 9 300 630
0.8214078960200424 0.22879404431025818 0.9123078120919625 9 316 626
0.81596067245049 0.21505216854013864 0.9188856725053002 9 316 635
0.8360848145824966 0.2419055341398596 0.8978507232071715 9 318 617
0.7756192785451685 0.23246707104064984 0.912573622141675 9 325 622
0.7678832082629465 0.21925733062970842 0.9202095035610809 9 325 631
1.465617225375921 0.6617152911991908 0.45361925686683147 9 330 465
0.7386404121231878 0.2317501928409359 0.9135071241079236 9 333 621
0.7250335695430943 0.2188187615770089 0.9220381087479579 9 334 630
0.7957214576167528 1.5180740510466517 0.45527009247495576 9 335 131
0.7326250851217182 0.2431843015327183 0.9026855114478438 9 338 612
0.7744152170005694 1.5125974761949788 0.44950340170466185 9 340 127
1.0955912221935356 1.0647023001782654 0.44782891548640624 9 341 306
1.1109758506466598 1.0623386570362028 0.43780501165291663 9 342 309
0.7051706529878146 0.23493443408262704 0.9105433870587895 9 342 617
0.7719397172826041 1.5025639551997938 0.43321492928941363 9 346 129
0.7646872507034721 1.4997022674860259 0.42375040606162395 9 350 128
0.7514003590590046 1.4985703539728872 0.41671402622184717 9 354 125
0.7699982833386585 1.4940139695810792 0.40563742026902416 9 355 131
0.789851357672051 1.4945664278846755 0.3956051458220099 9 355 136
0.733605607002557 1.492510070353601 0.4069262005550487 9 360 122
0.7248453413444556 1.4961983138145307 0.39963670539902796 9 363 119
0.7380033564850434 1.4942800079253928 0.3936091972026553 9 363 123
0.7518501004878635 1.4976928653380595 0.3817581056460895 9 364 126
0.7798743710065952 1.5080851981600087 0.3635698498711939 9 364 131
1.0959542894480814 1.06766388354227 0.36254743736156847 9 364 304
1.0804100735517719 1.072088157463393 0.34295978387596393 9 371 300
0.7571893850099278 1.5158696261997004 0.34012029012845546 9 373 124
1.069497846211045 1.1055693775058475 0.30608173084590606 9 379 289
1.0632764147355067 1.0941234468661638 0.31385483859994334 9 379 291
0.5705822230196795 1.6234732117481019 0.37176316822161515 9 381 47
0.7173276920130542 1.5215089684603664 0.31644856375699737 9 385 113
1.0682353236859563 0.6337546867042035 0.46839310030346226 9 385 433
1.0619147593609353 1.0996786520244313 0.2860055379209223 9 386 289
1.0409125530418484 0.6786975989681256 0.46276553905062556 9 386 414
1.0709587692538614 0.6166461780146011 0.46384801819085764 9 388 439
1.0731726336484215 1.082810834194596 0.26726608479440506 9 391 295
1.074544562542032 1.0867078443432625 0.24955063652417842 9 395 294
0.9987048876734677 0.6480830419037588 0.4668308797217482 9 396 419
1.069273716341982 1.0946368408959204 0.24167228682987618 9 397 291
0.9593933614038146 0.677966778028229 0.46496378148040174 9 400 403
0.9649485306340517 0.6549081976932589 0.46800645994136103 9 401 412
0.9985012294320956 0.6057668964455023 0.4684025053093749 9 401 434
0.9705721384192696 0.6401168431052914 0.4676357724523923 9 402 418
1.0743961630189391 1.077462934222528 0.2224233782681284 9 403 296
0.5697641179595314 1.6611565294622546 0.2773587776951434 9 404 42
0.9280087612881156 0.6792812062513393 0.4674012449365954 9 405 398
0.5678402505822903 1.639986840843193 0.27668962611332226 9 407 46
1.0678027476152445 1.091400613745526 0.19320087596208735 9 410 291
0.8990725473907464 0.6783701116264231 0.46982474311838174 9 410 394
0.9224402047420526 0.6516269389178779 0.4668837431752204 9 410 407
0.9417946065475264 0.6051370302117658 0.47470310984447406 9 410 427
0.5726393534016673 1.6552445327062855 0.253140578470437 9 411 45
0.5713628495203101 1.6799009328114114 0.23626891510206738 9 413 40
0.5674014819043894 1.64938835039065 0.24451427452927987 9 415 45
1.0642680356862189 1.0729359756280177 0.18355678286087818 9 415 295
1.0527245266295306 1.100423698239121 0.1750052593725735 9 416 286
0.5667549210563919 1.654684454743869 0.23546019354000958 9 417 44
0.5665103217912344 1.6348509081514861 0.24056529028591633 9 418 48
0.8691269944305606 0.662734433915741 0.4706748147760551 9 418 395
0.8749862638288357 0.6410552205573788 0.4733645576203872 9 419 404
0.8424114816729977 0.678663778415461 0.474551688359517 9 420 385
1.0587479457422957 1.09145240781104 0.15133720602055267 9 422 289
1.0594875620924982 1.0687354244748546 0.1607812842211389 9 422 295
0.8681065327905475 0.637826804741769 0.47011407035887287 9 422 404
0.9852448625505341 0.4798471548468313 0.46175628583372796 9 423 479
1.1591897804041624 1.1866064453912244 0.037507214408437406 9 424 281
1.3134542100299167 0.9732446401725133 0.03270625690189877 9 424 353
0.8666440490041594 0.6138672525851185 0.47556627665246354 9 424 413
0.565797607340717 1.6893039829584104 0.19186962232905724 9 425 38
1.3112736894698616 0.9958936544711219 0.019735871727561305 9 425 347
0.928896318584278 0.5285217710750238 0.4702991058823959 9 425 454
0.562940470830249 1.6493392252024073 0.20766096407108425 9 426 45
1.3002087168818912 0.9901186623310455 0.020563899453340362 9 427 347
0.8245558101199546 0.6546585093149837 0.4757145824303033 9 427 391
1.2649538574989183 1.0209407802431016 0.020897961486391337 9 429 335
0.8058779055368057 0.6702131844350241 0.47501896591482784 9 429 382
0.557302240795594 1.6786665253438782 0.1836689389588395 9 430 38
1.1254547334160685 1.1640849183264377 0.04344298389321333 9 430 281
1.2374694654307676 1.0311289393731726 0.029863462649420747 9 430 329
0.8570182286667445 0.5940180244530568 0.4728060129368554 9 430 419
1.0584499221663475 1.0896565218671257 0.11628711936470837 9 431 289
0.8201710019240862 0.6292874633169246 0.4781384968524649 9 431 400
0.5567834334555658 1.6688505526705741 0.1810511489580331 9 432 40
0.786250124338403 0.687425953149081 0.4713494755213644 9 432 372
1.1222573587162974 1.2081759469605686 0.012867963547632755 9 433 270
1.2481832878831551 0.9955908696157045 0.025772763914005292 9 433 339
0.804755722431892 0.6458725450969518 0.47496702331989993 9 433 391
0.8294038105042725 0.6118059946856373 0.47409550344590434 9 433 408
1.1144431798293934 1.0555565557730406 0.08262009181929408 9 434 306
1.216623193327095 1.0194396846715672 0.031491760272072344 9 434 329
1.116520678638347 1.1575531674433877 0.03091804761400674 9 435 281
1.0601896188983428 1.0939282904413066 0.09703950803917794 9 435 288
0.7751254296719612 0.6819407323191546 0.46951363189800555 9 436 372
1.1127596706736513 1.1673595550442475 0.02041133933093997 9 437 278
1.1499786125764395 1.0709160999401401 0.03953088388194104 9 437 307
1.1976889790517757 1.052787478418463 0.015983142379390802 9 437 318
1.2029222929467571 1.0274948235296133 0.024015511697381253 9 437 325
1.0798538379976121 1.200156261173713 0.023151679011520265 9 438 265
0.7756245933277877 0.6663999616850991 0.47045725032761787 9 438 378
1.2146741660399811 1.0090347582266417 0.015967199964192602 9 439 331
1.2225724910226403 0.9971257373979413 0.016122359997796876 9 439 335
0.7539991106335115 0.6904354414749623 0.4710607279742407 9 439 365
0.8130027696366187 0.5974419382508389 0.4740652005557513 9 439 411
1.0982805136873255 1.1409864804175278 0.029395417450479133 9 440 282
1.1545135034595795 1.0527366670720741 0.03207558605970262 9 440 312
1.0550803078379125 1.220801987634678 0.01756813429759463 9 441 256
1.0722655338992495 1.1653042073143975 0.031526485623051936 9 441 272
1.062151120451027 1.0980144621198749 0.06935848042596793 9 441 287
1.1995025079980681 1.0285703413515028 0.008568103856996245 9 441 324
1.059826283308328 1.2070332970010318 0.01645944434101576 9 442 260
1.0601836578639507 1.182026673904144 0.02776997456007324 9 442 266
1.0870080977042005 1.0498526475577332 0.07065271929415373 9 442 303
1.161617233052397 1.0244146597301125 0.03183928201407227 9 442 320
1.201502481957453 0.9820643456987845 0.024372824034597063 9 442 336
0.8205711400813984 0.5698409481038033 0.4729864149600128 9 442 423
1.005111291584686 1.2782049646179376 0.012210217012885938 9 444 234
1.034567379713745 1.2228405275891716 0.01783703878880072 9 444 252
1.1433470035431776 1.0298775041187114 0.03327626927053817 9 444 316
0.7586696354720941 0.6386164805436364 0.47747969443517313 9 444 386
1.0236503171056448 1.2189940436858957 0.01866739305233267 9 446 251
1.0297836441041803 1.2149665124065996 0.016337449047883812 9 446 253
1.0746257504647336 1.141342524546706 0.019942660790723377 9 446 278
0.7632529523035199 0.6178478181773555 0.47833266652634965 9 446 395
1.12836124199688 1.0484950095037742 0.022199123320998604 9 447 309
0.7380462504309044 0.6594722296848443 0.47335579081251455 9 447 374
0.9771877847446742 1.2647966281080232 0.020832834435782654 9 448 232
1.1644486934603564 0.9891354478504504 0.02091573953070691 9 448 329
0.7104160582275725 0.6825826395363227 0.47875220121689577 9 448 360
0.7440616597992924 0.6394806371294492 0.4757477121302298 9 448 383
0.7767840493775477 0.5882462837216982 0.4772020586302619 9 448 409
1.0426838676579433 1.132399642319522 0.03361411022256533 9 449 275
0.7927024314199522 0.5690854667151024 0.4723505778918786 9 449 419
1.0571569229330904 1.105275985293373 0.03220120611777011 9 450 284
1.0703602501484508 1.0697087140752992 0.03981971513263893 9 450 295
1.0836935755500907 1.0500868216956403 0.039814448606755315 9 450 302
1.1560085434356797 0.9843310959456429 0.02057333544998996 9 450 329
0.7033846849444393 0.6915002039147342 0.4737960607154533 9 450 355
0.9542966602700291 1.2679728594170612 0.022748112232970907 9 451 227
0.9894120041248469 1.2271664125854311 0.017572856366091294 9 451 243
1.0226530615501952 1.1718011227786982 0.02060314534171237 9 451 262
1.0251475254406575 1.1529844853300992 0.02777682033727613 9 451 267
1.1323814084929582 1.0144042361654413 0.018589911708443374 9 451 318
1.0498058055124149 1.1003329401718134 0.031366590289948704 9 452 284
0.7434304773509965 0.6164902462032373 0.47574963784207214 9 452 392
1.0386771665401828 1.1171045302768068 0.02704280590042263 9 453 278
1.0466955672257299 1.082387261340733 0.03794964364474396 9 453 288
0.6928585548966267 0.6887081427877014 0.47404978644104256 9 453 354
1.0206983842473574 1.1536788133077853 0.018086204545624707 9 454 266
1.0935306448304993 1.0352799750828048 0.023322266486084375 9 454 307
0.9478284373215027 1.2456731181403307 0.021366495569695054 9 455 231
0.8291575064054371 0.48417385900919024 0.47005787873369154 9 455 459
0.9519951360119427 1.236242388873034 0.018811203983823077 9 456 234
1.0029221476465238 1.1698707673953261 0.014574129713257111 9 456 259
1.0359245490783056 1.1068599502500494 0.021435704577976722 9 456 280
1.116477447563447 0.9591200879750429 0.03527340036243265 9 456 330
0.6991051065869808 0.6540162021944363 0.4778593811928331 9 456 369
0.7082423368527111 0.6431825402269546 0.47658295985113197 9 456 375
0.7537876435829605 0.5763778046169362 0.4763709323501104 9 456 410
1.1172676531069712 0.9667333125975323 0.026904103036162752 9 457 328
0.6909045530704554 0.6649232904931359 0.47565560124375084 9 457 363
0.7171692914255621 0.6295519419738393 0.47400584493051157 9 457 382
0.7381036080345094 0.5920584566892308 0.4771710708572078 9 457 401
0.9857821722636331 1.1946443622043414 0.006514032195378938 9 458 250
0.727990972991921 0.6094540817030785 0.47319158041283493 9 458 392
0.7578399960894806 0.5631096852053169 0.4742708034562666 9 458 416
0.8343936969559074 0.4640299949068674 0.4674845348217035 9 458 468
1.007432847115739 1.1359536582258722 0.015270407389928575 9 459 268
1.0467116760806836 1.046136797256366 0.03064697465870503 9 459 297
0.7675404948628315 0.5449301787563392 0.47332381097438436 9 459 425
0.9926884914190302 1.1541238414392523 0.012892626264226603 9 460 261
1.0342215891887463 1.0813238005199657 0.018414789936118003 9 460 286
1.0877178240339753 0.9960417040119942 0.021405378665145136 9 460 316
0.9992952544283631 0.288953342893722 0.42835503380436313 9 460 556
0.9435933355603547 1.1920419099171868 0.021579829955771235 9 462 243
1.0185124252309112 1.0908617231006896 0.016829525489785446 9 462 281
0.6664163615316085 0.6751585453408252 0.474396463096606 9 462 354
0.7078949320812495 0.6200832556444319 0.4713061446783191 9 462 384
1.0243411974870271 1.0513708021041865 0.02781310778078172 9 463 292
1.050110578899717 1.0280160889661414 0.020560701343891985 9 463 302
1.0582287451927517 1.0173029362809836 0.019919266586876816 9 463 306
0.7492372712641764 0.5476806651377389 0.47399422719819706 9 463 421
1.0767663381713173 0.9816530478601405 0.019811171844618114 9 464 318
0.6700626112886945 0.6546610907282314 0.4762792388812451 9 464 363
0.7220214802911762 0.5847975104021834 0.47278273395198167 9 464 401
0.9774798123101385 1.1032032903623543 0.02829810946979827 9 465 271
1.0274112170896041 1.0336026778602803 0.026126082840337128 9 465 297
0.6788141722186527 0.6413429799715418 0.47369776898534743 9 465 370
1.0187673521423497 1.0397789394564532 0.025315464582120306 9 466 294
1.0475358294899486 1.0144328122897508 0.016766557932114567 9 466 305
0.6845805516583576 0.6315395023662417 0.47155802939539304 9 466 375
0.908426466995429 1.2059210260043702 0.020019185835683295 9 467 233
0.9667775295209331 1.1154773061906225 0.021939189290184347 9 467 266
1.0119348723391495 1.0508432683564646 0.020771648337516435 9 467 290
1.0562534737494462 0.981260111968162 0.022670374402465665 9 467 315
0.6470063482806381 0.689640129407186 0.46762820175924347 9 467 344
0.7232335794014333 0.5637634266764439 0.47396096527569553 9 467 410
1.0103191172801735 0.29199183906853554 0.3976542263785685 9 467 553
0.9347268306396632 1.1809456710897384 0.008980720728317237 9 468 244
1.0475008658654599 0.998799749571077 0.01631378986691434 9 468 309
0.652020301460509 0.6699579430112863 0.4709469693869621 9 468 353
0.6705489007973543 0.6350055204241342 0.4746469244568503 9 468 371
0.9392622535570674 1.1517936516292258 0.016047505086818736 9 469 252
0.98541560951389 1.0959373497566958 0.0056387224100058475 9 470 274
1.013383121906972 1.0017951897891417 0.03189299533523782 9 470 303
0.6371345959292176 0.6844941968757956 0.4692298053976902 9 470 344
0.996087721900949 1.0674332870062575 0.007860253015392393 9 471 283
1.0439283475101933 0.9886101507252145 0.011729494440659405 9 471 311
0.6697532464439337 0.6223027585527489 0.4733559413999624 9 471 376
0.6820215825275097 0.6060485899103726 0.4723665290665028 9 471 385
0.9636160130929166 1.0969893860315159 0.013154254726899461 9 472 270
0.6876424787963327 0.591730232563634 0.47261625907201377 9 472 392
0.6976103474094976 0.5746435623963635 0.4737544747744469 9 472 401
1.002622966016234 0.9913373001191595 0.03305653109759632 9 473 304
1.0006494257509158 1.0274658404693606 0.0122852874122783 9 474 294
1.0026349799564913 1.009766484145564 0.019725275842932932 9 474 299
0.6457510769045139 0.6446571708538221 0.47187597830771133 9 474 362
1.0354532889978865 0.9830397008404919 0.0044781513523011185 9 475 311
0.6461458758199641 0.6329699291089114 0.4747691628053955 9 475 367
0.6979051939693215 0.5537686295733288 0.4758613317618543 9 475 410
0.705402507989596 0.5361552152711129 0.47912656076085625 9 475 419
