1.8448650295289721 0.13128748065255702 0.9378492921379721 9 3 450
1.828028445843993 0.128338897824942 0.9384845806820153 9 3 453
1.8138890806359904 0.1286547337533126 0.9390788412852502 9 3 455
1.7971544363657759 0.12592703088068147 0.9397147005395476 9 3 458
1.388822511936191 0.11042897603048618 0.9563407786848437 9 3 532
1.3783798448657352 0.11101702184357176 0.9567873903315106 9 3 534
1.3403217031305275 0.10593615692839675 0.9582578914282536 9 3 543
1.221304011502706 0.10341425919846126 0.9631473547437386 9 3 570
1.181702823779266 0.10530751938827043 0.9648336904531978 9 3 579
1.165914763484254 0.10463085267583838 0.9654748491805433 9 3 583
2.5210637798679283 1.4976270768029831 0.935519995828844 9 4 94
2.5211827059942737 1.4772630523123667 0.9350592065071477 9 4 99
2.5321552289240206 1.4391741565670746 0.9337362985464894 9 4 108
2.5284089132571013 1.4104356305460284 0.9332538833282745 9 4 115
2.5157065325769428 1.4035335035666305 0.9336442101261789 9 4 117
2.507539359409199 1.3961476106868174 0.9338292067017925 9 4 119
2.5137412494383216 1.378654077439228 0.9331717660612148 9 4 123
2.527440527963581 1.3387397730368775 0.9316910661991916 9 4 132
2.5326707310181495 1.32945135917997 0.931258906235953 9 4 134
2.534869571405997 1.3032834964303965 0.9305790406739164 9 4 140
2.5202725789380382 1.2665001055732308 0.930381965593142 9 4 149
2.5264765923591304 1.2567436234285512 0.9298975670438713 9 4 151
2.5183806299853373 1.218579769438207 0.9293907864722276 9 4 160
2.529971070469947 1.2076064407397924 0.9286481465392206 9 4 162
2.533854193519717 1.1979766886282317 0.9282661216508055 9 4 164
2.4971867080775088 1.1649248217785153 0.9290991015895598 9 4 173
1.7832826418425327 0.12069960260843926 0.9363500671865033 9 4 461
1.7631522317464792 0.12090178836058119 0.9372179398508265 9 4 464
1.7509403066052576 0.12021795040095418 0.9377263796969739 9 4 466
1.6989533072694374 0.11583602029394124 0.9398579308634003 9 4 475
1.6800134454110844 0.11604037490536645 0.9406747921060541 9 4 478
1.6645420012883414 0.11860443510970109 0.9413957041472749 9 4 480
1.5755238069762538 0.11389168862173094 0.9451080378207936 9 4 496
1.540649319351708 0.10019036271413695 0.9462971300598518 9 4 505
1.0881340502394172 0.09405049911533436 0.965567106505227 9 4 605
1.0769873483511478 0.09825224554143674 0.9661391867637417 9 4 607
1.0493555782642183 0.10024457896608907 0.9673688344064388 9 4 614
1.0385724012803421 0.1000787286339675 0.967827589522769 9 4 617
1.0156018265458664 0.10186028368222155 0.9688526122891143 9 4 623
0.9594300667219626 0.11160979876831734 0.9714798599646006 9 4 637
1.732888904593076 0.11358604369431013 0.9345832217670266 9 5 470
1.5566230534051344 0.10516519685597547 0.9421865921962713 9 5 501
1.2982034137395257 0.10935359142154133 0.9537139940056579 9 5 551
2.5188122747285706 1.470547789952164 0.9270372293382177 9 6 101
2.5035047429806525 1.3936191077214206 0.925917853920677 9 6 120
2.5188454443964874 1.2106289555318381 0.9208961457321385 9 6 162
2.515162606306219 1.1846300008697535 0.9204498969016827 9 6 168
1.1295194998171818 0.10257689939722203 0.9580525786003862 9 6 592
2.524641312511736 1.2585992722614112 0.9176302574713449 9 7 151
2.5113041537817997 1.2477074202213494 0.9179921523058412 9 7 154
0.9873274393569682 0.10384229338797146 0.9617855817302335 9 7 630
2.545524158275111 1.5911415209814672 0.9207512791972453 9 8 71
2.51675969038806 1.5288153404092955 0.9205902406351064 9 8 87
2.5407680822637797 1.4985755886621681 0.9186789579089174 9 8 94
2.5358262791035178 1.4287426888510777 0.9171809402426188 9 8 111
2.512952577019289 1.3894629782836616 0.9173085911540146 9 8 121
2.5091704032827 1.3092891574450323 0.9154974169193483 9 8 140
1.4774557330480231 0.12005134527252426 0.9357401570700669 9 8 512
1.2782783867714536 0.09978383824148218 0.9448535903095904 9 8 557
2.5275608738170785 1.6327574450905291 0.9148157862379118 9 10 61
1.0179781658249623 0.10235659379379802 0.9518255933502199 9 10 621
1.008597557827774 0.10513542525731445 0.9523765478507045 9 10 623
1.5989026264316002 0.10970192857356276 0.9187722142003315 9 11 492
1.10144597408978 0.11698761906680466 0.945010846524241 9 11 595
1.633417272266059 0.13972715728090446 0.9141148465801889 9 12 480
1.1938293173257617 0.08964048050036189 0.936355630592142 9 12 578
0.9913180720731491 0.09435413242833768 0.9473622560855877 9 12 630
2.522656412720114 1.253248563433741 0.8926620566579061 9 13 153
2.494287075244139 1.2097116971368291 0.893005390662162 9 13 164
1.5891671110936028 0.11187559646404321 0.9121135899377893 9 13 493
1.5323780120118897 0.11179728649993614 0.9152390625297708 9 13 503
1.4135768030597082 0.1182561122505521 0.9219629098785563 9 13 524
1.3967604808737366 0.11512350113708436 0.9228013518188108 9 13 528
1.0481393158500305 0.10268739149685335 0.9416534646416979 9 13 612
2.4941496353011874 1.21906259685585 0.8891169650789021 9 14 162
1.4610056502326152 0.11205121535622009 0.9157312119063773 9 14 516
1.379189676841052 0.12166415868283975 0.920624013144884 9 14 530
2.518294000302176 1.4473154391162177 0.8902367291102594 9 15 108
2.5358733679279197 1.403537556249268 0.8879395842226658 9 15 118
2.521418548436999 1.3671001825411082 0.8877089291641752 9 15 127
2.530026238950882 1.3365295523688 0.8821726625956283 9 16 134
1.3250955928651265 0.11652059730867137 0.917000961311529 9 16 542
1.103130846752265 0.09320976076056597 0.929438022771867 9 16 599
2.569598860946877 1.5800713279357264 0.8830609215223569 9 17 75
2.5062187831362257 1.5474911398955142 0.8859034772366216 9 17 84
2.555880575191066 1.5196887334690843 0.882048312698008 9 17 90
2.531589595138755 1.472164986428691 0.8820682775469423 9 17 102
2.5334874570820256 1.4302897274919282 0.8806751834662895 9 17 112
2.541412694051547 1.4168032059715332 0.8797837278290558 9 17 115
2.4907431467421217 1.635729766940944 0.8856213546777216 9 18 62
2.496419017529254 1.6199433497514573 0.8847781046176194 9 18 66
2.524988000026694 1.5950399493709144 0.8822334660327346 9 18 72
2.5249554168642674 1.4443350004284328 0.8775400248632007 9 18 109
2.529685079038798 1.3677771147642472 0.8748619212727318 9 18 127
2.5056467719797793 1.6084846033235527 0.8798942834506248 9 19 69
2.5296411254568936 1.481879240485455 0.8743510210582907 9 19 100
1.077021043764893 0.10757818787914553 0.9225889521191758 9 19 602
2.5218620742803894 1.5484747307051152 0.8729390822259997 9 20 84
2.5321489866582056 1.5070241063258576 0.8709299249047475 9 20 94
2.513655661752437 1.2451361614952352 0.8636340515618881 9 20 156
1.5148667341823336 0.19006689096531648 0.8940039388106366 9 20 489
2.523303148037967 1.6570671474651175 0.8684418447112912 9 22 57
2.53484436824585 1.5853219184515952 0.8652462729419895 9 22 75
0.9235127787568638 0.14099909121080745 0.9252036653397099 9 22 637
2.537176068979211 1.6456200191872281 0.8631236990815289 9 23 60
2.523453504800619 1.6184310655702485 0.8631342434335786 9 23 67
2.5197249525949745 1.60271899988474 0.8628512993309152 9 23 71
1.3615541904864392 0.21528305635982115 0.8948912297750213 9 23 512
1.0416877325120555 0.15829318428498906 0.9149394398411085 9 23 599
1.4112268575198974 0.20696438016070262 0.8878243339759838 9 24 504
1.477263079611438 0.21902086889401318 0.8801593334999933 9 25 489
1.4633500809860325 0.21682426215438055 0.8810767315379233 9 25 492
1.309235114657979 0.22590635808453285 0.8924286670052675 9 25 520
1.2987493655587046 0.21334935265781496 0.8927318762256329 9 25 525
2.5133452257498803 1.4546091861087693 0.8459132713014932 9 26 108
2.535420233894462 1.405955433161893 0.842539294111619 9 26 119
2.524062909181045 1.3559556959668346 0.8415552957969676 9 26 131
1.3704026753092817 0.2146482401731662 0.8843386865011038 9 26 510
2.50502776414637 1.4435531235407648 0.8420150831439681 9 27 111
2.496110504627255 1.2999020937086296 0.8373786160724328 9 27 145
1.3826313990087085 0.21680957550860125 0.8801929193017191 9 27 507
2.51017427915097 1.5098433467770822 0.8400035403995806 9 28 95
2.519418536052756 1.3447755757735373 0.8331082406065856 9 28 134
1.2727742473454227 0.21817771611964076 0.8852264561162416 9 28 529
2.5278359366641396 1.5905120843618525 0.8376409145556335 9 29 75
2.5176309185915278 1.5709337421881422 0.8376805015341893 9 29 80
2.5124484130826605 1.4482157874266868 0.833395506624537 9 29 110
2.515047344446767 1.3372905574663696 0.8289606131808758 9 29 136
1.2384904997715003 0.2106695919855821 0.8843961614271011 9 29 538
1.1738677397787087 0.20494011855503613 0.8891609107509556 9 29 554
1.4203531186683658 0.22323571115146024 0.8674569246965476 9 30 498
2.5172472340300107 1.6598011100528147 0.8330987207617044 9 31 58
2.5172161771480024 1.624309339015821 0.8317006429561496 9 31 67
2.512505458738456 1.5685559896895365 0.829876944424449 9 31 81
2.5140341606990004 1.490898196996986 0.8266902973104819 9 31 100
2.5265297034107137 1.464835928727958 0.8246633741999675 9 31 106
2.513127629769175 1.3902509561376672 0.8227910407141799 9 31 124
2.5054782134374904 1.3483730940472354 0.8217497090636271 9 31 134
2.5028076088275557 1.614387851207662 0.8244162001955521 9 33 70
2.5135193250978833 1.508730016047342 0.8192244877039592 9 33 96
2.487928340291767 1.4406456544524215 0.8185663321523324 9 33 113
2.532933948906509 1.6536881049189183 0.8194789357619808 9 34 60
2.5450807001905376 1.5891048158043488 0.8157836332554376 9 34 76
2.525429885449694 1.4960245164594659 0.8135828946987765 9 34 99
2.5076701664205014 1.3969410436128373 0.8109745789480544 9 34 123
2.504273656615205 1.3416056844230282 0.8089693941030942 9 34 136
1.286530885330587 0.22817142263358026 0.8652917115009171 9 34 523
1.0858051510934572 0.22819017023657473 0.8792291989346466 9 35 569
0.9850558092677977 0.2142777918507719 0.8872591064713672 9 35 599
2.542101780190861 1.646939802377275 0.8102825028138279 9 36 62
2.5180326290900426 1.5594855785256827 0.8086405185249957 9 36 84
2.5088158703270818 1.4487385706272828 0.8047131590513836 9 36 111
2.520275398237006 1.430702316954739 0.8029471008478519 9 36 115
1.1068197808728777 0.2264524071181222 0.8743792092903689 9 36 564
1.0516680845702622 0.21789989785486052 0.8788074816818762 9 36 580
2.512179345989518 1.5360776425173044 0.8040384311537532 9 37 90
2.5260431586951846 1.4728845713047032 0.8000748485229765 9 37 105
2.511119003395848 1.415349172341346 0.7988990784924425 9 37 119
2.508356766562109 1.3514083637064307 0.7963715128228526 9 37 134
1.294591654120527 0.22325787651667817 0.8546724107613407 9 37 522
1.1707040437078644 0.22444084257875407 0.8656655530751947 9 37 549
1.1579014042873221 0.22441809545128444 0.8667953078484872 9 37 552
2.532716550633481 1.6126805223518117 0.8014486929402228 9 38 71
2.523157595503713 1.5970041509019768 0.8016167280972911 9 38 75
2.5238187707543798 1.5153408851382746 0.7979645708363663 9 38 95
2.529175659455035 1.4816233118307376 0.7960004686756471 9 38 103
2.4968688284126057 1.3884128182773865 0.7906010769832473 9 39 126
2.491274523858395 1.3762912091730373 0.7905697571352628 9 39 129
1.132112846613861 0.227932874062035 0.8631751369228806 9 39 557
2.541457478276481 1.6378752465845778 0.7935713571295354 9 40 65
2.53756589002281 1.6017831879187021 0.7922965988392189 9 40 74
2.534345770741049 1.589776571115073 0.7920507456453503 9 40 77
2.5088251534489325 1.5219066469657574 0.7913383453974262 9 40 94
2.537685862100776 1.48637378124736 0.7870575335079483 9 40 102
2.5294819914378883 1.4660834561117373 0.7868977048809499 9 40 107
2.5381270560982556 1.6394325260919076 0.7857372415888495 9 42 65
2.5346464857498607 1.5088496661725843 0.7799832333580157 9 42 97
2.5134802319783853 1.4730317665929746 0.7803328794772227 9 42 106
1.151898336553837 0.22276467418697532 0.8519400128088269 9 42 553
0.8993412583585179 0.22042653394946354 0.8759217950598105 9 42 621
2.502974933358991 1.5651433945879647 0.7815141222873697 9 43 84
2.4934354700259247 1.5494923239480312 0.7816979121572991 9 43 88
2.5239075572070577 1.4473956489053064 0.7739227720441574 9 43 112
2.481356616328269 1.405383034251606 0.7760564043218615 9 43 123
2.4900509137508045 1.3916008221451737 0.7745633711463407 9 43 126
2.5592786548859823 1.8169062962582343 0.783927772240027 9 44 20
2.5185945549404565 1.5933461390357146 0.7772116597449301 9 44 77
2.518036963451107 1.6541665586143814 0.7760924746101694 9 45 62
2.5203791166354406 1.6341836602522926 0.7748884229814669 9 45 67
2.519724409511169 1.4448310964552409 0.7657560113578619 9 45 113
1.0180368913673192 0.22320071087928683 0.8560608896995251 9 45 586
2.515069940843776 1.6070200263508299 0.7699772155922987 9 46 74
2.5117866096446475 1.5297932119597182 0.766507054094589 9 46 93
2.5189334881148016 1.4876861791807525 0.7637116630091676 9 46 103
2.472558532184653 1.3997218480436395 0.7640684083418292 9 46 125
2.486401145401805 1.5117540924019517 0.7640363908566358 9 47 98
2.566715895268665 1.8127170735932163 0.7667485770869253 9 48 22
2.515133962579353 1.6084306817654248 0.7617828950577039 9 48 74
2.50665243564865 1.4900322174314349 0.7566793329491965 9 48 103
2.515094347748816 1.468315481606004 0.7547041579381143 9 48 108
2.488657757232521 1.4160345745367842 0.7548089680116563 9 48 121
2.5119235876484627 1.633353431462841 0.759260124184758 9 49 68
2.50420981940037 1.621636598056197 0.7594728477529905 9 49 71
2.513090400997852 1.5234367564980063 0.7535082705914289 9 49 95
2.5115251667158947 1.5694435341370219 0.7518654644013008 9 50 84
2.5288201654594475 1.6462715817000744 0.7498600995453726 9 51 65
0.8845206805494541 0.23935025820842926 0.8539141361534863 9 51 619
2.51284704190357 1.5911218456382232 0.7445286363167074 9 52 79
2.519113385802736 1.5498421783803824 0.7416454208167487 9 52 89
2.519145523632085 1.5374445661778466 0.7409823699346869 9 52 92
2.509134331103684 1.5257264639165942 0.7414569130040244 9 52 95
2.5120059694564887 1.4795845582100244 0.738687331999864 9 52 106
2.51700618818969 1.458003834132086 0.7369909130968999 9 52 111
2.5204274703884435 1.6686629734061034 0.7395599740137108 9 54 60
2.492474388520173 1.6056050609277561 0.7392677147169827 9 54 76
1.0174016059720277 0.22964497348520974 0.8302596420611288 9 54 583
2.502493085001402 1.5570438813164293 0.7313038333974233 9 55 88
2.526316993333042 1.5389936424202086 0.7275918165918103 9 55 92
2.516874840683193 1.662258192385288 0.7313266633045461 9 56 62
2.514307524896754 1.6019928411843485 0.7282565826855709 9 56 77
0.9518141081533602 0.22799514538385934 0.8318764455761294 9 56 601
2.5303044195816957 1.5317454920336107 0.7182285293800175 9 57 94
2.5254574345327416 1.6151281239279773 0.7193080027455602 9 58 74
0.9914066345293024 0.22908997880496207 0.815741965147456 9 60 589
2.540719648112902 1.8225529874928887 0.7170796359987398 9 61 22
2.4829580956484887 1.4669677213129684 0.7031126033567943 9 61 111
2.505866945718962 1.5671424664863058 0.6935308039785635 9 64 87
2.5091874255366418 1.5545576864068829 0.6923382766834018 9 64 90
2.4988851103277474 1.6009445418149135 0.6922746882112271 9 65 79
2.4969704864535043 1.5103206251320325 0.6869105860108194 9 65 101
2.4999837978371113 1.662067331152726 0.6917380545356384 9 66 64
2.5057512554397445 1.5437090432629952 0.6835810384320163 9 66 93
2.516334065243977 1.4925707491658664 0.6790048327710793 9 66 105
2.4850572606752825 1.4741801494893423 0.6819200313485433 9 66 110
2.132123975084538 0.2872594773148307 0.6535220135942994 9 66 381
2.4767678552519206 1.5668061592307292 0.6845788051024859 9 67 88
2.0567146940287335 0.29396501178923606 0.6592838167259613 9 67 388
2.523188699186501 1.610175503966091 0.6769587698990065 9 68 77
2.495156574669955 1.5124540130930244 0.6744372304093833 9 68 101
2.4998379606604972 1.6281017346474638 0.6769892470520898 9 69 73
2.5014519021250043 1.5626147558377759 0.6725406416332496 9 69 89
2.489447568693617 1.4799388229413015 0.6688118162286649 9 69 109
2.2049250103688682 0.29432620711357815 0.6304435320413756 9 69 372
2.4905204645978447 1.6492618419748053 0.6754110913276669 9 70 68
2.512001790267376 1.5874814208110357 0.6684578128057049 9 70 83
1.8601219972086707 0.28579086576144075 0.672042541414285 9 70 413
2.506676569040723 1.661600325625466 0.66980200318296 9 71 65
2.5208615268980488 1.6131615172248661 0.6603780939960551 9 72 77
2.511210669657455 1.5971673841537206 0.6606518514377606 9 72 81
1.8998179491486034 0.2797912323747498 0.6577206171129124 9 72 409
2.5041403893336813 1.6551045091135732 0.6612636950922779 9 73 67
2.496797819675848 1.6391947998098981 0.6612225875402541 9 73 71
2.514337351894808 1.6059548786239346 0.6565227784203822 9 73 79
2.51540973029676 1.5100109021380739 0.6499108610846072 9 73 102
1.0052948147860046 0.23276259079099404 0.7758003587286593 9 73 582
2.4893054709327633 1.5709170540889112 0.6534020006569228 9 74 88
2.499512948184009 1.5537552820190235 0.6507869815823472 9 74 92
1.7266198502495174 0.2792231406436452 0.67368253382725 9 74 432
1.6626358748095504 0.2805160408342604 0.6828439164235424 9 74 441
2.5026784466849943 1.6926684280946258 0.6555721270517995 9 75 58
2.4693161143648843 1.456015920244368 0.6440910063071317 9 75 116
2.487437131947391 1.5929495676145509 0.6466358070934429 9 76 83
2.499560893668889 1.5799960622196394 0.6439815372585639 9 76 86
2.5121710487314726 1.6383033331830408 0.6376366852274353 9 78 72
2.5143895615565506 1.6259743690321096 0.6364362677551817 9 78 75
2.493029103158732 1.5527640463815375 0.6344108634502619 9 78 93
2.488997390455535 1.5949976027911696 0.6337084212989202 9 79 83
2.538925637019695 1.8420828250145895 0.639717147338658 9 80 21
2.4959791778733154 1.6805834272408768 0.634538019350018 9 80 62
2.5236231598778405 1.6598159664654026 0.6288722100236719 9 80 67
1.561171773265424 0.2808357572806215 0.6744580456848127 9 80 456
1.5181919313378278 0.28548468948729333 0.681272659121302 9 80 462
2.526173136803806 1.6693975166508603 0.6205651765246846 9 82 65
2.517921963115751 1.6246692325094423 0.6185444442191391 9 82 76
2.5164026743805916 1.616495802645425 0.6181769548956394 9 82 78
2.4989925227341274 1.5808278123940844 0.6138938179808544 9 83 87
2.5178864542975483 1.6888044165525886 0.6060677639335639 9 86 61
2.51144372612227 1.6237328099051593 0.6021309157512515 9 86 77
2.4985102214363435 1.4472406982296802 0.590727605085138 9 86 119
2.454476951825224 1.6507226055464308 0.6090462465367111 9 87 71
2.4963578520897904 1.6705169609619908 0.5995146819053012 9 88 66
2.5065828283609966 1.4520634269797548 0.5808732216696815 9 88 118
2.541994370446521 1.837635323889282 0.5837108264499018 9 93 25
2.4899412040312834 1.6255613475268467 0.5753553392648523 9 93 78
2.4781888169807296 1.44511219072192 0.5627016729811695 9 93 121
1.3550934160911776 0.28064640996657775 0.6523272025354045 9 95 490
2.483459316735245 1.4896497129498336 0.552061388709064 9 96 111
1.3790798500432937 0.2868619037017903 0.6414372155790811 9 97 484
1.3046716218234904 0.2777563803349299 0.6538053764669622 9 97 500
2.487569713981963 1.6742061151656102 0.5580323094946559 9 98 67
2.5095403589296446 1.6614898896275452 0.553042935756953 9 98 70
2.5048134287969592 1.5327858319910856 0.5384952549959984 9 99 101
1.2724909341096127 0.28275938605814677 0.6529631324087806 9 99 505
2.4823139771636864 1.483809283436921 0.5338620035313761 9 100 113
1.383579607517607 0.2860891172894906 0.6296511307500363 9 100 483
2.4944115175667645 1.6518520966420431 0.5417578096556716 9 101 73
1.4179623456943915 0.2848743825097395 0.6196123998719237 9 101 477
2.4845018366819684 1.6854003864086318 0.5421218049959047 9 102 65
1.3958339589591242 0.28402679908610917 0.619902058723514 9 102 481
1.2885502467001304 0.28012179979796037 0.6393218431665959 9 102 502
2.5327373195536453 1.8496704629575578 0.543301501617676 9 103 24
2.501228261735852 1.5407788600678614 0.5173734209212201 9 104 100
1.3613845173328292 0.28417295991948954 0.6189939605325219 9 104 487
2.4868213076165304 1.6434989038879797 0.5203827163023188 9 106 76
1.3420890775242214 0.28577380985345524 0.6155248197707266 9 106 490
1.300104731971903 0.28116111327309934 0.6231013781966274 9 106 499
2.5289730468405094 1.842056504201444 0.5216123497062812 9 108 27
2.5046075579502083 1.6527285322000844 0.5089295298787216 9 108 74
2.4810463526677164 1.632815926039591 0.5116590900658545 9 108 79
1.3075994836595348 0.2819431642076935 0.6110198853893517 9 109 497
2.4917961596772864 1.7246183683831942 0.5048290177200626 9 111 57
1.1770308404013874 0.28356461988912973 0.6298744803698193 9 111 523
1.2005608440840272 0.2782811151746736 0.621282877170739 9 112 519
2.4731945543893747 1.5665669896443732 0.48015050972246853 9 114 96
2.4746404100793598 1.4289024762175555 0.46199462778914846 9 115 128
2.4839850400352015 1.6762867149365526 0.45273111506608377 9 122 71
1.233306513437682 0.2862822895274202 0.5268955470189738 9 137 507
1.1928513149214992 0.2830262191215218 0.5362236855023095 9 137 516
1.359253571115598 0.2948207507935763 0.49004452430905543 9 139 481
1.1436001205115323 0.2840378101441914 0.5412005318966953 9 139 526
1.3321839911798887 0.28909040216028625 0.49218042426655684 9 140 487
1.2723508934953494 0.29044175076021106 0.5069705845336219 9 140 498
1.2442915652273832 0.28812361909807915 0.5135657492016759 9 140 504
1.230721177948914 0.2867904572458664 0.5167308989111239 9 140 507
1.2848075633813063 0.2920610033002651 0.4966867490010375 9 142 495
1.2475892460207025 0.2838246579324091 0.504948097955044 9 142 504
1.368922406289485 0.28428948535204546 0.47106504644806546 9 143 481
1.3193549590434304 0.2795824888983791 0.4828777839212931 9 143 491
1.3964112948522431 0.28938141932307504 0.46089475066070396 9 144 475
1.1612855815711942 0.28600512442596315 0.5195439569186823 9 144 521
1.1253673410014542 0.285141125291156 0.5284620573989978 9 144 529
1.2783014397098467 0.28670029086537485 0.4865140806513373 9 145 497
1.2116987907309924 0.2849394590322256 0.4886186525139573 9 149 510
1.2000319041678131 0.2861043978027831 0.46264239387414063 9 157 511
0.7499634323577744 0.2503313709484092 0.5271689448453145 9 175 631
1.0793945850833062 1.1120492318292508 0.5149450822960564 9 187 313
1.0810376606355507 1.095893919818791 0.5089781788755114 9 188 318
0.8176955220086615 0.32909993408202065 0.47748360120347555 9 188 589
1.082609725659358 1.0921095963272407 0.4989154071481068 9 191 319
1.0928793369458978 1.121722497180334 0.49712345432355365 9 192 308
0.7648412195816758 0.3120229472303362 0.4798293768411822 9 192 608
0.748049685504258 0.26060759377161435 0.47429475577843383 9 193 625
1.0815299385009958 1.105098065101607 0.4923164598208376 9 194 315
1.0838032570198353 1.085334067254705 0.48843047107875914 9 194 321
1.1033645138758008 1.1328405036647964 0.48633140407217734 9 195 303
0.7192474304126442 0.36854706428539163 0.4800972572485358 9 200 607
1.0999274641778927 1.1314949389329454 0.4691074209181001 9 201 304
1.0738566626833208 1.0805411769012898 0.45461480780208907 9 206 324
1.0762131448788503 1.092107684044454 0.44651899384566696 9 209 320
1.0937659161104296 1.0680298572738995 0.43603721157143793 9 209 325
0.6815170115829212 0.4934273588711622 0.4794184494847209 9 212 585
1.0774718662884513 1.104202839932095 0.4358275411363086 9 213 316
0.6609599885707351 0.49847102834533397 0.4822093608505723 9 214 590
0.6547880999438178 0.48730750197888417 0.4825604936635187 9 214 595
0.6241118887474362 0.39211579708286526 0.47737506040741196 9 214 630
0.6425611279329003 0.4678912939472286 0.480895610961975 9 215 604
1.0753762790819492 1.1083515717174617 0.4280753079083329 9 216 315
0.6272019556513321 0.4372694135781885 0.47844186597908356 9 216 617
0.6043711596909865 0.4014792586771141 0.4778980580225416 9 217 634
1.076777293112426 1.0855907094587496 0.41104678370116665 9 220 322
0.5861924158806064 0.4218593502004331 0.47163109096605504 9 223 634
0.6065656207862475 0.5299920953296824 0.48065246712789655 9 224 598
0.5997578725582293 0.5046653527204124 0.4759123150550123 9 225 607
0.5925438736532205 0.4956048399824189 0.477080481400204 9 225 612
0.5910796566224494 0.47491066238672364 0.47384948904512425 9 225 618
1.0712544060958271 1.0977468399863046 0.3965887923981347 9 226 319
0.9964283733337767 0.6905107776336934 0.350875917930756 9 226 449
1.081002831423096 1.086925151703734 0.37802208995208686 9 230 321
0.5740256723004249 0.48180047574734863 0.46529991918736224 9 231 621
0.9485003533414231 0.6924823065582779 0.35049707734969526 9 232 458
0.5634789802231158 0.46150973351207236 0.46295901854102584 9 232 630
0.9823451823234846 0.6871092310674567 0.32899832156549047 9 234 452
0.8878405265708562 0.697605184946728 0.3697428349575316 9 234 470
0.5673755863578034 0.5294361535825183 0.468839743032168 9 234 610
0.5604085148950426 0.5056422816257686 0.4671330889004197 9 234 619
0.5622071030828288 0.4421329600907815 0.4542191409399855 9 234 635
0.5580054000646604 0.4855790118681189 0.46152288602965774 9 235 625
0.8260171935071929 0.7106404532244381 0.3914570138146636 9 236 481
0.997486861367598 0.6815433198959597 0.31148187358204127 9 237 450
0.8386251867751571 0.7052963597580297 0.3759002892775255 9 239 479
0.9366302686811205 0.6833770810729942 0.3238610622241629 9 241 462
0.5594449318611264 0.47798509604575656 0.4428275482291737 9 241 625
0.5528534767356738 0.45289221516592426 0.4406514575600422 9 241 634
0.5581241604114572 0.5083051480293417 0.44386207548696777 9 243 617
0.5544669556328135 0.4485738517763478 0.4334985490255099 9 243 634
0.5623705412500635 0.5129923649968895 0.42907572902934676 9 248 613
1.0954221168440887 0.6882039085930942 0.21737161389620718 9 252 428
0.5603101838643353 0.5273038348762236 0.4217543624231014 9 252 609
0.5566605010281771 0.5022529563723963 0.4181737755930576 9 252 617
0.5571903451343008 0.48625817972081986 0.4146165879446655 9 252 621
0.5523035510516218 0.45852675731674464 0.41102907511768927 9 252 630
0.5563957118556834 0.4730145161408248 0.40369115193573224 9 255 624
1.4853269715927657 0.7062713699619163 0.012139293006776075 9 260 365
0.8886835596806271 0.6929010635107113 0.283764377881474 9 260 468
0.5584533928004187 0.5266023805511748 0.39995396442471354 9 260 608
0.5556685802759891 0.448679023806424 0.3815920346505305 9 261 629
1.4249510575968818 0.7084066070437456 0.022826711878961792 9 264 372
0.5604285201607033 0.5241398420935648 0.38714000649692626 9 264 607
0.5604513458709259 0.5050931318387237 0.3829663160514267 9 264 612
0.557262382001092 0.4748433727301338 0.37784708001973055 9 264 621
1.4231393553998652 0.7581285094723786 0.012689429136655939 9 269 361
0.5666779702710735 0.4475492407508035 0.34977108412814784 9 270 623
0.559524747048993 0.4299384143377951 0.34925788297919236 9 270 630
1.3716736070176796 0.7072317106118489 0.017249747947465588 9 271 379
0.8657070001563709 0.6888880523781338 0.25698536642703274 9 271 473
0.5649208432527821 0.5307830925179391 0.36637964638245235 9 271 602
0.5645315069422129 0.45664889926472374 0.3469254274825534 9 272 621
1.4094852299806404 0.8222247977661767 0.016254331855537263 9 273 348
1.3558020223444416 0.7164356618833783 0.0183429252215499 9 273 379
0.5639084619711815 0.4958602107876984 0.35315957928389596 9 273 611
0.5617867720189875 0.43763472960635696 0.3350114457316945 9 275 626
0.5607649681053999 0.4270107234755196 0.3330819868239019 9 275 629
0.7662991124930771 0.6880658779581825 0.288904954395761 9 276 497
0.8042733092507577 0.6850222642898176 0.26626293670486323 9 277 488
0.8821697834148952 0.6898842506674125 0.22205774007733026 9 279 468
0.853880969622413 0.6869867541792916 0.22872505371912455 9 281 475
0.8400292929744926 0.6841693325712559 0.23502156427260845 9 281 479
0.8242175579614202 0.6833809564427817 0.24277804719163432 9 281 483
0.5623587070314415 0.4548957270083771 0.32074251280630806 9 281 620
0.5643767963514756 0.4828412483527038 0.32329385410236333 9 282 612
0.7451838178536467 0.6858481983597464 0.2735452417102512 9 284 502
1.2623286263301738 0.7104116010688244 0.01224548530694336 9 285 393
0.5619944376160233 0.41474773004257326 0.29930827150531136 9 285 629
1.2841547863938478 0.7572771577855912 0.008039976788044134 9 286 379
0.5620928851222027 0.4822537969659777 0.3123344110486297 9 286 612
0.5608578488902576 0.5556046962835532 0.3246343251469097 9 288 593
0.835920016351686 0.6834207175529925 0.20654893383868045 9 290 479
0.8013002886102456 0.6810755042677665 0.22400805307450944 9 290 488
0.6137378606124801 0.6795330800278243 0.32130979201572085 9 290 541
0.5620780338166125 0.6008174146086991 0.3290904845961853 9 290 580
0.5653507053838283 0.5892224191795683 0.32456945904062595 9 290 582
0.5667999054140774 0.5799053302137627 0.32155140075664024 9 290 584
0.5561318288703873 0.45090258232258806 0.29576888543204194 9 290 621
1.243193890050934 0.7556981255105124 0.007833661884380616 9 291 385
0.562586148335438 0.5277297006857711 0.3080873381444639 9 291 599
0.7449016527713916 0.689108744531659 0.24890962364968583 9 292 500
0.5616249267875772 0.6282457860542796 0.32731886180926983 9 293 572
0.8181350680120774 0.6899847765412623 0.2039362174744791 9 294 481
0.5577933932160732 0.4072951875832729 0.2719224582958961 9 294 630
0.5637741960830407 0.6276641207414362 0.3202281649374109 9 295 571
0.5625940172788748 0.5961624160971377 0.3130510406406505 9 295 580
0.559603468548092 0.5359288773517796 0.29971772815182685 9 295 597
0.5596352610025362 0.5008508289824674 0.2910108453788356 9 295 606
0.559257389450823 0.4855599285969072 0.28742350186533905 9 295 610
1.105497482949545 0.634827029164948 0.030205671617598906 9 296 435
1.1612537816671573 0.7055261718226857 0.013957242489631705 9 297 409
0.6910921757792865 0.6816153274237651 0.2597003397424197 9 297 516
0.6752838074320024 0.6762575500210697 0.26682608507850025 9 297 522
1.090042118425282 0.6373107353074632 0.031029850322441765 9 298 437
0.735577356447497 0.6838323511461546 0.2332062608626555 9 298 503
0.5971922335081123 0.6788769017942233 0.30634294857318156 9 298 545
0.559441419158268 0.5640843376548266 0.2978618334933474 9 298 589
0.6103260815671763 0.6810715542098993 0.29685796284190724 9 299 540
0.5621709501000428 0.6447247684083572 0.31369638748681583 9 299 566
0.5582192630370917 0.5496235856387028 0.291900383597151 9 299 593
0.5597959479942932 0.48092444115236144 0.2737643516771593 9 299 610
0.5610272238617074 0.467108756235572 0.26962383629500053 9 299 613
0.5588558596732225 0.43767864030362613 0.2633905976967731 9 299 621
0.563358817755641 0.623599994319856 0.3018594815239899 9 301 571
0.5595659715407479 0.5228196525109692 0.27836857684891747 9 301 599
0.6797512159369059 0.6831279022402748 0.25052286246141153 9 302 518
0.6123419416893721 0.6768194811977593 0.28571696743815245 9 302 540
1.1293017809282069 0.7174191268409893 0.00977382219541778 9 303 411
0.6507747279107119 0.6805787975215383 0.26261030017415765 9 303 527
0.5591966938926467 0.4205465347206443 0.246357378342817 9 303 624
0.5584150235944831 0.6165061692480878 0.2939009852386796 9 304 574
0.5592676266219822 0.47678781845850415 0.2575955915713801 9 304 610
1.1429174706424832 0.7827109713024961 0.010923189724671545 9 305 393
0.7027040318700486 0.679584890353609 0.22749394476549978 9 305 512
0.60935694109804 0.6782152442576623 0.2786953833055448 9 305 540
1.1242615489683752 0.7779787636761963 0.011979221683097396 9 307 397
0.7532429454588125 0.6800781122215431 0.19306934596224568 9 307 498
0.5631920063458381 0.6734709602946105 0.2971274994196047 9 307 556
0.562718382006799 0.555798843210233 0.26686239779499343 9 307 588
1.0295515559891009 0.6253312460184981 0.02111418942763188 9 308 450
0.5924635707625074 0.6740105725690324 0.2779856937040903 9 308 546
0.5581354729795706 0.5301108308654088 0.2596891739762034 9 308 596
0.5562724466385839 0.48518082476555247 0.24902912116611398 9 308 608
0.5566895126233112 0.5194229835145638 0.25464154584399623 9 309 599
0.559666846769648 0.4175997386425905 0.2263538605230635 9 309 623
0.7430206184613715 0.6808905175355777 0.18903495592270425 9 310 500
0.6096552852541763 0.6817618998304602 0.26434424195048234 9 310 538
0.5607592599034603 0.6309262803788185 0.27853181366069724 9 310 568
0.5541613035941049 0.4982429096507466 0.24742978271079108 9 310 605
1.053647476758353 0.6940220417135845 0.013630102765397112 9 311 429
0.5856015995046259 0.6756558402107513 0.2702986134135369 9 312 547
0.5603318834011707 0.6188645033695999 0.2696184503332253 9 312 571
0.5521664848711461 0.4422349968486481 0.22755183588500427 9 312 619
0.9715792623449404 0.6289628296521681 0.035121495173676465 9 313 460
1.1004297837220538 0.8321790355158378 0.011719661662717096 9 314 387
0.5516507928869007 0.37742344104064296 0.20425610445216158 9 314 634
0.6029562201891596 0.6824288282625264 0.253136343384184 9 315 539
0.5575279158380773 0.5596069717637353 0.24636099173149917 9 315 587
0.5579522043502755 0.5239432590515185 0.23658190159624548 9 315 596
1.0040570970643357 0.6965342896362987 0.01896727982483548 9 317 437
0.5521298953224689 0.470024891483642 0.21920280415427196 9 317 611
1.0503064286983281 0.8277939562095791 0.019815277734294146 9 319 396
0.5590064220911687 0.573407567419705 0.23692948088746868 9 319 582
0.5521686181831866 0.5282109356598146 0.22864627822501737 9 319 596
1.0197878644626615 0.773112249592804 0.01886466640387674 9 320 415
0.5985797947993758 0.684063426461389 0.24085456828448415 9 320 539
0.5514402803762617 0.4180091028762529 0.19594154732814717 9 320 623
0.9391603936446384 0.6361258086495352 0.024832167574190933 9 321 464
0.6290324399597157 0.6819120527040321 0.21933481328612237 9 321 530
0.6170615338017273 0.6842798437420421 0.227006758776372 9 321 533
0.5573387810254007 0.6377707042878873 0.24933661454595224 9 321 565
0.5490363825585457 0.45398779344706996 0.20396170330762342 9 321 615
0.5554305503560371 0.6059291541569176 0.23869919741567303 9 322 574
0.5485825272355992 0.37291821204127085 0.1787913105782013 9 322 634
1.1650784182616303 1.1463957340325608 0.024084551112109498 9 323 294
0.6324269443611192 0.6805211153575095 0.21066754059263038 9 323 529
0.9793671486020856 0.7614185691703533 0.024006169971694025 9 324 425
0.5515531714153301 0.40917554869101647 0.18049036883058356 9 324 624
0.8703554669834619 0.6211872697480185 0.046181365023959975 9 325 482
0.5570367844642221 0.6051838660133835 0.22834909599443698 9 325 573
0.5505869750785104 0.4723321631537216 0.19533009800802636 9 325 609
1.1410948473106997 1.1526477428153943 0.028581722352748917 9 326 295
0.9740633390029723 0.7726096843005756 0.022601203616761767 9 326 423
0.5578242112586829 0.6699150813315362 0.24282707174216756 9 326 555
0.5568625798635423 0.5389927268215069 0.2069436124386107 9 326 590
0.9889025111575604 0.8281515332958226 0.025388317007942973 9 327 406
0.9035479382481086 0.6311392760109134 0.021537560711360815 9 327 472
0.5889199092303568 0.6795309150147144 0.2238389371433367 9 327 542
0.9443735031223626 0.7148288021311311 0.01659993327033149 9 328 443
0.6066528961870896 0.6803941358501526 0.21031952724063274 9 328 536
0.5565774152124205 0.6221316483590842 0.2241321282246479 9 328 568
0.5485268534317006 0.3615266615034556 0.15587715322793771 9 328 635
0.9800443529044043 0.8375595457514894 0.025753015290757686 9 329 405
0.9594419661007934 0.7547696172703191 0.014897315066077832 9 329 430
0.9092480554330755 0.654042132612221 0.016877463021558903 9 329 465
0.551408772997201 0.5593435996678959 0.20650413000048085 9 329 586
1.1273126489371066 1.161901614957128 0.024259642310282103 9 330 294
0.5522330699332552 0.5564485671660124 0.19890934894330858 9 331 586
0.5479394813808274 0.4068415521637878 0.15909699706018743 9 331 624
0.9495670158884397 0.7612112198251539 0.01122855326270411 9 332 430
0.5505449927489127 0.46935882908070026 0.1720048756581225 9 332 608
0.8199022210469527 0.6275723661463573 0.0487522899082895 9 333 491
0.92604562453693 0.7667343118095158 0.019623404007893974 9 334 433
0.6065302021637523 0.6801363305487136 0.1914807212589863 9 334 535
0.5470128644705992 0.4432255272186314 0.16020073072721464 9 334 615
1.113779961448366 1.1847142077203308 0.02011178473361186 9 335 289
0.9514506801583491 0.8289880570729243 0.0180536237798401 9 335 412
0.9074875470073525 0.7177511310982276 0.013210274293651292 9 335 449
0.5538556835617916 0.5467128090906732 0.1824766427160236 9 335 587
0.5521906948803099 0.5251291014781732 0.1772954221113343 9 335 593
0.8922644333836245 0.7019578025182094 0.014287921166081574 9 336 456
0.8195986961013917 0.6254764206564478 0.033554544062506686 9 337 491
0.5512175321868638 0.6141863751207086 0.1972957001531752 9 337 570
1.072806160680536 1.1673020865706452 0.029276624610199198 9 338 299
0.9222539653319111 0.814385140690422 0.01691364597039069 9 339 421
0.8069790172949314 0.6243195890044038 0.033695293566583295 9 339 494
1.100514917197445 1.213756607206876 0.017993882447111975 9 340 282
1.0604729085997002 1.1758592610319725 0.028379972017544608 9 341 298
0.5957428503141982 0.6789066849124801 0.1693406818040334 9 343 537
0.8478830689947909 0.7277361534767406 0.016044460225054458 9 345 458
0.842689153365904 0.7125225653780425 0.014834857394302903 9 345 463
1.0337463974589998 1.1771053901819701 0.027319031957012463 9 346 301
0.6364918260256076 0.6818867060960487 0.12787289239162503 9 348 523
1.0522658973542753 1.2324193825965846 0.020956368343169274 9 349 282
1.033053907939317 1.190791290391675 0.02084880956045998 9 349 297
0.89541774410776 0.8905915784251252 0.01948170506441027 9 349 405
0.7825786943982336 0.6382033003244194 0.016463863503116904 9 349 495
0.5826645085993046 0.6824464782373185 0.15970187806465908 9 349 539
1.0380230773511097 1.2085844419907001 0.019325488027540194 9 350 291
0.6039005833245842 0.6825962724250543 0.1394758358088286 9 351 532
0.552359838307119 0.6240892258465651 0.15537755966141797 9 351 564
0.7926308758644942 0.690905424522009 0.014868112711216908 9 352 479
0.5635972075637843 0.6806176299512146 0.16208294017421587 9 352 545
0.7971907702894516 0.7215512600345622 0.017580647676925132 9 353 470
0.8646897269389746 0.866935994977687 0.014025976036484478 9 354 417
0.7255771110662275 0.6165743663100427 0.028959653160748555 9 354 514
0.7923329946548023 0.7132163873478761 0.010893904588069159 9 355 473
0.7116064249994936 0.6187525516739227 0.03528338165316214 9 355 517
1.0013208279028947 1.2200808287170302 0.0251306658452064 9 356 292
0.5595879223896809 0.6824923405153869 0.15265194265839277 9 356 545
0.5932478043644535 0.353522355376112 0.02831314905062099 9 356 614
0.5810709262018865 0.2742039993879608 0.011843779527299425 9 356 635
0.8345847302221578 0.8804883327406355 0.02370904549454944 9 358 419
0.8290221809345737 0.8664784400868093 0.023067301034378485 9 358 424
0.586292508115648 0.68301233340162 0.1285588427877169 9 358 536
0.5436396567907408 0.5553671371710107 0.11732971617439991 9 358 583
1.000010167984238 1.2399746561240017 0.021349141679337658 9 359 286
0.5742156621672273 0.28608925965504617 0.009171202753650132 9 359 634
0.59323450862405 0.384107050240198 0.01987358046111698 9 361 606
0.5784350314921641 0.3286188583824905 0.012407560846023902 9 361 623
1.0051858283121953 1.2699495646293872 0.01643597544730424 9 362 276
0.6044215568470588 0.4425323700163708 0.027145476659476975 9 362 589
0.5652338650569344 0.3362864717546712 0.012977228849286426 9 364 625
0.9648209463738848 1.2381451087840387 0.023123219526391292 9 365 291
0.64104101432316 0.6143752222731025 0.04617077707858375 9 365 536
0.5816046927364252 0.3650171618329363 0.007304652983880278 9 365 613
0.7941903047751271 0.8577784268639326 0.015176332343222354 9 366 433
0.562187084251953 0.3570220714322936 0.01450048021754391 9 366 621
0.547725991548928 0.3198593860831187 0.012550374791266083 9 366 634
0.7619433476898894 0.8141658740547917 0.01985026149809599 9 367 452
0.9553746434758978 1.2420505547463825 0.020189444378458266 9 368 291
0.7914007006243886 0.9022713819652609 0.024280980945771136 9 368 421
0.7845237305344854 0.8718547669181489 0.019232931451876656 9 368 431
0.5880451806518613 0.4461296109156805 0.01813294158630807 9 368 592
0.5444348720471565 0.3458173702472602 0.01601019816890803 9 368 629
0.957307174413536 1.2569272138188028 0.02009359662428123 9 369 286
0.7654351567137494 0.846996562161191 0.02090267216621622 9 369 442
0.656257657542615 0.6298103982933043 0.026568974856414407 9 369 527
0.6425186147757396 0.6136051174405566 0.030886391237097355 9 369 535
0.564278805687058 0.3820699990366976 0.010360190219126597 9 369 614
0.6719031769871188 0.6395161794511948 0.015255081070445042 9 370 520
0.6104580506020245 0.5334816147628287 0.02372146459957536 9 370 564
0.7499713582964236 0.8116057872141345 0.013079181864285694 9 371 455
0.6891847643930946 0.709882309648806 0.018980017869880683 9 372 497
0.5326106344152071 0.35516147332294024 0.013043906117543802 9 372 630
0.925305347971245 1.241788056307373 0.02341689822437454 9 373 295
0.7569357759006716 0.8595923674162826 0.016768223469030286 9 373 440
0.6832477212364751 0.6960654546285729 0.015087692395939545 9 373 502
0.5613872147085621 0.43974386780140673 0.01694150248111148 9 373 601
0.5507873532677505 0.4235394098183929 0.015565293060718854 9 374 608
0.9096090924994578 1.2328356015977096 0.02454618175085388 9 375 300
0.596024494856463 0.5475861650174598 0.02087918184904569 9 375 564
0.5825212855224879 0.5260128754390103 0.016311641638102392 9 377 573
0.9108361263321127 1.2691057367606966 0.025212323657979097 9 378 288
0.551791258020178 0.45269704678785816 0.010365999561023465 9 378 600
0.8945983663353541 1.2482956969100365 0.026440481115843406 9 379 297
0.7098379029208761 0.821078627119288 0.016398918150513975 9 379 461
0.6980344165780226 0.7878222604954068 0.013759302098946602 9 379 473
0.5114960403374896 0.3759546239357703 0.010141505278809193 9 379 631
0.7166612761624911 0.8579142550001715 0.020332841514371314 9 380 449
0.6694425860417377 0.7402544565243572 0.014909000560662466 9 380 493
0.6141741675785015 0.6224186472705027 0.015244543575807512 9 380 539
0.6040446363873317 0.598551698968909 0.014542868573777401 9 380 548
0.9146956757570646 1.286026422125715 0.017610568629637058 9 381 282
0.6901104259050237 0.80515037966762 0.018292725152821765 9 381 470
0.5703082703891575 0.5302324416147446 0.012450029149121855 9 381 575
0.5276777703907276 0.441694960647665 0.013504337199079952 9 381 610
0.5000114455586864 0.3740816194136367 0.01076349476742533 9 381 635
0.7317097816457081 0.8943042540056206 0.014693007943902048 9 382 435
0.7102845649225091 0.8766045818666293 0.024293998293515973 9 382 445
0.7083255160317559 0.8283166139573249 0.009377692278587979 9 382 459
0.6820727849630845 0.7790923847206104 0.011822914882368751 9 382 479
0.5462767062416198 0.5068421325892067 0.015013044334669212 9 383 588
0.6201289680711688 0.6754381366232702 0.014849879038462799 9 384 523
0.6007579337032953 0.6391997074930329 0.01669498895890076 9 384 538
0.5060762363937387 0.4321341040842843 0.015513698960647249 9 384 619
0.7170824815992092 0.9045402432539573 0.014921789182753997 9 386 435
0.6916595461362989 0.8589939384264107 0.018050982691076634 9 386 454
0.6221256969078364 0.706421842062321 0.01700743768674573 9 386 514
0.5151689887062071 0.4594072532606459 0.011174183321390974 9 386 609
0.6752513773293023 0.8338799011420865 0.018075874557970106 9 387 465
0.6730613497873584 0.821509860497464 0.015440099816128372 9 387 469
0.6088105854283969 0.6975420498698677 0.020327339828534408 9 387 520
0.5994941002007255 0.6735430498660859 0.018963463445566875 9 387 529
0.5314301398199375 0.5070021334199979 0.012023738461485411 9 387 592
0.5215347026433034 0.48746694464324825 0.01262415843548026 9 387 600
0.6999382502193381 0.8863689152371789 0.01439865182538358 9 388 444
0.5862203551380154 0.649489610680329 0.017049142318292354 9 388 539
0.6147738170147121 0.7312843114145084 0.020644132848250285 9 389 509
0.5753292967560362 0.6344008852392489 0.01646932785473809 9 389 546
0.5358921090422408 0.5280203525413376 0.00899969040439963 9 389 585
0.5812947878913672 0.6577270012381384 0.016653840073510118 9 390 538
0.6774515564871177 0.8726649981932548 0.016031493943265307 9 391 453
0.6436539989991054 0.8146263825076674 0.0211392060882325 9 391 478
0.6022468567328667 0.7059149723971918 0.014286246218777165 9 391 519
0.5736060935286937 0.6646009563003381 0.01447802933485498 9 393 538
0.4787267088070868 0.46470522266707825 0.015942494741433055 9 393 619
0.47054470271376214 0.4299160530911852 0.009909579238652544 9 393 630
0.6487863925378625 0.8641819141189477 0.017530578553884624 9 396 462
0.6402641431488224 0.8438256409376058 0.016812911277992004 9 396 470
0.6317969753075889 0.8198080200236968 0.01475572172132189 9 396 479
0.49100661687488656 0.5147467431402277 0.013967503528861336 9 396 602
0.6567718822381179 0.8880110673752099 0.016469267726402892 9 397 453
0.5160559603848103 0.5887769763775048 0.01769593774992817 9 397 575
0.592892502961254 0.7674393563623516 0.019050181101356367 9 398 504
0.5099325869644953 0.580136145313983 0.015893491884612976 9 398 579
0.4542407687077684 0.4462564012385857 0.010870386952209543 9 398 631
0.5885078910526632 0.7531299576807697 0.013893796464393482 9 399 509
0.6386493036093455 0.8645138746404979 0.011734913221676191 9 400 464
0.5000631991062627 0.5717622901723693 0.013663766705823477 9 400 584
0.583472143434715 0.7646305313843098 0.01508604266571556 9 401 507
0.5767274577449437 0.7424897503008527 0.012337303789500487 9 401 515
0.5659551262352377 0.7210302070125378 0.012954759479632205 9 401 524
0.44241673024885564 0.4665212685840421 0.017007238357684473 9 401 630
0.6444059587283794 0.9069027113141173 0.015718782744094106 9 402 450
0.6172538285598573 0.8518297643496491 0.01692534344193275 9 402 473
0.6095110421607699 0.8275335592962164 0.01416485016958502 9 402 482
0.5485263534383064 0.6953933529701681 0.01382342592968877 9 402 536
0.46180599693404867 0.5150090151702735 0.016055065034874305 9 402 611
0.44725918525400343 0.4862016914996772 0.01355745086494009 9 403 623
0.5890097192133832 0.814819494387877 0.018759133058725563 9 404 491
0.5796135766224768 0.7850782040578737 0.015294356888086558 9 404 502
0.5167742284770276 0.6526722330317569 0.016307450489819963 9 404 557
0.5082910862352092 0.628662078879322 0.01421268697030742 9 404 566
0.46733429033034324 0.5417940557316565 0.014665758615611368 9 404 602
0.5667551259306505 0.7655442339163628 0.014865960273334755 9 405 511
0.6172788290144975 0.8777161629854302 0.01274513971940916 9 406 465
0.5776962167502343 0.8245852667129355 0.021113546959491192 9 407 491
0.5489818410313366 0.7436567774421317 0.014081752968237105 9 407 522
0.489293378347441 0.6161963775188042 0.01443472203166718 9 407 575
0.4601907826387506 0.5493952015506984 0.012897517751193188 9 407 602
0.44902110537649187 0.5251930044263147 0.012834984045618114 9 407 612
0.530667763330565 0.7122701216876033 0.013650926292392285 9 408 536
0.5217390940753579 0.6891850703701057 0.01222362448262393 9 408 545
0.4743693152631938 0.5884145321580017 0.012647039814715821 9 408 587
0.4196953901939924 0.48303361721087024 0.017161588128032257 9 408 633
0.5915214724709122 0.8692199807094707 0.019884706044505096 9 409 474
0.5619933894419329 0.7790932121221212 0.010056243453639091 9 409 508
0.5124188432086424 0.6810141279303954 0.013229835535256917 9 409 550
0.4762453786858547 0.6314330673335533 0.020327395716216445 9 410 575
0.45515195729826863 0.5782651218174162 0.017442180214203296 9 410 596
0.4398782101393619 0.5153170356270191 0.006288010930077137 9 410 617
0.6024233295505497 0.909349436689613 0.01936411929282933 9 411 459
0.43967730110313097 0.5436664460120797 0.013599458919187013 9 411 610
0.5982252088696398 0.8991792362296231 0.015589215331905715 9 412 463
0.584399093736899 0.8710835382471573 0.01620675543347594 9 412 475
0.570939929227391 0.8530945312751432 0.020300913927429942 9 412 484
0.561648307170749 0.8310992535391223 0.019553948620724793 9 412 493
0.5413962742863407 0.781630620356111 0.017355812155402495 9 412 513
0.5232616737732707 0.7367499904291857 0.015169530185906499 9 412 531
0.48414650919111024 0.6538585677814064 0.015645488938668795 9 412 566
0.42024925750258557 0.5154074877043344 0.015287758645275096 9 412 624
0.41982433630087057 0.5022549721781631 0.007350495224749398 9 413 627
0.4942759360640939 0.6848298678386451 0.012372113665376272 9 414 554
0.5742353971249725 0.8793040032081407 0.017455804859246138 9 415 475
0.5502547515217363 0.8236292253428246 0.015922368658252806 9 415 498
0.5190665525895508 0.771673675274551 0.018308412988485845 9 416 522
0.44048428896889025 0.5939823212524487 0.015063861041811455 9 416 596
0.561460340800585 0.8735688406106074 0.019020174528493472 9 417 480
0.46726884607240526 0.649087742214409 0.010762865493813889 9 417 572
0.5089288579444302 0.7493982377871917 0.0114658335893838 9 418 531
0.43068452053174755 0.5946744358774128 0.016661984507876593 9 418 599
0.5501181264194872 0.8597748486536676 0.016413684916523508 9 419 487
0.5334010750195071 0.8180025509594111 0.014202540166119437 9 419 504
0.4169468833277482 0.5786225857402079 0.018491471678624194 9 419 608
0.5083916698850653 0.7812150686420172 0.017391529701610953 9 420 522
0.41114121196290876 0.5704950363791821 0.016847070684582466 9 420 612
0.5428936415693593 0.8659611159108018 0.018102756401688236 9 421 487
0.5199468777824863 0.7996218436993883 0.011593597700010339 9 421 513
0.4702392115204823 0.7092854301499325 0.014673988557875495 9 422 554
0.4589543887908536 0.6903679178927735 0.0167423361422121 9 422 563
0.5460127809670283 0.8952345606320069 0.016894885736979726 9 424 477
0.44663828463273014 0.7034516731352662 0.018908251109108543 9 426 563
0.4802770727664344 0.7770666498877642 0.016094787313937653 9 427 531
0.46003547616936213 0.7295356354041971 0.014544800483291764 9 427 551
0.5091965654465882 0.8386253396402372 0.01253192779668888 9 428 504
0.4960056227415426 0.7972036984324469 0.007418779121775243 9 428 520
0.4340794504611236 0.6850346468091262 0.01571089428013872 9 428 572
0.4453705344630773 0.7248874955542584 0.01854413241270203 9 429 557
0.5236488524507683 0.9007081680979783 0.01815905020677766 9 430 481
0.43233900164240624 0.7035750647164605 0.01465699114253538 9 431 567
0.45460921443542524 0.7616845884632207 0.01541852382264075 9 432 543
0.4993143148387842 0.8763943195999471 0.016250600962176343 9 434 495
0.48542208821773825 0.8298791266220998 0.009609312705115558 9 434 513
0.4732211319258566 0.808913657785471 0.01172884279044184 9 434 523
0.49003359316608996 0.8551676456893783 0.01248637178386125 9 435 504
0.4876410519407437 0.9013931410651606 0.013754652901248443 9 441 490
0.47051950644143004 0.8722187334896855 0.013661614812680467 9 442 504
0.31878904674726205 0.667026150050364 0.013364630559236534 9 458 615
0.3086656571091426 0.6795654664713733 0.015552429065907258 9 462 615
