2.4773319564398175 1.6168787655507886 1.1534180912194703 9 53 379
2.459501413074828 1.584407299917938 1.1481506063038005 9 55 383
2.4450885502312936 1.477917018455295 1.1556522706507626 9 56 401
2.4619027996152427 1.4357667471124007 1.1496782620342816 9 58 410
2.4658713534182843 1.368738415269699 1.1567679369134525 9 58 423
2.4696361364384583 1.3533045470077856 1.1488171030307774 9 60 426
2.458402535394309 1.3281305259332359 1.152362198799934 9 60 430
2.4550540850787517 1.7949620259328254 1.0955892889909151 9 61 346
2.45355757918254 1.6564992599884103 1.096329758725897 9 64 369
2.469281736545884 1.5554294953579184 1.101880602541262 9 65 388
2.4541955646982316 1.5365563151449422 1.1002845703389286 9 66 390
2.4462478576581157 1.4227820310788648 1.1045549622795616 9 68 410
2.453067538724193 1.7600420221868205 1.05911725120963 9 69 351
2.4625528427425722 1.5719113435624477 1.0758006562892384 9 70 384
2.4652271544705755 1.6647053719428693 1.0594329633165498 9 71 368
2.4621294789133272 1.5705817033160203 1.0660829014243796 9 72 384
2.44435590532168 1.4843674429232236 1.0780291491503124 9 72 398
2.4641808800957516 1.4005417611873632 1.081755874331598 9 73 415
2.4774577223555427 1.3794348163557264 1.0832233939013407 9 73 420
2.4688136419041964 1.3331841773145612 1.0848344007186448 9 74 428
2.455889234636427 1.3015601181066883 1.0850988876073546 9 75 433
2.4543562997338038 1.5246897968554542 1.0476591023111872 9 77 391
2.457660410082635 1.5039688565767924 1.04997114491985 9 77 395
2.4597866160375896 1.529308926477071 1.0167264591722303 9 83 390
2.435380963522192 1.7797139589728714 0.9810993278830197 9 84 345
2.4551127878490027 1.4654751221610554 1.0206139280203617 9 84 401
2.457736285363669 1.4055272846846008 1.018465442303766 9 86 412
2.4549871858767074 1.5518066851002892 0.984055877812828 9 89 385
2.460822017694097 1.5654192161846108 0.976502656560169 9 90 383
2.441135333345884 1.527727677690554 0.9837970716899963 9 90 388
2.468411192582627 1.591525264622401 0.9669843153135282 9 91 379
2.4590241485575226 1.4245209293252787 0.9910821890849396 9 91 408
2.443674467380214 1.5560554093685932 0.9695260321714394 9 92 383
2.443384755411768 1.4608309761893123 0.9827989833468228 9 92 400
2.4210651709163575 2.022169226964757 0.9017645133813215 9 93 305
2.4654627828298366 1.4811425962168938 0.972505408209515 9 93 398
2.4517795078531224 1.4474366056566201 0.9787538376216344 9 93 403
2.44774278188558 1.434730248417455 0.9809838055933968 9 93 405
2.4469592497364694 1.4167925506932382 0.9736696079688951 9 95 408
2.4203188828083 1.420937932218863 0.9712073641367014 9 96 405
2.461404010287901 1.793240383830074 0.8919727835922571 9 100 344
2.455105349238108 1.6260450783481724 0.9119831808022713 9 101 371
2.4675734933309843 1.6076684275385582 0.9027230521042313 9 103 375
2.460681631262165 1.557852471967918 0.9110101146617797 9 103 383
2.4385594869547482 1.5673952245752827 0.8865796490729594 9 108 379
2.437585141028507 1.4705325794554924 0.901570608992896 9 108 396
2.4400675731910466 1.515448734643253 0.8840675249198674 9 110 388
2.425258140657236 1.486075183961395 0.8906455832873015 9 110 392
2.4185541431730044 1.4812026925915713 0.8770276817683936 9 113 392
1.7655722608836149 1.946221709343216 0.8907998287735592 9 114 240
2.4308187134232067 1.6481318057574306 0.8436504009574453 9 114 364
1.6052312351704274 1.9960983254953837 0.9012509170971815 9 115 208
2.435718453921059 1.5910931413731906 0.8467743415911789 9 115 374
2.4497434171064345 1.5687968665190433 0.8483245526682354 9 115 379
1.7262571368000184 1.9489944450156669 0.8868638782679941 9 116 234
1.3633531302231003 2.067332966771242 0.9163327562522633 9 117 155
1.4466969940065917 2.0551959977132785 0.9060887138108642 9 117 172
1.4649050050846646 2.0206077964936835 0.9090133053583682 9 117 181
1.5254218746497636 1.9921030589210007 0.904758220978505 9 117 196
2.4295348345316246 1.5063774661678604 0.8508657960364608 9 117 388
1.2752721708859924 2.068890834271062 0.9249738098255732 9 118 138
1.5845649109847522 1.9774810216230618 0.8940848035232536 9 118 208
1.7564004213840145 1.9504923607969373 0.8730550046642427 9 118 238
2.427822606807868 1.4544006457868979 0.8543906930229875 9 118 397
1.006992862730391 2.112974425416386 0.9538301595331824 9 119 72
1.3296494209713818 2.0544984012340137 0.9151913438533883 9 119 151
1.561258597357596 1.9736263770750484 0.8938150205719428 9 119 205
1.0853463537064347 2.098212947424714 0.9407724156535403 9 120 93
1.0953144963396744 2.0879960186155895 0.940948552786285 9 120 97
1.1091998946511836 2.082811586849872 0.9397063444129653 9 120 101
1.2459549292502659 2.0943556683313065 0.9171787758773915 9 120 128
1.4702728839394033 1.9742025417245344 0.9030955414369876 9 120 190
1.5013850284870354 1.9754112704862141 0.8982035320127083 9 120 195
1.5743979682036915 1.9625543632373839 0.8893034034293994 9 120 209
1.1710580327557871 2.0978494104235734 0.9240051039864978 9 121 112
2.4144898199597367 1.6419860280632306 0.8099786185983291 9 121 363
1.4440861130302463 1.9719113684372216 0.8990520124908603 9 122 186
1.5055117146622745 1.9623376630003921 0.8911970516191656 9 122 198
2.460325084086654 1.5407091445275138 0.8144575239688788 9 122 384
2.4396898020672175 1.496680278505762 0.8249516087242998 9 122 390
1.0391396193165487 2.0843872953341487 0.9389268533821965 9 123 85
1.146651800909122 2.0857557150529713 0.9220051113712957 9 123 109
1.1811401253420653 2.0702537947263617 0.9192420888752062 9 123 119
1.4179106382669915 1.9747485750836136 0.8984476701702591 9 123 181
1.484743062540745 1.9714988403705294 0.8886142260087082 9 123 193
1.1220804950592278 2.090062138328608 0.921265698147183 9 124 103
1.3091189671274077 1.9817237183451817 0.9101631140858735 9 124 160
2.4232331403885317 1.591614880147807 0.8011211300092709 9 124 372
2.4476473536228895 1.5509310072949423 0.8041342830409414 9 124 381
1.0444697005560208 2.0871017217192476 0.9302058086355736 9 125 86
1.0821345189836546 2.0851946913636983 0.9245688802238021 9 125 95
1.1165714980046362 2.0659790239268316 0.9223687245052934 9 125 106
1.2126086851433222 2.004934989254752 0.9174933840163098 9 125 137
1.2325333732378962 1.9994399465886536 0.9152698554412058 9 125 142
1.3021595693096595 1.991603234380147 0.9055784337966435 9 125 157
1.38633747463092 1.971852684173557 0.8955987067937172 9 125 176
1.5368170942557529 1.9402006012721085 0.8771407239075906 9 125 207
2.4275190342596384 1.4666983849267203 0.8162607687639432 9 125 394
1.0947672129416657 2.0790561337023843 0.9198132019526972 9 126 99
1.11823393050988 2.045487364955167 0.9217717025831641 9 126 110
1.4785300476120573 1.9660437453612416 0.8777365578129153 9 126 193
2.4439944683608728 1.565497498241146 0.7916382250814934 9 126 378
1.0516939807472898 2.0923593954006083 0.92068204709485 9 127 87
1.0918620642568773 2.0583797374119377 0.9200153289155931 9 127 102
1.310967005636784 1.9789601036421514 0.8982735974096372 9 127 161
1.3337227403454106 1.957723378920094 0.8982354705232076 9 127 169
1.510827437296601 1.9450734569246215 0.871851432576844 9 127 202
2.4388345621805922 1.5976701994150966 0.7816499699579633 9 127 372
2.416009964248805 1.460288867474311 0.8088095182880247 9 127 394
1.0029702026523688 2.101656916947887 0.9232560707891653 9 128 74
1.2240995067835234 1.9796408722272996 0.9082541369957171 9 128 144
1.2392209456712266 1.9854585502977695 0.9047946212827577 9 128 146
1.2510096318946942 1.976047943862116 0.9044942047744333 9 128 150
1.382448354002494 1.9686269215282164 0.8843888309360278 9 128 176
1.1282147870030474 1.9967124277405057 0.9171340602398881 9 129 121
1.1375397574153272 1.9968057289716659 0.915587218041094 9 129 123
1.1543002304656202 1.9832137869455004 0.9151844137027259 9 129 129
1.166415435156825 1.9751420845599803 0.9145903321318629 9 129 133
1.4642432419408369 1.958530097442982 0.8685713188880761 9 129 192
1.5321310144726374 1.9363831507700078 0.8612539905163752 9 129 207
2.420711933222532 1.5064741470360064 0.7896724267964779 9 129 386
1.3848465976827695 1.9715862621063671 0.8752011780252573 9 130 176
2.446436569457626 1.558494278651398 0.7711204970676161 9 130 379
1.0934665051298942 1.9940718484471824 0.915819547760806 9 131 114
1.1512499736085768 1.9692456195886254 0.910498181945494 9 131 131
1.1904092007813611 1.9647171581475225 0.9047443487914905 9 131 140
1.3208069299703797 1.9622466812414308 0.8833821804079802 9 131 166
1.3886514461135697 1.9642540034789548 0.87169258189293 9 131 178
1.4608509626368429 1.9556135739671134 0.8611348429623844 9 131 192
2.4175173935458476 1.6562809317846563 0.753526076393659 9 131 360
2.439902533866441 1.5257269968854272 0.7725871531711851 9 131 384
2.426611285842479 1.4965803972853207 0.7798992499142551 9 131 388
1.2322930197607713 1.9621962923353973 0.8942618237819757 9 132 149
1.3594329112663401 1.9517345283705345 0.8746599192902283 9 132 175
1.1690362514983943 1.9686758533748154 0.899950908773157 9 133 135
1.4216350191181089 1.9520110037475544 0.8599207999838641 9 133 186
2.421186032309336 1.657143563723525 0.7419325169915183 9 133 360
2.4352431773764454 1.5455429120362327 0.7592428578665771 9 133 380
1.0899799102815788 1.9743880562239446 0.9086592596292471 9 134 117
1.105780069408533 1.9715672983450383 0.9064483106284267 9 134 121
1.4472911970394913 1.9544969286919769 0.8508688378007174 9 134 190
2.405489690409429 1.4624537927129087 0.7737532902897387 9 134 392
0.9990791835745743 1.9749586901316307 0.920556225255655 9 135 96
1.013719249972144 1.9721096512994127 0.9185301255752674 9 135 100
1.027167635533804 1.978581759964981 0.9150472217685999 9 135 102
1.0406715904675516 1.9849659695619746 0.911570381184066 9 135 104
1.1787947681210456 1.9640612274984401 0.8913889005874995 9 135 138
1.4828202543329239 1.9486487676262678 0.841507096213052 9 135 197
2.428148534416129 1.64158697035667 0.7326422252128071 9 135 363
2.4452466247116798 1.5549874228959732 0.7451335853543238 9 135 379
0.9426165073242276 2.0211784014014267 0.9185183023886754 9 136 74
0.963898941597346 2.0003328022081095 0.9185410284656008 9 136 83
0.9726978572150515 1.9900553561424223 0.9188480180231677 9 136 87
1.282850738101315 1.9571465499431662 0.8705926408602809 9 136 160
1.4227242451327062 1.953728163824505 0.8467814199601176 9 136 186
1.491131441444601 1.9451729936709476 0.8363708392618963 9 136 199
2.4306186143995836 1.6242790545608892 0.7298776857090641 9 136 366
2.4205501686879565 1.6013205703659745 0.735753806860604 9 136 369
1.0590685507713336 1.9816873527925347 0.9015584135909981 9 137 109
1.1649152324125511 1.9598950999012232 0.8868460093030007 9 137 136
1.2172068074629794 1.9639093608886933 0.8769125420077908 9 137 146
1.3174797547799775 1.9491239678086723 0.8619183635521135 9 137 168
1.3452206271540899 1.9383973081096353 0.8589667661779059 9 137 175
2.4406939412450606 1.5633733325691186 0.7336524892564755 9 137 377
2.438036765093434 1.5212440021075406 0.741716927582822 9 137 384
1.1103264329960807 1.9678088488800887 0.891255254983464 9 138 123
1.1269139054624424 1.954408569390762 0.8907378098993453 9 138 129
1.295786121780352 1.9490448204732593 0.8617138381595496 9 138 164
1.3738625127846742 1.950914594078231 0.8475064766805198 9 138 178
1.4951824824672946 1.9377702358687119 0.8283393621691997 9 138 201
2.424266416837723 1.67435740443143 0.7110554627584963 9 138 357
1.038005902587877 1.9836533639939569 0.8975399102669881 9 139 104
1.1111429404890347 1.9581072177032608 0.8890932677436266 9 139 125
1.1773686376363566 1.9528057288975633 0.878195941110407 9 139 140
1.3783675979587287 1.9443196223937003 0.8437363484014921 9 139 180
2.419935600572659 1.5993476394348896 0.7200124063414284 9 139 369
1.2362283718234313 1.9525262609345164 0.8637386183487255 9 140 152
2.4180581045611036 1.5390511169890606 0.7259790410871463 9 140 379
2.43956697089556 1.5085573600761788 0.7276787618834565 9 140 386
1.0479902059109891 1.9696156828672304 0.890910979529176 9 141 109
1.168825040996992 1.966101572540277 0.8695471152866476 9 141 136
1.3314192670961615 1.9535147144148863 0.8422468847896727 9 141 170
1.380154251607117 1.9352016402934056 0.8367410979699335 9 141 182
2.4239161356783616 1.6181478913114293 0.7049856430791719 9 141 366
0.9429252625830158 1.9749696450235232 0.9055104809661816 9 142 83
1.1716946260157157 1.9586191534678965 0.8665180991724599 9 142 138
1.491149028056651 1.9403617839839116 0.8112224220698291 9 142 200
2.420086893157244 1.538843989752781 0.7149093020106964 9 142 379
0.9499031162371132 1.9741283024261163 0.9008166399128509 9 143 85
1.121640649057656 1.9614237892349182 0.8713762940507837 9 143 127
1.2366638639973144 1.9484166611480327 0.8524950017219335 9 143 153
1.2436328713467037 1.9336450353065735 0.853952183337948 9 143 157
1.4027698565946225 1.9354336404262327 0.824149351433265 9 143 186
2.4530225537245665 1.5304446407793415 0.7049903090971412 9 143 383
0.9826087996995541 1.980334670296827 0.8899768588602581 9 144 92
0.9927524176836489 1.9605188335934027 0.8917879699009217 9 144 98
1.190944458439496 1.95353873304971 0.8560894510806918 9 144 143
2.4153092079623923 1.6121527789654848 0.6913227162145481 9 144 366
2.438527654456158 1.4940656099886815 0.7090665512557089 9 144 388
0.9321857426400635 1.9674355321873906 0.8982580809733618 9 145 82
0.9701749677104026 1.9752538296380893 0.8896382281375532 9 145 90
1.3101720391294687 1.9380354080081623 0.8326361177520176 9 145 169
1.3711475208586017 1.9498697924276085 0.818934908509128 9 145 178
2.438172642453678 1.684168676004401 0.6680249868764645 9 145 356
2.3992309613099843 1.5856862344664278 0.6938623957381894 9 145 369
2.404898210435731 1.5766766889507335 0.6944888096727608 9 145 371
2.424733582375845 1.545143279645804 0.696681258443761 9 145 378
2.42534721318003 1.4759554058260445 0.7095680553334465 9 145 390
1.078599892827101 1.9604514009552556 0.8682453604728053 9 146 118
1.1213794097479723 1.962447451356961 0.8597509431628811 9 146 127
1.3265930029128445 1.9328092712463718 0.826409983551071 9 146 173
2.4210640909478975 1.6869276162524072 0.6651780845429341 9 146 354
2.4055119045753246 1.6361195307620346 0.6777260103893845 9 146 361
2.4296152333091627 1.5351649334676194 0.692221265983557 9 146 380
0.9152030742018706 1.9670232606128826 0.8944797850142165 9 147 78
1.142851217550092 1.9548931490162227 0.8532392984630771 9 147 133
1.228228919587373 1.9517098018591863 0.8375130479889075 9 147 151
2.385364471868251 1.5425421105993982 0.693860669777225 9 147 375
2.428235949577606 1.481750496298763 0.6972014123335504 9 147 389
0.9971038692426686 1.9629490107131493 0.8759327441260962 9 148 99
1.1726253684973784 1.934097798571318 0.847596812939821 9 148 143
1.3339097452424817 1.9352388798388163 0.816283132541355 9 148 174
1.3938411134478172 1.9448195614108323 0.8029001958833321 9 148 183
1.0252689588839872 1.9669083124472504 0.866039881504215 9 149 105
1.4092382280923725 1.9373855798786752 0.797084028473824 9 149 187
2.400314454540692 1.5603710137987172 0.6767858114052037 9 149 373
0.9552085155693286 1.9689708340173147 0.8756521819811808 9 150 88
1.0062546502458338 1.9649715504390122 0.8664249017175618 9 150 101
1.051217050838593 1.9504380418696365 0.8604194755894483 9 150 114
1.116627133997881 1.9585057598900115 0.8460531368231499 9 150 127
1.2218870670282123 1.9344504677748358 0.8300727786105284 9 150 153
2.3936453118805696 1.5099734804675689 0.6823782345020177 9 150 381
1.135245269244613 1.9700886876561357 0.8362845533295182 9 151 129
1.1595314392811062 1.9424930035634547 0.8368357045316706 9 151 139
0.9742518082123137 1.9681544085812832 0.8647928834325436 9 152 93
1.1765191255577725 1.9400876289528335 0.8300186845853753 9 152 143
1.1961703445117304 1.9400300920408533 0.8261205991136849 9 152 147
1.2386269369806067 1.9367352903753001 0.8183159345778053 9 152 156
1.2683436758812738 1.9408532349628724 0.8116026708108619 9 152 161
2.4069953423640373 1.645810476248258 0.642520438323991 9 152 359
0.9593766647582447 1.9597525077626732 0.8657673223967709 9 153 91
1.0322576020233187 1.9557016651013743 0.8519492092279998 9 153 109
1.097872787540934 1.959535462671162 0.838045202292552 9 153 123
1.1497331216641593 1.9430775367294315 0.8308683280567934 9 153 137
2.397219999739943 1.6040621702865312 0.6471038692377015 9 153 365
2.4049150400461317 1.5899956447525725 0.6483130654389947 9 153 368
0.9013110015893793 1.9852541824446237 0.8688582148353154 9 154 72
0.911854699303388 1.9556704990616085 0.8725443836303884 9 154 80
0.924147086717005 1.956276910192338 0.8699419475355947 9 154 83
0.9334022366456891 1.9580485190153343 0.8677239945360188 9 154 85
2.404948056640099 1.6865915974498886 0.6238215209621822 9 154 352
2.39048868108222 1.617556525389865 0.6348081097236811 9 155 362
1.0740240588297874 1.9596060585437969 0.8313899570393848 9 156 118
1.0884783495601162 1.9494302858578405 0.8304456893310819 9 156 123
2.42328362569564 1.6582564108785767 0.6144866402423808 9 156 358
1.0161859450099555 1.9427100272989084 0.8428945791085184 9 157 108
1.0328177337619389 1.9473406061067182 0.8385337876533174 9 157 111
2.409120876698056 1.619940828903197 0.6194449338919441 9 157 363
1.0593659905978345 1.9534891750569228 0.8280255561192613 9 158 116
2.3852689601937755 1.5952844734922014 0.6237924058041489 9 158 365
0.9137181073370615 1.9559072326296576 0.8542870530191627 9 159 81
0.9769233716103103 1.9758790164508868 0.837006173111857 9 159 93
0.9839165610476059 1.968411803797835 0.8370437449983658 9 159 96
1.0035949914521192 1.9608534626457104 0.8344389577205634 9 159 102
1.2066542282272692 1.9318705600833228 0.7976865180183366 9 159 151
1.243657187203108 1.933271247889095 0.7896429884718785 9 159 158
1.0192545052092004 1.9431867025192529 0.8272402617739059 9 161 109
1.0838359069741113 1.9516843378971092 0.8117648874361558 9 161 122
1.2569579076911541 1.9370649008831224 0.7778881395163626 9 161 160
0.912274256637088 1.9675915472443093 0.8378382573187788 9 163 79
0.9593578388266408 1.9600707295848672 0.8292138536360469 9 163 92
0.9902522375066809 1.9455314913771442 0.8255274471526617 9 163 102
1.000407123130374 1.9421258850215457 0.8240336641773248 9 163 105
1.1381895399040478 1.9505540412862943 0.7925445504845576 9 163 134
2.3880661126979215 1.697775761565138 0.5745142469857488 9 163 348
1.2150720093421612 1.9448804573386984 0.7526348586949592 9 169 151
1.0536355852115722 1.9522806807810227 0.7836056429881819 9 170 116
1.075272343915648 1.9341779943401614 0.7825379266631315 9 170 124
0.9042035723144475 1.9445748099790916 0.8155440023184909 9 171 82
0.9755722777403615 1.930620031109115 0.8022092572238083 9 171 102
0.9368904155285933 1.945992851533203 0.8040986676462921 9 172 90
0.9542303938839247 1.9590806363745785 0.79358545591959 9 173 92
0.9751754451552506 1.9312026939901825 0.7947338222445739 9 173 102
0.8990461907516187 1.9447904451867069 0.8058268628381555 9 174 81
1.0322767183307933 1.9441941289924256 0.774873246388189 9 174 113
1.0138536956124233 1.9436080732425352 0.7754896624157555 9 175 109
0.943448138085029 1.951797078568568 0.7865375676324582 9 176 91
0.969193676909001 1.9361039135494855 0.7838747930107257 9 176 100
0.8914338010692417 1.9471078526355718 0.7962333116877742 9 177 79
0.8994380935117225 1.9479223979164142 0.7905020911214342 9 178 81
1.0063068862193059 1.9580168678788188 0.7626655033390535 9 178 105
0.9110539106277944 1.95193882090389 0.7609945219145382 9 185 84
0.9674856371261582 1.9445954282680926 0.7485052640389203 9 185 99
0.885600566356191 1.950336267530206 0.7640747507528143 9 186 78
0.9838962584854085 1.9443726066299276 0.7406154583727799 9 186 103
0.9409224326364769 1.9437503766822826 0.7478505496727752 9 187 93
0.8956873815331103 1.944135035756056 0.7518699670797948 9 189 82
0.8935407389209922 1.943051816746865 0.7415637157536465 9 192 82
1.393957116620736 1.452771295416808 0.7212676921958889 9 193 278
1.2781484101928322 1.413350831379787 0.7228188578229393 9 203 268
1.1737786327757491 1.458134036150624 0.7298459210901252 9 206 240
1.1961088236151274 1.444608551227337 0.7230682611521629 9 207 247
1.157209501187941 1.4579776118289263 0.7271594392576691 9 208 237
1.0876119566046563 1.4526393361119891 0.7341045063371411 9 212 225
0.7426791431250983 1.9457986734734312 0.7064948051236473 9 213 44
0.7054730016686754 1.949064867807254 0.7096580307158072 9 215 33
0.7438362040012727 1.9493595120189278 0.6980577947164208 9 215 44
1.0476833671514918 1.4620065083222924 0.729162986968682 9 216 215
0.6900450177882311 1.9485792402333293 0.7038819173583367 9 218 29
1.0478079191086644 1.4182566145043816 0.7333692543366 9 218 225
0.7022174785723236 1.9529116508990318 0.6954819943246869 9 219 32
0.9813958805467602 1.4544983055365241 0.7301817223260195 9 222 203
0.933222943031107 1.4568948094984457 0.7308304654667717 9 226 192
0.8556251910605202 1.457848957028568 0.7319871629231984 9 233 174
0.87771551739335 1.441729098344651 0.7291501549191762 9 233 183
0.6826656713199328 1.956536399130131 0.647107794010439 9 234 28
0.8318524230352902 1.4466181066540287 0.7297410779208742 9 237 171
0.7894090555443536 1.4401214555511341 0.7361871674634677 9 240 162
0.7699031340830937 1.399353512572859 0.73538850465599 9 246 167
0.7863495878442108 1.3920168067655552 0.7317108528475177 9 246 173
0.7855760605602851 1.3790432611626309 0.732563228930916 9 247 176
0.7976355998545992 1.3547457148814537 0.735399528227521 9 247 185
0.8107505256317438 1.3356048512457503 0.7363480205573099 9 247 193
0.7749075729016526 1.3642411615442114 0.734331593677737 9 249 177
0.753055102514248 1.3780178178834657 0.7349433737021057 9 250 168
0.7513298432010849 1.3605613990648326 0.7312792169082106 9 253 172
0.7895539498319444 1.3116989067586733 0.7319328027893982 9 253 194
0.8026820433181345 1.2891279055895688 0.733894047714828 9 253 203
0.8094853759331744 1.2800127947372502 0.734135868645277 9 253 207
0.7615671161765842 1.3353020128441302 0.7319513828321448 9 254 181
0.8173788054320836 1.252882963831349 0.7330540247324625 9 255 216
0.7506413667282898 1.2900747866495612 0.7278678585071388 9 261 190
0.8293759387793396 1.1598357590681612 0.738137580597728 9 261 244
0.8520872122202863 1.145701266112482 0.7338575707657986 9 261 253
0.8649240459357643 1.1236036810224461 0.7357988128728525 9 261 262
0.7546229520400956 1.2596463032747571 0.7326602815381665 9 262 199
0.7720113116168235 1.2421353834447821 0.7314392002422221 9 262 208
0.7811542981128408 1.2170273915742045 0.7326295148281279 9 263 217
0.8000203154817429 1.2005344161927343 0.730511885129137 9 263 226
0.9226102218577739 1.0292703229008238 0.7367068769898201 9 263 301
0.7486703147420113 1.2694650573108592 0.7225747307645999 9 265 195
0.7847523202569937 1.17293447917758 0.7357769705886407 9 266 230
0.7948672726413768 1.1635878874036574 0.7347753699777362 9 266 235
0.7734953605266286 1.192090501034996 0.7310591482391955 9 267 222
0.8058437518682218 1.1406644391688414 0.7346346895022902 9 267 244
0.7491004874331815 1.2178398771401158 0.7232653642076137 9 270 209
0.8129271682493981 1.114692766830045 0.7308562762891385 9 270 253
0.8981772941536821 0.9959473999662044 0.7349193832243366 9 270 306
0.7492863403942036 1.2070586819265852 0.7235657578623976 9 271 212
0.8712342387075145 1.0110964798169553 0.7346448317325537 9 272 296
0.7745095889585414 1.1255455943026624 0.7305362917324925 9 274 241
0.7446098537163157 1.1776980077805619 0.7226889299669869 9 275 219
0.7486923276967776 1.1528208471132395 0.7291193522521437 9 275 227
0.804664366148252 1.077211302487492 0.7309575823730214 9 275 262
0.8735143544714463 0.9828005746278144 0.7336756564588981 9 275 305
0.8756603456618863 0.9518639505525107 0.7367983247955546 9 277 315
0.7757258933042204 1.088662911121097 0.7299674217756154 9 278 252
0.8164350796480728 1.0256128718186905 0.7339189668658407 9 278 280
0.8885276915903753 0.931013985511647 0.7353102476105272 9 278 324
0.9014868133691876 0.9104121388451224 0.7367426488129336 9 278 333
0.7540946037577414 1.1260043826512613 0.7235835750630938 9 279 236
0.7625795790387404 1.1191802477444783 0.7223229692999557 9 279 240
0.777499944387883 1.0464332215963177 0.7341846176699557 9 281 265
0.8252419358847782 0.9988162543363017 0.7300665056079545 9 281 290
0.8508128819300924 0.9548375181071053 0.733998219739048 9 281 309
0.8573738767645092 0.9303629842398325 0.7333847286095196 9 283 318
0.7719885963924211 1.0225827787309698 0.7355496901572038 9 284 271
0.8817755396626548 0.8829006071429798 0.735983364077897 9 284 338
0.7564879396658233 1.04025193304552 0.7332231194717601 9 285 262
0.7438249205633507 1.0733018418666507 0.7244963976884874 9 286 249
0.7437088455466325 1.0598904973465988 0.7261173731217005 9 287 253
0.7629304697525356 1.0061536247528517 0.7361065021430857 9 287 274
1.0016880040787732 0.21929427085115494 0.9006883838784185 9 287 634
0.8069946465295277 0.9572846620501125 0.730824588900803 9 288 299
0.8213925327801821 0.9290927124943019 0.7312576700766328 9 289 311
0.7418905085275975 1.041925583827087 0.7241493542330542 9 290 258
0.7651543904089237 0.9884247689806218 0.7323837820421464 9 290 280
0.7841083467258019 0.9731577359933434 0.7293821167098347 9 290 289
0.7449143270197789 0.9893570974544602 0.7263115876610219 9 295 275
0.739549068618184 1.010725750969817 0.7183006010704482 9 296 267
0.9145803621680924 0.22658435250858333 0.9030250347742474 9 301 626
0.9139802390490825 0.21116705273028058 0.9087884989101798 9 301 635
0.9008139458078532 0.21773021499912404 0.903164528434961 9 305 630
0.8934291295035086 0.7369393252743125 0.704363396861648 9 310 388
0.8677971796102657 0.23009122379474933 0.90025441606563 9 311 621
0.8360695786059356 0.22117484046001645 0.9074202391510917 9 316 625
0.8293960448025672 0.23554375335761202 0.89623757804395 9 320 615
0.8130748265010617 0.21151866553249132 0.9133989829994948 9 320 630
0.7891658036850966 0.2184012033810604 0.9095147078329867 9 326 624
0.773405741392017 0.23277612105160916 0.9053711035796846 9 329 614
0.7729472615883282 0.20950374511001557 0.9147019152486021 9 329 629
1.0972524667926153 1.0498845022569498 0.41666250527631377 9 330 321
0.7360391473730414 0.23015562421130914 0.9063969954387456 9 338 613
0.7346539058379395 0.21806433378073165 0.9119955542024186 9 338 621
1.0966406175662173 1.0430498936057546 0.38060301475909886 9 340 322
1.1408643098731608 0.6808885318585902 0.4641627671848071 9 351 432
1.1695569374847712 0.6556969044692126 0.45876996392150304 9 351 443
1.0820882722755074 1.0623960701957333 0.3328548747856259 9 352 314
1.0763807747923266 1.0585108565449826 0.3296700677055009 9 354 314
1.0917626213461449 1.040325397707359 0.32871694221681635 9 354 321
1.1148502678019374 0.6856294602144517 0.45867520470115997 9 356 427
1.0907555407785978 1.0389339043378487 0.3178005605077501 9 357 321
1.0988338120743169 0.6705806201420603 0.4670399953413493 9 358 430
1.0735855636440292 1.067342604631958 0.30734231130492695 9 359 311
1.0868841806586333 1.0395036129419746 0.3035973968090022 9 361 320
1.0919255066172409 1.0496785368999761 0.28811409848518976 9 363 318
1.088668559786183 1.054846893995312 0.2754495320820527 9 366 316
1.0334046453453694 0.6807125731564165 0.4653409931990965 9 368 418
1.092057761788258 1.0584278609818845 0.2344664386939892 9 375 315
0.9860060788332072 0.6821425554976255 0.4688370160465931 9 375 411
1.0811620334884355 1.067430839694282 0.22864839319504715 9 377 311
1.1028914118383333 1.0482520794519647 0.2240681019221309 9 377 319
1.067175409571797 1.102832971631445 0.21268348936795656 9 379 300
1.064917242933055 1.0930587985542721 0.21433295394189145 9 380 302
0.9649951719064949 0.6756538508438003 0.46752541047698104 9 380 410
0.9936153139580246 0.6393504458979793 0.466472281908205 9 380 426
0.9666886800531798 0.6436447235313864 0.47100361095854426 9 383 421
1.0839774026972115 1.055305517461569 0.2029836612196545 9 384 314
1.085623982388207 1.0398058626384867 0.2006996549261435 9 386 318
1.259860701796147 1.1350252552957099 0.03665620608540854 9 388 319
1.0675234687367712 1.092647537707711 0.1746392919868054 9 389 302
1.3584350204380984 0.967945430813208 0.0381280238749766 9 391 369
1.0823354753061063 1.0600132248258445 0.16340648791900447 9 393 312
1.2473353209538738 1.1174519119781006 0.029203498829687646 9 393 321
1.3246013942214048 0.9932009369050174 0.03366146185144192 9 394 359
1.3435747886467722 0.9600095773595807 0.03720667100290531 9 394 369
0.8946704615590948 0.662258364839696 0.47120990570582544 9 394 404
1.2385947394457555 1.1118707106654324 0.028050107246387235 9 395 321
1.3602874813465977 0.9533432569300769 0.015141362920069401 9 397 372
1.1448042333010051 1.1692343912322622 0.047801940001757526 9 398 295
1.065749161475284 1.073122162666798 0.14638109353919182 9 398 306
1.0661181063889722 1.0894807115872704 0.1338731010083687 9 399 302
1.0771458999717152 1.043307658533323 0.14899172257475213 9 399 315
1.2797769903282472 1.0075899634831122 0.032391617159293506 9 399 350
1.2909909472307535 0.9837327610577742 0.036557345244826456 9 399 357
1.1385755188020217 1.2050724116733242 0.025196235883824247 9 400 286
0.8661248942915263 0.6607230870867808 0.470851539113639 9 400 400
0.9096842916185184 0.6020171335976996 0.4705347097124193 9 400 427
1.1300404557021189 1.1901852347843482 0.03344783664686268 9 401 288
1.2437093229261167 1.0350611116291364 0.033523782730186635 9 401 339
0.9215654523570551 0.5811043647377117 0.46952821398533073 9 401 436
1.0675722191123627 1.0896862132592715 0.11970667868236617 9 402 302
1.256960722867106 1.0036032109183999 0.03537583684036738 9 402 348
0.8669864737593931 0.6357773505399881 0.47589799236179753 9 402 409
1.0985327361592963 1.227060874896722 0.027118562372944188 9 403 275
1.2395835481979105 1.0448847971970392 0.022055676671331126 9 403 336
1.3102798162869986 0.9535251292798248 0.01954311959367927 9 403 366
0.832944987839398 0.677381780211286 0.475009273712948 9 403 389
1.1242845420510978 1.1547607102628632 0.040749010703004185 9 404 295
1.066202947513804 1.0925100215264316 0.11046113122870316 9 404 301
1.209749268748845 1.0669195506576552 0.026542892604068058 9 404 327
1.0811214924774248 1.2010658177543294 0.042375752361057506 9 405 278
1.1041178227926352 1.18999895682026 0.03232635708303677 9 405 284
1.2748804679752435 0.9695113546350542 0.026018676676834662 9 405 358
0.8271702822412637 0.6686099264008314 0.4734719909966567 9 406 391
0.913889880131582 0.5532197521879885 0.47192463663179796 9 406 445
1.108865568282158 1.1573414821332966 0.03604511059492732 9 407 292
1.2284575408795744 1.0166160405406364 0.024721960624173756 9 407 341
0.8395480361392571 0.6484509489452797 0.47182972135765544 9 407 400
0.8519834733802627 0.6286816331194762 0.473204238517112 9 407 409
1.0503379123545253 1.2191627520448125 0.040517641020548334 9 408 269
1.0733314871016055 1.0629650369003811 0.10267599415755146 9 408 309
0.899408401472918 0.5587856451511078 0.47245197473935185 9 408 441
0.8582742736660791 0.5982850397244244 0.477577206141772 9 409 421
1.025998451225979 1.2552767899859854 0.029953757347959353 9 410 257
1.0785495973517778 1.180690726394167 0.031272863706675036 9 410 282
1.0677891709173422 1.096279932537212 0.08096409379128344 9 410 300
1.2123596182090812 0.9664722438311638 0.046811557114742275 9 410 351
1.2322687545924766 0.9557224182176112 0.03853661998685309 9 410 356
1.0378479949429575 1.2232124139845542 0.03332025992616705 9 411 266
1.0831508094082705 1.055730933906156 0.08631238815513687 9 411 312
1.200969054160033 1.0011788479289034 0.0326065213819855 9 411 341
1.0075780126036378 1.273028860001827 0.02453967229068099 9 412 250
1.0723407260810547 1.1849744328302125 0.024185292733794883 9 412 280
1.0803507699022472 1.1334938162127706 0.04460384578338594 9 412 293
0.9826313352760649 1.266961938504128 0.03577775150926055 9 414 247
0.9996457030898671 1.266690332155284 0.024080748917463035 9 414 250
1.0150683395639082 1.2466349461946038 0.023522508108253515 9 414 257
1.0622264989841952 1.1002597325714238 0.06494186517323186 9 414 298
1.0776253795388033 1.0847049616717999 0.06211805867470943 9 414 304
1.0828697677907264 1.0629791151237118 0.06948655251574243 9 414 310
1.0274957071002444 1.2151884304358702 0.02625472389550998 9 415 266
1.0557464145228708 1.164331633793065 0.032400596701477546 9 415 282
0.8016252837610687 0.6423682094135384 0.47519050458243417 9 415 396
0.8230407676703739 0.6157542130645026 0.4737784893403578 9 415 409
1.0975342420412157 1.04193758466979 0.05649811296892704 9 417 317
1.1830082662730406 0.9817199696834099 0.02724415854620066 9 417 343
1.1927153697181736 0.9662880399457257 0.028317106766305056 9 417 348
0.7949333839822361 0.6313338499828826 0.4791237902317036 9 417 399
1.0327381173161707 0.3141113470067133 0.47429576329319034 9 417 549
1.0049106774883527 1.198330791524437 0.03706764151938735 9 418 266
1.0337462673192852 1.1317369397191626 0.05090007653846529 9 418 286
1.1136407145741498 1.034370459141306 0.04452355155963561 9 418 321
0.9425225963544006 1.2799781286544685 0.034668822731527715 9 419 237
1.044308107807763 1.1003919629164658 0.055062137497437824 9 419 295
1.1709769778837704 0.9789929569885384 0.027921029281379628 9 419 342
0.9581873627085016 1.2745583623500765 0.021842668574539426 9 420 241
1.0227779991767614 1.1496801893304176 0.04043299266467404 9 420 280
1.0755312696356105 1.0406610738219224 0.059241787259581624 9 420 314
1.1737732262058875 0.9675350598662138 0.022654509769047815 9 421 345
1.0136528106719385 1.164672219109028 0.030145370089915913 9 422 275
1.0160504373699475 1.1490445714946518 0.0365418056500304 9 422 279
1.0384218538751049 1.1001861991188644 0.04591255422602414 9 422 294
1.111394468172456 1.0196258870836685 0.03558393922366809 9 422 324
1.129216508289831 0.9927704496784302 0.03678728524625452 9 422 333
0.7949824265361434 0.6113228386420821 0.4735020730734303 9 422 406
0.9681446465457915 1.2505349603040339 0.013555115759037228 9 423 248
0.9645047247038223 1.238613420591288 0.022368111426072534 9 423 250
1.0336470958239181 1.0844230446733274 0.05304916085988909 9 423 297
1.0512598605794778 1.0829854083452477 0.041172861497385194 9 423 300
0.9779242074792776 1.2086669259035618 0.02381804601566806 9 424 259
0.9842253019056892 1.1957008367492525 0.02605353176911729 9 424 263
0.905628505926031 1.3179431655236025 0.01426395545644299 9 425 222
1.007774021081757 1.1688142212362378 0.018615409512044767 9 425 273
1.0218328548903266 1.1140568944299036 0.037131112540614186 9 425 288
0.8074740360711057 0.5710052613343123 0.4760291305418364 9 425 423
0.9561820359082325 1.23192434757549 0.018294734830575088 9 426 250
0.9587347411170619 1.220507717847322 0.022439305971979406 9 426 253
1.0562381620026113 1.0728594816821029 0.02935416599974916 9 426 303
1.0705221476691005 1.044264593758903 0.03402297611985472 9 426 312
1.097082258595126 1.006455698214919 0.034641203015596256 9 426 325
1.1104865201812937 0.989561398234871 0.033805283964202903 9 426 331
0.7935618374434319 0.5838673827321885 0.47618121202495645 9 426 416
0.8752920968195057 1.3048803244329008 0.034119393650216434 9 427 219
0.911446900003785 1.2768113830287344 0.0226351305884811 9 427 232
0.9620086461815391 1.1920192832409415 0.030545906508573806 9 427 260
1.0083813466085343 1.0921130176480605 0.045009909045557794 9 428 291
1.1139970952539764 0.966813090573654 0.03419332428445232 9 428 337
0.9058333422293505 1.2539485446399476 0.029852055251736065 9 429 236
1.0658696331396882 1.0083364302933018 0.04287889397159628 9 429 320
1.0455213666914964 1.0570811367887558 0.027451767734025356 9 430 305
1.058786064941241 1.0403928290492634 0.02658222820447209 9 430 311
1.1085379036934986 0.9554338672162961 0.035195639273603696 9 430 339
0.9726910255438268 1.1262252654136633 0.03972790621189759 9 431 277
0.8574628262626036 1.2891994050237543 0.03333980033062911 9 432 219
0.781536500331846 0.5652987068834214 0.4759302287452849 9 432 421
0.9465389637007249 1.1668977972294494 0.02842613669998517 9 433 263
0.9884184038380452 1.0988569833521367 0.033838411756271114 9 433 286
1.0120429542754241 1.0686121886674147 0.03253402070244604 9 433 297
1.061691353282633 0.9692087536154466 0.04898543153366841 9 433 329
0.9177114642983377 1.1969269380597871 0.029266118540307362 9 434 251
1.0540505017628823 0.9962535055983649 0.03570510006196326 9 434 321
0.9528023426099594 1.1370438086031118 0.030909241076499505 9 435 271
0.9859191740668336 1.0843961141527712 0.03456971977315604 9 435 289
1.0393244236753847 1.0155528190029104 0.031825069596616906 9 435 314
1.0647938535649812 0.9663036665813414 0.039357182757445486 9 435 330
0.7536978068736828 0.5849803372279601 0.4766596642902392 9 435 409
0.8725385948098006 1.2663831536848331 0.016654278127129718 9 436 227
0.8744935200362367 1.2545242750598362 0.021596376722429422 9 436 230
0.9258252647110592 1.1597929441508856 0.034359121701426965 9 436 261
0.9620323112294515 1.1139005342727462 0.03205984517695515 9 436 278
1.067452482387333 0.9553348511602078 0.034384567690672885 9 437 333
0.8943711821181233 1.1870869709467768 0.03436670475977843 9 438 249
0.9660919277042783 1.1080086873494595 0.023317508439580248 9 438 280
0.9799416238596894 1.0758001584080303 0.03038319625176067 9 438 290
1.0093478919976269 1.0494331276438111 0.022563839148959985 9 438 301
1.0187795279082652 1.0227924965303912 0.0299318276238576 9 438 309
0.744085741598639 0.5757892848307147 0.47952199224078584 9 438 411
0.7625190035488842 0.5595876052737847 0.4744431468720214 9 438 420
0.8417518083514886 1.2710437528663743 0.023982329175687767 9 439 220
0.8438761616314809 1.2371215061147578 0.0408536209423227 9 439 228
0.8546665253231962 1.2243310587545366 0.039669650580167914 9 439 233
0.9224352025238194 1.1442312298498405 0.03210829325296172 9 439 264
0.9346866007665242 1.1320271038623564 0.02950140997489381 9 439 269
1.0362658284711863 0.9967223177214304 0.026469364662565553 9 439 318
1.066646793906543 0.9542421779304195 0.02665853865159873 9 439 333
0.8217263476475838 1.2755679703651501 0.032275453490104855 9 440 215
0.8370621320730081 0.46064679088960675 0.4657588224794321 9 440 469
0.747187973575385 0.5610077458588671 0.4759553874775069 9 441 417
0.8893930602079838 1.1700784154024348 0.029848829604033345 9 442 252
0.9197870642971946 1.1043527553673158 0.042769450897263805 9 442 273
0.9283524570109911 1.0979886310517444 0.03973240244447496 9 442 276
1.039969738845221 0.9742149321021694 0.022589512625103225 9 442 324
0.9872207341543393 0.9989222686283594 0.04487772357522135 9 443 310
0.9670083024962315 1.0299240144035537 0.0388887421522226 9 444 299
0.9323587309351309 1.0838744764748331 0.03130105385434945 9 445 280
0.8754074280172157 1.1674956427036918 0.024456533463969476 9 446 250
0.9486657363889703 1.053923435794204 0.030948214629337834 9 446 290
0.9820021111774573 1.002677996994377 0.02926347259566997 9 447 308
0.9935476967868839 0.9742158087655199 0.03617000042685836 9 447 317
0.7248980589749292 0.5565996872423887 0.47701552389386304 9 447 415
0.8040959258814135 1.2511836749332566 0.024366847115577572 9 448 217
0.8259994164524183 1.2307885911029475 0.018729317760841635 9 448 226
0.8499012234298706 1.1899053490474134 0.022982934027712343 9 448 240
0.8881271224791378 1.1305781635589418 0.02640223396017438 9 448 261
0.9000655242659867 1.101825230088446 0.028817396510649296 9 449 270
0.9260792098454638 1.0748828765087315 0.023618918377459552 9 449 281
0.9391647575425242 1.051197326478035 0.02668011746437915 9 449 289
0.8305315305424856 1.1954071304471598 0.02628674328992675 9 450 235
0.8449256495792372 1.1814858545323554 0.01847585646238703 9 451 241
0.856004970936951 1.1394155326059785 0.033477356938441005 9 451 253
0.8642399633580804 1.1248851889830132 0.03519803374060548 9 451 258
0.9744324606066408 0.9971812219596294 0.020634453040893952 9 451 308
0.9886223298348054 0.9703069942888721 0.024634031426377323 9 451 317
0.9219107266419542 1.0594150425471645 0.022430601791617377 9 452 284
0.9435148745505293 1.0135712880928858 0.03131385509543039 9 452 299
0.7772470796359845 1.2581145213240628 0.019775562982497608 9 453 210
0.778718895752271 1.2284908246151802 0.03539353061333683 9 453 217
0.7909473478230284 1.2176664418988463 0.03186459902254768 9 453 222
0.8681379606864252 1.1193642515713242 0.02656812833107347 9 453 260
0.9176155700139617 1.036398881794979 0.03447733460321656 9 453 289
0.97061931811445 0.9865998565199153 0.020813387681201778 9 453 310
0.8068904162778714 1.1926734528689935 0.02911307199169144 9 454 231
0.8969785693543275 1.0623672276030196 0.03173617114775462 9 454 279
0.7650027038452931 1.2424116863099002 0.029761035051960594 9 455 211
0.8305040192399737 1.1569139659107015 0.026387006919567746 9 455 244
0.8734938381879105 1.086047132504779 0.02824742406172831 9 456 269
0.8959569744208618 1.0374480451853292 0.03809216585832731 9 456 285
0.9408241095588052 0.9876006323996043 0.030781633565877486 9 456 305
0.9551775081209346 0.9576220912946491 0.036458080278075844 9 456 315
0.7332828628109838 1.2477661905148447 0.04345779525048954 9 457 203
0.7717774478051458 1.209460332063668 0.03460070375405788 9 457 220
0.8236425211332254 1.151329596634743 0.026401843212922937 9 457 244
0.8825130117624973 1.0520169415013507 0.03618700207778547 9 457 279
0.8635565076544227 1.0785660607401812 0.027522819698071466 9 459 269
0.9057536157292558 1.0157671434566873 0.02971933709323693 9 459 292
0.7721812610938643 1.192786831102774 0.031029263944139185 9 460 224
0.7907259625928251 1.178999241913763 0.024014546850729346 9 460 231
0.8443187363910125 1.1009334557157133 0.025818021627984855 9 460 260
0.9230918825292023 0.9913974818359285 0.025460393260017034 9 460 301
0.9249711817707866 0.973063027180785 0.03021290348781447 9 461 306
0.757585501497055 1.175819513234205 0.03994074442406248 9 463 225
0.8106872403522885 1.1241242871020665 0.02675238525639978 9 463 248
0.8480151106643112 1.079009705264424 0.022592321665850346 9 463 266
0.9031870569118361 1.0055273896710824 0.020404604370219737 9 463 294
0.717809692871902 1.2337583054498737 0.03439507292239208 9 464 203
0.7784244129267832 1.160138783866778 0.02781306064343214 9 464 233
0.7282257569383064 1.2090695092091226 0.03606643356580319 9 465 211
0.6647540386588401 0.5473702774050773 0.4756376982693934 9 465 408
0.7448039976525802 1.1689196618027038 0.041763695718433524 9 466 224
0.9036892074110676 0.9858518926337364 0.01850131207286365 9 466 299
0.8683049613870799 1.0055864729327562 0.03175968031170262 9 467 288
0.913796526483623 0.957363104378592 0.022598590489862236 9 467 308
0.8114105078730498 1.0836552025289632 0.028498101873536408 9 468 258
0.7749607764934174 1.1405589574979862 0.020815956738550856 9 469 237
0.8381039655496012 1.047250790086955 0.023606832832026248 9 469 272
0.8854316162955196 0.9663519569184063 0.032188912977060946 9 469 301
0.7041873843090074 0.46187837452653074 0.47845754107805116 9 470 450
0.8092739233520545 1.0697946514498704 0.02570041464533479 9 471 261
0.7251759126116291 1.168592250621225 0.03297161013518357 9 472 220
0.827929088617553 1.047565362895074 0.019061791585170518 9 472 270
0.8446073813004302 1.0238726155780777 0.01922081056797209 9 472 279
0.637785761763188 0.5498917081683532 0.4755984179084376 9 472 402
0.688020022131051 0.481318340150867 0.47441294199653283 9 472 439
0.6831866351411786 1.227289115984611 0.0289354948390943 9 473 197
0.7662685608507818 1.1209610788455886 0.01844908750660923 9 474 240
0.8113641273916952 1.0591275347221272 0.017516679245062505 9 474 264
0.7317043321486447 1.1453331200491192 0.02877029294461053 9 475 227
0.8686464398757248 0.9698352322955025 0.01850289822146145 9 475 297
0.8068075112572572 1.0516364148629904 0.01734132930792276 9 476 265
0.825382972015591 1.0178892401890742 0.02193946761451926 9 476 277
0.8778855419738016 0.9414507502512517 0.023501145811351876 9 476 306
0.6370964845434444 0.5301037564804951 0.47618186917476435 9 476 410
0.643995662517436 0.5121079380206894 0.48118600127089817 9 476 419
0.7079976145574052 0.4384716504825345 0.47129408152883867 9 476 460
