2.5103395637788326 1.2928536682565501 0.8911814600293242 9 4 232
1.0764254889615716 0.10034538962648043 1.1102630314734276 9 4 598
1.0305029562106771 0.09783480360962105 1.1186605358502462 9 4 607
0.9815566159799185 0.09836214950304678 1.1277349783382236 9 4 616
2.493822022528649 1.408483383683673 0.8939279788728609 9 5 209
2.5151712688918417 1.5543606123844345 0.8907920046849351 9 6 181
2.492168127379594 1.4399282842274723 0.8858715893476037 9 7 203
2.484459403768523 1.3781811953882424 0.8849268413793734 9 7 215
1.1669948847304077 0.09563443941517136 1.084709569855829 9 7 584
2.528304726092492 1.502742767477241 0.871749381697783 9 9 192
2.5116023186252576 1.4695133213267673 0.8736665858794868 9 9 198
1.2742272239318122 0.10134617323499207 1.0585035377929426 9 9 566
2.485770754809847 1.587504140283214 0.8784617596136761 9 10 174
2.526849129547881 1.5646129845302132 0.8695864173877283 9 10 180
0.9767501737175166 0.09699453121437462 1.113044629014088 9 10 616
2.5206199628762347 1.2770058633891006 0.8546252243795596 9 11 236
0.8924043824398011 0.09135785062754409 1.12672948022753 9 11 635
2.499365655115247 1.3063828034517317 0.8550783619302469 9 12 230
1.3357656022062814 0.1052781614212347 1.0373267094088638 9 12 556
1.8423253314029728 2.08977915552272 1.0117920453698148 9 13 17
2.5299045912102045 1.335816838039731 0.845297177991442 9 13 225
1.2235939210710565 0.09626874924954876 1.0561063197229892 9 13 574
1.0474479559154477 0.10057934306528504 1.09130258397135 9 13 601
1.01642365299698 0.09354957258268837 1.0971940783355016 9 13 609
0.9237994507088141 0.09930324883459885 1.1158392961181889 9 13 625
0.8831419188930636 0.0900013669229166 1.1235566069461558 9 13 637
2.4963643998948997 1.465601830432856 0.8522303565797711 9 14 199
2.502947439149259 1.451262162554321 0.850343621169194 9 14 202
2.5012150815629832 1.4203582548746247 0.8494677813376168 9 14 208
2.4720557241098344 1.3708103156994667 0.8533505221917534 9 14 217
2.4689273607144964 1.4773540929658655 0.8533678918086711 9 15 196
1.331363472104373 0.10536076570739139 1.028693225793424 9 15 556
1.2328476841925986 0.09709687315428728 1.0482615975219451 9 15 572
2.4894775772699873 1.4047710894596017 0.8414658017412505 9 16 211
2.4928564411078007 1.389877464732388 0.8401861279859272 9 16 214
2.500377345880882 1.354923420085619 0.8372660830965577 9 16 221
2.490356804829341 1.3077054244848885 0.8374285734369262 9 16 230
1.0458488040241154 0.09943168667977342 1.0833854664710207 9 16 601
0.9739421415409433 0.09450331657818234 1.0978239424718197 9 16 616
2.507805987810309 1.6125975638763594 0.8411043873123177 9 17 171
2.497184611011659 1.5545434705932095 0.8409699470997384 9 17 182
2.4887019533329924 1.497095592252391 0.8404210436877442 9 17 193
2.5096124771983117 1.3256531875366304 0.8293029398536936 9 17 227
2.5073324043507474 1.6541367333889396 0.8379597386947105 9 18 163
2.482653801571096 1.4765003647024986 0.8359674487230863 9 18 197
2.5058758570324624 1.4030556676031507 0.8282364063126957 9 18 212
0.8689615997067399 0.09490870161151677 1.1142739327687603 9 18 637
2.4803757693794304 1.3544265951900312 0.826675031017692 9 19 221
1.8144557629336457 2.0701317633488667 0.9901790767471742 9 20 21
2.4880790014435297 1.504265629090892 0.826169438998995 9 20 192
1.1611594601726773 0.09633345410327887 1.0480821116226324 9 20 582
1.7983644059014607 2.083587607990121 0.9903254538030918 9 21 16
2.4740505564916093 1.4161587565190072 0.820687702635009 9 21 209
0.8814306264700422 0.09361121724767874 1.1041555811276833 9 21 634
1.8262613111618098 2.0775870625079413 0.9803676582319566 9 22 21
2.483189013979862 1.535532902449163 0.8186494500706987 9 22 186
1.1056741866318813 0.10089332701967757 1.0541930237342836 9 22 589
0.9239780409404093 0.09307564457285455 1.0925683956694847 9 22 625
0.8643577677774632 0.09487015422338463 1.105336172042584 9 22 637
2.4883920850911054 1.603543494553704 0.8153655247265681 9 23 173
2.4721403326442832 1.4069923181523776 0.8109178742212007 9 23 211
2.464275777722074 1.3600666537552621 0.8107107760479764 9 23 220
1.200350717112359 0.10092388406823516 1.0310205686773222 9 23 574
1.1908245377365398 0.09905095188241375 1.032988514640901 9 23 576
1.7930197221303539 2.084706064690854 0.9801780001585612 9 24 16
2.495079279746336 1.4929327397861165 0.8045215645046649 9 24 195
2.498136946197492 1.4728515394164503 0.8030484193994566 9 24 199
1.36601176028734 0.10167096889112526 0.9922323469678157 9 24 551
1.2061276398180953 0.10400479907157278 1.0268780388349619 9 24 572
1.817395573093922 2.073293153983288 0.9706213248217291 9 25 22
2.5022058603211272 1.5770676387403335 0.8014278758780574 9 25 179
2.4973319145447936 1.452842294912181 0.7974523430819466 9 25 203
2.4837137544762617 1.4149470245780646 0.7988804411003038 9 25 210
2.4894494686766757 1.405424940145043 0.797245788416338 9 25 212
2.4864730168819307 1.389609760721577 0.7972525223924118 9 25 215
1.0433052610906461 0.10073410438336483 1.0591567583242165 9 25 599
0.9951906228121188 0.09986166030367216 1.069595347977852 9 25 608
0.9451300308274966 0.10155509656309036 1.080561577457754 9 25 617
2.4800469547755357 1.6604011240897245 0.8047066330399031 9 26 162
2.4579653143558096 1.6203297602879736 0.8079204080247605 9 26 169
2.4767585631760283 1.5272456632762457 0.8000172532438566 9 26 188
2.49659912092253 1.5776279390652217 0.7927476392078906 9 27 179
2.4688748638388254 1.4551871395391303 0.793885022296611 9 27 202
2.479825280581392 1.3900367659871613 0.7888133937697211 9 27 215
2.4865964237583 1.3805822630926476 0.7869328644228816 9 27 217
0.8623776918438832 0.09257502976352794 1.0932200693429237 9 27 637
1.8024066980222413 2.0896898763559046 0.9631015178498897 9 28 17
2.4652642329200387 1.552265981078096 0.7937082087802081 9 28 183
1.1277117719077279 0.11079899735227161 1.0324345675150401 9 28 581
2.4934293513913457 1.6402380577375992 0.7860592557263912 9 29 167
2.475999129787521 1.6264666317037908 0.7894013911132808 9 29 169
2.507650239682118 1.5967574815256504 0.78109455582358 9 29 176
2.4585509679905044 1.5009358152594743 0.788176514471244 9 29 193
2.5144537460964522 1.4581045265074675 0.7738991739459381 9 29 203
1.8275145263342947 2.0953714195301565 0.9500023846327794 9 30 19
2.509157567037489 1.6185199734329063 0.7766372714589346 9 30 172
2.4897090039551726 1.568473978783457 0.7789746101643455 9 30 181
2.5134061494271935 1.4853524179327762 0.765182443759666 9 31 198
1.1001787707523432 0.0977085037724299 1.0293503737038066 9 31 589
0.8932830480996121 0.09620657376527075 1.0763081706057624 9 31 628
2.509010186008975 1.6615076571794027 0.7683942298071188 9 32 164
2.4495613400448795 1.527119286078431 0.7764673493387112 9 32 188
1.0000993831751719 0.10125178826623393 1.0494990238850361 9 32 605
2.532166871186078 1.6255905286684849 0.7565423398449073 9 33 172
2.521087750126055 1.6130061029886535 0.7585765773582248 9 33 174
1.274566226282028 0.10260091986405173 0.9835504509185723 9 33 561
1.2072250249982905 0.10416635402229335 0.9991355984940455 9 33 570
1.1635650074794464 0.10255296018858728 1.0091316325715463 9 33 577
1.8181066169922513 2.084126668165303 0.9361454289665494 9 34 22
2.5086081748487747 1.6631792089128865 0.7584817692997258 9 34 164
2.447041187355593 1.5078117434916256 0.7663461732510248 9 34 192
1.7588567456927473 2.0822762230778196 0.9460181944442523 9 35 16
1.777309704644881 2.07895985511865 0.9415682541569687 9 35 19
0.9826245647729286 0.09408111756867221 1.0450324494895216 9 35 610
1.9542828532927512 1.9710255120508384 0.8916011930412415 9 36 64
2.4934502091377184 1.6049561049653112 0.7495206451783605 9 36 175
2.523613456964591 1.6220754905278443 0.7380367586847701 9 37 173
2.477382917516284 1.5717822130326264 0.7468973110983953 9 37 181
2.4932778372735207 1.4865629335227855 0.7395840958528657 9 37 198
2.456663724812958 1.4603076742410606 0.7471666537484757 9 37 202
2.4653389789767406 1.4306813166772436 0.7438780020426593 9 37 208
1.752243773176514 2.0789713580687943 0.9360106117351517 9 38 17
1.9478773247220018 1.9582423941092764 0.884303395283826 9 38 67
2.497884038598258 1.6747773350881576 0.7412671024125972 9 38 162
2.4716329471514418 1.648600766828264 0.7464377492384201 9 38 166
1.8473342494641836 2.0680967014164144 0.9049147127887235 9 40 31
2.4695648786357003 1.6755772932742719 0.738001808811239 9 40 161
2.477606905671639 1.5432201557535166 0.730511815274624 9 40 187
1.111591104694452 0.10465357961223887 1.0005711649042055 9 40 583
0.8832912106668387 0.09575636646776364 1.055405882761162 9 40 628
1.7238829353795309 2.0734992035983586 0.9312065985752914 9 41 16
1.893843060572594 1.9455761758106003 0.8844582007501911 9 41 66
1.7696331745243414 2.0097880309982505 0.9135184542555842 9 42 38
1.7866421060130575 2.0011868200925758 0.90898783965363 9 42 42
2.4883627093125775 1.6711217056427705 0.7231157726618012 9 42 163
1.235665300035516 0.10137150339470546 0.9640823111462667 9 42 565
1.8934985202139423 1.947599340421142 0.8764529108311747 9 43 66
0.9406980773929261 0.0973871600015428 1.0335078054652727 9 43 615
2.4681462519958277 1.46696059370938 0.7093174272339918 9 44 202
1.0695091339935834 0.0954563687395028 0.9987290821279591 9 44 592
1.753951952669445 2.0841293343903287 0.908919856800999 9 45 18
1.746747386440123 2.065431248902687 0.9099291173530011 9 45 22
1.86530914725064 1.947372876766862 0.875286854445796 9 45 64
1.8908066878387362 1.9446232498846205 0.8687957055867689 9 45 67
2.490894000159797 1.5024771354828608 0.7000394615017673 9 45 196
2.4639735910938643 1.4573677180463827 0.6997607945923418 9 46 204
1.5017628269998902 0.2022806602636913 0.8886343173904436 9 46 505
0.9319062820355233 0.09452959695465335 1.0274701889157678 9 46 617
1.7413945461557434 1.9919084937643472 0.9004287742102591 9 47 41
0.8774382238192537 0.09980537578734017 1.0387865653766233 9 47 626
2.498167375894462 1.6577434671077889 0.6893601818965437 9 48 167
2.4822017971797754 1.5919720585640642 0.6906267819385717 9 48 179
2.5076048849267405 1.5705456681672307 0.683236458449431 9 48 184
2.497553731594732 1.5372733262272589 0.6843806315533928 9 48 190
2.4909063292756044 1.5099552918918189 0.6849108237083994 9 48 195
1.3551637304710562 0.10530666288312696 0.9145989212403194 9 48 547
1.6475811235921762 2.018317528502897 0.9178784919848381 9 49 24
1.4568393013966126 0.2022433572362493 0.8892332172319222 9 49 509
1.1502840826580207 0.09519590743525153 0.963327623761776 9 49 578
0.9889533695559587 0.09861693553026418 1.0048744270995371 9 49 604
0.8356036723606342 0.09851948485304218 1.0442228145153762 9 49 635
2.4968781996001335 1.6278531127820146 0.678074320949694 9 50 173
2.495952690014276 1.6808601150188294 0.6754051023401191 9 51 163
2.5127020324189417 1.5791853629874701 0.6666881671701672 9 51 183
1.6449175921562356 1.9907007297281019 0.9061796936801908 9 52 32
2.49500138900336 1.6606283122933037 0.6695963592145839 9 52 167
1.6690868873874747 1.968309550012073 0.8951035121006959 9 53 41
2.5174408840997184 1.6398677998036666 0.6575963761061834 9 53 172
2.4726926452236184 1.6047224956782165 0.6678628038309454 9 53 177
2.49383399304023 1.5457961516633545 0.6597571163894457 9 53 189
1.0844692017667508 0.09711577918069614 0.9683729142961331 9 53 587
1.050795155645047 0.09599699860739408 0.977190278583493 9 53 593
0.8289630311180138 0.09967818319614696 1.0357521039723219 9 53 635
2.500170619732667 1.6740126063202534 0.6584003903927728 9 54 165
2.4992193849692352 1.527199741636462 0.6470748611861009 9 55 193
2.4525866926529165 1.4932992297060925 0.6580407842795583 9 55 198
1.6908462009346397 1.9615879828356064 0.8775605806014145 9 56 46
2.5142614530966627 1.6841490463440438 0.6446016079387265 9 56 164
2.50792289982192 1.6616726473988641 0.6453272083043868 9 56 168
2.5065553069433744 1.61915789631555 0.6438498148246136 9 56 176
2.51109092497848 1.6094713373127614 0.6422126922021518 9 56 178
1.5405318723363863 1.9972155557889157 0.9158359691187477 9 57 19
1.6044333797183814 1.9786083992953911 0.8977747271874652 9 57 32
1.3508028803555936 0.2056121601401485 0.8891696065935066 9 57 518
1.0421876716530971 0.0946943426043525 0.9676682015095566 9 57 594
2.5093348629758117 1.66376669008236 0.634509646946863 9 58 168
2.5097101305102907 1.6162038163617827 0.6323354141559343 9 58 177
2.518755966511491 1.5967180642077228 0.6290289772172537 9 58 181
2.4758177792911633 1.5360755930168475 0.6380517090217692 9 58 191
1.5586205298642986 1.9752500289507353 0.9027127462918019 9 59 28
2.5102947593228366 1.6966211483806184 0.6304023335273213 9 59 162
1.3630669187587108 0.2213349851886537 0.8795852897543911 9 59 512
2.5104821622962246 1.6074534595389571 0.6211611047827991 9 60 179
0.8622117835267489 0.09399965646036057 1.0082828688733727 9 60 628
1.5811464617905697 1.9618440626185993 0.8885792402794631 9 61 35
2.5071818121216993 1.835074156689866 0.6267499894242393 9 61 136
2.4996374516900426 1.664416500342198 0.6213538386731777 9 61 168
1.2762307176876406 0.20157482201667298 0.8957669580295782 9 61 527
1.4812862930802613 1.9825288196843573 0.9135873168168009 9 62 17
1.3207725819452278 0.21821535932550795 0.8807405860630004 9 62 517
1.2610076431656765 0.10703154622594824 0.8924948841347496 9 62 556
2.4715576424842682 1.6812383189149296 0.619365944347181 9 63 164
2.4782987259282705 1.6731127190989317 0.6118444851671283 9 64 166
1.2361065525264305 0.1959034904180681 0.8967393987382168 9 64 533
1.034320979159752 0.10324500369007095 0.9495205559742934 9 64 591
1.0091785951678969 0.10434428691130082 0.9566551848704936 9 64 595
2.4953275708041303 1.830882221045925 0.6087099808042753 9 65 137
1.5016902072852099 1.9645672313493476 0.8927677101686663 9 66 26
1.6518969503876475 1.9335078296692627 0.8485435559042144 9 66 52
2.4785326573499873 1.6908015983599494 0.6019819760554987 9 66 163
1.0390722108802757 0.10244889420537562 0.9421821742341716 9 66 590
1.4396275407531647 1.9686299092770074 0.9071541379462396 9 67 17
0.8389441080404538 0.0945561009515099 0.9962714331155529 9 67 631
1.5509580484445076 1.946461886547304 0.8668197923134067 9 69 38
1.4465060899719413 1.9612584164018716 0.8942835418992809 9 70 21
1.4872769248427606 1.9553336569262652 0.8821083891960264 9 70 28
1.1877240733030667 0.20622214313217646 0.8914018711910704 9 70 535
1.0657330308177981 0.10453535364219135 0.9224915723825948 9 70 584
2.492236612535547 1.639979160053902 0.5690600122747219 9 71 174
1.2682421193585542 0.22702697944700734 0.8654143289644909 9 71 519
0.9978502535665048 0.10250817865500417 0.939289390872543 9 71 596
0.8673409369002865 0.0970534400476375 0.9773953375296506 9 71 623
1.5271401386909123 1.951254765274393 0.8592308069135125 9 73 35
1.200488872702942 0.22208388212288788 0.8752251047297157 9 74 528
0.8190486676456386 0.0987609413166829 0.9837318624888408 9 74 632
1.3979302818240855 1.958813468333116 0.8875502316421213 9 76 17
1.4698235240272863 1.9609483595324837 0.8658971133536848 9 76 26
1.4216555838899265 1.9538640879323554 0.8766145157983505 9 77 22
1.502000493844343 1.948082484705187 0.8519051057411453 9 77 34
2.4873636363584204 1.6710601521296995 0.5395077583003756 9 77 169
0.8017920785797235 0.09892769466970819 0.9810144009491153 9 77 635
1.454696401137742 1.9562236886502855 0.8630699949251456 9 78 26
1.4962638353782896 1.9523424595873549 0.8428094649686759 9 80 33
2.489004290891433 1.8398876991954332 0.5303872353054154 9 80 138
2.454775735832789 1.619023396198307 0.5308903251724936 9 80 178
0.8868940763955715 0.09904449377975688 0.9467475998104533 9 80 616
0.8372922625254797 0.09998200892586195 0.9621437363150398 9 80 626
0.7980608691163777 0.09682500626580803 0.9661862163873913 9 83 635
1.37272369315873 1.9555060241604094 0.86725550459431 9 84 17
1.3893603212271164 1.950850575976617 0.8582429692297893 9 85 21
1.4108970035892279 1.947146455139902 0.8512155135626842 9 85 25
1.4562918530328828 1.9455550945925681 0.8293688967632131 9 87 32
1.4395722536898972 1.9461090043697555 0.8311355392621924 9 88 30
0.8217712208820791 0.10201246121695695 0.9399254877437734 9 90 626
0.8067146481361376 0.09582431881770692 0.9391314228888797 9 92 631
2.4599674658517086 1.7239430591129241 0.45739728254303014 9 94 161
0.7886865663732725 0.09646564468344265 0.9370356355837165 9 95 634
0.945680744272551 0.21195420173365986 0.8837285857893716 9 97 563
0.9352253704168183 0.21047927135910482 0.8842400184328185 9 98 565
0.7960091855826104 0.09518480202556501 0.9263351627371892 9 98 632
1.3438170097348707 1.9421293476627501 0.8197699602610562 9 100 22
0.8069087969042295 0.09807754469345997 0.9172308075503348 9 100 628
1.3091738878905406 1.9432707338987811 0.8177658112149875 9 104 18
1.337322223281336 1.9433523435222868 0.8078423265750678 9 104 22
0.8112631240554029 0.17636144266007125 0.9083625832823417 9 104 598
0.8004963524567201 0.1574152907690224 0.9112483155407843 9 104 607
0.798200967722559 0.13377864505710924 0.9109206788974638 9 104 616
0.7843703776669904 0.12051892819053356 0.9069114127271788 9 107 623
0.7828137467009342 0.10138838896086433 0.9037831705167119 9 108 630
0.749598283099878 0.17117936008361823 0.9110258325323406 9 111 611
0.7015262304194869 0.16644415421734127 0.9125591233492433 9 117 622
0.7011693048923509 0.14298210706444048 0.9115330142029372 9 117 631
1.2863897775350266 1.9484521186553823 0.7731276417178807 9 119 18
1.2653881837416487 1.9435801116531166 0.7630876561254731 9 124 18
1.2693427781565227 1.9432636281779705 0.7471363918415002 9 128 20
1.552467140891404 0.3827277780810656 0.46715170995296695 9 148 444
1.5271658317781056 0.3505505236061167 0.4631013617287474 9 151 453
1.510216898608062 0.4681148714993526 0.472426372523143 9 152 426
1.5042580185763534 0.35224873448622007 0.46445223825753645 9 153 454
1.4821686081089802 0.35750704732257055 0.4613415927687923 9 156 454
1.4632142103947996 0.38747533669698997 0.46714707961846014 9 157 448
1.4585250618409007 0.35955937750679656 0.46337607951195725 9 158 455
1.4434582789853176 0.34313866302766427 0.4650001556598147 9 159 460
1.4183288315606446 0.3613282942957925 0.46012702144927875 9 163 457
1.3382241355529703 0.3270177268598923 0.4617893429807136 9 171 471
0.6305690676365248 0.24201454199301675 0.7398735344068883 9 192 590
0.6073651105528637 0.23505213826578641 0.7431101756573768 9 195 597
0.595009625123115 0.22865859491755058 0.7464941274127561 9 196 602
0.6851389242353227 0.24450307360846524 0.6896418094482966 9 199 576
0.6373968892192818 0.2454202085420042 0.7097465641485367 9 201 585
0.5820560803056896 0.23047339716533666 0.739283328850938 9 201 603
0.6055139837336598 0.23788121244011606 0.7180215187908215 9 204 594
0.5691194770062771 0.22263702994096257 0.7344983202730235 9 205 608
1.0936700315670662 1.1192451460687611 0.4909710293495918 9 206 265
1.0834352376566672 1.1082416499550005 0.49605461549812746 9 206 268
1.1003057040902608 1.0816400416442127 0.4850003012030636 9 206 276
1.1030734449976265 1.1205576301270193 0.47781164071768367 9 208 265
0.6016215777706417 0.2374229319959683 0.7083662514379371 9 208 594
0.5720683020865966 0.2238435120151676 0.724263789658327 9 208 606
0.6457122356970462 0.25095510379345554 0.6781117933274518 9 210 579
0.6114952723184104 0.24625347855473345 0.6973346730213651 9 210 588
0.5592508313050097 0.20408132420511182 0.712999345244442 9 214 615
0.5672720029210816 0.22632076169716753 0.7038482932920397 9 216 604
1.0733017447265463 1.0937336727980267 0.45735990168051743 9 217 273
0.6171195156976925 0.2462228394142182 0.6729073494699166 9 217 585
0.5870882197125842 0.23845171901263407 0.6840516638389921 9 219 594
0.5755259268273814 0.23005603143040632 0.6814190781661739 9 222 599
1.0749980731271866 1.0956070449355066 0.43228116834193786 9 223 273
1.0919819174944965 1.1147781334430227 0.4150631024339664 9 225 268
1.083653531811648 1.1037117772863088 0.4194123631501201 9 225 271
1.0893434777175615 1.0829880109809977 0.4146802179982201 9 225 277
0.5634424322393146 0.2115557178258839 0.6785698749229776 9 225 608
0.630174048858581 0.25163918237471117 0.6375546078654294 9 226 578
0.5932188227433395 0.24864752146173175 0.6598109861310764 9 226 587
0.5878132071300257 0.24378749948114753 0.6627906442682578 9 226 590
0.5524570105912683 0.16615225275587042 0.6734605545245543 9 228 627
1.0850171878594 1.1120701600796992 0.40263888600126996 9 229 269
0.5705976831957009 0.23532282201717114 0.6606379496679256 9 230 596
0.5529161050101328 0.19340108290024738 0.6689066111453843 9 230 616
0.5620458722049659 0.2292491735350446 0.6625136900407957 9 231 600
0.5921298913708046 0.2450536850953594 0.6417883224715194 9 232 587
0.5798258783938677 0.23282330972247134 0.6455911128305504 9 233 594
0.6517984368379381 0.25625639173578185 0.5989142102497996 9 234 570
0.6186842928263605 0.25549573258404534 0.6196090023704008 9 234 577
0.5628865472825773 0.21313429237222792 0.6518732715015892 9 234 605
0.55739797197269 0.2059875358190325 0.6548578772992051 9 234 609
1.0706904540449442 1.091942934240648 0.38538988429740706 9 235 275
0.5865980425703303 0.2380760169114784 0.635500876515723 9 235 590
0.5691363978100863 0.22377725268132675 0.6425033424602546 9 236 599
1.0734650881954415 1.0891679077779282 0.3751180871772952 9 237 276
0.5537397818073948 0.15524930034760842 0.6448079204208774 9 237 628
0.6013799142712264 0.24959918127780112 0.6079747430109039 9 241 581
0.6394970563873603 0.2626601318148818 0.577729555231036 9 243 568
0.5608538992565772 0.20758108963221755 0.6251526257061983 9 243 605
0.5731341300812409 0.24248372405945906 0.6163175404615568 9 244 589
0.5615706988647959 0.2306726790124518 0.6230771763362739 9 244 596
0.5568740966379908 0.15722523606013794 0.6182627671936164 9 245 624
0.7431557438296876 0.2658856541564548 0.49650056947015886 9 247 547
0.5583733227027201 0.18983583429763928 0.613162508579244 9 247 611
0.5659209909621794 0.23707664308495924 0.6018280887447123 9 250 591
0.7802132913575754 0.30078757767197417 0.4596735737846276 9 251 529
0.5521423266220675 0.20974964907603033 0.6060727816443214 9 251 604
0.6191591739121827 0.259426280107516 0.561261754227711 9 252 571
0.5848024726581367 0.2543493763919573 0.5839690654592898 9 252 580
0.5574631213734158 0.13725810347680456 0.5945842502704765 9 252 629
0.5642118773317999 0.1242276388489395 0.5891988737176472 9 252 632
0.5752315505514234 0.24283692293460601 0.5864282390542981 9 253 586
0.557971807307762 0.24176999269481725 0.5948120581940217 9 254 590
0.6036639460101054 0.25499437899191546 0.561528233536983 9 255 575
0.5526794301548887 0.21716296555310322 0.5935967122373423 9 255 600
0.5512051303314445 0.19750136239986438 0.5869481715486158 9 257 607
0.5618200026606597 0.12152736161965161 0.5746319877069617 9 257 632
0.5610770367352091 0.23337692757870532 0.5761809754043163 9 259 591
0.7171857748970776 0.34034546562423984 0.468669502413806 9 261 524
0.6780074339555597 0.2577263350857144 0.4902859020075159 9 261 558
0.6271311443453564 0.25989659604137794 0.5257137882426982 9 261 567
0.5948265855345998 0.25587752614635917 0.5478464168850162 9 261 575
0.5669063115815012 0.24203022629177884 0.5662779993652941 9 261 586
0.5572766641211213 0.22096399559176427 0.5618453347087644 9 264 595
0.549115865052463 0.2069911839235995 0.5666224343882567 9 264 602
0.5533107889618385 0.1794635895325385 0.5618188055655198 9 264 611
0.7445126244869702 0.6947646790084925 0.4552764819784487 9 266 404
0.6843591678456105 0.39492005257380114 0.47739628369683873 9 266 510
0.5515686798538255 0.17070550947961527 0.5559624683811633 9 266 614
0.7251107057141468 0.6835022608740493 0.4609488211867232 9 268 409
0.6790379556995911 0.3273913774338324 0.4694355379174342 9 268 533
0.5546782479145791 0.21952226605890646 0.5505651074039806 9 268 595
0.5537811550120371 0.2035188286278049 0.5501115580312091 9 268 601
0.6734155303093421 0.3708008513412284 0.46927520992676797 9 270 519
0.6695712552878155 0.3457892604944681 0.47031688757499013 9 270 528
0.5534797083554204 0.23532021637067035 0.5459591727018793 9 270 589
0.5529955801132118 0.16551956373441212 0.5382347529512621 9 271 614
0.7220850242422179 0.7012971889641446 0.4460523967584047 9 273 403
0.6513411209660627 0.378863159930959 0.47154184990039527 9 274 519
0.5704639738248234 0.2489360976016851 0.5180301729703682 9 275 579
0.5610976136302004 0.2406674673806808 0.524294259006902 9 275 584
0.6382483859649764 0.31637160423468647 0.4696925229303671 9 276 542
0.5579498770418592 0.22510678925739547 0.5221828331116558 9 276 590
0.5512061389139533 0.1624889189613834 0.5227770596255898 9 276 614
0.6832122263022147 0.685259578001336 0.458753085912901 9 277 411
0.5498290791126859 0.20722384552037554 0.5235705139294314 9 277 598
0.5504823254003353 0.1900682874534141 0.5218969743091542 9 277 604
0.5603678239973149 0.11676439477323908 0.5027833097058316 9 279 627
0.6095524343538998 0.2584662812321027 0.46925839646985124 9 281 566
0.5990054099340865 0.25518821169036976 0.47341141469625203 9 282 569
0.560651066415855 0.24404677723127532 0.5013400060533968 9 282 581
0.5507698875338596 0.21098037537264214 0.5064123030580159 9 282 595
0.6080982338636653 0.30152107885729784 0.4663521506107742 9 283 551
0.566462765423428 0.245361436384957 0.49367561840927543 9 283 579
0.551006795097938 0.22246754585338369 0.49691460097197815 9 285 590
0.5505815458548038 0.17207052850379612 0.49367039131816415 9 285 608
0.5564435639325942 0.14821335040577466 0.4875465716317734 9 285 615
0.5959435618978328 0.3234693742914625 0.4665596726330342 9 286 545
0.5920401020556678 0.28234111514462623 0.4666075630956047 9 286 560
0.5929489320786672 0.25579345589182445 0.4640349023536565 9 286 569
0.5675880714716837 0.2452309285321348 0.4825449944202511 9 286 578
0.5461651729784975 0.20514525737889389 0.49597110618363316 9 286 597
0.5878884057542291 0.3309112995979703 0.4592204492257026 9 290 543
0.5606220809919595 0.23999960352010252 0.470265925972692 9 291 580
0.5773663265424249 0.11362203586436781 0.4482635763262399 9 291 620
0.5802387468087571 0.28986810993498624 0.45164640179877735 9 293 558
0.5605402666360759 0.16320469397571002 0.45437282143136026 9 294 606
1.1430959467883999 0.7673114237223435 0.03776778193973973 9 295 363
0.5662611348195996 0.20748987587182954 0.4495880562793828 9 295 589
0.5700831960086028 0.3307879183174487 0.4519955248422798 9 296 545
0.5636342547048718 0.31434058501864115 0.4558783929895991 9 296 552
0.5658902102732613 0.14330560722294805 0.44171182106941 9 296 611
0.5684594622634871 0.1327968599769458 0.43892880078449803 9 296 614
0.5691640518966317 0.29909519703306 0.4469024745597039 9 297 556
0.5642914940303962 0.18403592290025694 0.44239614211618505 9 297 597
0.5633136618507351 0.23573980094297586 0.4434001071371463 9 298 579
0.5619111521226043 0.21072012169118948 0.4426910307352516 9 298 588
0.8756621508486171 0.6839335137325191 0.22415999462379665 9 299 397
0.560831733440198 0.2874056925630871 0.4420866245989119 9 300 561
0.5648877230098108 0.2476165275770591 0.4359421515397566 9 300 574
0.5649985775627906 0.221558290517193 0.43394945572339205 9 300 583
0.5601981084621908 0.1639574630853322 0.4335711911513884 9 300 604
0.5615016177014238 0.1311394592764743 0.43013273258492246 9 300 615
1.1308318547670384 0.9477929562667056 0.030431958061876152 9 301 318
1.1134688909989015 0.834068158092619 0.036008633549316604 9 301 347
1.0934168340402162 0.7102408669416749 0.03802487436910318 9 302 379
1.110745491176686 0.8896264029101207 0.03225709046170078 9 303 333
0.5625048464775289 0.3560287375760395 0.43516156359451785 9 303 536
0.5598195889824877 0.19638604699344497 0.4255855498147545 9 303 592
0.5595433932469009 0.13558736948431738 0.42133658426544085 9 303 613
1.1105842778809665 0.9527240096234333 0.03201964948248737 9 304 317
1.0890767868243163 0.7225053081980095 0.032457080925706094 9 304 376
1.0739255409335333 0.7130159789153929 0.03906537215958927 9 305 379
0.558410127503717 0.33686917468557254 0.4299595185190388 9 305 543
0.5585220144672995 0.3109974346680203 0.42795757607636875 9 305 552
0.5578740332536525 0.28550492785812687 0.4266007781984089 9 305 561
0.5502307808553799 0.329237586663363 0.4325002827159652 9 306 547
1.0819001169664983 0.833139855685127 0.03151004134334867 9 307 348
0.5553746751656667 0.1698015392818707 0.41291838716626184 9 307 601
0.560510778035773 0.1224215285591701 0.4052028721022387 9 307 616
0.5617132854393847 0.18507087768639452 0.40525566283764847 9 308 594
0.559660898685358 0.14845789935447062 0.4042180236786097 9 308 607
1.0469684708795974 0.7013917898367937 0.040462406401095 9 309 383
0.5640633859999729 0.3513585327047445 0.41208957820721737 9 309 536
0.5568673988073443 0.23685353549657717 0.4094845547211168 9 309 577
0.5517554186286113 0.31132330322570456 0.4156630706670801 9 310 552
0.5608734054046707 0.280080315427636 0.4057947174168606 9 310 561
0.5611154280660133 0.2012972503027679 0.3997121197229283 9 310 588
1.0579036004463664 0.7771951857871713 0.027175572208174126 9 311 363
1.0524701790544915 0.7079348571660488 0.026498915925674993 9 311 381
0.822079688470845 0.692570431539336 0.21641701696175053 9 311 397
0.5551048818815205 0.3289031755514623 0.41061198385527353 9 311 545
0.5574929556114738 0.15017308490632342 0.39525723413723934 9 311 606
0.5557982508594694 0.13377306017822566 0.395435485109384 9 311 612
0.5633884265469942 0.6695492022211176 0.4256594511145346 9 312 424
0.5574361686877496 0.19032233881236893 0.3946751852942447 9 312 592
1.0423564637751062 0.8369026401810031 0.03466895038732032 9 313 348
0.5605379071244156 0.2867852518435551 0.39569209087559876 9 313 558
1.0376204618523015 0.7757434721477698 0.029079373114626828 9 314 364
1.0283977569332756 0.7076998246969355 0.03168322345110708 9 314 382
0.8147551979700418 0.6867413512117038 0.2091368623444365 9 314 399
0.5585090716507732 0.6224744710470813 0.41903041886025383 9 314 441
0.5602561417934417 0.5709453208773669 0.41368541694551686 9 314 459
0.5595311009337132 0.5028791690301496 0.4091665426344169 9 314 483
0.556870347448813 0.45541340289318677 0.4078213273609972 9 314 500
0.5564786504202288 0.1452056467427355 0.38478601999491135 9 314 607
1.035754791103126 0.9447832578535272 0.03844675418090682 9 315 320
0.5649063858604804 0.5432349175917195 0.4040771338603557 9 315 468
0.5540468496728308 0.40457401983535646 0.402743022152382 9 315 518
0.5538571892677875 0.3874240272438969 0.4016080487794986 9 315 524
0.5554888879564521 0.3201709891914708 0.3951597711096615 9 315 547
0.5626963939822351 0.1871933803093777 0.37906196217637267 9 315 591
0.5627319080586577 0.6828470848139403 0.41283933424280406 9 316 419
0.5578938293849807 0.4452984024700317 0.3989531235007653 9 316 503
1.0173618011806527 0.8278450774399967 0.035265208167222895 9 317 351
0.5560135075718302 0.644903479439823 0.412038821072533 9 317 433
0.5619707551357371 0.5177252727700763 0.39735374373798327 9 317 477
0.5573559575058515 0.4765981897361997 0.39814360286361206 9 317 492
0.5580383814275236 0.33771585697360995 0.3870376846202883 9 317 540
1.0110221033338238 0.7789416501819607 0.03200761836835664 9 318 364
1.0103848640761766 0.7675737990268552 0.031685444973837296 9 318 367
0.997848889743441 0.7085260525013628 0.037850996368405054 9 318 383
0.5579071234079231 0.5958695335769604 0.4030964609932104 9 318 450
0.567146586538724 0.48638398599000077 0.3869283886218977 9 318 487
0.5597366683584633 0.23075618381067375 0.37380433243615196 9 318 576
0.5552785879220008 0.28834931294764365 0.3782938869252459 9 319 557
0.5604732134803041 0.20293382484553457 0.3673618800231371 9 319 585
1.013803725578438 0.8472884138380454 0.024969382438310372 9 320 346
1.0020620488413026 0.8293720337627926 0.03364789700576187 9 320 351
0.5589394483917374 0.586282067449091 0.3942112367273156 9 320 453
0.5687641306609368 0.5426356537052888 0.38247559409163023 9 320 467
0.5604245157817664 0.5170015251956581 0.3876546353192529 9 320 477
0.5705671997488837 0.492710567740259 0.37712373702430013 9 320 484
0.5544163364605343 0.3550917084903803 0.3804412833768278 9 320 534
0.5610972195769448 0.6792500950387622 0.39581427772234923 9 321 420
0.559088460507206 0.6570811457043029 0.39584364268115024 9 321 428
0.5596441625892461 0.3253670985929894 0.3700021640818638 9 321 543
0.5681361676403349 0.5043728340388904 0.3726963863508892 9 322 480
0.5634118805155908 0.4337425470041798 0.37135369552267816 9 322 505
0.5663421002526488 0.3768287723717011 0.3644681296053838 9 322 524
0.5604869282780953 0.28602600898507025 0.3625538142942568 9 322 556
0.5660822862795438 0.5770360725539664 0.37633988340762525 9 323 455
0.5606581931093257 0.3439597103305353 0.36312907876974054 9 323 536
0.5632881139778654 0.29545543112527406 0.35713077452549014 9 323 552
0.5563337905573817 0.15776360014664859 0.35256792903096446 9 323 600
0.558151593304208 0.13566652395222112 0.3492996143178766 9 323 607
0.5657492382621465 0.3670598498548979 0.35676517767970184 9 324 527
0.5632562165956552 0.2681282614735173 0.3513135026523777 9 324 561
0.5692068901537939 0.21090630774770225 0.34174799219997 9 324 579
0.5566462623291066 0.1774408482339217 0.35006729356070365 9 324 593
0.5664953972706763 0.3128859241345463 0.34819092674833296 9 325 545
0.5645537888725047 0.6455930018538654 0.3718371097718185 9 326 431
0.5667333115765603 0.4943382768120259 0.35824200982853593 9 326 483
0.5624267053037832 0.4582552630730148 0.35921405907381443 9 326 496
0.9558709160112411 0.7631395347156915 0.03429989767429875 9 327 370
0.9408415713920224 0.6984930386177067 0.042462910308206814 9 327 388
0.56686503944929 0.4293714606808289 0.34934734805463363 9 327 505
0.5641756892833618 0.25931799782927845 0.33853089972827854 9 327 563
0.5704847440664638 0.19553110990051736 0.3280607276798213 9 327 583
0.5722779216335654 0.17326205015622587 0.32476420804383954 9 327 590
0.9451491125303759 0.7161850158565575 0.03520443278059693 9 328 383
0.5684705093663478 0.3096451018880424 0.3348736383494313 9 328 545
0.5623861299595858 0.24174715274405778 0.3349527479851073 9 328 569
0.5666353656482981 0.5484280137556334 0.3512691611485277 9 329 464
0.5622720691647018 0.4976511427827372 0.3511685787331882 9 329 482
0.9355831790157314 0.7657933552781444 0.0377974004527275 9 330 370
0.5674946193945039 0.6725062607860275 0.3564178335546626 9 330 421
0.5732221533410637 0.5719736965484685 0.34350820718853736 9 330 455
0.561767474639548 0.47642981048842803 0.3424281845982773 9 331 489
0.5654913735083946 0.44838249925405727 0.3369282657023627 9 331 498
0.5637250424178801 0.26840475627239135 0.3244338749796065 9 331 559
0.5700533215491181 0.19233879536078713 0.31286803453596157 9 331 583
0.5605591004827266 0.14444176284997123 0.31755991887258195 9 331 601
0.964204927022039 1.2667342108560335 0.04179400467232197 9 332 234
0.966221340019451 1.2487852732815312 0.03859093577621597 9 332 239
0.6822844115593527 0.6859642351837889 0.2476240046261029 9 332 407
0.5700572729775897 0.5576689307647837 0.337618979403876 9 332 460
0.5584884723667058 0.4186915730189522 0.3370482756517703 9 332 509
0.5646780017190112 0.29994480521212463 0.322231657055819 9 332 548
0.567334380228504 0.17208955524158165 0.3098512798663222 9 332 590
0.5618872069599143 0.11535716684850161 0.3102642686919872 9 332 610
0.5667333799108347 0.4319641713817076 0.3269244849528852 9 333 503
0.9690085604341014 1.2759505510680396 0.02843742103832403 9 334 232
0.5650453886227065 0.6457720013336159 0.3376419773476098 9 335 430
0.5664341874607859 0.5899693741265275 0.33199275754411284 9 335 449
0.560733863875196 0.4748496293714848 0.3280521822868889 9 335 489
0.5636399635444556 0.3252454913784285 0.3136428388718624 9 335 539
0.5620967691525043 0.13655907677994195 0.30015978077923755 9 335 602
0.5656569264253244 0.6307468045945748 0.33210214524099024 9 336 435
0.5640790790931336 0.5757736169280636 0.3291853470613626 9 336 454
0.5706466584318337 0.5588043972509975 0.32191026084858665 9 336 459
0.9124243437959749 0.8163127887608688 0.028567379507513646 9 337 357
0.5732653055659243 0.5397302211656099 0.3141839064517762 9 337 465
0.5647163626706759 0.48099816811286833 0.3172855498034013 9 337 486
0.5665099087998415 0.3522383991447179 0.3054658990854964 9 337 529
0.5629340779187526 0.315241969626498 0.3057791971891697 9 337 542
0.5737685647891921 0.6570880184365704 0.3191740877591447 9 338 425
0.5660698428874984 0.533128819308411 0.3163433470211401 9 338 468
0.5594335136631161 0.4147418838932878 0.31298817282603153 9 338 509
0.55982378708167 0.3012889074729258 0.3036318745695814 9 338 547
0.5706605568723122 0.6430091950966967 0.31703781457795643 9 339 430
0.8864436669222207 0.6991026114378054 0.02841120656401519 9 340 390
0.5600391349222289 0.4281330267278146 0.3057874720762672 9 340 504
0.5622987742499892 0.2682571529862814 0.2909780280083467 9 340 557
0.5540401609111072 0.201005001631543 0.29318346141590945 9 340 581
0.5624318252660574 0.4055674156215733 0.2979157457551209 9 341 511
0.9242782561150849 1.2976998863144755 0.031746493957265365 9 342 225
0.563639606365576 0.48190772565055373 0.29901993271162297 9 342 485
0.5628259232526565 0.4673922537864288 0.2986085533946605 9 342 490
0.5606335665335007 0.4415950773487013 0.29856561089856215 9 342 499
0.5650812981134177 0.33456847701305625 0.28589844465148784 9 342 534
0.5591120715775064 0.24139488991975766 0.2839460043413111 9 342 566
0.8567265937259065 0.6862653347145412 0.040334827298890596 9 343 395
0.5691463582970777 0.5683945195998763 0.29696954558696986 9 343 455
0.5627302763152757 0.5470050885612054 0.3011905430894575 9 343 463
0.5641921025264307 0.30717506416534757 0.28060171540846945 9 343 543
0.5553799517770024 0.13667880744341043 0.2750801842700923 9 343 601
0.5646849907154248 0.45060199384106014 0.28773894218059914 9 344 495
0.557883746169265 0.40894476548981085 0.2907046325410445 9 344 510
0.5576904091701369 0.28598986560230777 0.2810006501985747 9 344 551
0.5571011755844943 0.1161350627188883 0.26789426352133505 9 344 607
0.5662573658946297 0.6130171977245372 0.2954375625230654 9 345 440
0.5551177920238151 0.427558221404311 0.2908740452243037 9 345 504
0.564478981979118 0.2630121063167258 0.2688982948045615 9 345 557
0.5557473569028257 0.25312445274288364 0.2762354736427499 9 345 562
0.5614554035811918 0.18254916689648681 0.26523285769989324 9 345 584
0.5561098393977835 0.18002162060654936 0.27000876055590006 9 345 586
0.5524820074677084 0.1550877576151115 0.27137953707987417 9 345 595
0.5469973092607063 0.11029275993203125 0.2728800454049707 9 345 611
0.905164195252739 1.2963115004553747 0.02993243370542098 9 346 225
0.5595784839633251 0.6412130023015774 0.3000495384489872 9 346 431
0.5591854709559545 0.35605864727974257 0.2773950920518935 9 346 527
0.5581759073945589 0.6706335979858491 0.29985450330047736 9 347 421
0.5612443923337165 0.38144223144872 0.27357811677252974 9 347 518
0.5615189851140896 0.25405993973852725 0.2630139866944914 9 347 560
0.8873439601796484 1.3258070018196315 0.03935410117024851 9 348 216
0.8785044474144823 1.2605955877849904 0.042383931484689885 9 348 234
0.560576068556212 0.4771771426101148 0.2780179788006829 9 348 486
0.5578615534799751 0.4155404085659371 0.2755742591781065 9 348 507
0.5587679114558797 0.27317416543845086 0.26317724646581064 9 348 554
0.5633056767604914 0.1715189638358845 0.24665861786227317 9 349 586
0.5567245721231564 0.6231773535047569 0.28566129325109935 9 350 437
0.5634910448853239 0.519866097139942 0.2708374418941526 9 350 471
0.5586070229201601 0.23507410441840149 0.25226979771523506 9 350 566
0.8760745236625627 1.3076093200975731 0.03406474048898178 9 351 221
0.8274574432550736 0.7298553254473549 0.03311738995380109 9 351 384
0.5556368584791098 0.22387292633654832 0.2501786657626537 9 351 570
0.5580560380998678 0.148582193312495 0.24173396873365238 9 351 594
0.8686306372188595 1.2750588307272084 0.03367056263844814 9 352 230
0.8352596520479243 0.8637624321936958 0.03185143685024783 9 352 346
0.560693868261972 0.6450068026028613 0.2758019060984567 9 352 429
0.5610165535176557 0.5587552860682857 0.26843881297200856 9 352 458
0.554585565162308 0.5491841084645463 0.2737889210735138 9 352 462
0.5648488869430597 0.4431036178875817 0.25532375310835875 9 352 496
0.5547164225063448 0.35435789473499535 0.25772737748841457 9 352 527
0.5564725729532563 0.28053361156068557 0.25001377972472194 9 352 551
0.5798759421664643 0.6872401631005399 0.2569558255398552 9 353 413
0.5552469022439346 0.6285679825222266 0.27571258410273747 9 353 435
0.5532811080971316 0.5016078708789872 0.267185522489227 9 353 478
0.5594532879597631 0.41480625965256224 0.2541636784453585 9 353 506
0.557296791938866 0.29757359849304665 0.2466165389944237 9 353 545
0.563138164276717 0.6139487665787307 0.26298601221720475 9 354 439
0.5572451894526822 0.46949110875024336 0.25677523346338216 9 354 488
0.8518944401224842 1.2631280195752277 0.03429779930819343 9 355 233
0.8028775837701263 0.7160475069087004 0.03646891036044142 9 355 389
0.5581435310495357 0.43539550496644375 0.24910796018143344 9 355 499
0.5633061483898494 0.3965564107308466 0.2409369523489553 9 355 511
0.5529670619390552 0.2252078548659764 0.23678778358125552 9 355 569
0.8600295189437908 1.3247670398812295 0.02671116451526423 9 356 216
0.7993783207759539 0.8704825137815564 0.04784342761230098 9 356 345
0.5617792731739328 0.6464852442182223 0.25899911645433815 9 356 428
0.5594989694788133 0.37042355358999934 0.23842264493685095 9 356 520
0.8486280744462074 1.3124482129062855 0.03191075261817922 9 357 219
0.557130370360136 0.291561159983849 0.23015729404191898 9 357 546
0.844602042432762 1.2878265355503606 0.028971503012108046 9 358 226
0.5650906347582532 0.6449472847156774 0.2476440714951984 9 358 428
0.5588160304755225 0.49388335468629196 0.24122862719508298 9 358 479
0.5588569088082724 0.4424388935037551 0.23692505157687127 9 358 496
0.5576966569500541 0.4217409056312581 0.23633845513734908 9 358 503
0.5511587994446372 0.22685241304157622 0.2265468951325107 9 358 568
0.7998107789681101 0.8355553344656854 0.03031043866610106 9 359 355
0.7944610659016236 0.7661715305749067 0.02976962944441386 9 359 375
0.554118402405885 0.6210407950353549 0.25234016057879116 9 359 437
0.5649893933277659 0.5544431252568283 0.23619591697128706 9 359 458
0.5564016855124128 0.5184834996640311 0.24159241245463337 9 359 471
0.5582539019474635 0.4603396703584577 0.2349546193496188 9 359 490
0.5625078059882502 0.36688270601640016 0.2230390318345501 9 359 520
0.553207320237262 0.3442601341995103 0.2302391739795584 9 359 529
0.556904478409098 0.24087125795230757 0.21804210866108686 9 359 562
0.5535572004579978 0.11602651454086144 0.2109397113898952 9 359 603
0.8351906936151994 1.3183059935159351 0.031075242432553996 9 360 217
0.8238798012474033 1.29866193033498 0.04051859724118034 9 360 222
0.7808928918076474 0.6879235974940955 0.03178132783621801 9 360 398
0.5635646975362385 0.5967482641836461 0.23705711527237727 9 360 444
0.5581432457019919 0.39595688232846904 0.22565216830297263 9 360 511
0.5526846346596523 0.16848376911483642 0.2120624701212066 9 360 586
0.5504764803942606 0.14210221538811496 0.2120291252605666 9 360 595
0.8196580249605929 1.2570827534758526 0.03642358397251466 9 361 234
0.5620063279591501 0.5456188583271805 0.2302688145304237 9 361 461
0.5589451837848944 0.46502366168332065 0.22655312369161273 9 361 488
0.5579701686343723 0.27872387187674286 0.21196851718269882 9 361 549
0.548662022231851 0.2166162481325783 0.2159343357714485 9 361 571
0.7754407086736312 0.7096287618785817 0.02946685680859229 9 362 392
0.5639036433107258 0.6471004943886166 0.23281429977907653 9 362 427
0.557295555002044 0.6070737263977188 0.2359831483141126 9 362 441
0.5596424631273702 0.4153731684830634 0.2176405856524557 9 362 504
0.558266683626589 0.40380691317037876 0.21803002400880045 9 362 508
0.5597708010096678 0.24897484243980605 0.20360110951552057 9 362 558
0.558395216178208 0.2374120598759265 0.20399064629216102 9 362 562
0.5408545256435926 0.11913920868618766 0.21139671244071834 9 362 604
0.5577857243462057 0.43702803596246 0.21719639874188057 9 363 497
0.5550590267154569 0.14216263364731108 0.19518530690653013 9 363 593
0.7648776286396595 0.8599116421057149 0.043061512089379805 9 364 349
0.7711318232101882 0.8420581687793611 0.03535446204610082 9 364 354
0.7667409889144992 0.7249017748888092 0.029873824367089075 9 364 388
0.5542912128474948 0.5199967157153745 0.22353652107924926 9 364 470
0.8018218149430398 1.2935685306639932 0.03805761023149401 9 365 223
0.5592051077893927 0.47137538681964297 0.20635494211347627 9 366 485
0.5593865417543531 0.1518923348960437 0.17922513304705046 9 366 588
0.7499951480168872 0.8613513899557286 0.043931821816444616 9 367 349
0.7390547726487402 0.6919671581162081 0.0405802620818112 9 367 399
0.5563108570077198 0.48734561373495056 0.2064798758678008 9 367 480
0.5586038796052264 0.42511723344215313 0.19892061331781719 9 367 500
0.5542806016597104 0.3995603852594929 0.2010941450283179 9 367 509
0.5558674966443626 0.13135493286340683 0.1768302529093415 9 367 595
0.7857356502215931 1.2614497529541537 0.03718259021420778 9 368 232
0.5568007549762268 0.35758626690622397 0.19086886483953447 9 368 522
0.5516173590086111 0.3294940761956531 0.1937023103331148 9 368 532
0.7379132832817497 0.8659068827439805 0.04710145324327142 9 369 348
0.7417512129503181 0.8315073666246648 0.04030763014766858 9 369 358
0.5547697482374199 0.19614880520687072 0.17504952308164645 9 369 574
0.5489790581685599 0.11856370924486326 0.17430543227652873 9 369 600
0.5584800484896915 0.5613063015920643 0.1981707698374673 9 370 455
0.5521676499389803 0.551430290653016 0.20372150397492472 9 370 459
0.5541608135961624 0.47141241533294664 0.19489424890293172 9 370 485
0.5542301278896209 0.3699182050706975 0.18618728637623438 9 370 518
0.5503836456700759 0.2884578576535979 0.1831497782330762 9 370 545
0.5537793185223023 0.23345965207546593 0.17503159929346168 9 370 562
0.5559664312406456 0.14406110169559805 0.16520971472571233 9 370 590
0.5516603760182457 0.4044689262845452 0.18757202545400986 9 371 507
0.7308902156097137 0.8258896109548994 0.03675606848934665 9 372 360
0.547597058244133 0.6427832274935279 0.20791440904221115 9 372 429
0.5476400066093849 0.6307424317607591 0.20684148349411435 9 372 433
0.5556878301238153 0.5309587420538944 0.1901105647991037 9 372 465
0.5581931917695975 0.5116130532726172 0.1859036298303549 9 372 471
0.5574089110164318 0.47200664762870814 0.18331770667252245 9 372 484
0.5485570590461637 0.44217528657604854 0.1897895910051577 9 372 495
0.5567445598265299 0.2424215345640388 0.16437165392832376 9 372 558
0.723769892158393 0.73157731540695 0.03125520612688115 9 373 388
0.5511822062745169 0.6202784088844542 0.1982002133231382 9 373 436
0.7153011198193888 0.8175985260821592 0.042619392160708314 9 374 363
0.5584220796902473 0.5994007580201008 0.18483269127837443 9 374 442
0.5626791042520469 0.49650371231980356 0.17163159847018417 9 374 475
0.5574662293584702 0.48015626557754343 0.17557616979986124 9 374 481
0.554662014543879 0.391808174227934 0.17086838379555958 9 374 510
0.5492691889207024 0.2828295028777602 0.1670451726103297 9 374 546
0.7591818091061155 1.2501104726728467 0.02998951378867809 9 375 235
0.7179833144604661 0.8340993102409308 0.036601844864282196 9 375 358
0.5506642832161739 0.4517811175117591 0.1759296554637968 9 375 491
0.553093840256091 0.4222920196024694 0.16667799225028324 9 376 500
0.5526574013658174 0.3635428010783166 0.16206276017236432 9 376 519
0.5541002589593353 0.31283929909948804 0.1562005639287034 9 376 535
0.5512766316341995 0.13506154581590468 0.14378675313331746 9 376 592
0.5574040500808981 0.6047543333053927 0.17375588766005334 9 377 440
0.5569744287747855 0.5589199288725397 0.1702399802575567 9 377 455
0.5528685735931997 0.21847350640618046 0.14507246275798735 9 377 565
0.5537428785165264 0.11955498704326817 0.13561799531594732 9 377 596
0.7099440613677552 0.8517919343394129 0.032369539881459186 9 378 353
0.45985011379768403 0.10076599377260675 0.22729707519679154 9 378 625
0.6952427768741447 0.6854233773407231 0.02855932755394086 9 379 403
0.5591488993672051 0.541855901292027 0.15803356491117326 9 379 460
0.5457056250944361 0.11592095362147936 0.1307892899591543 9 380 598
0.4361267580354997 0.10015328684200109 0.24407638717378743 9 380 631
0.6880366705181038 0.8240883098550221 0.03881120326400689 9 381 362
0.5515092900826108 0.6540808381244267 0.1673145147744184 9 381 424
0.5563259867419637 0.4489047621994453 0.14436898285336208 9 381 490
0.5510769737962222 0.2540133356457205 0.13288710224450462 9 381 553
0.5514162360127504 0.19678249053867325 0.1275410784492068 9 381 571
0.5488314038294511 0.12535819560525086 0.1240272547728849 9 381 594
0.678956507497378 0.795310769236877 0.041191551988511765 9 382 371
0.5470146879900366 0.14794555569365486 0.12359060272733435 9 382 587
0.5571892013180595 0.6242175185167734 0.1502242239667777 9 383 433
0.5604385269346572 0.4928381421641662 0.13528506082836778 9 383 475
0.6797177229618812 0.8349761247797605 0.0345429930561465 9 384 359
0.5502954109381244 0.5305679523141107 0.1450342426191611 9 384 464
0.5207402477985295 0.11227710467111396 0.1311160779219791 9 386 603
0.6640266283266396 0.8268490331254499 0.0365613171125565 9 387 362
0.5454342782200281 0.644842653708245 0.14744705912635148 9 387 427
0.6563839942504739 0.7849725981188157 0.03640282878179302 9 388 375
0.6511837644017298 0.729821693559408 0.037104782033960504 9 388 392
0.552870318720271 0.5308167958138792 0.12508294959963484 9 388 463
0.5303446028169922 0.12095766790675533 0.10864313025365213 9 389 597
0.4501627500661556 0.10557940116949438 0.19368485453546036 9 389 622
0.4218879364559709 0.10206432164244927 0.2238427381452155 9 389 631
0.6576116837026182 0.8077138099116766 0.027779208510558373 9 390 368
0.5519446232512899 0.11589620445730298 0.07604499411000365 9 391 593
0.6397959082418594 0.7969297598179703 0.032192018648304455 9 393 372
0.6327383681027934 0.74575877838608 0.035315334126845066 9 393 388
0.6019856522182347 0.22206383602710555 0.021997911032288098 9 393 550
0.47568994767741946 0.11129346005053142 0.14996584465426666 9 393 612
0.5921382095359315 0.17724547585039807 0.02412710317704958 9 394 565
0.6323252602632929 0.8011510029220577 0.03145883825463924 9 395 371
0.4908633820414532 0.11593407275569745 0.1252826164114127 9 395 606
0.5836039164101665 0.1742570007297649 0.024011372140680276 9 396 567
0.5990980035520594 0.49452919236724857 0.02193886776692988 9 399 467
0.5885662022871179 0.3807735317612798 0.02334071134452631 9 399 503
0.5818346197746636 0.2853966435936549 0.02217967231401019 9 399 533
0.6038154497300716 0.5481608752204506 0.01690242985008683 9 400 450
0.6092522766046715 0.7749598486839606 0.026819560507382434 9 401 380
0.6029252931683657 0.7113725747817328 0.028112917989592923 9 401 400
0.5992563745187849 0.6212813417112261 0.024011930973366402 9 401 428
0.6037085026809619 0.7563891311342588 0.026704608908844296 9 402 386
0.601626157201328 0.7438486835932557 0.02789984384001931 9 402 390
0.5857344158339628 0.5341747969663395 0.026609543424674698 9 402 456
0.5664761137931409 0.2029244668948974 0.017996935675711034 9 402 560
0.5472004871489549 0.11743919034952655 0.031856176264513536 9 402 590
0.5825989632127446 0.5705851328743707 0.028852867277685768 9 403 445
0.5760076845541491 0.3547069790890005 0.01652043851298357 9 403 512
0.567311261676473 0.31015187551433476 0.022248813998311245 9 403 527
0.5600172199322382 0.2783252825290109 0.027561012582509647 9 403 538
0.5709436843274787 0.2520817562661861 0.012835143227387658 9 403 544
0.5896912927031837 0.6911226202593448 0.02726904326581714 9 404 407
0.5786728487903277 0.6357185518842423 0.030046529614500272 9 405 425
0.5727306457334216 0.5052067017173354 0.024788273492271973 9 405 466
0.5642353290100703 0.3659106717784667 0.02162024632976811 9 405 510
0.5568625183093965 0.3079053120434022 0.02465450356123644 9 405 529
0.5564673149494923 0.1538155312917625 0.010931139133206091 9 405 576
0.5997216639856289 0.7727363880803131 0.014088008762228599 9 406 381
0.5693681294794009 0.5738724948278082 0.030324064411785256 9 406 445
0.5842781842797753 0.7849438962514992 0.02818005335125373 9 407 378
0.579121844343923 0.6929588149928176 0.025573127427443776 9 407 407
0.5612526251184236 0.3986247777768859 0.018796653594471247 9 407 500
0.553172587249436 0.37667912046533436 0.026000653939276752 9 407 508
0.5692551079895984 0.7429312127070192 0.036876248384918764 9 408 392
0.5551182800699537 0.47853786768027085 0.02859905718205802 9 408 476
0.5065262022485539 0.11200780699647839 0.05035736344546238 9 408 599
0.4689358143144511 0.1125776931657505 0.09349620357896349 9 408 608
0.5626534858683581 0.6678217593224827 0.03289833418495958 9 409 416
0.5528507209419609 0.4563898658591865 0.024549671278621954 9 409 483
0.5288983213843788 0.12658583744479102 0.02148681440737832 9 409 589
0.5462387735385363 0.4297920171295009 0.025093130213340142 9 410 492
0.5489909781430176 0.40587361824948853 0.01969349531684017 9 410 499
0.5357504001971478 0.16967203856030566 0.01299936608511243 9 410 574
0.47307168832256785 0.11025140365885588 0.07978053108205696 9 410 607
0.45933752374788916 0.1086279615110427 0.0954736284457467 9 410 611
0.5609967212141784 0.7599410121759045 0.03418460751344354 9 411 387
0.5415547330493804 0.3280448914153641 0.016425507573886833 9 411 524
0.5361673822554187 0.20763432896873346 0.011436183928309251 9 411 562
0.5082885762496239 0.12347924806883626 0.0358571139328947 9 411 594
0.558364393311737 0.7918977896693125 0.0356238072960513 9 412 377
0.5563482219734424 0.7195239250684226 0.03120307367375119 9 412 400
0.555965987127149 0.7005690244130074 0.029875978165257777 9 412 406
0.5350937379626421 0.24327582012018734 0.011386933353653816 9 412 551
0.5232254922289428 0.18931802302084944 0.020125951296128042 9 412 570
0.5458033780630676 0.5375305155684675 0.021838103735066117 9 413 458
0.5538732974872278 0.7481868629570161 0.02755914967560602 9 414 391
0.537600787339156 0.591018389416068 0.03182527178962413 9 414 442
0.5329007994381851 0.3982574413401506 0.019227406042613193 9 414 503
0.5243579017051871 0.2579598799545344 0.01604397988745143 9 414 548
0.4996791333151851 0.12025970586029777 0.031960754894210464 9 414 596
0.5374930517088283 0.6917616791354784 0.036838687749413346 9 415 410
0.5367956321125409 0.5463832946500764 0.023982081583556303 9 415 456
0.5204450161159977 0.2788710267312392 0.017989008077584634 9 415 542
0.5153404148866347 0.22406458997242373 0.01881843608697964 9 415 560
0.5175892872721017 0.1675014219633747 0.010861602881197863 9 415 577
0.5480517915923555 0.777422314670984 0.02791554300519583 9 416 382
0.527648687980999 0.4858573485187251 0.024426460212845003 9 416 476
0.5257983608427659 0.36837101846453624 0.015527105879203473 9 416 513
0.5097749105405776 0.1428667567859807 0.013114520158644005 9 416 586
0.5359085012031357 0.7356526725019307 0.033683014331092 9 417 396
0.5369927126455347 0.6344776246166213 0.02284426354335256 9 417 428
0.5283057541113441 0.5518186954142847 0.02528445333765661 9 417 455
0.5260779030805667 0.5241276556928054 0.025296834526255196 9 417 464
0.5072205785212751 0.12747015013792806 0.010069624821380518 9 417 591
0.4768151714249038 0.1153272651078927 0.0447990773808109 9 417 602
0.5257411519986936 0.4759981385720392 0.016540005154651816 9 418 479
0.5154120068725883 0.43615038075703205 0.02499364478943189 9 418 493
0.5268591976180184 0.6463096267406585 0.02675710651793617 9 419 425
0.4473595022563801 0.11742206265269417 0.07097063953160632 9 419 608
0.5344145783311642 0.7511057082904447 0.023124202670936178 9 420 391
0.5206648068377508 0.625831365484802 0.027588710318911858 9 420 432
0.5179142119944729 0.4687537046399033 0.01592366177506821 9 420 482
0.4950727925263232 0.1332862562813244 0.011225132006425387 9 420 591
0.5185140877578795 0.7851803216028467 0.04075780904408344 9 421 381
0.5177958241228331 0.6764925563813071 0.031253970731507597 9 421 416
0.5076817823445772 0.4601128254882021 0.022712765845979366 9 421 486
0.5117535833588884 0.5746035633417252 0.02417811212604004 9 422 449
0.49542853955893174 0.2594414403030548 0.013637317263427207 9 422 551
0.48714808128743914 0.2074645621817418 0.018599425399749236 9 422 569
0.4679693757973884 0.11664883822654415 0.03291795364475081 9 422 602
0.5078441326561429 0.6661865628514847 0.03305551942355889 9 423 420
0.5039653994220332 0.4416341135828823 0.016215501256015896 9 423 492
0.5000691327287097 0.39603021702039365 0.01653482419081409 9 423 507
0.48256190495972184 0.1554180432535477 0.014550721534591915 9 423 586
0.43901961016668056 0.11959958414661942 0.06349820853258703 9 423 608
0.4849059902867934 0.23893640660041748 0.01515136672453865 9 424 559
0.43196548921200817 0.1179558560977445 0.06742648098513326 9 424 610
0.5154867795945901 0.7665552768008714 0.02429719352172377 9 425 387
0.5012094293847678 0.5237761015308551 0.018225442625543042 9 425 466
0.4932396914217958 0.36968458192778286 0.013049581531736631 9 425 516
0.48260086466097696 0.28715046557733703 0.017989344556121 9 425 544
0.46778542118769906 0.1420249579018551 0.021963916686382978 9 425 593
0.5040945996754296 0.5693452002352799 0.014509691645014478 9 426 451
0.5029425847569415 0.5130931604370883 0.010484826583755602 9 426 469
0.47082595912964575 0.24956432821591734 0.024081642464424124 9 426 558
0.49917678900912543 0.784785753799139 0.0367027089992229 9 427 382
0.48672854253181863 0.6340198845162489 0.03729989151304203 9 427 432
0.4871862364800017 0.428282798401724 0.01685924589245391 9 427 498
0.4814822436108952 0.31464402137422753 0.012826939153391503 9 427 535
0.45339063628979814 0.12248136216216565 0.028484109652372247 9 427 602
0.4247889046640101 0.11615981799872277 0.05830087276137741 9 428 611
0.49097625845503545 0.7092745460546903 0.03028225340245494 9 429 407
0.47684266661510666 0.3504931418039918 0.01278296225279929 9 429 524
0.4295782119302105 0.12352348989186224 0.048708016231947315 9 429 607
0.4868359751306768 0.7713595222411567 0.03683987275984757 9 430 387
0.4813885585945539 0.6623497043059026 0.032934491569539315 9 430 423
0.46066672573970435 0.2808548063920744 0.021306582365096194 9 430 549
0.4724909042821821 0.6156490464193294 0.03479882288498981 9 431 439
0.47486675369214915 0.5871346100930215 0.029085824858756437 9 431 448
0.45865279609870346 0.26244138941863004 0.017431337611497844 9 431 555
0.45950695462906066 0.2304146928430566 0.01325382367213912 9 431 565
0.47735300682125037 0.6843825786764853 0.030946761816763146 9 432 416
0.46682574527108467 0.4257889667675885 0.01870452626054897 9 432 501
0.4582449466522174 0.29631270773755436 0.01667290548368272 9 432 544
0.4732651190969186 0.6053742810605933 0.023716477365588018 9 433 442
0.45244348882596297 0.29284553849018047 0.01896107709456407 9 433 546
0.44860379345632806 0.30064031728134477 0.019942115642066938 9 434 544
0.4705915129159888 0.7220462703816264 0.02936372476828142 9 435 404
0.4701308841241396 0.5375945704651987 0.011786935656297182 9 435 464
0.47117206232457143 0.5091730863113155 0.007688344783477019 9 435 473
0.46406306342694936 0.4998437205040998 0.01565680367646083 9 435 477
0.4623048169130608 0.6385770165800643 0.02695103071454752 9 436 432
0.4513604389987771 0.44333785386091096 0.02141780698227569 9 436 497
0.4530758416120588 0.4270112390306313 0.017656180905290864 9 436 502
0.4471755576509575 0.27482531921454567 0.010044102309497038 9 436 552
0.45807407638727926 0.6273619940715729 0.026594794984245995 9 437 436
0.4651678694997283 0.5664636265032936 0.011649770963091388 9 437 455
0.4331439828689705 0.32321245530050546 0.02788925967496425 9 437 539
0.456368167119809 0.6610871414407347 0.027520916670859874 9 438 425
0.4604951586198305 0.7053117181628956 0.022120508370363057 9 439 410
0.44768294341376436 0.593569096720767 0.027244628147161443 9 439 448
0.4490861852597221 0.5134654297638135 0.017512480844267708 9 439 474
0.44800739581941196 0.4708574861415741 0.01464676182740754 9 439 488
0.44531417065407286 0.48691926334418323 0.015076650121575108 9 440 483
0.4398146570284469 0.4588009286074015 0.01926300895153954 9 440 493
0.43713558589052237 0.6146919813760927 0.033657345825868656 9 441 442
0.4423132217045398 0.5672784881497827 0.02232946824334192 9 441 457
0.43355256548717036 0.44593983575440754 0.02138667612443257 9 441 498
0.4518284208496868 0.7310380937740686 0.021970590140428126 9 442 402
0.4385394004420129 0.5986549209308447 0.02571993908451331 9 442 447
0.44365720290018884 0.5387452732104066 0.013187073310386488 9 442 466
0.41773339333494053 0.28564851600553576 0.02101639669823152 9 442 553
0.43674065560116904 0.7463646817728291 0.03826918505210042 9 443 398
0.4279486086369162 0.750930231625496 0.040995019448163195 9 445 397
0.4202956456489104 0.49859853177086916 0.02546556781998932 9 445 482
0.42492551062654704 0.4538014658839309 0.014979944540708168 9 445 496
0.4211399565446112 0.6810365031440551 0.038233840319957135 9 446 421
0.4246574584265834 0.6050173923168365 0.026008163929498007 9 446 446
0.42768285848987686 0.5433474392282711 0.0158676763807013 9 446 466
0.4289163557087563 0.5306595725751919 0.012990258249373055 9 446 470
0.4228521024790759 0.5205881963854844 0.015256930493317444 9 447 474
0.4193156206601074 0.6361215118660581 0.02699599798933483 9 448 436
0.41871364539645306 0.5792600915746176 0.022015730806280054 9 448 455
0.4089891864681554 0.4749666213751105 0.024113083823949832 9 448 491
0.4195424484791228 0.5995921773990568 0.018434227577801554 9 449 448
0.41108016185047425 0.5637680713139431 0.025855257448143654 9 449 461
0.4137513967535158 0.4962843330404308 0.01550640608864029 9 449 483
0.4208944388347007 0.7098023558698591 0.023309694502548384 9 450 411
0.41217746712706993 0.6347759900135101 0.02709896194041095 9 450 437
0.40850481925284376 0.700985754196505 0.03413834014941619 9 451 415
0.4026587957970811 0.5392970963435437 0.02532327462490036 9 451 470
0.40101230963030043 0.6581738520673106 0.03058761921599551 9 453 430
0.3941911282082764 0.6271362216577995 0.02738802879617941 9 455 441
0.3953952115953516 0.6029641155565504 0.023293510129317685 9 455 449
0.38911681209721616 0.5989549704066244 0.026716524305102407 9 456 451
0.3871131565672832 0.5404196081507378 0.023350001232815387 9 456 471
0.38189071890165627 0.5148921014664538 0.01861787664023895 9 458 480
0.3892229604957014 0.7305414905983159 0.026589108432806707 9 459 406
0.373374214640944 0.5324920687948733 0.022850339119155016 9 460 475
0.4501258935772774 1.6242103980924913 0.028124764848734163 9 461 100
0.37714171510996786 0.7007853768181208 0.02623651263865412 9 462 417
0.3752290063844701 0.6779598264601658 0.026452183741787705 9 462 425
0.37332958005070926 0.5875998310149709 0.019578698340898537 9 462 456
0.44189149475317 1.5905198158057985 0.026578022888271713 9 463 111
0.36877762018066873 0.6358528925302869 0.026305254151075097 9 463 440
0.36381876575082805 0.558669670573883 0.024981841526951598 9 463 467
0.3648153418910709 0.6718014269538685 0.03097851305495758 9 464 428
0.42487977196045423 1.5909195466821928 0.0315809925403685 9 467 109
0.4219632250365073 1.5613125608993064 0.032481466221148114 9 467 119
0.3559970802399459 0.5863281018044786 0.020505905617431708 9 467 458
0.41797284968791026 1.5964895938010781 0.037156008548320685 9 468 106
0.3473073283674539 0.7041405970097818 0.03152055212765004 9 470 418
0.34845486904475464 0.6576485635122737 0.024958102068770138 9 470 434
0.3442404209401435 0.6211241605574094 0.022419578730727974 9 471 447
0.4040926707295367 1.5660747202281724 0.03038914676197746 9 473 116
0.3421099520523172 0.7047766711865744 0.025306485197487127 9 473 418
0.3370629617716716 0.6258530847580237 0.023948282302023394 9 473 446
0.33831193914969915 0.5703610394659835 0.016225952186557535 9 473 465
0.33821487058592103 0.6679331174542805 0.017761979324278476 9 475 431
0.39529335655168407 1.5698216942938417 0.029473198614638374 9 476 114
0.3909803009641668 1.537118932580646 0.03207780900015411 9 476 125
0.3332366196100959 0.6950348425375396 0.02322136200132041 9 476 422
