2.4881846506823218 0.7285972420696847 1.0210997910236395 9 3 245
2.484616074340608 0.599907436847706 1.027522158768859 9 3 270
2.4766703269093053 0.5283205371975288 1.0304842175853874 9 3 284
2.4776518127060116 0.46230312732983836 1.034066915497171 9 3 296
2.488170746129625 0.3561975815956657 1.0407410208807168 9 3 314
2.47751554206507 0.3215214067469976 1.0414786533399 9 3 321
2.4824488379160066 0.2842310013991094 1.0439508922047582 9 3 327
2.2897565617823825 0.13842547885432666 1.0319042810249937 9 3 371
2.2650871142532925 0.14219864277493066 1.0291783921770916 9 3 373
2.077040121343253 0.12248340803149804 1.0109568139278748 9 3 398
2.0723745124862614 0.10876847639500475 1.0112023299377293 9 3 401
2.3589642325220836 0.1308778615695394 1.0299733213574602 9 5 365
2.3304370750409245 0.1364981435977961 1.0268385203594106 9 5 367
2.16135949450853 0.11627657500005162 1.0065469594392864 9 6 389
2.40269134190777 0.1638154819727311 1.0183788522809099 9 8 355
2.463764980427445 0.6564649185837321 0.9954332002706445 9 9 261
2.164084407527136 0.1254528280173166 0.9929487537511565 9 9 387
2.4210100436763486 0.23571621252454755 1.0071075298852006 9 10 341
2.42282721800858 0.21121692155883842 1.0084507671433702 9 10 345
2.5035074135341833 0.760156848534822 0.9851604580767608 9 11 238
2.4909702466502353 0.7032179444245179 0.9866994110091993 9 11 250
2.4801628761751777 0.6449595904619867 0.9884593992375972 9 11 262
2.4572641162963675 0.5376263823723622 0.9914278140915453 9 11 284
2.4573771061273915 0.26246637585443966 1.0044343102371796 9 11 333
2.4190109815158465 0.1718687581999494 1.0051930874532795 9 11 352
2.402045731965259 0.14603193480758447 1.0048567574328902 9 11 358
2.489355488536355 0.6096718324515078 0.9863859963480468 9 12 268
2.448590285461642 0.25550948595174594 0.999182608055587 9 12 335
2.4127852208201928 0.1932031255793356 0.9988449877069259 9 12 349
2.318671185692528 0.13700032407211804 0.9929513334354014 9 12 368
2.171793486469509 0.12562758795750906 0.9802007268082464 9 12 386
2.024199772176672 0.12919765966107422 0.9666899578870614 9 12 403
2.083633323443776 0.12153787459124055 0.9636527521968588 9 14 397
2.0930589807928377 0.1262742581191285 0.9598669511982114 9 15 395
2.4886858291314122 0.8017156116501666 0.9595495687961055 9 16 231
2.2900766564816437 0.1541589813602302 0.9709990041533842 9 16 368
2.4788587308112984 0.7599386234714212 0.9560568934507443 9 17 240
2.4790946293120895 0.7138446915383587 0.9580618694454515 9 17 249
2.4633021474453054 0.578538248823917 0.962567612363453 9 17 276
2.494694717143731 0.8050825185255805 0.950958846651242 9 18 230
2.494585902841518 0.655975737577859 0.9572680556964301 9 18 259
2.43461974724734 0.6329653156951696 0.9533047767727287 9 18 268
2.4691165348076463 0.5275763599348657 0.9606113377365095 9 18 285
2.480077845673031 0.3719793562558791 0.9681072027165882 9 18 312
2.4275197686888115 0.1422901394075229 0.9735116865306426 9 18 356
2.3756206212899875 0.13722058918805713 0.9694525220140353 9 18 362
2.2803071411364253 0.13652464274682763 0.9616327921177348 9 18 372
2.252592868649911 0.13639020782178535 0.959356173337901 9 18 375
2.4721145431603757 0.5642399521011785 0.9546842228956203 9 19 278
2.406778375326435 0.14244047745424093 0.9669711093098559 9 19 358
2.3138490560170446 0.15092899791929404 0.9590897211934286 9 19 366
2.4782021059506163 0.6417251645233577 0.9473692376258731 9 20 263
2.4698639726217264 0.5814214405151845 0.9491763149205146 9 20 275
2.448464664124776 0.5423250956302847 0.9490739333276852 9 20 284
2.4177975408532273 0.15986932265913434 0.9623041983814147 9 20 354
2.4350727894679105 0.26840975635265685 0.9544472458752156 9 21 334
2.4224809559891307 0.14489677767234466 0.9535781533608543 9 22 356
2.4698772762747705 0.7388159528854499 0.929203842819815 9 23 245
2.4399995249713546 0.15868236956238335 0.9495036859866139 9 23 352
2.467973201126933 0.6985528967184405 0.9260840946630287 9 24 253
2.4248066987537267 0.19734425776493958 0.942018145213646 9 24 347
2.4115152961151622 0.13913260411772743 0.9432541657984783 9 24 358
2.4575951601697557 0.5978567972737054 0.9245568031978275 9 25 273
2.5161223574805756 0.8044769180044065 0.9165370167502211 9 26 229
2.472976627362006 0.7789202150775252 0.9143907237314964 9 26 237
2.4772201925051855 0.7314963192091297 0.9164387590114269 9 26 246
2.462155123735585 0.6907447948186076 0.9168601276246642 9 26 255
2.444271067744863 0.6769926923110945 0.9160866758286628 9 26 259
2.4564536221993953 0.6565264921081588 0.9177109874514657 9 26 262
2.475273870806592 0.6332874404555946 0.9153028614066772 9 27 265
2.470462869660751 0.6193405942372805 0.9154684913634878 9 27 268
2.3061146840543274 0.12511907686486357 0.9217682873586708 9 27 371
2.4131807242951755 0.4720169337423463 0.9121223619333152 9 28 300
2.3427049626929604 0.12019870710028924 0.919720187068024 9 28 368
2.4739088452077787 0.5861952819156284 0.9029601911446807 9 30 274
2.462153495017219 0.5426143266708399 0.9036638872619931 9 30 283
2.4574466830207125 0.40622696104412714 0.9079866047219021 9 30 308
2.4110483529821995 0.22848180317074207 0.9109588133279707 9 30 343
2.3826040047962587 0.15566066984276428 0.906717226398857 9 31 358
2.442617628599836 0.1685317683832841 0.9052611679670401 9 32 350
2.0820770994454447 0.3093687423685587 0.7106902015562028 9 70 362
2.124130098938492 0.29470807501940444 0.6975640972943988 9 73 360
2.388887886727117 0.39028805123055355 0.6940936704892139 9 74 317
2.3934830227742063 0.37649502431747095 0.694149624732347 9 74 319
2.2464317040198036 0.3073922672886227 0.6935835927070892 9 74 345
2.2278687584240515 0.28961197565031194 0.6935338662228017 9 74 350
2.007357281134747 0.3006556213491929 0.6924100071303385 9 74 372
2.421251393368123 0.3448350334665329 0.6894164401739908 9 75 322
2.382301263576274 0.30119130985770326 0.6893505493154332 9 75 333
2.3513396407149836 0.2888835441783626 0.6892608689626956 9 75 338
2.3681055312972017 0.2971716663556845 0.6843953713325033 9 76 335
2.209261105894926 0.28891368414796204 0.6840631306606161 9 76 352
2.0481608955438433 0.29668856614199646 0.6837110963122639 9 76 368
2.4172192846712077 0.7419295510314903 0.6794260533001487 9 77 250
2.4253514602989505 0.6761068853638461 0.6794450591315163 9 77 262
2.411228703057299 0.3904867829756786 0.6794919526466325 9 77 315
2.4045846787441842 0.3708295848154788 0.6794910958904621 9 77 319
2.3916319511215227 0.3253677871609979 0.6794908519776335 9 77 328
2.4302889176172338 0.6636812836362695 0.6747115488175368 9 78 264
2.467134561608243 0.780946966056945 0.6700382967094092 9 79 239
2.4539820745454457 0.7441713003520578 0.6700195440269126 9 79 247
2.432787731927606 0.7416282755586094 0.6700613331675892 9 79 249
2.428749745878837 0.7066491195166804 0.6700255016874446 9 79 256
2.4097841978878694 0.35077429416848016 0.6696139788794451 9 79 322
2.2065975741711776 0.29023183933031604 0.6699686932189447 9 79 352
2.409031640240473 0.856931860784444 0.6656824264008812 9 80 228
2.4322907096837625 0.8340756917312164 0.665554070356 9 80 231
2.466583311639627 0.8122129600566315 0.6653885591191826 9 80 233
2.4379562102963845 0.6821379439666315 0.6652292965512949 9 80 260
2.4272128632152246 0.6545553578785652 0.6652121043922364 9 80 266
2.4148384694867233 0.33647172986934293 0.6646181733870294 9 80 324
2.3945196084002514 0.30619253585116146 0.6646295480553273 9 80 331
2.4615088558925864 0.77815926576025 0.6606255535406212 9 81 240
2.2710635716713954 0.29871774903073356 0.6602582623760593 9 81 344
2.0455458931339985 0.3032012587289148 0.6613921240751607 9 81 367
2.445300361904876 0.7112765089716782 0.6557796023483423 9 82 254
2.438076407741365 0.32431233692753114 0.6544797341334332 9 82 324
2.180167923189483 0.2885043476837721 0.6560057594206278 9 82 355
2.446169874078689 0.8198304245710035 0.6514829676332229 9 83 233
2.4402089276550756 0.697579351726259 0.6510141797108076 9 83 257
2.423265620292606 0.6512269469501553 0.6509513719587078 9 83 267
2.418214373592569 0.35223886057832376 0.6497302843420147 9 83 321
2.4050238158180566 0.30637187118884723 0.6496401475415114 9 83 330
2.232495178097692 0.30908386418275025 0.6510020990179008 9 83 346
2.1455336764499155 0.28084730757216825 0.6515637606533399 9 83 360
2.350722185720335 0.29468925115060696 0.6450916645734786 9 84 337
2.3242498908743054 0.297651996454789 0.6453513974105306 9 84 339
2.412619538316412 0.8667659214822412 0.6427586004792691 9 85 226
2.4577346691754403 0.7802711271765967 0.6417839560000054 9 85 240
2.453080718410769 0.7193427851094731 0.6414867856066089 9 85 252
2.406612819396652 0.2817606106645836 0.6394919364263264 9 85 334
2.3930775546099294 0.3940458045831774 0.6353554746468386 9 86 316
2.2198775118937344 0.30474267374620423 0.6368800070365023 9 86 348
2.1162392170520694 0.29818720966273116 0.638093854033417 9 86 360
2.420679887345927 0.8745161929424963 0.6335032750921837 9 87 224
2.431982563537362 0.8557974133375449 0.6332158112124773 9 87 227
2.4569117652846115 0.7912839068654749 0.6324151511435839 9 87 238
2.4381816407091237 0.7617958311237862 0.632457446305201 9 87 245
2.414016210117715 0.2955292494346802 0.6294400224697658 9 87 331
2.13282782344513 0.29930581861535543 0.6332778901447547 9 87 358
2.0560457560322027 0.2905163126553276 0.6342554162636345 9 87 368
2.4530570739892203 0.7303821799514327 0.6272642584276865 9 88 250
2.4194318523476572 0.6427540222568082 0.6270746239381445 9 88 269
2.4293348870291847 0.31701380520340416 0.6243480023498231 9 88 326
2.2775122664886633 0.30042472493605454 0.6264920390733757 9 88 343
2.1994389213653145 0.2823089157168299 0.6275187249323362 9 88 354
2.435376035229885 0.8500701187985166 0.6238201283499727 9 89 228
2.4507633296136677 0.8347884601483555 0.623435141387195 9 89 230
2.3934720612346303 0.3183061870500925 0.6199049946737234 9 89 329
2.3845068793440243 0.3054598882814754 0.6199410197299372 9 89 332
2.0323504420498573 0.28853930933989336 0.6255778528530493 9 89 371
2.4486862081618077 0.7480766010951656 0.6179630693851439 9 90 247
2.345083932028523 0.29754525962426137 0.615578776638065 9 90 337
2.3177650614905883 0.30097239194324255 0.6160988929776263 9 90 339
2.2831887423103856 0.29710927369377327 0.6166801027291887 9 90 343
2.430214957767201 0.6387158207043773 0.612450461878123 9 91 269
2.396080336936148 0.32276037353274045 0.6099047042218478 9 91 328
2.4454879773396163 0.8625117604746744 0.609750961101275 9 92 225
2.453506374693402 0.8037763774666467 0.6089452846030665 9 92 236
2.46683877878979 0.9606984074674345 0.6057405511276887 9 93 204
2.4388635487333876 0.9492833016857949 0.6062282416387973 9 93 208
2.446389839159674 0.7546808002189334 0.6037979981469145 9 93 246
2.3743850578129178 0.30492580807585723 0.6001641031124333 9 93 333
2.4329704974824184 0.8620287110436844 0.6006786953500626 9 94 226
2.3913986007348425 0.32519505263017057 0.5950170070945197 9 94 328
2.3374016754342075 0.30161048208411634 0.5960005949805264 9 94 337
2.463073257624112 0.8827208538875393 0.5955259748750119 9 95 220
2.1804855915601404 0.31551882498077943 0.5951664110164496 9 95 350
2.4762658739704557 0.9538225509672651 0.5914602264426174 9 96 205
2.4170375517414113 0.7762901921545822 0.5905683286094302 9 96 244
2.4167845064588835 0.31760582118254876 0.5842139991469629 9 96 327
2.135209055072588 0.3026553118758575 0.591471131535083 9 96 357
2.0510023921966787 0.30362614709514446 0.5937168840874881 9 96 366
2.4597144497740753 1.0413974635522685 0.5885305355626023 9 97 188
2.4300987188777965 1.0110135373630604 0.5889144039374239 9 97 196
2.423485761220514 0.91065758504438 0.5876325512909625 9 97 217
2.0271052638828517 0.3073078533257232 0.5898956591366005 9 97 368
2.4712849269248225 0.9409476272654782 0.582059933724738 9 98 208
2.4458688570745677 0.8536044259382243 0.5814653936083295 9 98 227
2.4382298284818993 0.8051587450600264 0.5809457317763498 9 98 237
2.4335878364793335 0.7602697820717423 0.5803925885706813 9 98 246
2.428090641686387 0.7518732101103234 0.5804252283334688 9 98 248
2.406440685763614 0.29931776492636675 0.5741091519094205 9 98 331
2.1867513468850692 0.3116636894500393 0.5807584803311152 9 98 350
2.4282183123781653 1.0264422394002106 0.5800827685757203 9 99 193
2.434912753862985 1.0102415575546544 0.5796152072553196 9 99 196
2.4344603870610273 0.9959081130796623 0.5793982276865939 9 99 199
2.457276506363153 0.8090466234019459 0.5756836344595129 9 99 235
2.4087561973088674 0.31588403389740627 0.5692349197647784 9 99 328
2.300742115643113 0.30419130746959566 0.5723790415389634 9 99 340
2.4366937852672628 0.9761470195155748 0.5743998246522602 9 100 203
2.448239972745668 0.933479913896142 0.5733074403573876 9 100 211
2.4502788156519175 0.7961850235455636 0.5709266531521678 9 100 238
2.4211242304537106 0.2913678615772697 0.5633567166028626 9 100 331
2.149593378177931 0.29936965597991216 0.5722628601777017 9 100 356
2.45817948916404 1.0429748644972219 0.5702361305384653 9 101 188
2.4272576176034195 1.0032899936486206 0.5705809948460832 9 101 198
2.461459774127169 0.8745342297862233 0.5671590068143992 9 101 222
2.3982793406255545 0.6850150694072652 0.5659540190272203 9 101 263
2.3930373423900724 0.6659051657199686 0.5657944165641681 9 101 267
2.216334761414256 0.3171560098209898 0.5656171216285256 9 101 346
2.2073266518243178 0.3109240642616595 0.5658114354521537 9 101 348
2.4385917552557124 0.9810029563040396 0.5651872013557283 9 102 202
2.4302802381144404 0.9245973118168149 0.5644441307771729 9 102 214
2.2011022149294175 0.29733082192240046 0.5609952922627449 9 102 351
1.9898176912666745 0.30274207529189345 0.5685334475163216 9 102 373
1.9721427077239642 0.2976485405312408 0.5690622136989021 9 102 376
2.4624236533451187 1.0568314164953878 0.5611398122176968 9 103 185
2.431729997828885 0.9392109261103314 0.5600170217903806 9 103 211
2.4384740163469525 0.8112183243277334 0.5573234573522314 9 103 236
2.432872694344012 0.6929122047572094 0.5552676325390793 9 103 259
2.4142800417464634 0.30095000212105005 0.5484577173036483 9 103 330
2.3274747627091568 0.30084125934827455 0.5516380762528699 9 103 338
2.4520976142466284 1.0262381451409859 0.5563207783675321 9 104 192
2.4353631276367413 0.9580418979945075 0.5556039362644981 9 104 207
2.4131169810377084 0.7113420702249924 0.551551212014164 9 104 257
2.0358283350133064 0.301066056147802 0.5577823621722207 9 104 368
2.4686967039013425 1.036589563424538 0.5512601701904329 9 105 189
2.4216874109283975 0.7554731610538199 0.5473245552680551 9 105 248
2.4000813311486793 0.6689164381458035 0.5463950008926387 9 105 266
2.394569303790341 0.660484470501925 0.54643928830017 9 105 268
2.405774658326682 0.36455240980455694 0.5398943957669807 9 105 320
2.3285837641765714 0.30013827130175463 0.541621109385918 9 105 338
2.2270989202656644 0.3050132969621977 0.5457378277595166 9 105 347
2.1939577543476565 0.30125775590654413 0.5469719402967548 9 105 351
2.454106779670804 0.9776517513368306 0.5459614671626717 9 106 202
2.4380306347238516 0.9331201589354428 0.545669424519677 9 106 212
2.437041497560183 0.8328332949604846 0.5435667652420197 9 106 232
2.431761948623649 0.6884694694984506 0.5406981778417396 9 106 260
2.416262758242514 0.3767662925718791 0.5346726952232863 9 106 317
2.071993411990651 0.31181050063350346 0.5474108452302686 9 106 362
2.046163164071425 0.3109997490700318 0.5484534055689323 9 106 365
2.4577113549828438 1.0925136254273153 0.5436844215381406 9 107 178
2.4435168643026692 0.8102819210490884 0.5380431246677427 9 107 236
2.438018435214017 0.8018742112283388 0.5380907435707921 9 107 238
2.4309292856546447 0.7836827941676563 0.5379894888444111 9 107 242
2.35658376197647 0.30233841635143954 0.530498734180057 9 107 335
2.3278902276772895 0.30043240576611274 0.5316758223868009 9 107 338
2.195611178470926 0.3058528087173489 0.5374166142350106 9 107 350
1.9780092404370326 0.32042908502483325 0.5469855628950752 9 107 371
2.4581111915312994 1.0402512736645888 0.5378829753255864 9 108 189
2.4333617509278116 1.0035142302973548 0.5381302527493969 9 108 198
2.4390661195521393 0.9922189009185918 0.537621087450982 9 108 200
2.4556037934131627 0.9728547645857473 0.536451145262248 9 108 203
2.4519769692253517 0.9591335914200441 0.5362966150643893 9 108 206
2.3931377572058965 0.3180965348031002 0.5242158115425806 9 108 329
2.4415154005738953 0.9328167122337709 0.5314649926878132 9 109 212
2.4645853855993236 0.8703039534540224 0.5289397209206105 9 109 223
2.393500672484245 0.6880591754684962 0.5278606282520086 9 109 263
2.413731554821633 0.37222792120135684 0.5194769571510625 9 109 318
2.168710302458358 0.3043046019115452 0.5289994061497346 9 109 353
2.4066755215279185 0.4107671685006038 0.5156708796585538 9 110 312
2.419239765211878 0.310116274922722 0.5126268124518851 9 110 328
2.2893463715545375 0.304171136885208 0.5185711536424927 9 110 341
2.255578837746137 0.30575884734357595 0.520192890252899 9 110 344
2.455145849552555 0.9091694770071075 0.520819700522621 9 111 216
2.1207399670600697 0.3042729006835392 0.5217740646542589 9 111 358
2.4442042542627807 1.0737069784959732 0.5208870459535747 9 112 183
2.4599084114130103 1.0216108016956054 0.518755180885155 9 112 193
2.4609226244522855 0.927703299088301 0.5162718594314585 9 112 212
2.396290586462918 0.410200102595083 0.5060846281865512 9 112 313
2.417314937501335 0.33495876570652827 0.503088151035283 9 112 324
2.480381128643508 1.1643679614905638 0.5168455867377948 9 113 162
2.1652362129580083 0.30032051736613896 0.5099663391104277 9 113 354
2.0604600257754515 0.30699618377068205 0.5155171582116941 9 113 364
2.4813414340050777 1.1222493058844694 0.5110474903088262 9 114 171
2.4552414119802526 1.04277260689178 0.510244672095745 9 114 189
2.4563958579990044 1.0182776533447162 0.5095120348588059 9 114 194
2.4614235109604556 0.9678666226480408 0.5078643783617172 9 114 204
2.4346756412230377 0.9361408357584668 0.5084052398111408 9 114 212
2.439942378409498 0.9196056541238474 0.5076739733468578 9 114 215
2.4448132682161052 0.8421616866669344 0.5052932425402568 9 114 230
2.41679196190625 0.841383043664031 0.5067499607175467 9 114 232
2.4142609214634927 0.395441536824924 0.49465410020563394 9 114 314
2.4593420959866465 0.9489018309317193 0.5027246809479686 9 115 208
2.4584371410085266 0.8736771615613841 0.5006536573919519 9 115 223
2.4329188804981836 0.6840172326510114 0.49669195625061946 9 115 261
2.413036602141769 0.6811563620880063 0.49768931742497735 9 115 263
2.403747282351293 0.3715100662284745 0.4894660779703538 9 115 319
2.4016748703789097 0.36081927999488794 0.4892771383561375 9 115 321
2.2783790491199984 0.31586869660086236 0.4946952099654808 9 115 340
2.2514336151972945 0.3193745907509573 0.496254963156476 9 115 342
2.0302488915728505 0.3142750871130202 0.5081035790075574 9 115 366
2.461264302920139 1.1602452325044241 0.50400093784126 9 116 164
2.4715992880186968 1.115712267998473 0.502136421348296 9 116 173
2.437722427856939 1.0812958537899178 0.5030268982147125 9 116 182
2.455266514629294 1.024012110594933 0.5003918463014327 9 116 193
2.4487335888551716 0.902321079010312 0.49723346099464816 9 116 218
2.4337065502431146 0.8309514771690588 0.4960046135087929 9 116 233
2.4302194544210187 0.8063986679611047 0.4954881588226979 9 116 238
2.3784960520996146 0.30793124836875063 0.4839410946570303 9 116 332
2.159023782166526 0.30372515745425854 0.4960418827462374 9 116 354
2.4436571225286423 1.0177339122049096 0.4961939858756944 9 117 195
2.452903986975687 0.9711246851917471 0.49428087364464934 9 117 204
2.3860028211690696 0.4212203396141432 0.4817702968434884 9 117 312
2.423336684899342 0.3555714884421144 0.47768605357480265 9 117 320
2.4459455459705763 1.1873090804389266 0.49655920895180605 9 118 159
2.3741645367558943 0.31021316354496475 0.4740460059392251 9 118 332
2.4677381440089463 1.141140703916566 0.4892619459086456 9 119 168
2.427171835435363 1.0848436339842586 0.4899424429014302 9 119 182
2.445734253858998 1.0274351359833709 0.4870337432240417 9 119 193
2.4445367032832075 0.8739984925452589 0.48231400366024724 9 119 224
2.432877592186046 0.8625429648082281 0.48265713512979913 9 119 227
2.407106805794002 0.31041401319295003 0.4669636914024208 9 119 329
2.173191862564698 0.3065576235809888 0.4809049133773525 9 119 352
2.442124843057252 1.2343125976312166 0.48920326763999633 9 120 149
2.4491868762224547 1.21021937661212 0.4879974993406416 9 120 154
2.4599593535997486 1.1244485863758866 0.4845899711031899 9 120 172
2.4278102718548507 0.98891779867807 0.4822341039469743 9 120 202
2.450238814474759 0.9479209904120682 0.47954109536832035 9 120 209
2.4169084172132025 0.6857108943375159 0.4732051842077709 9 120 262
2.416612066519272 0.4119176703261298 0.4644640737028617 9 120 311
2.3393673420915433 0.31127113465107437 0.4660017647585264 9 120 335
2.2380555358501106 0.31508822815747695 0.472363854931262 9 120 344
2.4461355141225294 1.224835501783856 0.48412758144509127 9 121 151
2.453058430962234 1.1960503257400106 0.482748045704005 9 121 157
2.428071635120046 1.0899587380552367 0.48084877677500315 9 121 181
2.4425826086156115 1.0625398720036352 0.4790354143187344 9 121 186
2.4339538463955765 0.9281638539504202 0.4751779350363565 9 121 214
2.4272823080848647 0.8597434798614427 0.47335749435700103 9 121 228
2.42249913399841 0.8460444001368628 0.473210436367419 9 121 231
2.4298070750040366 0.6537049137975979 0.4664491363158979 9 121 267
2.415767983116986 0.3889623852592301 0.4586625274449706 9 121 315
2.4357271717177325 1.158617352972103 0.4780500593146261 9 122 166
2.441070456582393 1.0247093377265792 0.47321638211972383 9 122 194
2.439684938464276 1.2222896764247173 0.4754026841363993 9 123 152
2.4457511368331653 1.2074127922906221 0.47449204216016905 9 123 155
2.4496144370531536 1.1882719671814115 0.4735806658797701 9 123 159
2.4522759653932673 1.1645869417954706 0.4725928397124657 9 123 164
2.436536078449783 1.0742293046762832 0.47053411705722337 9 123 184
2.4428187263702537 1.0486806302872103 0.46924328263009485 9 123 189
2.4331205340873154 0.9833266528261277 0.4676429059139636 9 123 203
2.428825226761916 0.6489363007601858 0.45646141198677637 9 123 268
2.4344487686950305 0.3736728975762891 0.4466522204475206 9 123 316
2.36481284061062 0.3032127573846779 0.4488345828996173 9 123 334
2.2521308203760784 0.30692569993499985 0.4564025134674592 9 123 344
2.4252820294449484 0.8712362075564065 0.4595392243275581 9 124 226
2.4167752761283303 0.4002500183942823 0.44360420230925723 9 124 313
2.437613794447495 1.2415088698893442 0.4671688246184291 9 125 148
2.4251522865108393 1.1154457471815467 0.46351313447917175 9 125 176
2.443542828455176 0.9759673248088484 0.4572481488743714 9 125 204
2.422736402809016 0.9622881965362065 0.45819379461764664 9 125 208
2.4157000607717167 0.8644549646422643 0.4551749544372976 9 125 228
2.3803167889152648 0.3483063503694268 0.43912816186207093 9 125 325
2.435521193300491 1.251275050060869 0.46315253926979105 9 126 146
2.47355402603931 1.160973633179147 0.45716793930539623 9 126 164
2.445156004294144 0.9310125037862447 0.4507559641927875 9 126 213
2.4672959692123118 1.2136675103402612 0.4549461154135013 9 127 153
2.4288645942100784 1.1104964807605873 0.4538581047668515 9 127 177
2.464217736872818 1.039438730618357 0.44865929196636023 9 127 190
2.4537557630540934 1.0324730520188832 0.4491520538549515 9 127 192
2.4316709554743494 0.9897255849996769 0.4491446922044473 9 127 202
2.431532537332672 0.9053229213161544 0.44600176710229744 9 127 219
2.369561088323224 0.30048696731383906 0.42786813102093535 9 127 334
2.446023532528526 1.285928423051308 0.45466857106882286 9 128 138
2.446806036351451 0.6368064716735307 0.4298637944694288 9 128 269
2.44269913198397 1.264529326365992 0.44957334805015103 9 129 143
2.4480996778561552 1.1488978501465577 0.44467121478801896 9 129 168
2.439441221182911 1.1321384969241999 0.4446683286169847 9 129 172
2.4324350770183747 0.970372418025371 0.438901720201917 9 129 206
2.436184732176459 1.2436056834134428 0.44471356443467064 9 130 148
2.4263281340907463 1.1073450172904522 0.4400623273069193 9 130 178
2.43877286016385 1.0805804171930227 0.43804943880390823 9 130 183
2.4639376178134453 1.0452717577965571 0.43472532248394347 9 130 189
2.4773881768625063 1.027087056729539 0.43297586283179845 9 130 192
2.441134807351955 0.9878685136017595 0.4341915343555407 9 130 202
2.447868123926326 1.196037113289874 0.43734111217722954 9 131 158
2.43989710086105 1.160718631711506 0.4365342054860975 9 131 166
2.444992353241847 0.9672652100144791 0.42831474191916974 9 131 206
2.438388221939937 1.2798684522181287 0.43695166350763676 9 132 140
2.4595521834645027 1.2170142952389837 0.4326806126990293 9 132 153
2.4256494962383304 1.0939600309240871 0.4303026946309162 9 132 181
2.4668382630244325 1.0499855437971504 0.42521910018171116 9 132 188
2.456888241954886 1.0086370228918558 0.424305547810108 9 132 197
2.4478797495231985 1.3186368317736772 0.4332888403991703 9 133 131
2.4425975323893794 1.301788823879559 0.4330090171245682 9 133 135
2.435976764842887 1.1807868866470868 0.4284651517586849 9 133 162
2.4443145495599583 1.1467395317829454 0.4217228608430441 9 134 169
2.451939572317678 1.3098864709496456 0.4235416848249163 9 135 133
2.4305883875177248 1.2465007396499073 0.42257443592697447 9 135 148
2.441882729271122 1.2352744601673424 0.4211379916014843 9 135 150
2.449697061728089 1.2062833856150723 0.41922033281602994 9 135 156
2.42366149499013 1.109566603209228 0.41719538434571624 9 135 178
2.4652732047790775 1.0268788363047068 0.4101042614472769 9 135 193
2.437954971835212 1.004882994703416 0.41143933523795384 9 135 199
2.4191722055206704 1.2580160245615624 0.4195106426001162 9 136 146
2.4401440859089387 1.1993932448470868 0.4151221844032274 9 136 158
2.4384164936168298 1.1673869146072944 0.4138518132303901 9 136 165
2.437749867133063 1.0779047700167639 0.409944535708735 9 136 184
2.4452648459943203 1.0615837702139537 0.40857957601660905 9 136 187
2.4457957151731744 0.9633952641802191 0.4041843041049105 9 136 207
2.4348729256725576 0.9466628579165146 0.4043760252320716 9 136 211
2.465561065853071 1.335111279680381 0.41442656308103704 9 137 127
2.446571069128715 1.2168149246683688 0.4107446707061104 9 137 154
2.446367018474641 1.0952126740325823 0.4052809135850462 9 137 180
2.470223880263786 1.0113678977586051 0.3994278232109928 9 137 196
2.4517393961831777 1.3110962393243033 0.4100061456051902 9 138 133
2.4451753090103105 1.2719577552745913 0.4087919144451448 9 138 142
2.43142814913531 1.2519569327882483 0.40909034280783707 9 138 147
2.4582268075101212 1.1870836648120455 0.4037461254549066 9 138 160
2.445003595141789 1.1196366670157587 0.4018226574475599 9 138 175
2.445959706632519 1.0620135893186955 0.3990959032217943 9 138 187
2.426111299122599 0.979540254558837 0.3970692312356019 9 138 205
2.438760370900382 1.2644936678111165 0.4044566904202319 9 139 144
2.4280104694228752 1.2348788777239044 0.404042423537781 9 139 151
2.4582028932008795 1.0929648180571807 0.39470988962018616 9 139 180
2.428640494061238 0.9542802620264155 0.3909013716095954 9 139 210
2.465401419438437 1.028320636798459 0.3862599765306774 9 140 193
2.4656872626782227 1.0134692785810104 0.38552976991420834 9 140 196
2.432573276816396 0.9383705895185174 0.38499709829430895 9 140 213
2.440024834266442 1.3582259100580374 0.3997225871981254 9 141 123
2.4526867979862166 1.3431411854363842 0.39781895475733714 9 141 126
2.432587349945775 1.2932381348724067 0.39728228025372886 9 141 138
2.4386914971365297 1.2742585167587146 0.39580042641264623 9 141 142
2.4452460894075463 1.0823791685867854 0.38594531540322674 9 141 183
2.440997475593333 1.224305621746458 0.38857136502463047 9 142 153
2.459021010985616 1.1602550015304303 0.38373288349423235 9 142 166
2.4389672958824655 1.1412260266153282 0.3846950813616303 9 142 171
2.4366482722085623 1.132340412323532 0.3844790125379406 9 142 173
2.443118605739188 1.1118850510482603 0.3828663224135319 9 142 177
2.4532849272103094 1.0370228673513049 0.37824051760551797 9 142 192
2.458604768187955 1.0011493821285589 0.37598153088168984 9 142 199
2.4374902531785927 1.2752310374955664 0.38682915665386325 9 143 142
2.4532961934641455 1.1805633184209583 0.3806032558109312 9 143 162
2.4361970209366963 1.1562562713439384 0.38103482607409755 9 143 168
2.4182598049473443 1.0753874416375098 0.37873313372316236 9 143 186
2.42291178677936 1.0646140245392732 0.3777508333546942 9 143 188
2.4651693917108646 1.3776827682058772 0.38473655516993305 9 144 118
2.434774576877746 1.235381922353949 0.38050911758547007 9 144 151
2.4460867177391457 1.3281046155423457 0.37954416530476615 9 145 130
2.434793635488099 1.152559739049531 0.37165523573770276 9 145 169
2.4290017359970832 0.9657073240815146 0.3626416608846131 9 145 208
2.4724288153621976 1.399382813316151 0.3760582722917863 9 146 113
2.4788072650246655 1.3853949810860247 0.3746886865061646 9 146 116
2.4280232323549304 1.2914857964219184 0.37490035887432643 9 146 139
2.451637835060906 1.2647763874906206 0.37113604985238385 9 146 144
2.4678166842507587 1.019587426164026 0.356738576382029 9 146 195
2.444955867406646 1.243645971993987 0.36608660840030166 9 147 149
2.4352522414315483 1.222670290038514 0.36596741050771453 9 147 154
2.44308893230089 1.165455108685917 0.36214295638287 9 147 166
2.4386942922517 1.1240468010902287 0.36040190330149957 9 147 175
2.4144731296962014 1.0727770841187703 0.36016187521918275 9 147 187
2.4388838486552378 1.0520297869759905 0.3565749001152202 9 147 190
2.4670499652765288 1.3703062626068196 0.36597077334985484 9 148 120
2.4743982625997876 1.3604132103416307 0.3646792481014316 9 148 122
2.4690152795408777 1.339031523349666 0.3640892655976305 9 148 127
2.4349429433700918 1.273080934399827 0.36407790807822066 9 148 143
2.438416182457247 1.3176197886538805 0.361547081555607 9 149 133
2.453185980869404 1.2059595692563807 0.353916936492024 9 149 157
2.4679563914645364 1.4103908004879748 0.3589572141754526 9 150 111
2.45678552806255 1.1587807283211555 0.3462525463486092 9 150 167
2.438054750397886 1.148809303271649 0.34769782024161444 9 150 170
2.4700216979970033 1.3711339781521303 0.3519935700356919 9 151 120
2.453764970858291 1.3024488986689406 0.34990353854147777 9 151 136
2.446948411942147 1.2629831439071022 0.3484297906065719 9 151 145
2.4367440301406615 1.1775512143694455 0.3447476266993918 9 151 164
2.421481949862156 1.0188395144633386 0.3375076885980885 9 151 198
2.4306186938910788 1.2253949858417266 0.34345481398001987 9 152 154
2.4270414653978136 1.1331272705474404 0.3386063945802685 9 152 174
2.4310519079497714 1.1036889618850112 0.3364948444285598 9 152 180
2.4392568914141486 1.0582985532423652 0.3330175372785848 9 152 189
2.457150633688377 1.3473332907693645 0.3428891430963877 9 153 126
2.4640532085095397 1.3060121290489302 0.33974265777533186 9 153 135
2.434736124508656 1.293011078843798 0.3422519022941487 9 153 139
2.432935404008554 1.2435932408137185 0.3396063432677537 9 153 150
2.4353440682326353 1.0885852555352606 0.3304127313131413 9 153 183
2.4385232204721694 1.068491481422432 0.3289023688595369 9 153 187
2.41509464405285 1.0406408992246967 0.3299021540490826 9 153 194
2.482107300592455 1.3349841604562853 0.33476919282399237 9 154 128
2.4498759522710216 1.2223136306803193 0.3318233227560843 9 154 154
2.430886048059501 1.203046314458326 0.33283789298436905 9 154 159
2.4257587204982762 1.1106902632164712 0.3232937586101325 9 155 179
2.4389663693135284 1.0641428930168992 0.3190319778767005 9 155 188
2.409572301664067 1.0378407972102985 0.32083208601476804 9 155 195
2.4755518359577406 1.3278461361457436 0.32581563637827865 9 156 130
2.4442133505048824 1.2562661006145674 0.32515047224625654 9 156 147
2.416276313179157 1.1650602179137648 0.3229151751661708 9 156 168
2.4305110586108487 1.1336405711822204 0.3193845308530391 9 156 174
2.4114828223477778 1.1853815851189684 0.31536598270066407 9 158 164
2.410906099686979 1.1057093711350536 0.31053217687530194 9 158 181
2.4251418834828997 1.03943363338629 0.3047634437224981 9 158 194
2.40981939383881 1.1674996663867487 0.30978398745550656 9 159 168
2.4835237640812498 1.3282174517394025 0.30626441874530075 9 160 130
2.4461298655361428 1.2710978780149207 0.3072151036667236 9 160 144
2.4568153420851306 1.2416397023215682 0.30405401693957834 9 160 150
2.407782600020081 1.111851404043115 0.30183620645015924 9 160 180
2.4376372421502897 1.0562757632973807 0.2946912947074019 9 160 190
2.4602476738974492 1.3192317896937507 0.2992382739296363 9 162 133
2.4421213936747628 1.118619350174096 0.2885222957013226 9 162 177
2.432503237421638 1.1065363900438732 0.288941852032004 9 162 180
2.45007102394089 1.2348213568104187 0.2903424293852218 9 163 152
2.4098382836145804 1.2881312381017498 0.2943156292777189 9 164 142
2.4285098436788117 1.1697815009299157 0.28408035678836274 9 164 167
2.4290281268851963 1.1555533220320047 0.2830708103675835 9 164 170
2.426758350117031 1.2170566724399177 0.2827459140356023 9 165 157
2.4401587854103646 1.2653544515063055 0.279571257270455 9 166 146
2.4434951364315536 1.2000750503043176 0.2747024734936265 9 166 160
2.4378022883517305 1.154274164266031 0.27233940888530445 9 166 170
2.443278261167521 1.1387870207762965 0.2705703501905118 9 166 173
2.4334650384571628 1.1219667140553038 0.2707146762202422 9 166 177
2.451748051216025 1.1276103755243148 0.2638901074002418 9 167 175
2.4332387868081318 1.2125602149173762 0.26273561663936135 9 169 158
2.444404537300363 1.1299763921488553 0.2554163719550002 9 169 175
2.4346874148138795 1.0938014837742123 0.25419261420636985 9 169 183
2.4114194260834725 1.2134344783166724 0.25166245353675565 9 172 159
2.43831449090259 1.1419357574817406 0.24269097438003895 9 172 173
2.4516957985725436 1.124483352670025 0.23954440046146197 9 172 176
2.414599298702498 1.2223813412097753 0.24716121652297962 9 173 157
2.4680945073782135 1.116489333021684 0.2269106719614618 9 174 177
2.4291043486775834 1.2062559401032915 0.2344230031369245 9 175 160
2.4306428972719 1.1919175885812168 0.23312320084661942 9 175 163
2.424924865975115 1.1743559685239593 0.2326336669568455 9 175 167
2.4378619715063756 1.129362896256672 0.217714897090797 9 177 176
0.5687389655535172 1.6479052388616238 0.47303255913144704 9 217 123
0.571624579507624 1.6680209694410355 0.47152061053862576 9 219 109
0.5681692418370415 1.6812976855625676 0.4722022895720369 9 220 100
0.56687166924836 1.6566831392993258 0.4603540737478789 9 226 118
0.5718026237523051 1.6764782520095727 0.45843789621593967 9 228 104
0.5696346858074309 1.6638423123833097 0.4574344060514034 9 228 113
0.5654729546456256 1.6852552713804865 0.450096639966199 9 235 99
0.5677981930811143 1.6768399146421284 0.4453537877258622 9 237 105
0.566633774828204 1.6640829184262222 0.4440250997567108 9 237 114
1.855099401935958 1.0204496627461472 0.013473251294603972 9 245 240
1.6668019522278155 0.6894582930155759 0.01787394790310548 9 245 332
0.5673086870957892 1.688187850833768 0.4328321185201379 9 246 98
0.569238617141458 1.6751926135417117 0.43058772474731605 9 246 107
0.5680042335689186 1.6623466031426175 0.429184169285749 9 246 116
1.8020544820005302 0.9746074390560673 0.016790176556742753 9 246 255
1.6589058641424879 0.6936871228763244 0.011977065525173747 9 247 332
1.7291359107547528 0.9469685777232962 0.0236945445095047 9 248 268
1.7086541530268171 0.9890536135217612 0.0307091645694465 9 249 260
1.7301714980666842 0.9680551319469222 0.02214778473738943 9 249 263
1.726636509148289 1.0243623867661726 0.022599663557579808 9 251 250
1.7536724154745382 1.085287371821072 0.019708287691170723 9 252 233
1.7299439549087992 1.0729566164128714 0.020317321036666502 9 253 238
1.6956846240243078 1.0399902068543059 0.024982254738825094 9 253 249
1.7030524989919194 0.9958956564629384 0.016801074573709274 9 253 259
1.6466616562968943 0.9805312036474132 0.029934517517802517 9 253 268
1.0489604694315822 1.0845156392189166 0.20655954846387198 9 253 313
0.5702131458292765 1.6935755495909062 0.41859785715337844 9 255 95
0.5717852349280286 1.6820439706359647 0.41652918717962895 9 255 103
0.5664627926420587 1.6696597847886134 0.41623181891080246 9 255 112
1.6811922127601893 1.0373673672929062 0.020502198733061583 9 255 251
1.6741253531065166 1.0195243908116531 0.019908619640136793 9 255 256
1.7134696887383303 1.0709218167468395 0.0123550412486082 9 256 240
1.5837955661612435 0.9655967023473001 0.03312014575174749 9 256 278
1.6671709610959347 1.1458553719448459 0.03193180924434125 9 257 225
1.7334464726756251 1.0765382193403186 0.003556081675591849 9 257 237
1.0620790142336294 1.081198183026181 0.19075787158611773 9 257 312
1.6338860557125188 1.002577724658471 0.016603603311536652 9 258 264
1.4865239738463938 0.6861586202644288 0.01204570945522887 9 258 355
1.6261488408896327 1.120907953109254 0.028125595858716212 9 260 235
1.6072812227648972 1.0885417070976138 0.028727162900339165 9 260 245
1.5929266971421525 1.0069108988076743 0.016919130791339554 9 261 267
1.5606850166102295 0.9797940719367313 0.02210325562246962 9 261 277
1.6061928223497945 1.1240385647962534 0.026537442622254215 9 262 236
1.4425404346617783 0.672407020155847 0.006512250934677999 9 262 364
0.5717889460503817 1.704756900007111 0.40548567144107667 9 264 88
0.5754233281325389 1.6931365675196073 0.4026917809978059 9 264 96
0.5751767511642879 1.6802226256431436 0.4008283037007812 9 264 105
1.6578885384584026 1.1807999832489242 0.012359648068918316 9 264 217
1.6225360070533101 1.1724817687665814 0.02135423954787996 9 264 222
1.5687580827498413 1.0911898881718824 0.024752596432790375 9 264 248
1.593058650884766 1.2149782533046503 0.03250325895854733 9 265 213
1.558588209006961 1.0757455756003806 0.021563693012325302 9 265 253
1.519254214978893 1.0328394418968543 0.02276295444947496 9 266 268
1.555162718841579 1.100442994469354 0.014881039737743351 9 268 247
1.4678575189545229 1.0307499107658893 0.030078433141077388 9 268 274
1.0597732537936848 1.1014218099139717 0.16190575442109179 9 268 306
1.4751712322304793 1.0201332292746743 0.022539125664406634 9 269 276
1.0599754318429657 1.0824347391818492 0.15297109811191123 9 270 312
1.464424218696253 1.0965293311006494 0.026532315921994454 9 272 257
0.5777790487603048 1.7100380259099692 0.3900961984176345 9 273 85
0.5734860558779128 1.697601536801011 0.3894437045683882 9 273 94
0.5772883390747494 1.6843262595579205 0.38618961898604875 9 273 103
1.453570951586283 1.0672780075680652 0.021556276954298514 9 273 266
1.0618274274737294 1.091084468637181 0.1448037140280699 9 273 309
1.3079112620878632 0.8039176223036897 0.02077233616957974 9 274 352
1.265238149729639 0.6904072040856004 0.012156592452797765 9 275 386
1.4319128309131295 1.0872252351165341 0.020414195442633343 9 276 263
0.8962800561390121 0.6994799217202057 0.12435107648186439 9 276 455
1.1355958939045812 0.6413459432975739 0.03727079803412914 9 277 420
0.9628828705303891 0.6484178716568374 0.08582431284119374 9 279 453
1.062359621790682 1.1224393364860639 0.1287798049252178 9 280 299
1.0603247831354854 1.0856001124083603 0.1233842669096803 9 280 311
1.4104097042826398 1.1853412450394507 0.025213437347218037 9 281 238
0.5848482900956682 1.7195922050381016 0.37483804073383226 9 282 79
0.58358528019484 1.706876429566717 0.3731350990481318 9 282 88
0.5842835187140405 1.6938483483417919 0.37075179066691427 9 282 97
1.0603312900605897 1.0951665124212173 0.11893717015462191 9 282 308
1.0703856392594515 0.6339404981241088 0.03926248887220507 9 282 434
0.9463830211712492 0.6381304362565954 0.07647843935341014 9 283 459
1.140644564363026 0.6936904878361188 0.01611062854121026 9 285 406
1.031607480994305 0.6281192372656115 0.037190230956539616 9 286 443
0.9250845346531547 0.6207919923195151 0.07082898043918573 9 286 468
1.29444105396103 1.1141754277523677 0.030023395212395276 9 287 271
0.5808662312174113 1.6907613437299405 0.36140888389833237 9 288 100
1.0072954465070638 0.6237791506024191 0.03770410784707534 9 288 449
0.9499417929208065 0.6335989970976916 0.05836353306763464 9 288 459
0.8959907756506671 0.6233805746705399 0.07446780048888546 9 288 474
1.364958120486678 1.2688280227824273 0.02633477385583438 9 289 218
1.0955604264331211 0.6900644718502416 0.016384861894744307 9 289 415
0.927062108556663 0.6300282340034207 0.06210779052068005 9 289 465
1.370082309551333 1.2806544410977618 0.023259551946892887 9 290 214
0.8657856167119231 0.6277981791066947 0.07899344563270505 9 290 480
0.8533429148673881 0.6241736869929628 0.0825273957007997 9 290 484
0.5818736099499568 1.7241312020416215 0.36188521171715293 9 291 77
0.5806957382614095 1.7157165751006647 0.36081841289332595 9 291 83
0.995506106917347 0.6250137405596699 0.031788378901961734 9 291 451
1.331139654147463 1.2600299577726866 0.02262699175379068 9 293 224
1.1060711323121923 0.826428896908689 0.02291074213848554 9 293 378
1.0972256682852137 0.8133935110764512 0.023625426604281685 9 293 383
1.3019139081626614 1.2400549631145088 0.025708092091382695 9 294 233
1.0607523547328195 1.1142493270771159 0.08582503282298615 9 294 302
0.8113114449644707 0.6293882820594259 0.08538140554156493 9 294 493
1.2368014689458402 1.1077255754375945 0.021229163381856986 9 295 280
1.049264959096786 1.091321492078475 0.07963162467683738 9 296 311
0.5821940473557202 1.7037427555287756 0.3482728729600379 9 297 92
1.3155257644827936 1.294425634841256 0.02070640530755008 9 297 215
1.2642832239216482 1.2237826715967084 0.025805637621900912 9 297 242
1.0086418600222025 0.7004195726518527 0.020604110006048004 9 297 429
0.9964737804091108 0.6748281309661819 0.020234584334179573 9 297 438
0.9850994230162857 0.6324243958172637 0.016576270929390957 9 297 451
0.890897322729479 0.6254186703667477 0.04797377602826702 9 297 474
1.2027014129163018 1.1489981727262755 0.02722636531709066 9 299 272
1.061933848588383 1.0883433118745929 0.06553248726407823 9 299 310
1.0882604598925865 0.8745320288929228 0.017600000852452835 9 299 368
0.9752720269433082 0.6761978809686704 0.021250123799398946 9 299 442
0.865013872263436 0.6257163775397225 0.05071565886874785 9 299 480
0.8345075741429233 0.6318423232977697 0.06250644041677789 9 299 486
0.8222271353705817 0.6284390863223432 0.06619013291389653 9 299 490
0.5801666077327178 1.7229628438896656 0.3474809930213968 9 300 79
1.1727685111612265 1.141735026432126 0.03317312303533149 9 300 278
1.0647475340462353 0.849187198721467 0.017948984175007787 9 300 379
1.037525906352534 0.8268185725615185 0.020187238163133947 9 301 390
1.0299684484097855 0.8060864047471857 0.01906839509863678 9 301 397
0.9997357500859985 0.7943641844812038 0.027616741520605004 9 301 406
0.8859182225521787 0.6249239340977737 0.03688142729540411 9 301 475
0.8065490291454844 0.6279625749028519 0.06550709182145398 9 301 494
1.2544064200717162 1.2850406914544945 0.02404848503017587 9 302 224
1.078088653421463 1.1349167473432848 0.059123950692519744 9 302 293
1.0553829773540948 1.117065079442305 0.060868945271671304 9 303 302
1.100019590733604 1.1442126314982184 0.046838339219348546 9 304 287
1.094550727712845 1.06252360762511 0.03363820457825162 9 304 313
0.9751838425890504 0.8007499742281745 0.024697517439279282 9 305 409
0.5810946619323009 1.7038897367116324 0.3336443242930616 9 306 93
1.1996979120157607 1.253334388189554 0.02494836720684579 9 306 240
1.0727549324799834 1.1375087999770495 0.0492530255334277 9 306 293
1.058552174127528 1.1282829547640545 0.052672062351619475 9 306 298
0.8731792098847135 0.6314704349700864 0.026741632064429366 9 306 476
1.1831197019319273 1.2311289664499196 0.023617099446001433 9 307 249
0.8187864634488398 0.6253170641373265 0.042217808872269336 9 307 491
1.15519923612482 1.2133174415419736 0.027284082177242985 9 308 258
1.053983490939598 1.1147193174391221 0.04567027512416444 9 308 303
1.0405906401762979 1.060412271847535 0.04029331928158386 9 308 322
0.9990181015151607 0.8988481671860946 0.024929564300908424 9 308 377
1.18752636000259 1.3097666237786134 0.02746274533332449 9 310 223
1.1232100438856163 1.185275631856688 0.027441306421563283 9 310 271
1.0877394868651897 1.1530747972516586 0.034396821210323836 9 310 286
0.9913364439127084 0.9036909534887314 0.02236537909366687 9 310 377
0.9620343263059443 0.8530494492012348 0.023516796269243967 9 310 397
0.8385024875865825 0.6321687871135406 0.026959310985140483 9 310 484
0.578781987769698 1.6008352414766605 0.3063002573608698 9 311 161
1.1837270932428057 1.2839021023513433 0.020779877161196447 9 311 232
1.0498564291852637 1.1199240291171297 0.03900593154131249 9 311 302
1.05250934857147 1.1027915483138617 0.03473068981326133 9 311 307
0.992440185688579 0.9237679629123957 0.022659846013247886 9 311 371
0.9425452917567458 0.831239717725413 0.02342067909692802 9 311 407
1.1794628432417524 1.3421362400828154 0.03046048377506394 9 312 213
1.0382827189695805 1.0810070228864554 0.03275584354023864 9 312 316
1.1738185586642342 1.3204826659829159 0.022187336124043222 9 314 221
0.9051343936832583 0.8266920458670282 0.027216230082400594 9 314 416
0.909969423559247 0.8158386146259924 0.023280575197840214 9 314 418
0.8987791995767274 0.7921574492218871 0.022883099667332596 9 314 427
0.5828562981638268 1.7197310114637228 0.320903843109946 9 315 83
0.583427839419997 1.7066960593797296 0.31813631402507425 9 315 92
1.0508792014572341 1.1509039000424162 0.03242499402401966 9 315 292
1.0361845856085563 1.1265012432112318 0.03321086608189128 9 315 302
1.0338600191440535 1.1119008872472782 0.03123314191656501 9 315 307
0.8495078038131323 0.6742604867071254 0.015356096339325553 9 315 470
1.1062290467098699 1.2233777493668716 0.022582128339785013 9 316 261
0.9393201507733535 0.8962697784284542 0.021732395015541917 9 316 389
0.7982859654939527 0.6273215392079965 0.022479479977063566 9 316 495
1.143505146311111 1.3153942823916496 0.023438692363001 9 317 226
1.108574444213994 1.2558548599764854 0.025021942312328016 9 317 250
1.0224030219287834 1.0890610122676323 0.02499321831769874 9 317 316
0.8503935792837052 0.7658752418041939 0.023814713120921205 9 318 445
0.844601158067215 0.75264645724619 0.023412431466340533 9 318 450
0.5770930258398937 1.6054456502205983 0.2935928055282284 9 319 159
1.067278007538392 1.2115547008970884 0.02599549652533173 9 319 270
1.05393056434304 1.1897516279534046 0.026795171042642285 9 319 279
0.9033128174583629 0.8901507702048226 0.025136765338998668 9 319 398
0.8585065988867209 0.7913274242838586 0.022709602535156526 9 319 436
0.8534635826282171 0.7775338294217156 0.021903797824742943 9 319 441
0.598392474673199 0.29792947507476075 0.0246331106425689 9 319 634
1.0416993487055939 1.1858817286553454 0.02773169818102217 9 320 282
0.8901063855738451 0.8823824811036092 0.025662637464482385 9 320 403
1.1197341414684487 1.3406008507798202 0.02548533768407324 9 321 220
1.0956508003952818 1.2698168860583778 0.02061284218807491 9 321 247
0.5817561559684984 1.7080098096114376 0.3071457295359708 9 322 92
0.6022449526691427 0.312423944650823 0.016938261631481377 9 322 629
0.5936340023255986 0.3078344197373988 0.01937760442969405 9 322 633
1.006068624936518 1.1440275195767393 0.024182209055949255 9 323 301
0.8552527958979605 0.8460717827125009 0.02290584056743028 9 323 421
0.8435621853074651 0.8274671923835253 0.023719324910301376 9 323 429
0.578984069019905 1.7286520918174435 0.3090420906477841 9 324 78
1.1118215249232397 1.3604270190759413 0.023609788371339868 9 324 214
1.0088643737048584 1.1732078869186902 0.0260375919164324 9 324 291
0.7952296970974482 0.7295320028907435 0.019810999467622548 9 324 468
1.0737931355427746 1.3125814381433933 0.025890215784341475 9 325 235
1.0562690899720626 1.2927308410580296 0.028768517866281984 9 325 244
1.043510868763652 1.2539669269807676 0.02588012162962916 9 325 259
0.8736725074265024 0.9272368870830676 0.02623555001915412 9 325 393
1.081798464968676 1.3357347637222818 0.02450275848426775 9 326 226
0.9806201721340426 1.137884606775037 0.024055327338159405 9 326 307
0.957752025931788 1.1217447771354938 0.029839325599034683 9 326 316
0.7991028472291728 0.7724769240002537 0.021099035313457914 9 326 455
0.5762787838809541 1.7121396088434104 0.3016530853486097 9 327 90
0.7398852462864545 0.6976402602815261 0.02633143656408521 9 327 491
1.0567171060655465 1.318538938226136 0.025080136674047848 9 328 235
1.0180228316617512 1.2436421018857793 0.02506723849851955 9 328 266
1.0075717675495979 1.2274267098718168 0.025897817577553495 9 328 273
0.5723369392597637 0.3328076944343328 0.014910419205794279 9 328 634
1.0759473139049205 1.3714154988393894 0.025414393204284624 9 329 214
0.9904530766887263 1.219972571698491 0.028316607955483963 9 329 278
0.8453488383365573 0.9170447867271818 0.0236627977428302 9 329 402
0.747790167145443 0.7398442636049773 0.023134040707003423 9 330 477
0.5770067587089057 1.607079624677345 0.272422437901955 9 331 159
0.8559361558222869 0.9487744811769697 0.020158507830339567 9 331 390
0.5799288540662699 1.7098529779416336 0.2911626325344177 9 332 92
0.5771933005844618 1.5623698114991507 0.26108153337448214 9 332 186
1.0029741390955615 1.2670310621091998 0.024394845792191866 9 332 260
0.6158569003800822 0.5758019267247407 0.036552101610088705 9 332 560
0.5772493019927663 1.7416361969266796 0.2973008017073079 9 333 70
0.5809261223926186 1.7287368872352147 0.29304875203055747 9 333 79
0.9665086338793509 1.2100484011109431 0.024370013220717635 9 333 285
0.9554829792477937 1.1887070873582282 0.024366337978554697 9 333 294
0.6100079762020851 0.5119975190585759 0.02254988905828914 9 333 578
0.5994818275266387 0.47761153320771976 0.01956904705268747 9 333 590
0.574075234453928 1.5323544388770955 0.25225974260192796 9 334 204
0.5695260259567856 1.5195477222739964 0.2514042294529347 9 334 212
1.0064394590906618 1.3109294277119363 0.0265255585274764 9 334 244
1.0338312579952424 1.3735200814223598 0.025712896336744007 9 335 218
1.0318185547994545 1.349628727760272 0.021425686063994753 9 335 227
0.9307169804656161 1.173931556053008 0.025678524686892912 9 335 303
0.9153763859205866 1.1637937776634169 0.02701656074432024 9 336 309
0.5782947000268238 1.5575857565771583 0.25031534359100044 9 337 189
0.9595531704292244 1.2588518773316109 0.02624442074585387 9 337 269
0.6227857788484508 0.6070031839362859 0.026132164217058773 9 337 549
0.9356748245541551 1.2321564113740577 0.027631170462649957 9 338 282
0.8018107053815622 0.9570765954810287 0.024117390075127587 9 338 399
0.6017385592669382 0.563826489631867 0.022749757941945337 9 338 567
0.5927457817083633 0.5364377160281304 0.020578542589403725 9 338 577
0.5827874246074443 1.723965635149969 0.28098098384160936 9 339 83
0.5533561317704123 0.45377555099706646 0.016304398358302108 9 339 611
0.5804604263755979 1.7113737822323012 0.2757566821358026 9 341 92
0.9545790901476179 1.3052793552977469 0.02717613676601649 9 341 253
0.957407464164121 1.2987939089825793 0.024545311980238793 9 341 255
0.9136753321740141 1.2221191440099979 0.026285246230077997 9 341 289
0.774219420569602 0.9482008778108384 0.025361504762165588 9 341 408
0.6044328041696614 0.5936472075458998 0.019602667323655898 9 341 558
0.5804842676358446 0.551278984385412 0.020471940287205115 9 341 577
0.581674542417935 1.7445535951525266 0.28083803615494357 9 342 69
0.5776169477040651 1.6052054226426762 0.2517771026449461 9 342 161
0.5787606413899925 1.5934728574830364 0.2486954198333895 9 342 168
0.5764064298007396 1.5789543534101722 0.24649315327481924 9 342 177
0.5769613476029319 1.5481509840765086 0.23944857544160858 9 342 195
0.8980997338975372 1.2094412375935977 0.027332575728238107 9 342 296
0.6133986334241885 0.6424335892319155 0.0237152933394138 9 342 542
0.5672977487605053 0.5332771199682957 0.019296962645189653 9 342 586
0.5589511432133183 0.5171213873877702 0.01929418042520825 9 342 593
0.5748338120444865 1.5331111933192443 0.23514119842603964 9 343 204
0.572140124242351 1.5179407541277723 0.23293050268905097 9 343 213
0.9681596656982434 1.3465729167558078 0.024899374855582135 9 343 236
0.9523206335333858 1.3278627275626034 0.02754587362032268 9 343 245
0.6008571929987105 0.6236724406198877 0.02212516142354115 9 343 551
0.9860027965430769 1.3965653532974867 0.025554117088174122 9 344 215
0.9727834697578854 1.3769488237806025 0.02688058950648331 9 344 224
0.5908870230791157 0.5979426336374658 0.0178808344446979 9 344 561
0.540498390530471 0.5063810049154913 0.01919491701367182 9 344 602
0.9202241262184858 1.2886632364969897 0.027094884394170737 9 345 264
0.5777105924871335 1.7326452187741612 0.27305474710511096 9 346 78
0.5757355538215261 1.5677770536180855 0.23685115735117385 9 346 184
0.9115360441979161 1.2813061012663218 0.026449820753835285 9 346 268
0.896847343180251 1.2628156290008818 0.028679670380285738 9 346 277
0.6506232612068209 0.7504351930621129 0.020552499283963854 9 346 500
0.5022500914689749 0.45727864426424225 0.019162183047059633 9 346 628
0.4981136345638575 0.44728402865588457 0.018713887009025543 9 346 632
0.5792686469844586 1.722684050067285 0.26840976292434443 9 347 85
0.7670986982749715 0.993299224375412 0.021735322487423048 9 347 395
0.5685958130190283 0.5872169536049352 0.01673439683209832 9 347 571
0.5286578342966148 0.5218359668826213 0.0194127797704593 9 347 602
0.8794334465910865 1.253951985111451 0.028796970145437695 9 348 283
0.6102329744082876 0.6911769681740949 0.01925142729339613 9 348 529
0.5993126792515147 0.6640810978130638 0.017896949677918328 9 348 540
0.5857458759978282 0.6437796146804082 0.019243264874062915 9 348 550
0.5111101025856177 0.5107476556044421 0.0190464737910222 9 349 611
0.49208359142295166 0.5036965904711033 0.02581921342589033 9 349 620
0.5682838033560103 1.519723440080137 0.2216705481252783 9 350 213
0.9155646581800556 1.3308282395479647 0.02492284929401256 9 350 249
0.7421282394981905 0.9832192109415809 0.02214340318685748 9 350 404
0.5429053917609712 0.5856980742911269 0.019355415620954664 9 350 580
0.5781240023117807 1.7420783703803364 0.2664394003664095 9 351 72
0.5721713792326758 1.615539156961603 0.24003199670916125 9 351 156
0.5727391337168775 1.6007737460158822 0.23639008066465728 9 351 165
0.5750442151392234 1.5854049355076247 0.23183819705663922 9 351 174
0.5771640409916013 1.5577791260353915 0.22455463880350518 9 351 190
0.8462061707467394 1.2198754048636247 0.02751431597529974 9 351 301
0.5732262711122115 1.5432552458871163 0.2210707177975304 9 352 199
0.9395041178758674 1.3880620595239916 0.02197187034890491 9 352 224
0.9195389798101539 1.3712195407658245 0.02699139498993819 9 352 233
0.49199767050213805 0.5218662807780459 0.021822700560939934 9 352 615
0.5991582016752361 0.7406717090342154 0.021764679377716423 9 353 518
0.5927555901529724 0.7163927403233745 0.01901097366302984 9 353 527
0.5561054980288335 0.645452633706169 0.018998756886035584 9 353 559
0.5320538750723673 0.598898188738628 0.01899073962613307 9 353 580
0.5714990895614436 1.5281129680827208 0.21452525756382967 9 354 208
0.5668628223007818 1.5151791131079926 0.21360321348724576 9 354 216
0.8858808230287469 1.3288075433961428 0.026845914628380152 9 354 254
0.8768842511470591 1.3034739881498125 0.025001918463358308 9 354 265
0.48960630404413674 0.5399971331002322 0.021651052285320382 9 354 611
0.8610415681174832 1.2861449391530584 0.02540974244265204 9 355 274
0.5078857833379695 0.5629959844012737 0.016053607765457167 9 355 598
0.464618941384626 0.5069536015244867 0.022506070604860096 9 355 629
0.5817215006376374 1.7299634514149802 0.25336823612226234 9 356 81
0.5791173581413858 1.7170112481931057 0.2515130376776088 9 356 90
0.7200397922781596 1.0403899268337784 0.02904080725468916 9 356 390
0.7137201240542606 1.0182680594901163 0.026720794603418696 9 356 399
0.5324015466047416 0.6415941810827441 0.020633787819239524 9 356 568
0.570913726104697 1.5735836881333283 0.21974090229104493 9 357 182
0.836332862882798 1.2728609052581776 0.028148491816457843 9 357 283
0.5616225676758458 0.7193848656298147 0.02293926577727179 9 357 536
0.5527782554314262 0.6983118495694474 0.02200578444460488 9 357 545
0.8808088453090543 1.3618283959039414 0.023519647742023198 9 359 242
0.8600771863783934 1.3335490021807577 0.026324184453184185 9 359 256
0.8268183763807253 1.26917307867136 0.026313098110932742 9 359 286
0.5401046283487567 0.7023595630772945 0.023406078929549157 9 359 548
0.46604760158301084 0.5609892986856786 0.02384998626395618 9 359 614
0.5817324272231857 1.7436282279008524 0.24963207810707866 9 360 72
0.5745903125715907 1.6212464768863177 0.2237668256570352 9 360 153
0.5741864314146268 1.6066482507580093 0.22047503599207352 9 360 162
0.5746067250186093 1.5916715534752124 0.21671329262800632 9 360 171
0.5751679552104636 1.5730201576635259 0.21201113939147553 9 360 182
0.5724892910224545 1.5599402116276802 0.21012930476616953 9 360 190
0.8237123693866151 1.2784110167020224 0.027291834330167797 9 360 283
0.8104758412601814 1.2527903248535457 0.027287422125370275 9 360 295
0.5871896508818473 0.7988848459952502 0.022040396141715823 9 360 504
0.5863100122033825 0.7695495047702801 0.015456848909166432 9 360 513
0.5325810386566296 0.6793677815629293 0.01873056614346824 9 360 557
0.4985981272437966 0.6076689218192435 0.0173085251268974 9 360 589
0.4826788202183089 0.5965931452046538 0.022005558971119443 9 360 598
0.572151651824566 1.5445299936812569 0.20470080504159116 9 361 199
0.9023650772761227 1.4202414343710954 0.022186433096716973 9 361 216
0.8897510177114927 1.4017438635892487 0.02359793133942012 9 361 225
0.8575677840252052 1.3473409331310353 0.025474826218642055 9 361 251
0.8142042584860332 1.2825768923433527 0.0274238432087488 9 362 283
0.5656463332670512 0.7679478914250271 0.01929047385417515 9 362 520
0.8646546645398161 1.3974104786636863 0.02895887957063259 9 363 230
0.4716597787652952 0.60716739588712 0.021699525779411477 9 363 599
0.8216219146769694 1.3155238701052068 0.026674259874684303 9 364 269
0.8118237255191538 1.2965584448299678 0.026670993790345876 9 364 278
0.7865137767174843 1.245598637812377 0.0261856474994 9 364 302
0.43920060385090975 0.5300053074425888 0.015578376431884644 9 364 632
0.5779144950043898 1.7389623046860474 0.24158467643550008 9 365 76
0.578313352776006 1.7259540791578698 0.23823497044575004 9 365 85
0.6878209730679163 1.0618830659207728 0.025316472608883367 9 365 390
0.6772963731424504 1.0434803049046941 0.025791537255502095 9 365 399
0.5046334124574283 0.6915553170642963 0.02142699787805402 9 365 563
0.8657390251874264 1.4096355794643463 0.023589066180739082 9 366 225
0.5386884946080821 0.7667569749189425 0.02107898235581962 9 366 529
0.5269875887279858 0.7500114386279031 0.022515733240167757 9 366 538
0.5682061503478857 1.5214614158950548 0.1893996353939834 9 367 213
0.45115504577398946 0.6164355225116074 0.02311306777298705 9 367 604
0.8701392534544323 1.4327553201752627 0.021961222557611237 9 368 215
0.8415818633226617 1.3833758638634404 0.02340227623682134 9 368 239
0.6771418538286174 1.0690161655344006 0.024314587980584612 9 368 390
0.5165152662267836 0.7345200810666366 0.018458523380698866 9 368 546
0.49546496107380955 0.7055682203770384 0.021352767594119082 9 368 562
0.4440854306449513 0.6041521228442286 0.020852078253610684 9 368 610
0.5766654091208765 1.6302913361689626 0.2083521559892264 9 369 148
0.573452388225103 1.616214215493955 0.20641026772902205 9 369 157
0.5757312358659059 1.6009802709391807 0.2015589986943913 9 369 166
0.5723602953329148 1.586597480203011 0.19961705779396488 9 369 175
0.5741579780995378 1.5743612394526416 0.19573605145331296 9 369 182
0.5717695644241763 1.5559867177860396 0.19233881789918617 9 369 193
0.7809315920253534 1.2870212078021914 0.025983771056727445 9 369 287
0.5606804597076045 0.8371281588055722 0.020087930715737556 9 369 500
0.5526588249470294 0.8294595393632717 0.022026102986688723 9 369 505
0.4695089563603809 0.65476261353944 0.018601919851771398 9 369 586
0.4574300704166294 0.6392407578615407 0.020538739696847497 9 369 595
0.5127660129283077 0.7654167792380737 0.02268697650811391 9 370 538
0.6575484710412863 1.082369351776924 0.029291764928958575 9 371 390
0.533420761205772 0.8205203320109563 0.023876543456750055 9 371 514
0.5276594983814309 0.8074065157892584 0.023386128692539088 9 371 520
0.5752332109169012 1.74034936511434 0.23097752183755926 9 372 76
0.5713841677043454 1.540682350571255 0.18293736439028796 9 372 202
0.8032823202082713 1.357975662876879 0.025172523092963806 9 372 255
0.5640347006038742 1.519655728066316 0.17928928251923493 9 373 215
0.787878935639621 1.3491371690279075 0.027872219100255058 9 373 261
0.7817576649038158 1.3294472099290244 0.02590272076028166 9 373 270
0.7710214247358345 1.3165076843116146 0.027866599893332067 9 373 277
0.7501836712805259 1.2781342453956093 0.02835147443065278 9 373 296
0.4111948202047073 0.5847388620330389 0.01889324293074579 9 373 628
0.5758269308704099 1.7277029986770405 0.22399919666580737 9 374 85
0.8275032533709659 1.4246424930387676 0.022500886388071795 9 375 224
0.5056704382637214 0.8017012425968311 0.022393608083878913 9 375 529
0.44299041560678565 0.6568776671151779 0.016430482323197992 9 375 595
0.5695328433978794 1.5256032711842087 0.17224927657740952 9 376 211
0.4770675975692854 0.7496590531698515 0.020680462861629723 9 376 555
0.7953446715446204 1.3925123950516798 0.025068420692615057 9 377 242
0.7340603431122272 1.2856276584857507 0.02803906719589566 9 377 296
0.4812409823280345 0.7708380573773879 0.021474171194901026 9 377 547
0.42599089084535735 0.6482457416177447 0.017467674525488808 9 377 604
0.5765861686698426 1.633248195330301 0.19237672606022893 9 378 147
0.5742687314511534 1.6189865161138621 0.18987509507790035 9 378 156
0.5718795126958702 1.6045858961863908 0.18737344016823687 9 378 165
0.5712479294513455 1.5896769968680378 0.1838720396666409 9 378 174
0.7397779061555196 1.307814497678028 0.028374675001890726 9 378 286
0.5182639017730138 0.8634091487524952 0.024299450997019578 9 378 505
0.4654912442849739 0.7534413863501641 0.02228119704803655 9 378 558
0.4407325217361997 0.7113837108131507 0.023773411485530804 9 378 580
0.43878224679242583 0.7036983808958845 0.022772429915391523 9 378 583
0.7807695728684092 1.3787260015065934 0.023720323922630016 9 379 250
0.4808450606854826 0.80014461080152 0.024122147443041753 9 379 538
0.4779328680049866 0.7905994506595879 0.02311751886364377 9 379 542
0.6147988258766051 1.0842069543115045 0.02804333081896815 9 380 400
0.508728031183396 0.8574110970185476 0.022469470468851727 9 380 510
0.49747308129946344 0.8414854381216481 0.023976225120446615 9 380 519
0.45138369308795356 0.7405556216515019 0.020939849238903907 9 380 567
0.5731992160579962 1.5535613255788163 0.16783440224373936 9 381 195
0.5729859388826253 1.7278354430262972 0.21126354488019305 9 382 86
0.5703949732756803 1.5647825264738615 0.17020984114422322 9 382 189
0.7579394708725045 1.3658825669829968 0.02430676320193581 9 382 259
0.7461726044865606 1.348959851685628 0.025823326515624356 9 382 268
0.7346403691847636 1.3344424642944408 0.027846816722282064 9 382 276
0.46225431633545033 0.7857486287605215 0.022180926949506574 9 382 549
0.3880835995192815 0.6382812912539197 0.021142566270156093 9 382 622
0.3798850280700008 0.6185097446854466 0.02012613603099922 9 382 631
0.48084609377354803 0.8308686226299185 0.02207052635567719 9 383 528
0.46892949605974477 0.8000026863248176 0.020032627502807765 9 383 542
0.5760853627417867 1.6129441567335718 0.17606475981033942 9 384 160
0.5690239961459898 1.5193661500969742 0.15514616345539678 9 384 215
0.7820666086697565 1.4483755282129687 0.028699676395320006 9 384 220
0.41508627248418917 0.7029641150753334 0.01939462005362369 9 384 592
0.5729055009028269 1.5435192687056756 0.1575388601259562 9 385 201
0.5700278075194439 1.5282092522608788 0.15497883025775194 9 385 210
0.7237045224578642 1.3367214611424658 0.026564625077557302 9 385 277
0.6081205134948869 1.0993603600831023 0.02294334912987206 9 385 396
0.7737491759215769 1.4329529872118865 0.023952207760707833 9 386 228
0.7653624495894515 1.4264543781975223 0.02651679881681257 9 386 232
0.7627357145462106 1.4135823239394256 0.024462038397474184 9 386 238
0.7289548193162869 1.355983581984789 0.02650466286096198 9 386 268
0.4556652564092476 0.8308967661146032 0.027440508163934396 9 386 537
0.5750744184102166 1.6412718138553575 0.1783716038872178 9 387 143
0.5707183961709422 1.5841920349402456 0.16549160782198524 9 387 178
0.7111464990727243 1.3325510920837058 0.02696548495784734 9 387 281
0.4967612343890667 0.9020184262451076 0.02277288618535933 9 387 499
0.41811477855749146 0.7517359600109659 0.02326183562680928 9 387 576
0.7448648527829185 1.3991191154588736 0.02487609607488661 9 388 247
0.48013192764835755 0.891890988252253 0.02372414430536085 9 389 508
0.4698071523957763 0.8757942100933933 0.0247576860187273 9 389 517
0.42702322169333873 0.7852058260022796 0.022669519766588708 9 389 562
0.5692014881875965 1.5590746765136436 0.15376975038182406 9 390 193
0.5766109111186265 1.7395080464546835 0.19644983820145046 9 391 79
0.5696975682630214 1.5746660191657555 0.15574760898297169 9 391 184
0.7266109740727078 1.3851709627804443 0.023264303648328544 9 391 256
0.36632565501789016 0.6780918504878533 0.02053524101479931 9 391 619
0.7545954104306325 1.463920275787941 0.027469438552227166 9 392 217
0.4522728485500529 0.8670984701514765 0.024227899431669253 9 392 526
0.5677760738213313 1.520636632115224 0.13824233682601772 9 393 215
0.5741840074954632 1.6097086017242097 0.1570809027103649 9 394 163
0.5726787647814605 1.5428176042489408 0.1396965193126043 9 394 202
0.41140594514182693 0.8002640779356371 0.02269683114183274 9 394 563
0.3432681430764083 0.6567441040874722 0.01951345831003093 9 394 635
0.737184691922683 1.449564277080182 0.02549411370739829 9 395 226
0.726609023258258 1.4329692604854687 0.026547468190488477 9 395 235
0.6971307109440199 1.3759108877156494 0.026537642022344432 9 395 265
0.6891150710466425 1.3584580074488164 0.02600649876261274 9 395 274
0.6738784096441879 1.334778915861535 0.02758677093368367 9 395 287
0.43404938661396386 0.8628140226687852 0.025393067947090397 9 395 534
0.36953170911379885 0.726307137605807 0.02220085973181929 9 395 603
0.5726224092508267 1.5951673582756998 0.1500831039013587 9 396 172
0.39947703347566343 0.7894215840811727 0.02120867298788265 9 396 571
0.7124750091233538 1.4178307122353497 0.025103481658501625 9 397 244
0.5758614458755387 1.7408445304869817 0.18464837036637805 9 398 79
0.5713139995426626 1.6256405681859338 0.1553078868930764 9 398 154
0.45687409845212335 0.9262884243950903 0.023510989019565276 9 398 504
0.44807367402208953 0.9092542776532854 0.02350805552563706 9 398 513
0.5732281287632635 1.5800829078439163 0.13976764794944518 9 399 181
0.5707353018607093 1.5597893437733152 0.13548601241031122 9 399 193
0.7304324228158157 1.4931035691588725 0.029185728396000865 9 400 207
0.6970648803783324 1.4033944113491665 0.022196684633009944 9 400 253
0.3480135299696008 0.7258362146642177 0.021543545646751205 9 400 612
0.7273542261496786 1.474870689890539 0.02340652126717524 9 401 216
0.5718939069147831 1.6163761033172335 0.14283266284570773 9 403 160
0.7218337203117151 1.5207152665248118 0.034532155073188964 9 403 195
0.7002204571823378 1.4422215736226804 0.024231692345093703 9 403 235
0.39952569830357065 0.8466891066673827 0.02033914587950958 9 403 552
0.5727483294136172 1.6344750589835564 0.14553869691037147 9 404 149
0.7242312397170334 1.5285086227905675 0.033102170321552604 9 404 191
0.7041535096142304 1.462648440814282 0.025487628859029998 9 404 225
0.6662404267097548 1.395048904409548 0.027105249032850276 9 404 262
0.6617802828440076 1.3767738675618633 0.024386687317789812 9 404 271
0.6498750962167936 1.3614438326615113 0.026556417757090278 9 404 280
0.4094273725924441 0.8979602373998143 0.02701964412357105 9 404 531
0.35059887935921075 0.7763780280275352 0.02482640041749784 9 404 595
0.5728251026394962 1.6047955002345826 0.13518916726325525 9 405 167
0.4280075812482421 0.9293765922815256 0.02339973308722787 9 405 513
0.674794249642368 1.4314118986407838 0.02804709832714347 9 406 244
0.43521784112838346 0.9669864346145887 0.02544292031930606 9 407 497
0.7366325186789227 1.5670266949370126 0.027966396946253358 9 408 171
0.7230437508090746 1.5457886637493732 0.027101070669163452 9 409 183
0.7043573676995998 1.5134656289616342 0.0281982907140802 9 409 201
0.6665288637834723 1.4344750605097771 0.02653054069653582 9 409 244
0.6547039671910028 1.4192795786437709 0.028733496798412528 9 409 253
0.6945411953962903 1.4976015988030027 0.026790846441806737 9 410 210
0.6391960568742137 1.3750975884708885 0.022345230981052122 9 410 276
0.4037730912131312 0.9290227053419463 0.02503372725213615 9 410 522
0.6496883631558961 1.6060356065100996 0.08088079224002476 9 411 159
0.7033467424246322 1.5324325881089629 0.027335700905784854 9 412 192
0.6949626510779843 1.5162042978224055 0.027332906190455586 9 412 201
0.6616632543183935 1.4575102832678595 0.02899198147783988 9 412 234
0.38121614991578245 0.8935537840988228 0.022774545040870287 9 412 543
0.568762236907739 1.6396850232559579 0.13199962041211832 9 413 147
0.6759751647365388 1.4844948210077333 0.02650070748941391 9 413 219
0.669535973207321 1.4739502899940655 0.027056971536338237 9 413 225
0.6376460438423915 1.4064666040652274 0.025371176680940244 9 413 262
0.4073137879887663 0.9695111537646783 0.025591936351686217 9 414 506
0.6444330283681343 1.6271369861858065 0.08159124055557165 9 415 148
0.41333347774941176 0.9931439748871513 0.0245388679192724 9 416 495
0.6446732036596057 1.6431952557175031 0.08201724190430593 9 417 139
0.7215160224060075 1.583199189528731 0.020453821362659275 9 417 165
0.6399678767137724 1.6543141806668944 0.08592965346529868 9 418 133
0.6901023766960781 1.556131398072302 0.028142926207930352 9 418 182
0.6351900181671029 1.4479289387701613 0.027557962651507117 9 418 243
0.6331325967663594 1.4382046790035754 0.025857163775139802 9 418 248
0.6642343088850559 1.5168075766982665 0.02907008533180644 9 419 205
0.6082728253680206 1.3989236339649902 0.026209616107495393 9 419 271
0.6456469691453822 1.6693721172948914 0.08302882702721837 9 420 124
0.6407128014865014 1.6196717319335798 0.07105660367880806 9 420 153
0.396843174050852 0.998508947952814 0.026513251498753165 9 420 499
0.6707167257577054 1.5431737783724202 0.028706975413933633 9 421 191
0.6326399825219141 1.4675612885864786 0.028122566360608392 9 421 234
0.6394268378249389 1.6040986777928192 0.06293003894834626 9 422 162
0.6459616249187462 1.5040674877245124 0.02910436890107393 9 422 214
0.638700201852495 1.4881025490576392 0.02852863675401518 9 422 223
0.6088332582496254 1.4283820210275087 0.027945301035306125 9 422 257
0.6856051424705432 1.5869503264774414 0.026508825939894454 9 424 167
0.6278577317015642 1.4915922295933797 0.029238500961611846 9 425 223
0.614175761674268 1.4555756710948442 0.02634222888665272 9 425 243
0.3456507781089605 0.9243770692302897 0.022782707675477853 9 425 546
0.6421442779027913 1.6842921878646968 0.07725937807188876 9 426 116
0.6372426736254128 1.6405019351605543 0.06681763169771315 9 426 142
0.5986443383586452 1.4323914286401225 0.026204312654946715 9 426 257
0.6425049178113323 1.6555828775667876 0.06623135407775704 9 427 133
0.6297884502589047 1.50906975722262 0.029000277764865245 9 427 214
0.6435156543520685 1.532982934476231 0.02598372965015705 9 428 200
0.5847169497886615 1.419171859825906 0.025964129954233583 9 428 266
0.3530856893873613 0.9708252021125057 0.02588691903089857 9 428 526
0.6422185148711375 1.6781252067654382 0.06917017483106214 9 429 120
0.6364950401178745 1.6270919613851436 0.05688334214874213 9 429 150
0.6325276303013782 1.5280873943000572 0.028802241265196482 9 429 204
0.6013689367382075 1.4822312335319652 0.031053954349109292 9 430 232
0.3425963740332997 0.9604322981336088 0.024514427028759833 9 430 534
0.6413359300331104 1.551225380881139 0.026292816944918584 9 431 191
0.6413164085995295 1.6719987294171217 0.06162069253190583 9 432 124
0.6430626943389254 1.70872997087129 0.0699429590308096 9 433 102
0.6370337498127183 1.6116283737820547 0.04331672297857647 9 433 159
0.641024253319643 1.692561218880948 0.06408093334328624 9 434 112
0.6014612471250623 1.500238247521207 0.02787573947688249 9 434 223
0.586578751519682 1.4695342970863665 0.027277509937830846 9 434 241
0.3740309323677502 1.0429459915130939 0.022460157162902394 9 434 490
0.35139875032854606 1.0010363391552664 0.023045881727908002 9 434 515
0.5724397184325064 1.456571973559102 0.02961472990211722 9 435 250
0.5662686010422705 1.4408343325722721 0.028422738403689918 9 435 259
0.6381759198306391 1.6645407221619661 0.05288417307038462 9 436 129
0.6406162241878997 1.6522057818680227 0.04751527728590521 9 436 136
0.611935476564271 1.5341433143632712 0.027816664609642494 9 436 204
0.601540757358363 1.5197094530933581 0.029603126463781715 9 436 213
0.3382753664270395 0.9911777249899362 0.023548995567672204 9 436 524
0.6398365361807453 1.6850613339550227 0.05420170010972991 9 438 117
0.6321480717005254 1.637993009702082 0.043999764817399534 9 438 145
0.6293159435433351 1.5976465123889247 0.0308115173861373 9 439 168
0.6207126998050821 1.5828864142495465 0.031410305438132724 9 439 177
0.57697124777341 1.4906511475503916 0.028989245023927523 9 439 232
0.5528155734620056 1.4401105309609625 0.02777788144281801 9 439 262
0.6327795766194215 1.6205895973878666 0.03385106314068098 9 440 155
0.6143099185424933 1.5678183550170497 0.028415322304137236 9 440 186
0.6039704918163467 1.5534791417769667 0.030221761193303 9 440 195
0.6413799951667161 1.677221535770272 0.04243698443335853 9 442 122
0.5450171978220417 1.4491388476817235 0.029059309427823088 9 442 259
0.6299280341126717 1.6391414617821145 0.03521730046851379 9 443 145
0.5761141447396578 1.510432779215304 0.027291708589137875 9 443 222
0.5657975795799025 1.4810231377671497 0.024246869982131436 9 443 239
0.33288987058448827 1.037758365498004 0.026602324351715945 9 443 508
0.5510130507410266 1.4686109518908754 0.027335218939343875 9 444 248
0.617510127925777 1.607852994708441 0.028642439639433137 9 445 164
0.5836611136123117 1.5423346686930202 0.02863115656112758 9 445 204
0.5726233534198564 1.5285142585008349 0.031073873534002372 9 445 213
0.3230834297753711 1.0247564661289643 0.024263066874543382 9 445 517
0.6417055504591608 1.6983232330840863 0.038649689144571564 9 447 110
0.6384948542332602 1.6902246841731927 0.038033730127918774 9 447 115
0.6474779506771067 1.810367704988338 0.06960318043892655 9 448 39
0.6041253466734274 1.5946432156462915 0.026426975185112722 9 448 173
0.5527560754595834 1.5008616718555434 0.02825965457847457 9 448 231
0.611576531333053 1.6270926184623398 0.03023741710005312 9 449 154
0.5908302432315059 1.5812902335694998 0.02837578308154054 9 449 182
0.5832585839262372 1.5685163371506676 0.028991474125912964 9 449 190
0.5359905808577562 1.4856299742192622 0.029710749372825696 9 450 242
0.6260726932005883 1.6771800500383116 0.03125068294812994 9 452 124
0.6137501224678201 1.6514494424501216 0.030623296898930175 9 452 140
0.5483665863367656 1.5230137576191083 0.02997822374599335 9 452 220
0.5134882383171074 1.447987590488809 0.027473632153036887 9 452 266
0.3161238447297119 1.064089079870888 0.026784565094229662 9 452 504
0.626135681843341 1.692578730455127 0.03218722756811565 9 454 115
0.6177569037344074 1.663223000819019 0.027798423249522197 9 454 133
0.5893782888324615 1.6158004147603306 0.030295234522444203 9 454 163
0.564032255125164 1.5573563813881799 0.027153909851560964 9 454 199
0.5548081596324648 1.5470093815105785 0.029657106005897882 9 454 206
0.48952294997293555 1.4131357875198318 0.02712907325464453 9 454 289
0.5362561599865175 1.5084149188194311 0.02667470573874331 9 455 230
0.2967950160150383 1.0392852754036257 0.02471015468470661 9 455 522
0.6291509306084954 1.7042891361069856 0.030021817852884602 9 456 108
0.5414210483070188 1.5344787251835548 0.02999257436819769 9 456 215
0.5744785725121112 1.6032726898251455 0.02955693303438467 9 457 172
0.47454000637537386 1.404209853097752 0.027628910507355053 9 457 297
0.46715367890080417 1.3899128396883245 0.02762644838215067 9 457 306
0.5925246441536096 1.6467518602444682 0.0303894569811487 9 458 145
0.5833945178675645 1.6328248935163507 0.03165285449401589 9 458 154
0.5640558665614925 1.589774760137888 0.02974670912934041 9 458 181
0.555844245581654 1.5757530923111596 0.03037723010193938 9 458 190
0.5146448947694426 1.498932998058182 0.029298546872495557 9 459 239
0.4891918346069075 1.4290777178511687 0.022306304603016525 9 459 281
0.4995577992478625 1.4707833546174982 0.02759538507417636 9 460 257
0.45232709699220486 1.379363364668413 0.0275796414041527 9 460 315
0.6103577808414786 1.6919102426949155 0.02784885396699721 9 461 117
0.48371571054728546 1.4505203653228511 0.02908305968034619 9 461 271
0.28883361339194336 1.0695664122450181 0.02774167854602727 9 461 513
0.5527233013454401 1.592614098485309 0.029975814685224922 9 462 181
0.5204375316663418 1.5301215968158444 0.029965052691860228 9 462 221
0.4759955101744844 1.4366249651987373 0.027390669548690738 9 462 280
0.44337981115571 1.3660196468735897 0.024820304818514494 9 462 324
0.6012770459953638 1.6783010007165724 0.025101115483202152 9 463 126
0.592156707641551 1.6643826661168857 0.026381148098351903 9 463 135
0.5677141863599813 1.6208066355195536 0.027656073285906135 9 463 163
0.531755931946357 1.5661460328644954 0.03277645459205514 9 463 199
0.6402565578692074 1.8107941496708795 0.04271884570303386 9 464 41
0.48727991838416473 1.4754949709291165 0.02916047075212269 9 464 257
0.37349410436838304 1.2347188602665642 0.022047231749545038 9 464 408
0.5235411724986976 1.5579150129823294 0.03136530019620842 9 465 205
0.4184593462759917 1.3414597807650261 0.026816195062628445 9 465 343
0.6385835940592473 1.824507478959014 0.044607405151903645 9 466 32
0.5503717868481607 1.609017371598727 0.029061147587652658 9 466 172
0.4599017859972926 1.4245809342266085 0.025798322558924225 9 466 290
0.4519125329885948 1.4128457461661514 0.02708871130874979 9 466 298
0.43332537907443724 1.3712751900164055 0.025142976309566745 9 466 324
0.5705466857039622 1.652829249622508 0.028696055791354702 9 467 144
0.5669374936736672 1.6383897021415628 0.026102096280621323 9 467 153
0.5312279874469717 1.5823140689648916 0.030627555437926723 9 467 190
0.4901553309037564 1.5075677556141687 0.030253728778354083 9 468 239
0.483823730888858 1.4934499152281053 0.02960176593757846 9 468 248
0.43057659919694713 1.3922468564174322 0.030233869071688235 9 468 314
0.415814175149699 1.3628385332507795 0.027920880214106658 9 469 333
0.4662641263736981 1.467098882109084 0.028239017235117903 9 470 266
0.2797805929073961 1.104280096434258 0.02752367699056868 9 470 502
0.529753019880962 1.5984506662325926 0.029226360580005606 9 471 181
0.5036962969967147 1.548015139542988 0.029217674949104544 9 471 214
0.45790668221346675 1.4575252570760189 0.028547569799134864 9 471 273
0.5689357316087075 1.6734557309381095 0.026936343202560775 9 472 132
0.5434543620336835 1.6278503360482708 0.02824085941640475 9 472 162
0.4890672820058647 1.5207201870259963 0.02756622524204766 9 472 232
0.43688788189101635 1.4122884113573726 0.024922772745950228 9 472 302
0.365255373873432 1.2680614483357648 0.02292937999907363 9 472 395
0.5596033275367469 1.6601283693627957 0.026601332287003565 9 473 141
0.478223564575345 1.5100382173386904 0.029206917606910077 9 473 240
0.4656767654156546 1.483895362277112 0.028544567099775486 9 473 257
0.3549142038738521 1.2565022253648652 0.023900429280480306 9 473 404
0.34641799551378205 1.2437713331007625 0.0252139336195516 9 473 413
0.5027568413864352 1.5641094762988046 0.029556371623021604 9 474 205
0.4235612711781779 1.401537139070302 0.026230776610786433 9 474 311
0.3069139788366433 1.173897865900285 0.02553206252914575 9 474 460
0.6329045499585338 1.8263126707271242 0.031273999144028175 9 475 32
0.44361185602936903 1.4469305344591408 0.026580360240945566 9 475 282
0.4334260618410125 1.4346355432964846 0.02922298270840329 9 475 291
0.41227398577462504 1.3899831892744645 0.027892942807600907 9 475 320
0.5472450258241799 1.654100733146483 0.026967823545891667 9 476 146
0.33129724382644454 1.2361110968099744 0.02689584048276239 9 476 422
0.273949548795289 1.1139838204794514 0.022897738339786144 9 476 500
