1.97558915787604 2.063021921924649 1.1763924704377553 9 40 253
1.9902782372438113 2.0501675857893575 1.1772559265524465 9 40 257
2.4649491542765802 1.892028340753625 1.1753083848833183 9 40 336
2.4949030672410473 1.8538709649445198 1.178455189843165 9 40 345
2.490177349295008 1.8264054841396224 1.1818442856431637 9 40 349
2.4598724619682693 1.6491751438358664 1.2037054774721745 9 40 376
2.4492117759865666 1.5093396619098287 1.2203874615194543 9 40 400
1.5646349856371755 2.0798142546488787 1.1879536023356625 9 41 189
1.732882467374035 2.0976737511601993 1.178451500580959 9 41 213
1.903327681010257 2.0832695155844116 1.1726238897720056 9 41 240
1.9187557186330504 2.0654240769244545 1.1740299653985449 9 41 245
2.03186175122689 2.0521283643203136 1.1705996542698558 9 41 262
2.107746283195331 2.061152446320223 1.1662006697070528 9 41 270
2.271341054184833 2.036046274068441 1.1619259115321405 9 41 293
2.300592107909895 2.037491256369738 1.1604679434587868 9 41 296
2.314118567888051 2.0341172412045636 1.1602662391849314 9 41 298
2.387192675809339 2.026252384194928 1.157965273386976 9 41 307
2.502978102653527 1.7661058384216248 1.1832715458050622 9 41 360
2.4729969848417883 1.5981668640321456 1.20422335029986 9 41 386
2.4545526310538057 1.5609077209547697 1.2093914348021715 9 41 391
1.430909380026823 2.111878522489324 1.1861774793736344 9 42 160
1.5181585004880787 2.086085965466117 1.1852552373022855 9 42 180
1.5848741890355618 2.076334857023343 1.1833759486063897 9 42 193
1.770363281348974 2.07722791081979 1.1748536164073309 9 42 222
1.9448193016731774 2.062287093100453 1.1686963235269694 9 42 249
2.1759780980494887 2.068329349261496 1.1574952793426252 9 42 277
2.216270158825271 2.0663121655505488 1.1559044099706957 9 42 282
2.250868221327622 2.040284845104808 1.1573990255726625 9 42 290
2.4535986059536175 1.504587970845167 1.2112757085290355 9 42 401
1.6362101885104696 2.084834735581164 1.1758728796504014 9 43 200
1.8238914510128525 2.08217371100077 1.167425743871577 9 43 229
1.9072312523930735 2.0988472786155548 1.1615571273074876 9 43 238
1.9567339301255258 2.0595973924121833 1.1639010035824244 9 43 251
2.0650922151641433 2.059122584875074 1.1588981254272257 9 43 265
2.1121137105948655 2.0640740363584262 1.1561154625005314 9 43 270
2.127674208371776 2.063333047319346 1.1554768340963655 9 43 272
2.3188591151337064 2.0302960287793113 1.1504687804950815 9 43 299
2.4947077940095475 1.9726457620397881 1.1490959573935275 9 43 326
2.455897183313914 1.8416103302803781 1.1664491198519173 9 43 343
2.46908085338187 1.6463463072919717 1.1889923610682764 9 43 377
2.4506088896841574 1.5688181722220447 1.1990498294893106 9 43 389
2.4578363081239054 1.5500547280484698 1.2009377744431986 9 43 393
1.5651394569633086 2.0807052426627957 1.17559927512047 9 44 189
1.5997934232665287 2.085316266400455 1.1733849669411751 9 44 194
1.67724813085501 2.0820630312696533 1.1700555802698933 9 44 207
2.2427643272113107 2.0466313420694506 1.1471420672337875 9 44 288
2.5008449167580022 1.9955696363872784 1.1408533828010883 9 44 323
2.4875868322328984 1.7678599407825328 1.1686919633453274 9 44 358
1.3198824097320752 2.1052276562685046 1.180656902060983 9 45 140
1.4368147369079822 2.0894730340241217 1.1767856878288048 9 45 165
1.4831724047107426 2.085728003610185 1.1749500493678553 9 45 174
1.512658608007512 2.0809216924681038 1.1740741575108637 9 45 180
1.617809293911291 2.0851295827774328 1.1683821235093022 9 45 197
1.712079552945776 2.0906286413860675 1.163071331349105 9 45 211
1.7349829775106134 2.0997448470803386 1.160844948774456 9 45 213
1.794285076192157 2.0742571644530026 1.1609869680789022 9 45 226
1.8635758152150999 2.104559111887132 1.1539238532673153 9 45 231
2.04223854315103 2.059597852403403 1.1505223598820815 9 45 262
2.126163328616088 2.061727149212594 1.1461272229660406 9 45 272
2.289314257065756 2.0539679850772843 1.139014631360948 9 45 292
2.3169481961263276 2.0347067741324443 1.1399692791971283 9 45 298
2.4777125207150688 1.5752678749391693 1.187319790797877 9 45 390
1.5409753566295925 2.0803921385632 1.1686804913615927 9 46 185
1.6334938231139877 2.088470286029274 1.1630170213229665 9 46 199
1.751046243116675 2.1023710275447507 1.1553804118656834 9 46 215
1.8744536765064326 2.1015465840985934 1.149231712250383 9 46 233
1.9577132541760363 2.0662057680912422 1.1492984904460415 9 46 250
2.2046671012002887 2.056664059978635 1.1379504924030965 9 46 282
2.335806808585809 2.015200215229065 1.1363348890570029 9 46 303
2.5030393867211154 1.9895038108594205 1.1309810906442554 9 46 324
2.4672604169398595 1.915658445866329 1.1417411732433678 9 46 332
2.4915290054704586 1.8362578769757787 1.15013398146119 9 46 347
2.4733508601356964 1.7527394074080227 1.1611750349558227 9 46 359
1.3288953113526922 2.098740979618828 1.173392766194311 9 47 143
1.3383068534706908 2.0920031514380564 1.1737260934779328 9 47 146
1.6833382921152638 2.075911333414196 1.1577647123369967 9 47 209
1.923157982015519 2.0808758116897277 1.1446996402370757 9 47 243
2.0126284449400127 2.085843286018702 1.1394452071714398 9 47 254
2.0650028057812206 2.0708731041415134 1.138551182854027 9 47 263
2.369432873563973 2.024863335835405 1.1283503053438937 9 47 305
2.4737769016336713 1.782580903590165 1.152497350816686 9 47 354
2.455574195402855 1.5130750465076221 1.1863333211360363 9 47 399
1.3522680791995958 2.0848072520918146 1.1700521337614784 9 48 150
1.4709862681998789 2.079398845398708 1.1643923946213204 9 48 173
1.5245372097928684 2.081754086455594 1.1612501279962277 9 48 182
1.6425495690494594 2.0793436342325955 1.155259537326359 9 48 202
1.7839524738518837 2.083294419511546 1.1472410633818626 9 48 223
2.090839025377231 2.046651894354197 1.1353958036138172 9 48 270
2.2333662993464176 2.0450462456999565 1.128000325341903 9 48 287
2.316782998802746 2.0400129185083586 1.1241750945725515 9 48 297
2.4819988705449765 1.8234430626873177 1.141990349088255 9 48 348
2.462918723897682 1.532480695174006 1.1787665015389979 9 48 396
1.410067908934917 2.0966724208843144 1.161595924611396 9 49 159
1.4308198142819342 2.0898016001181974 1.1613133435425922 9 49 164
1.7097611458418394 2.076491818922464 1.1477318649495722 9 49 213
1.9326629656846008 2.0761913044431277 1.1355997652737932 9 49 245
1.9878107662627014 2.077958862462868 1.1323702174453993 9 49 252
2.13394050889789 2.047695033964996 1.1281378838715848 9 49 275
2.1512384280376335 2.0480295868184877 1.127152100573344 9 49 277
1.245477990680463 2.11197655966303 1.1649679923232081 9 50 124
1.6631955399951468 2.0811560892409062 1.1454508514840587 9 50 205
1.7477746058629968 2.0933176172698205 1.1392056036354985 9 50 216
1.828260912943879 2.073455325071871 1.1371803298800984 9 50 231
2.01423878334201 2.0490473799634805 1.1298226128542765 9 50 260
2.1882987758572234 2.0371456828111607 1.1215726826363395 9 50 283
2.2128307487924306 2.035956632438811 1.1203490739468527 9 50 286
2.285793398842267 2.056333890624817 1.1137294804622613 9 50 291
2.329889810619675 2.0290148530275847 1.1146684175853876 9 50 300
2.4846585168315753 1.8054171459700055 1.1338807954339467 9 50 351
1.3093604866931494 2.112560847510779 1.1575129743793764 9 51 137
1.478955915861232 2.082446816940087 1.151583709920338 9 51 174
2.0050158187391083 2.072794371599395 1.1226809245637313 9 51 255
2.1318377329749736 2.0393031095941003 1.1196240421393322 9 51 276
1.3317202374225243 2.1154073459328586 1.1520283482395104 9 52 141
1.4252406630683498 2.1022080788851207 1.1482185281503443 9 52 161
1.8463531499402404 2.0768131500632294 1.1267619477330308 9 52 233
1.9222503475531614 2.073393692840256 1.1227485620674997 9 52 244
2.029692896709215 2.0484350633471853 1.119609230700271 9 52 262
2.0989202709922896 2.045669409069726 1.115903896124828 9 52 271
2.29625469456916 2.0436591492036853 1.1045995791053445 9 52 294
2.304615140757553 2.036592457848658 1.1050028515747652 9 52 296
1.3668720905680891 2.0909664510736814 1.149179521261865 9 53 152
1.5604039746625653 2.083106329167012 1.1385866488201983 9 53 188
1.6462029731292278 2.089283103339785 1.132661255054971 9 53 201
1.7137295491995426 2.0986026496423524 1.127430556852961 9 53 210
1.7017470503424987 2.0691873056616403 1.1318908602573794 9 53 213
2.1403608800334486 2.04521915471157 1.108666556301897 9 53 276
2.479279203440321 1.745945474188079 1.1264414635895301 9 53 360
2.4769967855988164 1.5526505527732062 1.1511711975372085 9 53 393
1.562249914559992 2.0731449394617165 1.1356151180269032 9 54 190
1.7387234624185486 2.091205340776458 1.122495534383896 9 54 215
1.77932233323912 2.072948458266383 1.1223482397778393 9 54 224
1.9613849328629809 2.055720848460075 1.1134068129490124 9 54 252
2.010731598047491 2.0393421513823506 1.1124832670870157 9 54 261
2.4761594993963016 1.5347335952812524 1.1486239410193058 9 54 396
1.3188252304442714 2.089626579718334 1.1445855825705054 9 55 143
1.4038143649998054 2.0854040680211012 1.1398126915360853 9 55 160
1.679672618877701 2.0789044065595563 1.123391477111185 9 55 208
1.7524239431089201 2.0609872862092473 1.121150464709807 9 55 222
1.8153459554065559 2.0619379608762847 1.117091046856995 9 55 231
2.1897542450851115 2.0304497697779427 1.0977266893983437 9 55 284
2.4405293664875174 1.4461023497919903 1.1574002118276434 9 55 409
1.3456077836860691 2.091305144578631 1.1388269218149227 9 56 148
1.4361936171955547 2.1032100495501527 1.1314925815290198 9 56 163
1.5271430053387114 2.091679029429648 1.1271779879016637 9 56 181
1.5701884005457496 2.075334264438874 1.126549563706809 9 56 191
1.819857237696617 2.078143424950458 1.1102305817983646 9 56 229
1.8396245049001827 2.070752256460997 1.1099271097246368 9 56 233
2.030046038433722 2.047985694012112 1.100714939236136 9 56 262
2.101715298697203 2.0469132312934537 1.0962744113598215 9 56 271
2.2236344533374983 2.0356225941370942 1.089949588753731 9 56 287
2.2740879300617745 2.0460654299894427 1.0853696082041702 9 56 291
2.311426266112748 2.0270203688768076 1.0854564872309105 9 56 298
1.3847091824176325 2.112160788058233 1.1296779537146504 9 57 152
1.4424453223258429 2.09233775239698 1.128502510692127 9 57 166
1.4662498949279446 2.093990961802748 1.126733434677997 9 57 170
1.4894677098152609 2.094636656876981 1.1251343356817218 9 57 174
1.6282597333941775 2.0783438706559627 1.1182094657244215 9 57 200
1.6556798669654855 2.0744600613484447 1.1169282902225732 9 57 205
1.7658278175636295 2.079166712075492 1.1091271650418162 9 57 221
1.879532831467659 2.0803319479669877 1.1015569002085261 9 57 237
1.915258745283435 2.0732558623516204 1.1001511478044756 9 57 243
2.473117799000261 1.9849101141612975 1.0753053948060525 9 57 321
2.4803495078743003 1.7623526545443085 1.1039253303581438 9 57 357
2.4426520362834525 1.4028287718843595 1.1533800225011932 9 57 417
1.714320787339823 2.0688215306545223 1.1094883836532048 9 58 215
1.934968702457947 2.0584145608560402 1.0961676726413787 9 58 248
1.9542346927600143 2.055567055269486 1.095259696120912 9 58 251
2.260239606545265 2.042014709443384 1.0766700383489933 9 58 290
2.2940612206031865 2.020685975557991 1.0772249286447928 9 58 297
2.495128789549016 2.025031506270366 1.0632665465062558 9 58 317
1.2767401002142542 2.0885319980414465 1.1322396856517192 9 59 135
2.0716170809310808 2.054735876437653 1.082729961839207 9 59 266
2.1454407806388165 2.053941375796237 1.077821239692478 9 59 275
2.2685806561410176 2.0347059148973363 1.0720058452764785 9 59 292
2.44689362014599 1.7787759485826748 1.0937970300536441 9 59 351
1.413972761297988 2.0978033642529614 1.1177053013189011 9 60 160
1.4585080767274639 2.0923472565975745 1.1153482832351043 9 60 169
1.549029648365401 2.0906208229209096 1.1093089019880797 9 60 185
1.5904495183624807 2.089935445069497 1.106531522458677 9 60 192
1.6160787214624912 2.0849114855495774 1.1054263314309254 9 60 197
1.6747582430670191 2.080611395494703 1.1019355298170486 9 60 207
1.722148724732456 2.0821907572999456 1.0984426362676722 9 60 214
1.8291417592947896 2.0799576974666114 1.091329984552124 9 60 230
1.9552195545507245 2.0561047836056145 1.0857783467945508 9 60 251
2.217379454744665 2.023499396421479 1.0719686405084428 9 60 288
1.2925788810913392 2.096217201894595 1.122497976886636 9 61 137
1.3339699784812509 2.103131978848872 1.1186474486643774 9 61 144
1.6316657211505599 2.0880484883309616 1.0996530954253139 9 61 199
1.8989007484325002 2.0778119009643863 1.0821588744485733 9 61 240
1.9744050726627975 2.0590869616660035 1.0793411420591648 9 61 253
2.006839836290431 2.0664172866610295 1.0760672024767415 9 61 256
2.118063572118142 2.0518926284466374 1.07016373228167 9 61 272
2.451660429124253 1.7500422662330355 1.0871244645963891 9 61 356
1.467881521815866 2.0848248651147037 1.1075917560676922 9 62 172
1.4967542496815738 2.1032651911513334 1.1030230424136096 9 62 174
1.8479143452310773 2.0838444144825203 1.080380265772197 9 62 232
2.2473359169898792 2.0379851185783946 1.057836828482321 9 62 289
1.3649606102606608 2.0798203499482946 1.111752624837962 9 63 154
1.6007417395577672 2.0944232092891353 1.0924842211478025 9 63 193
1.6469615509933722 2.0786663124647258 1.0912389381970398 9 63 203
1.7249674880812402 2.078742474761926 1.085510762104056 9 63 215
1.7621428975625189 2.063554637699527 1.084851051361227 9 63 223
2.1272671872203417 2.0584346386384853 1.058783730634786 9 63 272
2.170516824557877 2.0396375192423384 1.0581695697629026 9 63 280
2.4684708557001573 1.7522321525514777 1.0754109285027484 9 63 357
1.3582425823212392 2.102148650903609 1.1052721737985967 9 64 149
1.4035974784740157 2.093365856667397 1.1030884595735848 9 64 159
1.4212255649187733 2.0948103812613583 1.1015748239882308 9 64 162
1.6724659733867397 2.066516692938249 1.0866920570734875 9 64 209
1.82927752067022 2.0861312152701816 1.072301609788218 9 64 229
1.8425535047385186 2.079072942562895 1.0722765641143437 9 64 232
1.9549746529136387 2.049115485512404 1.0679843539006861 9 64 252
2.147639565421592 2.0479537086353505 1.0537609304113225 9 64 276
2.2700504673903525 2.040617336582266 1.045627029701968 9 64 291
2.299839697678314 2.0291271410476064 1.0449758306839687 9 64 296
2.475803266866885 1.9833911181401045 1.038099660305158 9 64 321
2.454574680494571 1.7864912396071206 1.0666323881388093 9 64 350
2.475313846934828 1.5613482494240434 1.0958976202768889 9 64 390
2.4732337794635897 1.5152397361002468 1.1023633780211046 9 64 398
1.5996171421329444 2.087469216004444 1.0850070161460854 9 65 194
2.0375232699087604 2.0459030317298437 1.057450786180711 9 65 263
2.1856128535993684 2.050271958199251 1.04559388649918 9 65 280
2.4591192043065453 1.7640695679264418 1.064229646375038 9 65 354
1.537593813253057 2.0919670475347076 1.0849197637722168 9 66 183
1.552279810402604 2.082731399828953 1.0850640395996556 9 66 187
1.618126785216116 2.0936011072238143 1.078463531753108 9 66 196
1.6639609815511602 2.070746292878278 1.0780863153041325 9 66 207
1.7285508190195409 2.075968563953089 1.0723659508136039 9 66 216
1.7475082233303971 2.0810173501645486 1.0701995765234327 9 66 218
1.9000000884925008 2.0595498297480788 1.0613794360988065 9 66 243
1.9917392298401935 2.053490249354927 1.0551228989024732 9 66 256
1.2792265468009312 2.100218880993953 1.0999175848438827 9 67 134
1.3689027847383197 2.0972232149693495 1.0932769434099145 9 67 152
1.62204848650411 2.067152774415673 1.0775466359656873 9 67 201
1.6413315799786041 2.073570642655968 1.0751334460670305 9 67 203
1.9477050889931697 2.0490205398967896 1.0544433169987157 9 67 251
2.0321958062318513 2.0350462348906304 1.04974251156285 9 67 264
2.202327106264227 2.0620956413321823 1.032577397197242 9 67 280
2.4544740318356477 1.583274412086847 1.0795327409505904 9 67 384
2.466687078627452 1.549436668226208 1.0832922703132506 9 67 391
2.456217458031917 1.5162786716545016 1.0887423591662664 9 67 396
2.464922357975471 1.4594342722744569 1.0959877725836547 9 67 407
1.3413477324795966 2.1079078183222952 1.090014133143507 9 68 145
1.3829031402534826 2.095319492393155 1.0884542190517321 9 68 155
1.46562352150493 2.0896467031205006 1.0826272966386932 9 68 171
1.704301410818665 2.072026033037911 1.0659904132493807 9 68 213
1.8940961539761498 2.0668710872163025 1.051517386235735 9 68 241
2.005653360004054 2.0453992240319856 1.0455997126028602 9 68 259
2.0827609502673576 2.0615559832933363 1.037157319902274 9 68 266
2.46853418304151 1.4935023728331942 1.086023749571769 9 68 401
2.462736912364865 1.3927252933065113 1.1006371080263024 9 68 419
1.4255873179481044 2.0948021131454735 1.0810596285659453 9 69 163
1.6088172059767212 2.078716617099747 1.0684120515417213 9 69 197
1.7217082674746682 2.075879195419308 1.0596203110494544 9 69 215
2.0881415802254737 2.039970464873585 1.0348554118279463 9 69 270
2.2822151903034786 2.028062052874194 1.020734664036211 9 69 294
1.4000663595914076 2.0910197521306095 1.0796550565413394 9 70 159
1.4516598836968466 2.093195444621656 1.0750742488215304 9 70 168
1.77506803922949 2.081266708852121 1.0499950089343852 9 70 222
1.8754935519562936 2.063414990534384 1.0442188118052393 9 70 239
2.025251920259848 2.0606402060331006 1.0322146995437818 9 70 259
2.4569657427426974 1.503386290080023 1.0757018744714562 9 70 398
2.460138851095962 1.4551047346050865 1.0823037354545648 9 70 407
2.4639522948405554 1.3492046055454403 1.097044664587934 9 70 427
1.2798485665947472 2.096469023706891 1.0849694912644705 9 71 135
1.3614859288243832 2.0959722683291337 1.0781704185522671 9 71 151
1.4435430328473624 2.0967196723876507 1.071158023037486 9 71 166
1.4831672720028286 2.090753595597773 1.068677025302311 9 71 174
1.499697928916879 2.089965811654016 1.067398604765522 9 71 177
1.9713135041345238 2.0488375536658996 1.0335942295623473 9 71 254
2.2115031662234363 2.067784976179487 1.0106704402826998 9 71 280
2.2666680276731075 2.0229291202581203 1.0124455227397293 9 71 293
2.3434753017852445 2.024168903545264 1.0058044796476975 9 71 301
1.562783447408095 2.088098831308607 1.0581087202353547 9 72 188
1.6727578517252932 2.0610887554621304 1.0525920943475553 9 72 210
1.725058053750367 2.0790348364699494 1.0455358728188737 9 72 215
1.8598822612943278 2.068644370980734 1.0355015378835004 9 72 236
2.1199859876843363 2.0379717210461648 1.0176731393451837 9 72 274
2.239128446560507 2.028971996600643 1.008779694178111 9 72 289
2.39118586761346 2.029897433013961 0.9956425411957875 9 72 305
1.4091490378106761 2.095806306081544 1.0660870640451914 9 73 160
1.527294478272938 2.082558907170704 1.0577406575616006 9 73 183
1.6139236747973302 2.07801027461811 1.0508725690235654 9 73 198
1.7915241710620764 2.0773351973156835 1.0355391406057037 9 73 225
1.8223529833036003 2.0734571597489753 1.0334222553283186 9 73 230
1.8385099821761006 2.0750907278139312 1.031781791427793 9 73 232
1.914553745025036 2.0584924516056256 1.0275788672922448 9 73 245
1.937424670478225 2.0649166468156297 1.0246611128451848 9 73 247
1.9580182928846108 2.0503364341955326 1.0249837755677773 9 73 252
2.283469337500589 2.021069151041881 1.0009456853239258 9 73 295
1.3345736408091307 2.0900750036303175 1.0694475387509872 9 74 147
1.4409941272932787 2.094663637219533 1.0593864537606412 9 74 166
1.8691973045437171 2.063974943026908 1.026067505719288 9 74 238
2.05326949087161 2.0437845723371613 1.0127646169299132 9 74 265
2.085733762933543 2.0561975369721766 1.0080902789696977 9 74 267
2.0927695191227125 2.0360107745217166 1.0104114889731282 9 74 271
2.155725974731938 2.0450305443739674 1.0035405642816386 9 74 277
2.1969438295104986 2.0496868719368675 0.9992241724675375 9 74 281
2.2212985618441947 2.034983531845244 0.9992176766050842 9 74 286
2.3919847410968056 2.0296435013375045 0.9849317969874396 9 74 305
1.5930953180360856 2.057919671620394 1.0470371826790417 9 75 198
1.6734442397902265 2.0740946592789307 1.0374637432871707 9 75 208
1.8048689205385715 2.0891885908878294 1.0234710242811373 9 75 225
1.9527614591722848 2.0583711722670115 1.0147348848375954 9 75 250
1.983603007241031 2.058174624424093 1.0119994466983873 9 75 254
2.0014123406641042 2.0534783677659423 1.0110919062078048 9 75 257
2.2717442981365314 2.0251759754319485 0.9910129798960486 9 75 293
1.3906604580176638 2.0881748441335573 1.0567083957799357 9 76 158
1.6326153324768018 2.0598149314280287 1.0388744587321468 9 76 204
2.3057907817670555 2.0291003133302947 0.9821464240544996 9 76 296
1.4630214161524906 2.0887729244705695 1.045893581961442 9 77 171
1.5112310021877187 2.0788218742656417 1.0429172725599838 9 77 181
1.598034158317931 2.0811588229505507 1.0345518395891848 9 77 195
1.604563960991064 2.0692807134011497 1.0357117962077167 9 77 198
1.7858365397222409 2.065972533715834 1.0194575880992447 9 77 226
1.8478993206620373 2.07050111283668 1.0130522563336757 9 77 234
1.9866990238143902 2.047694266825454 1.003615859298237 9 77 256
2.078127765263247 2.056098197295262 0.9939225659876605 9 77 266
2.113346558083255 2.051011015950456 0.9914243165735528 9 77 271
2.188725354075868 2.0558135781777658 0.98374823310189 9 77 279
2.2139246520409097 2.05479766596294 0.9815712179102217 9 77 282
2.3251841463872482 2.029077062196799 0.9751113901059596 9 77 298
1.3980021716128985 2.096835284066489 1.046637811615137 9 78 158
1.414280784491526 2.0906803510398455 1.046030795338651 9 78 162
1.5757869684624655 2.0836550132511094 1.0319382032116846 9 78 191
1.7180990235875244 2.066599282807322 1.0211430282253517 9 78 216
1.8762488889298834 2.0759768248905215 1.004915551407482 9 78 237
2.226253002006837 2.024348003064864 0.9798115959706921 9 78 288
1.4581669814593472 2.084037331452979 1.0387659039545625 9 79 171
1.6638491346896063 2.0898597396803624 1.0183241403346877 9 79 204
1.69350502852256 2.0932218341473154 1.0149977946052102 9 79 208
1.76466311742101 2.078053532526374 1.0105072031059854 9 79 221
1.8976300217512891 2.075165624320774 0.9982916235752787 9 79 240
1.98496304579327 2.0333525847535556 0.9962653032954065 9 79 258
2.105301357341716 2.0573067211474054 0.981218437956017 9 79 269
2.3471340772199056 2.030282262328825 0.9622724077034982 9 79 300
1.5100764031851406 2.0781403120801736 1.0304988708438645 9 80 181
2.2416842279013793 2.0413444592542422 0.96545024333057 9 80 287
1.3369207585829725 2.0889551523814225 1.0415851448918474 9 81 148
1.3886210633766687 2.105323222716463 1.0340352380619473 9 81 155
1.457489032922614 2.089781853724487 1.0296562602960964 9 81 170
1.5855426450866004 2.075399851175622 1.019306952957277 9 81 194
1.7553115355392812 2.075816051986348 1.0026239221821305 9 81 220
1.916142187960765 2.084299633031481 0.9855893300830814 9 81 241
2.460427791906492 1.5711577047183982 1.0103249808974566 9 81 385
1.7255219037849683 2.067301751696158 1.0023194480254567 9 82 217
1.931477292850801 2.0589187177735035 0.9831540902697709 9 82 247
1.9672417501278714 2.0565663841784096 0.9799631306501722 9 82 252
2.2825733260192975 2.030449650800998 0.9526510741415468 9 82 293
1.4427934175086794 2.0926418374705578 1.0223608520314058 9 83 167
1.7754286658243075 2.0752444628228726 0.9915516856999438 9 83 223
2.019563408503518 2.0474610761238097 0.9712496179518724 9 83 260
2.423482437220758 1.6795963289595346 0.9871846516819812 9 83 363
2.4322633817513664 1.4716056581366526 1.018300532115223 9 83 400
1.41061925287425 2.088174689926245 1.02217730582031 9 84 162
1.7102178156550862 2.096715804185882 0.9902793275698735 9 84 210
1.8082491183654592 2.0606250421058707 0.9858599176947018 9 84 230
1.826662564288291 2.06420644823836 0.9834264388561522 9 84 232
1.9614061226913622 2.0578847175065187 0.9706532482077838 9 84 251
1.964738356228497 2.0415662335667246 0.9728386071772614 9 84 254
2.4648411065248377 1.4140784021263972 1.0189091436658324 9 84 413
1.496353575304157 2.0769437952186367 1.0109409444475859 9 85 179
1.6707572745389938 2.084465774137671 0.9917283047868568 9 85 206
1.753506358627293 2.0679600094001005 0.9857374913139827 9 85 221
1.8841964048215072 2.0695707496397677 0.9719671292636612 9 85 239
2.0231658857510246 2.043560086197558 0.9616400336452383 9 85 261
2.4754461198868176 1.6050176642939078 0.9831193954071649 9 85 380
2.4602273596297213 1.4004322995113978 1.016541055684176 9 85 415
1.4093900497820602 2.0873316126587214 1.0142010989064016 9 86 162
1.4527445598640452 2.091873479683482 1.0089446223618697 9 86 169
2.0641131685076317 2.0497862286615325 0.9514381187156427 9 86 265
2.459419369831134 1.578844386232187 0.9837326233005504 9 86 383
2.4345107803413497 1.372460048486925 1.0186591379733523 9 86 418
1.2911634678687607 2.091669701407752 1.0219529021781004 9 87 139
1.3521382592663087 2.084101284683758 1.016667137184594 9 87 152
1.3699980743036415 2.0921928326890757 1.0134954648035692 9 87 154
1.4927220970040582 2.079600836448122 1.002440880155484 9 87 178
1.5738858149386243 2.0952097741829547 0.9913601734989566 9 87 189
1.5946244098984854 2.0727790929668255 0.9926895587049668 9 87 196
1.7068514551301566 2.0874526383892213 0.9784561305219894 9 87 211
1.7707857970104715 2.058564957422745 0.9762134852513177 9 87 225
1.9155254142754008 2.05143055926466 0.9619605517071395 9 87 246
1.979657402712474 2.0595459303801276 0.9538693702444533 9 87 253
2.2795358037680153 2.0200269686804617 0.9282353399955797 9 87 294
1.3084143274326823 2.0882402919254486 1.0166697741199777 9 88 143
1.6233830101385651 2.088688358409314 0.9826979139847152 9 88 198
2.3889905898123756 2.0421306661170555 0.9076683589989225 9 88 302
2.4588793303057006 1.5772292988265557 0.9737865501219485 9 88 383
2.452147475466701 1.5222997487224161 0.983211971672068 9 88 392
2.4540821576392795 1.5118814156173086 0.9846540034979044 9 88 394
1.472811810192946 2.0773727407857443 0.9964803644656071 9 89 175
1.5090399954879612 2.090813338570238 0.9903890822349732 9 89 179
1.541173880649096 2.0993473423020697 0.9855258952298355 9 89 183
1.6472734351953995 2.0933359760614234 0.974915404323821 9 89 201
1.7755120614098474 2.062735589975534 0.9658084281606154 9 89 225
2.020478865681773 2.047100038927278 0.9415903099630075 9 89 260
2.259765085809852 2.0383012105464706 0.9169023699424386 9 89 289
2.4542576256134727 2.0180024443503353 0.8989304463484791 9 89 312
2.441057066436 1.5390335125822125 0.976676058980952 9 89 388
2.4366927301087666 1.4861130811446839 0.985582861157287 9 89 397
1.3463475145804416 2.096489391036978 1.0031607236006401 9 90 149
1.5599456859807799 2.106296788028499 0.9780011689570616 9 90 185
1.6866116543646146 2.0686798441506307 0.9700404678433318 9 90 211
1.87543465632133 2.068032244115081 0.9492920803012076 9 90 238
1.884801466407283 2.044382480784953 0.9520470496367228 9 90 243
1.9906425443441083 2.042377325254937 0.9406800629703829 9 90 257
2.445323736463893 1.4615166182937094 0.9835390607020907 9 90 402
1.3780675717094863 2.0782166920461154 0.9984893587751675 9 91 158
1.7048156802826449 2.06703131385986 0.9637499080072541 9 91 214
1.7925974789825876 2.059086554189425 0.9552130754334753 9 91 228
1.8415283709748795 2.0641365409426413 0.9489271046873647 9 91 234
1.8584659690155263 2.066098861278189 0.9467166688742166 9 91 236
2.4696671003847728 1.4054309436986974 0.9848260272319678 9 91 414
1.289422491424459 2.0973811348595595 1.0013195696705302 9 92 138
1.5666317943992485 2.094794349649881 0.9703476100358825 9 92 188
1.735247718860733 2.076352840170459 0.954242213619734 9 92 217
1.7490199831755922 2.070132418811044 0.9536907370218872 9 92 220
1.9666722646399548 2.0546631740054657 0.9315507724553262 9 92 252
1.979627233568781 2.0459768639061133 0.9314914734748249 9 92 255
2.009744924220016 2.0444640722203777 0.9283261125923321 9 92 259
2.062535771053724 2.060273271314852 0.9197860055627967 9 92 263
2.4458426895805814 1.4658750465808246 0.9727097540878037 9 92 401
1.3854621091168955 2.0809179035274488 0.9889912121990966 9 93 159
1.4760237921109298 2.08153651999904 0.9785077753209768 9 93 175
1.6372790362758507 2.0964823543093836 0.9575844803774891 9 93 199
1.840503619130605 2.069447129372455 0.9386916399644288 9 93 233
1.8885119015962504 2.0535076661604132 0.9357854673113852 9 93 242
1.930099205282919 2.0436086970441583 0.9277711259414497 9 94 249
1.9919941534811763 2.0620418604775796 0.9175666471583191 9 94 254
1.3676967732598588 2.0979784397163934 0.9800065347718891 9 95 153
1.418628397730535 2.099735082066115 0.9737342304504014 9 95 162
1.4298621307347843 2.093660104178749 0.9734159324865231 9 95 165
1.4548694079239044 2.0961680556827345 0.9700650435383604 9 95 169
1.4845005156240803 2.0786131156244965 0.9694778200193975 9 95 177
1.6858686075547746 2.0744143053558273 0.9465158296388221 9 95 210
1.8332767065911995 2.069386808281329 0.9300289283126889 9 95 232
1.8931187411701513 2.0445164533942686 0.9270986698912818 9 95 244
1.5410781483276224 2.0757504299757783 0.9589498705733625 9 96 187
1.6374687896229236 2.078263173952785 0.9470745081120188 9 96 202
1.739774850018978 2.068010777868546 0.9366116806127914 9 96 219
1.8501784708205813 2.071304507373233 0.9229410153169991 9 96 234
2.0232803974406846 2.041599742932907 0.9072861311686212 9 96 261
1.5899008536811188 2.0753781582845243 0.9487787465855136 9 97 195
1.6599020227496948 2.0811538949916 0.9393953431919597 9 97 205
1.946162050116341 2.0372680886012065 0.9122741946786553 9 97 252
1.3527218526770952 2.1001616759103583 0.9690574494865933 9 98 150
1.3949922986433931 2.092801708338791 0.9651461313776688 9 98 159
1.4625627652554585 2.07445910929557 0.9599961324717289 9 98 174
1.4976032017484842 2.07446957037906 0.9557295485048738 9 98 180
1.5552608463242037 2.065754692791658 0.9501725037713 9 98 191
1.76505783136274 2.072051360520161 0.9235824719237135 9 98 222
1.804366323282299 2.069227079018341 0.9192715026856251 9 98 228
1.6440857499949435 2.072425203024228 0.9337278130056936 9 99 204
1.299498822052937 2.093938568095724 0.9684791077493182 9 100 141
1.3187609487717828 2.0921618890036875 0.9663810304598857 9 100 145
1.396038736609222 2.088399298652952 0.9573935046812709 9 100 160
1.4133198122131851 2.0951997359302106 0.9540887861109453 9 100 162
1.553926932310488 2.064682939872725 0.9417469501000999 9 100 191
1.6950582518168793 2.0832580325294447 0.9210212461974024 9 100 210
1.7414280509914737 2.0695385027904125 0.9175705631128667 9 100 219
2.4463767920793327 1.56290955589652 0.9156157096643679 9 100 383
1.3290457990099984 2.086170821973754 0.9620220359506411 9 101 148
1.506671538531072 2.078238919656289 0.9409970515441421 9 101 181
2.4489736811092193 1.534588644130444 0.9149168208384051 9 101 388
1.3506332230726277 2.0868422634111212 0.9550576797738304 9 102 152
1.367901472594463 2.0880788712966574 0.9526458578916939 9 102 155
1.6112573656818716 2.0844845679673485 0.9222579902021418 9 102 197
1.3128784988537452 2.1045731865003945 0.9527310824017479 9 103 142
1.4650392147967948 2.078091881885244 0.9376897648869122 9 103 174
1.642941672942678 2.0841067895875165 0.9137350125597173 9 103 202
1.7451492966556792 2.0603606500755074 0.9046579209198038 9 103 221
1.3900026414747533 2.082796677826576 0.9423512557524103 9 104 160
1.4118987313437625 2.0824345896561085 0.9395618437003539 9 104 164
1.647816338496447 2.0639009129850843 0.9120415137932745 9 104 206
1.7029458305487921 2.0531861957616044 0.9067160355180666 9 104 216
2.4696724381477413 1.5475883874960255 0.8891551995864998 9 105 387
1.2507795823125512 2.092615313867086 0.9507580922398765 9 106 132
2.4546872934287647 1.5223149525803548 0.8903202956038355 9 106 390
2.4438970624721446 1.5057188674494437 0.8946617816198732 9 106 392
1.2635446845729368 2.090186001836082 0.9454454531243068 9 107 135
2.4371816176615497 1.609643969771893 0.8509229775141508 9 111 373
2.4486024155653356 1.5976551030936348 0.851475363181883 9 111 376
1.337418902808519 2.056716951723972 0.9207391765883595 9 112 155
1.428377447252617 2.0291817581521583 0.912819660567965 9 112 176
1.6323551584687241 1.982464725713848 0.8923437968368226 9 112 217
1.3068336333622554 2.076563436280696 0.9173653603177285 9 113 146
2.4586181695439784 1.519215249959292 0.8536477696599917 9 113 390
1.2341032574027442 2.0695162822117403 0.9250438724597565 9 114 133
1.4022830705636733 2.0260101351686655 0.908657673642532 9 114 172
1.4524392547706413 1.9770354692151968 0.9060910015054675 9 115 189
1.371485206104462 1.9999982873495563 0.9011979012578587 9 118 171
1.4492997299449646 1.9683908374049146 0.8953790038807319 9 118 190
1.5142816636246519 1.9673785667856927 0.885788743009017 9 118 201
1.5752040992429752 1.9598143778168335 0.8780305669065696 9 118 212
1.1311648498079345 2.0513061684346785 0.9239207098974346 9 119 115
1.1430404861854586 2.0367663031661825 0.9248401253358891 9 119 120
1.2782634664646486 1.992462415947714 0.9085492813438379 9 120 155
1.3053017791124186 1.9874850852207713 0.9053385187021976 9 120 161
1.3835305087213563 1.966043472480957 0.8973747350509689 9 120 179
1.4158802388734026 1.9583962583630063 0.8938518692412938 9 120 186
2.4106670556756926 1.6498862314370417 0.7993317204205215 9 120 363
2.411985161982156 1.6205477615125314 0.8046537948227921 9 120 368
2.4366180131224153 1.5737207070654442 0.8096921481513052 9 120 378
2.430942931408286 1.5532698233703577 0.8144135653367713 9 120 381
1.0530303272943058 2.074742625095391 0.9200069021260835 9 122 94
1.2087800287809887 1.9890077618116648 0.9119641179667718 9 122 142
1.2502907460557302 1.996369494245867 0.9040739253659941 9 122 149
1.4249783283906847 1.9561999837191695 0.8844033503812403 9 122 188
1.5393772416141258 1.9501542616156482 0.8676678153641904 9 122 208
2.4238318479379655 1.601493227700125 0.7957081455743126 9 122 372
2.455002064201961 1.5519432666711064 0.8002597885368549 9 122 383
2.4394154884769534 1.492152942480588 0.814069356288321 9 122 392
1.1316912121307576 1.994995371467185 0.9190287925165639 9 123 125
1.106120597067403 2.0039716585100753 0.917522787511893 9 124 118
2.400390849164193 1.6419024081744595 0.78093053150364 9 124 363
2.4175512514853152 1.602912084492135 0.7856883807283866 9 124 371
1.2564631018015557 1.986774622292155 0.8928436663407353 9 125 152
1.2931107177489582 1.9578752414618994 0.8925325362333498 9 125 164
1.3423433405151932 1.9587004488018889 0.8844586595169646 9 125 173
1.3910286879733966 1.951290191986672 0.878062971281033 9 125 183
2.430912468112103 1.5674648751670144 0.785007338673687 9 125 378
2.4471490802327573 1.493605295883271 0.7966589344585134 9 125 392
1.0940143668200977 1.9894697988613426 0.9146333912012715 9 126 118
1.1108482206714496 1.9818251333325851 0.9133858689842922 9 126 123
1.176575258078808 1.975469508734216 0.9039560704215066 9 126 138
1.2683377314797475 1.9655119688603944 0.891001418738164 9 126 158
1.3562064809478285 1.9560769228532076 0.8785770674282571 9 126 176
1.3769115336878348 1.9660775317941752 0.873277321751396 9 126 178
1.458656677961883 1.9551396054881671 0.8621380704857828 9 126 194
1.4920587128237783 1.934817077513812 0.8606628528300324 9 126 203
2.406091623470854 1.6557818792586048 0.7665244301819741 9 126 361
1.4130138869434763 1.9565158519331973 0.8650257338166873 9 127 186
2.4349419365341745 1.6038474517199763 0.7665020033022327 9 127 372
2.4274154004658968 1.5175252940720863 0.7845689022835287 9 127 386
1.0369277832070745 1.9914171962924552 0.916055624092946 9 128 105
1.0507509278336125 1.9865456977344276 0.914726906913172 9 128 109
1.1598146426118299 1.9734413164051154 0.8992787436850471 9 128 135
1.2243496093190047 1.9742046053687314 0.8884684760331032 9 128 148
1.2957779250092814 1.9499264391417648 0.8814273208303577 9 128 166
2.436166397828837 1.5561984537965683 0.7702102623178332 9 128 380
0.9868724947588372 2.0109460041377254 0.9168133809706877 9 129 90
1.1183817743521605 1.9579291045962326 0.9053361554709987 9 129 129
1.4110663954072766 1.9548325013573664 0.8571629568824066 9 129 186
2.403369890433345 1.6403180431054551 0.7537168814333267 9 129 363
2.4450811164068758 1.6379625884628803 0.747228601606063 9 129 367
2.429431692103714 1.5877439306515837 0.7597278633940271 9 129 374
2.4309360072765522 1.500401846614539 0.7766797390880207 9 129 389
1.0901432556692123 1.9747561770593736 0.9029213737963919 9 130 120
1.1391985192860006 1.9665334255620488 0.8962997763601088 9 130 132
1.2130983061705585 1.9618494488847116 0.8847999268741649 9 130 148
1.2866105556971106 1.9577589141610563 0.8732477876699212 9 130 163
1.1574827502587421 1.9717248658920221 0.8882875781537245 9 131 135
1.4276000828876234 1.9483300110658648 0.8471164129200573 9 131 190
2.420364353032357 1.5229358484371116 0.7633075639756737 9 131 384
1.0088682926928172 1.9905224607265544 0.906047868209414 9 132 99
1.2217934448529513 1.955125954761671 0.8766835960347708 9 132 151
1.3860566315563312 1.9473074995879178 0.8501350802504601 9 132 183
2.444365670914316 1.6662617782630509 0.7251937882964582 9 132 362
2.424091760958858 1.5889870601333504 0.7441082227811426 9 132 373
1.2351492969598996 1.953289904571172 0.8707454793191094 9 133 154
1.3251736785869856 1.9363022493116984 0.8586167656677169 9 133 174
2.432215016635124 1.5507793551471374 0.7449420717794022 9 133 380
0.9760700467892318 1.9756233334351792 0.907323591619452 9 134 94
1.1033534323800671 1.9699928257958075 0.8862973949578422 9 134 124
1.1351456800257995 1.957362254611411 0.8833108235382513 9 134 133
1.168766330637005 1.968972078794928 0.8751137302349714 9 134 138
1.1956693008679804 1.9602230229001434 0.872195116326538 9 134 145
1.2768583957299966 1.942254533861788 0.861684874332361 9 134 164
1.4604271452875648 1.9459749028540334 0.8289711100860438 9 134 196
1.040254026710741 1.9646305109897257 0.8946155389050927 9 135 111
1.0526999738683052 1.9635852117476147 0.8926418224083684 9 135 114
1.3269187013011414 1.9327591866710114 0.8507362011250926 9 135 175
1.3578752486175025 1.930388162579903 0.8457805915201704 9 135 181
1.380693597124169 1.942280926125211 0.8393615458540545 9 135 183
1.4349097467195124 1.93851807869512 0.830603450380115 9 135 193
1.4776193496684913 1.9451696917375894 0.8217540772500195 9 135 199
2.4187375210767272 1.6082414922361643 0.7248067971688188 9 135 369
2.400454623331979 1.5749929967405576 0.7347601888052686 9 135 373
1.060180862699423 1.9564758475735207 0.8889914697772872 9 136 117
0.9370921817538669 1.9802238792747904 0.90233030854282 9 137 84
0.9561575687218082 1.9726130012256198 0.9004833296949586 9 137 90
1.003217144248937 1.9796914584479692 0.8906285368038012 9 137 100
1.0104747792802842 1.9721752465645888 0.890871194302232 9 137 103
1.417775287716143 1.9510252472724035 0.8224525003179775 9 137 188
1.477046984099068 1.9447995846916593 0.8131405198108262 9 137 199
2.403275115998362 1.5750792032641447 0.7234053460734075 9 137 373
2.4215071722413444 1.507589202218007 0.7339676368786078 9 137 386
1.0887522586528977 1.959128975818508 0.8757259999317273 9 138 123
1.119071619882445 1.9450528540337515 0.8731609523791992 9 138 132
1.2351161828637087 1.9488832761365509 0.8514714916611941 9 138 155
1.2970894122715602 1.9420525216526288 0.8417144768806446 9 138 168
2.4268890419352065 1.6408600248365297 0.7001856910746782 9 138 364
1.1747177009446566 1.9431277283863797 0.8595799254931195 9 139 144
1.1931055265160408 1.9472985709841053 0.8553781487079206 9 139 147
1.2569692206628744 1.944691585041566 0.8443181379497021 9 139 160
1.3384212802730577 1.9456833593943474 0.8293198070923864 9 139 175
1.473600268469218 1.9416306518157143 0.8056063743246042 9 139 199
2.42381710489697 1.6755077869752497 0.688040062956525 9 139 358
2.4084194344708334 1.6487979915645923 0.6963579403770105 9 139 361
2.402825264418845 1.5675640209152197 0.7141663509924806 9 139 374
1.0843127729795528 1.9601319051498454 0.868643455651239 9 140 122
1.3669228863957956 1.9347584882492654 0.8221600864487858 9 140 182
1.4121425012259572 1.9516576940798014 0.8103691989797717 9 140 187
2.432839042115226 1.6000566139182657 0.6964801639320871 9 140 371
2.4309611506438307 1.5275556975829205 0.711882524936675 9 140 383
1.09990371529919 1.9512930288274681 0.8637628935072885 9 141 127
1.121864294874142 1.955324970095781 0.8588667797607905 9 141 131
1.2480285031768648 1.946842207486283 0.8373426073125332 9 141 158
1.2999373341643266 1.9516405215851655 0.8267570489968064 9 141 167
1.469222608259834 1.943479904657228 0.7972039653620786 9 141 198
2.4058669505356045 1.6461630199505228 0.6863118864827699 9 141 361
2.4224436218607908 1.6243653374409577 0.6878001097095002 9 141 366
2.41434961655224 1.4897054600572492 0.7173961561664942 9 141 388
0.9707852967823725 1.9669019343064467 0.8806580903473142 9 142 95
2.4401086301894113 1.548341931631317 0.6949088251631678 9 142 380
0.941796453686008 1.9673295760477159 0.8823152675406963 9 143 88
1.398276494337109 1.9380294028341996 0.8028244992358144 9 143 187
1.414381391921168 1.9366461688773633 0.8000936431069532 9 143 190
2.43212715382027 1.5259828329113794 0.6956139450269613 9 143 383
2.4226335751435606 1.4921722020132162 0.7045180946915175 9 143 388
0.9909210252265659 1.9609311190466614 0.870721543316012 9 144 101
1.0238348616428232 1.9588419759160955 0.8649372043386323 9 144 109
1.036835967806844 1.9586162954977349 0.8625254725487745 9 144 112
1.178367500595182 1.954819279444107 0.8365547451468713 9 144 143
1.3445516185435464 1.9472690975141755 0.8067147010252693 9 144 176
1.433249286498974 1.943856572013973 0.7906574950055392 9 144 192
2.438243687307088 1.630596793722364 0.6668383694437612 9 144 366
2.4218324966737392 1.6038367421238866 0.6756067600773626 9 144 369
2.411707792536989 1.5746069721732023 0.6837086163025989 9 144 373
0.9678459526029632 1.9702216946337288 0.8694178061995539 9 145 94
1.0751629090597459 1.950715063788854 0.8531010406513155 9 145 122
1.1560915798875477 1.9519487635019306 0.8374060942324788 9 145 139
1.2982008211546852 1.950684754650426 0.8105754997276818 9 145 167
0.9226132175481248 1.9705969880261351 0.8743238543290381 9 146 83
1.0118387328672613 1.9554588081891113 0.8604074853970911 9 146 107
1.0476818534829273 1.9505990455935787 0.8545561429786761 9 146 116
1.1222365318432712 1.9347000576542683 0.843622252603514 9 146 135
1.1979001770923103 1.949263004306635 0.8259674709512228 9 146 148
0.9459315192033009 1.969647742834852 0.8663647878502639 9 147 89
1.2157994397662364 1.95274314664299 0.8177096801757389 9 147 151
1.3138566478928069 1.9329172291074206 0.80296761762059 9 147 173
2.4120654412213454 1.5134568916165305 0.6802326561405413 9 147 383
0.9746645897801742 1.9639190294919289 0.85830433309774 9 148 97
1.1323514639558538 1.9418853462027972 0.832265166771957 9 148 136
1.2348147419483257 1.945543352364234 0.8114692756989952 9 148 156
0.9602170922189845 1.961858320115015 0.8578649128447193 9 149 94
1.0380523820853318 1.9567597312203766 0.8436522846572618 9 149 113
1.1238603460274412 1.9608448606475828 0.8258813290465377 9 149 131
0.9320865917435315 1.9576245176747635 0.8606547163675917 9 150 88
1.083579615542883 1.9518731659068487 0.831862549812145 9 150 124
1.099273234834464 1.9599054745649642 0.827002226464758 9 150 126
2.429139599727009 1.6157479283204044 0.6381617477024389 9 150 367
1.0396280036680998 1.9539636813158174 0.8362943736952724 9 151 114
2.411709573521682 1.686297381795084 0.6206019703203476 9 151 354
2.4238014996511175 1.5698794548686874 0.6436368101050405 9 151 374
0.9931353857287657 1.9564814136850104 0.8412689022743365 9 152 103
1.1432726863915137 1.9506887221565217 0.8123059371609871 9 152 137
1.0132092516292508 1.9549178471176452 0.8337682650659254 9 153 108
2.4090868204572384 1.6836150458849783 0.6103736313230373 9 153 354
2.4163349084660006 1.6316366924407555 0.6203706242257402 9 153 363
2.406958196744949 1.5962295809936258 0.6300850708738543 9 153 368
0.9039203715807425 1.9542629196801538 0.8524512389887563 9 154 82
1.0656015072931129 1.9482174893759958 0.8207340509696601 9 154 121
1.1360178369332503 1.9718140139714595 0.8011071390087956 9 154 132
2.406076089298692 1.6502420130176778 0.6127034734601424 9 154 359
0.9643358422307364 1.9708369431785557 0.8326718683083859 9 155 94
1.0209782090630537 1.9373403727602967 0.8284611641772098 9 155 113
1.079514128727386 1.9488608195118693 0.8138379420638977 9 155 124
0.9158808238593457 1.9553416972854447 0.8424345015792898 9 156 85
1.1240777034532314 1.9521848962619366 0.7999308554762281 9 156 133
0.9930608631731315 1.9531453871311941 0.8231161264493436 9 157 104
1.0647737168203266 1.9398984924595135 0.7837108412426552 9 164 123
1.2252133578016782 1.9392304592918577 0.748573518320222 9 164 156
0.91903958559975 1.9593546456687212 0.8075310005067908 9 165 86
0.9717344884289072 1.9632076940740308 0.7949602736058925 9 165 98
1.003259850907067 1.9360690207575868 0.7942936963265411 9 165 110
0.9775630951984713 1.9426578942732022 0.7946444126182235 9 166 103
1.118914185869039 1.9497298906570317 0.7614551815625498 9 166 133
1.07252029996845 1.950955601209356 0.7675476736567324 9 167 123
1.0849062976504096 1.954851938178892 0.7638499169222324 9 167 125
0.8969855070988935 1.9584842786363024 0.8015079073618435 9 168 81
0.9286923850834996 1.9573804867828826 0.7945947958187364 9 168 89
1.0314226002844098 1.9512022579222732 0.7728100156082208 9 168 114
1.202781274401607 1.938345165127377 0.7370738050149068 9 168 152
0.985617137189269 1.9376759256869063 0.7825302796844317 9 169 106
1.0296688165884702 1.949860435225894 0.7656873135456861 9 170 114
1.0821084599895858 1.9467658760405913 0.7543942894687636 9 170 126
0.9543444052207528 1.9658776517870424 0.7753309357689033 9 171 94
0.9223502268382395 1.9507304525793092 0.7825758834833013 9 172 89
1.0537656625694631 1.9352086791469314 0.7557398316984953 9 172 122
1.0079202577456245 1.9431917665088814 0.7370776031494201 9 179 111
0.8703417285719461 1.9392977246925178 0.7641304019749506 9 181 79
0.9253033618939726 1.9543171272381978 0.7468160383790378 9 181 90
0.9539970810000553 1.941699201204641 0.7428780161279185 9 181 99
0.9758931388707819 1.9481906985792015 0.7358535293812908 9 181 103
0.8789516298937878 1.941518474198973 0.7539598903790468 9 183 81
0.979800189954392 1.9486647211286638 0.7269406156872495 9 183 104
0.9612785645242712 1.953332636713746 0.7265000690265768 9 184 99
0.8944164552732281 1.9418516386169453 0.7424436815165458 9 185 85
1.0195692304616026 1.9496967664889184 0.7087502930931934 9 185 113
0.9048161765221874 1.9457000839410636 0.7350215261221436 9 186 87
0.989257477966657 1.9394645282851963 0.7150816108875868 9 186 108
0.9243073640166541 1.957027013284903 0.7194401728048929 9 188 90
1.4320581386202735 1.4287254986978888 0.7239711802112878 9 188 288
0.8737232233730072 1.9434745222899528 0.7322022212610926 9 189 80
0.8822835799540671 1.9449007619784484 0.7258126196068598 9 190 82
0.9129788332501063 1.9480101866240251 0.7169832818474448 9 190 89
0.946687535569716 1.9488493377961467 0.7040409152820568 9 191 97
0.9055543376425468 1.950986204294361 0.7065915646626401 9 193 87
1.365639735296605 1.4274774831727308 0.7212362981804628 9 193 278
0.9191288586914919 1.9532428038934682 0.6984945143142405 9 194 90
0.8669802711839534 1.938019509830873 0.7088770577462935 9 196 80
1.2704570970257278 1.4394513874663304 0.7277450359824432 9 197 260
1.2901581050201674 1.4127201577415587 0.7294879000986296 9 197 269
1.1883420186215754 1.4520669019729207 0.7353166557853141 9 200 243
1.2386395336743803 1.4419205414584884 0.724078044579323 9 200 254
1.1395737641696335 1.442906500857549 0.73254275905313 9 205 236
1.1586863022456786 1.4177589329280287 0.7302084697035094 9 206 245
1.1287739987027112 1.433564911454645 0.730699745430079 9 207 236
1.0645569800266432 1.459174017926078 0.7311321639941636 9 210 218
1.084277285144836 1.4357816001547934 0.7318846619711117 9 210 227
1.0242382399493675 1.4493821511970568 0.7385065204193291 9 212 212
1.0056068502566098 1.4591667788976488 0.7340650713913215 9 214 206
0.7435805941079385 1.939710476267652 0.6612564582154583 9 218 50
0.710360129316441 1.9389394363585795 0.6680356162604184 9 219 41
0.9458664448829204 1.4558402247346325 0.7318237018905752 9 220 194
0.6884289422977892 1.957182555049249 0.6621977492948704 9 221 32
0.7018743492636101 1.9390478275123768 0.6596161002524262 9 222 39
0.6735613984218746 1.9519505974851998 0.6574344874151778 9 224 29
0.6773834172691481 1.9441414135433195 0.6438586182800758 9 228 32
0.6835403228321848 1.9446011742415528 0.6343263521976598 9 230 34
0.6607681861726731 1.9412550204844616 0.6170647142165613 9 237 29
0.8258103843742326 1.3714167663527745 0.734494767390323 9 238 186
0.6524026722554881 1.9413153352905492 0.6088133916672445 9 240 27
0.7685355633639734 1.4006487043886324 0.7351459534968923 9 241 165
0.7597345346941755 1.4128497607148243 0.7277697629630714 9 243 160
0.7720657992186943 1.3751073467844592 0.7321401757435101 9 244 172
0.7691389631625298 1.334735885410525 0.7363182207144927 9 247 181
0.7861650835500795 1.3152719427110937 0.7364866108787462 9 247 190
0.6704918104941 1.951383903680269 0.5654275998470567 9 249 32
0.8679105197024595 1.2047410596176058 0.7329556853972926 9 250 237
0.8036763925591794 1.2563635064574774 0.736272777389884 9 251 209
0.7505272856291534 1.3283374072855403 0.7257110775686917 9 253 178
0.7597255396553269 1.297229811544322 0.729333737769473 9 254 188
0.7959475503346978 1.2296889337824783 0.7349969401501552 9 255 214
0.7552642613282592 1.2848505644105899 0.7286644394314253 9 256 190
0.7558643885235237 1.2576893562888372 0.7374758226070554 9 256 197
0.8532959371845814 1.1466820757481346 0.7314540459976853 9 258 249
0.7740903357727567 1.2248412015891599 0.7320294144224974 9 259 210
0.7861161415413909 1.2015174480672024 0.7353024088880904 9 259 219
0.7980907808792321 1.1782720464925491 0.7385684995592561 9 259 228
0.81345076021871 1.158023308105695 0.739540766366067 9 259 237
0.7472081370545882 1.2572740939096447 0.7281554212412368 9 260 195
0.7597205864818446 1.2266699898293179 0.7337049660122799 9 260 206
0.858406764687206 1.1066117315077575 0.7365398696812664 9 260 261
0.9264035948688101 1.010661158596757 0.742956505582174 9 260 302
0.8671180484306102 1.0807041942273683 0.7355577603570547 9 262 270
0.8795535546231041 1.0578337309514083 0.7353339889524612 9 263 279
0.9100902310715997 0.9990999498825239 0.7403434202939075 9 264 302
0.6353158784086232 1.9533384156738385 0.5168893195663515 9 265 24
0.7639406488569365 1.1480682709778027 0.7368875159924574 9 267 228
0.779784792399197 1.1254312517983602 0.7384633339014367 9 267 238
0.8031312831454447 1.1124372355090615 0.7337447767522606 9 267 247
0.81287394150791 1.102394628602809 0.7333731905125572 9 267 252
0.8241809554226511 1.0899564998300373 0.7332126799522922 9 267 258
0.8924565681154752 0.9902812803534826 0.7407389069048224 9 267 301
0.7486896216123715 1.1936529970505125 0.7239919566854638 9 268 212
0.7488482138175669 1.178792702908943 0.7290852063442121 9 268 216
0.959352773550441 0.927906398422441 0.7326926480342774 9 268 332
0.834922614107579 1.062697074711675 0.7320900780021258 9 269 268
0.7623240399296358 1.139284482764897 0.7312147067712572 9 270 230
0.766195219082699 1.110166877599632 0.7367408524088574 9 271 239
0.8792665130036796 0.9807630737471745 0.7366612120500202 9 271 301
0.8482225711463676 1.0099666941575003 0.7357663301191381 9 272 286
0.8708421373736286 0.9748136196294225 0.7358610953739831 9 273 301
0.9217718655811278 0.9113814332358482 0.7375940974203927 9 273 330
0.7439200121710325 1.1411786233676762 0.7255076574082424 9 274 225
0.7521063431288528 1.1302589986359575 0.7260397196869289 9 274 230
0.7595107733865414 1.1043749830061425 0.7321911230296996 9 274 239
0.8851240049765852 0.9540415652858393 0.7342554525036582 9 274 310
0.8866937248776916 0.9257794886975345 0.7436268482762318 9 274 319
0.7616037509931102 1.0743765980292241 0.7358259983755419 9 276 248
0.7715796968542894 1.0720082280073102 0.7325683550052411 9 276 251
0.7755471613552736 1.0578653433491665 0.7359809691458 9 276 256
0.7558191647265322 1.111781873137323 0.7217524054776344 9 277 236
0.8315905008918965 0.9941400120552752 0.7325530029658438 9 277 287
0.7843825070984145 1.03371693081044 0.734815780075408 9 278 265
0.7553332179890746 1.0970416739994993 0.7210275121270313 9 279 240
0.8770735380855825 0.9186662988452894 0.7345540661495262 9 279 319
0.7894646155911367 1.0068330002571517 0.7331759975811082 9 281 274
0.8834963285662867 0.8933706239892748 0.7347881845218086 9 281 328
0.8319620250198958 0.9344044480326545 0.7354465125847442 9 283 305
0.8481941105816606 0.9159647716460398 0.7352930706919681 9 283 314
0.889815042719351 0.8682716258961576 0.7350499929640246 9 283 337
0.745998288671551 1.050693600978522 0.7233402822116467 9 285 251
0.7464117466692795 1.0340454797491851 0.7292847938719518 9 285 256
0.7522970666085977 1.0218302391102863 0.7312566203636027 9 285 261
0.803868632791161 0.9604742724252657 0.7317375241309731 9 285 291
0.911078922265838 0.8326472660054907 0.7297316914434675 9 286 352
0.8512427451938296 0.8854117930950085 0.7329322025312501 9 287 324
0.8673931940434598 0.8666081988312375 0.7298403718839955 9 288 333
0.7472466113856457 0.9910620046178067 0.7327315586796852 9 289 269
0.7608758237632804 0.9717876265267409 0.7339756610995383 9 289 278
0.7416717751045143 1.0230979403150837 0.7201800732356961 9 290 258
0.8799857869912482 0.8272439271663685 0.7328792861392737 9 290 348
0.7856168722716261 0.9182890517838485 0.7341311438293621 9 292 300
0.797874578898951 0.9074795002311867 0.732788525562542 9 292 306
0.7460684374913784 0.9863835913473917 0.7229395334189168 9 293 270
0.8172539588567653 0.8821486605807783 0.7307420648511432 9 293 318
0.9143491124874901 0.7780089240368093 0.7270206318768047 9 293 370
0.7553481768246308 0.9383635122444894 0.7339778164082371 9 294 287
0.8500233775851689 0.8490187042753516 0.7256721383185735 9 294 335
0.8141044189285644 0.8519229496949569 0.7315759682417073 9 297 327
0.7501352454551007 0.9055314906043167 0.7280825680277334 9 301 296
0.7605613652837442 0.8848252266469872 0.7313275199372489 9 301 305
0.7777051317292034 0.874374537242155 0.7275134984396616 9 301 312
0.9480992882469423 0.22472215830694175 0.9012336742729372 9 301 611
0.948532678703486 0.1924548498679789 0.9135465489712584 9 301 629
0.7507981839315299 0.9210832744984685 0.7157590894719098 9 303 291
0.9008350627452157 0.19597983500702365 0.9126602325794133 9 310 624
0.8496775287193974 0.20097391371438122 0.9141646562290299 9 319 618
0.8625308754378369 0.18596002782962795 0.9139802750514643 9 319 627
0.8055171528849407 0.2270486323181774 0.9045734234586532 9 328 599
0.8086186664415491 0.19759196138833002 0.9154392581260864 9 328 617
0.819128056658057 0.1830428706646854 0.9162043554557354 9 328 626
0.8265745472774937 0.16855155794804022 0.9185150064324218 9 328 635
0.7612986860226778 0.22606412137544074 0.9074519807545355 9 337 596
0.7626369791016463 0.2132890773136853 0.9122972545113575 9 337 604
0.7893911492934089 0.17232000246255919 0.9159071465482553 9 337 630
0.7438506121504551 0.2347428185279657 0.9039601446745479 9 341 589
1.1058890844822125 1.0477386471029124 0.3424622946483713 9 343 316
1.1098957123488762 1.0454462866759608 0.3330188929602622 9 345 317
0.7187195393643202 0.21735138105192015 0.9142368416570859 9 346 598
0.7286895429105622 0.2036044637970405 0.9149022530102405 9 346 607
0.7486229848418291 0.16851934651040656 0.9196312252697979 9 346 630
1.1002629259887986 1.0507259001672735 0.3235038731642721 9 348 314
1.0775300403141224 1.0646924836404286 0.3256831573476675 9 349 307
0.7111450760226938 0.23697302776264184 0.9007651613479691 9 350 584
1.1313771997795272 0.6893891432320978 0.4576317214729153 9 351 419
1.0693003869653048 1.070163524892041 0.3070726507181032 9 354 304
1.08477900376101 1.0434417696031484 0.310544565325088 9 354 313
1.1182234839744691 0.667669361722919 0.4637758892364121 9 354 424
0.6813292145363248 0.21975117732211263 0.9144764327187835 9 355 593
0.7124078655357591 0.17215995808632145 0.9186698191686811 9 355 625
0.7171048944907752 0.15893443422519282 0.9220763680215031 9 355 634
0.700150483398192 0.18655053136184724 0.9168775982330808 9 356 615
1.0733301317389312 1.0515585182130247 0.3008470217854067 9 357 309
1.0742822835287824 0.6683011217130095 0.4665949682438326 9 360 418
1.0714479464307025 1.0694040745149889 0.2768639878177446 9 361 304
1.078100498792848 1.0532160011868836 0.28057016267857104 9 361 309
1.096010129788601 1.0516174905177742 0.2666500619853518 9 362 312
0.687216883000183 0.1625352792784881 0.9184801134022935 9 364 629
1.0680093254554057 1.0686080351266674 0.24105195351857045 9 370 303
1.085124376599446 1.042399492444341 0.24336125656901575 9 370 312
0.9924218595810625 0.6828132508609865 0.4719977219724476 9 370 402
1.0833412955621118 1.0522298567558797 0.22249684186574292 9 374 309
1.0957791619629091 1.05123599637689 0.21104364049244584 9 375 311
1.3074414732645756 1.118156193905989 0.04385423962667767 9 376 324
1.3273851041546352 1.087400803772761 0.03678212087391852 9 378 333
0.9547385029787214 0.6621377674364455 0.4768274837861328 9 378 403
0.9991827537193063 0.6191989181348376 0.47045693899790963 9 378 423
0.9359858489491903 0.6806138325156272 0.4723631117205498 9 380 394
1.0692804014240018 1.0785104154240208 0.18782350661902392 9 381 300
0.9527686131477431 0.6483283650550928 0.4744014595527599 9 381 407
0.9403675907045688 0.6695741638520047 0.4681103136334577 9 382 398
1.0766958935773352 1.0617326657345711 0.18275786359902413 9 383 305
1.2520761651742154 1.1284685438218334 0.034009760253901344 9 384 314
0.9663054094929688 0.6255253408347776 0.46676603822789553 9 384 416
1.0973102701802842 1.0484369067010777 0.16313072076818047 9 386 311
1.3076691493421735 1.0152325061785747 0.041014813262829186 9 387 346
0.886267786462652 0.692571709398607 0.4700351447350495 9 388 382
1.156082918398937 1.1945094111762022 0.03285327731950671 9 390 286
1.0646683857861154 1.0728653071871666 0.15394040666900377 9 390 300
0.9387971053223252 0.6049648124749258 0.473865016137869 9 390 419
1.1228589420334352 1.2132199342550871 0.03999584451098537 9 391 277
0.8843014117658077 0.664391097246048 0.47534360438334744 9 391 391
1.067904820365975 1.0785140114740681 0.1400552220201461 9 392 299
0.8976902059786032 0.6461658665446185 0.4725560791830592 9 392 399
1.113401370027421 1.2247505638209568 0.030655976751085667 9 393 273
1.129022825455202 1.1935240073015159 0.03173277936896168 9 394 282
1.2982172857460996 0.9897728603661404 0.02601111323809069 9 394 350
1.0976205523663853 1.0538994830901336 0.11982397951536639 9 395 309
1.2223345604617704 1.0709812782321673 0.028997430419737125 9 395 322
1.239134402421715 1.0408905344259995 0.03352269189491586 9 395 331
1.2856961169581753 0.9826299357413186 0.02820788392318141 9 396 350
1.0686030359938097 1.2380371802931642 0.03414559754942226 9 397 263
1.1873918740715486 1.0764659270733072 0.039592332968458654 9 397 316
0.8492080628309284 0.6735819962100291 0.4731423474736416 9 397 382
0.8573569294589591 0.6654604028534024 0.4719744274841462 9 397 386
1.0904646304426264 1.2118204933223875 0.02855401968135096 9 398 272
1.0967262092801449 1.134093251667165 0.06029361471126582 9 399 290
1.2196273461901648 1.037219018393766 0.029072935693422064 9 399 329
1.237588524556882 0.999567473109137 0.03680788598268303 9 399 340
0.8894338506061059 0.6063932753299591 0.4746963900426433 9 399 411
1.023766592923491 1.2690411483782869 0.033580589827460816 9 400 249
1.0490662556154509 1.2462304598087197 0.02863124590152255 9 400 258
1.070990965181224 1.211208627249301 0.03234972915194989 9 400 269
1.102115079265592 1.1780306806221295 0.028946489615295334 9 400 281
1.0905933698077375 1.0479484269721147 0.10494011303399509 9 400 309
1.277889171307152 0.9551652269799119 0.02352307132817444 9 401 355
0.852801048932782 0.6366473044745855 0.47655069813276585 9 401 395
1.0850278291849667 1.1839477458533771 0.027792955518547213 9 402 277
1.0682734389432764 1.046248390996781 0.11178036997140417 9 402 306
1.1931267996108137 1.034315886517431 0.03398278314328396 9 402 326
1.234485186640369 0.9796569648218776 0.03498361774783065 9 402 344
1.0310625097454287 1.2507039332940035 0.024168922358615452 9 403 254
1.038443307232972 1.2422903262619684 0.023635232306155718 9 403 257
0.9101525562786879 0.5620575004442001 0.4705274057092781 9 403 429
0.5893141842057921 0.2503350621897717 0.8524371833997272 9 403 555
1.0733938326850523 1.152708248467865 0.04275959549271846 9 404 282
1.0873717324150496 1.1442900740600892 0.03774959524304489 9 404 286
1.0595960736203642 1.05695696436561 0.10296328544060818 9 404 302
1.1564861305436527 1.0600986996095414 0.03558141695190731 9 404 315
1.175579259844576 1.0323039520900308 0.03739143544668844 9 404 324
0.9791869968523521 1.2797093165592257 0.03454506295952653 9 405 239
1.0443194169042345 1.2044786721348153 0.030281899485465225 9 405 266
1.2144095194108218 1.0060070960338474 0.020219513433201275 9 405 335
0.9969142523258026 1.2468528505788503 0.03530972805234156 9 406 249
1.0628913279146968 1.0795674696793829 0.07959599847949184 9 406 297
1.0639823021725765 1.0548520464230609 0.09205073945522924 9 406 303
0.8097086412999153 0.6621440331319526 0.475428255809202 9 406 379
0.8286451111031645 0.6446687226151391 0.4718295507102659 9 406 388
0.8365592912755371 0.6311094235078516 0.4736665605985655 9 406 394
0.8633243377877406 0.5915638861116691 0.4765087563577268 9 406 412
1.2057279256458207 1.0005312777504536 0.019474199232254463 9 407 335
0.9489965819750705 1.3016370341161614 0.029468592995634868 9 408 229
0.9879502321855982 1.2347987229142465 0.038585445616889036 9 408 250
1.0639554248981822 1.0882203033887825 0.06505701312819623 9 408 295
1.0709412177643902 1.0458951735129212 0.08298787763786031 9 408 306
1.14883275511308 1.0157519183271582 0.04562118441541374 9 408 324
0.7914538944336396 0.6788675825392465 0.47230409685145136 9 408 370
0.9682851782108239 1.2750305154438788 0.025826902928573592 9 409 238
1.061448351507853 1.1079509189710166 0.05155014194047847 9 409 290
1.0620621521719762 1.0653585716175882 0.0740698481139721 9 409 300
1.170944172492427 1.0106570167137725 0.028413340069631143 9 409 328
1.2112971184043035 0.9646634524365343 0.025347368936994297 9 409 344
0.9165645038130996 1.3356259222169888 0.024220122930060484 9 410 216
1.0054139608066295 1.183784844615641 0.04473535232815973 9 410 264
1.0209635088831557 1.1771933161258805 0.03753118275196421 9 410 268
1.0794702985853801 1.0589012910566284 0.06092919706135014 9 410 304
1.1142330544463637 1.0501527467136857 0.041588942625637504 9 410 311
1.2261115084869862 0.954884798556956 0.015599906446413403 9 410 348
0.7932411883423045 0.6620571910549977 0.47346432658740567 9 410 376
1.0047051635729414 1.2150527777475004 0.023653731701273273 9 411 257
1.0278785940194188 1.1594961337290148 0.03765384000814498 9 411 273
1.0384212380731697 1.1490864884360983 0.03596969243956405 9 411 277
1.0511053408513926 1.1267957203050911 0.03923455196654557 9 411 284
1.1818815530996818 0.9695451106101863 0.03357981649371067 9 411 339
0.9790278334926199 1.2272020474113001 0.030261054931934428 9 412 250
1.007839085115881 1.1759909136291236 0.03335600825992757 9 413 266
1.0502699194021627 1.1081538444742116 0.040640502884436325 9 413 288
1.0621884373957495 1.0684384577428636 0.05394333532477136 9 413 299
0.8032559500205805 0.6263965874785653 0.47588266146890823 9 413 390
1.0995498225481937 1.0484836741729806 0.03401086048756685 9 414 309
1.1315229325358427 0.9995227560462584 0.03832493467906661 9 414 325
0.7733356080654419 0.6659333973120122 0.47196076126409947 9 414 371
0.9977010560413924 1.1816403284245391 0.02808201913669439 9 415 263
1.040824187488052 1.1013221575153334 0.041726875773542504 9 415 288
1.0618985691786968 1.0761919866112022 0.04065733240881597 9 415 297
0.7844414194893317 0.6426542171784864 0.47358338896978314 9 415 381
0.937893068048806 1.249029379871455 0.02865165161750971 9 416 238
1.0256248580541738 1.1389428387705007 0.027159063739043088 9 416 277
1.1520548685833618 0.9724511957502684 0.02931963537942539 9 416 334
0.9093463662271013 1.2714389254540446 0.031912724705394746 9 417 228
1.117181509608464 0.994521436952083 0.03717268603386903 9 417 324
0.8789092206276559 1.3010509349523847 0.03259614380612952 9 418 216
1.0571185589503176 1.0509452206511098 0.04404790104107725 9 418 302
1.0795859576457612 1.0393295486988805 0.03448567863690166 9 418 308
1.1007811584900837 1.0139947217568557 0.03340989306801356 9 418 317
1.0815738499849208 1.015003646041113 0.041892067448380255 9 419 314
1.149819182658931 0.9617257233403673 0.022710834270129876 9 419 336
0.7833615628873596 0.6136053700919815 0.47717792463744324 9 419 391
0.903838712814298 1.2431786675270866 0.037728906629325154 9 420 233
0.9579005483449992 1.1731878393870674 0.03791254822883783 9 420 258
0.9780101496514966 1.1438152379659725 0.03983587171425773 9 420 268
0.9940279203819835 1.1377683830250884 0.03172599242586838 9 420 272
1.0077104709828892 1.121081047293346 0.03120187949571962 9 420 278
0.7995316729878386 0.5925679216239512 0.47400396644677434 9 420 401
0.8749837452241787 1.2832173830471791 0.03157609057618771 9 421 219
0.9420372751398685 1.2103637189865626 0.024000467376253276 9 421 247
1.0432230794220017 1.053996120874034 0.038444805041701 9 421 299
0.7521247518543481 0.6433108320004766 0.47648803928965844 9 421 375
0.8974394136117776 1.2375909256142275 0.036314932918188214 9 422 233
0.9135455424223846 1.232793005773545 0.027385213895591454 9 422 237
0.9482501269191408 1.192420254888245 0.02493018785017176 9 422 252
1.0179569535531807 1.0885152067084936 0.03274939634507468 9 422 287
0.8044150202234184 0.5698026158796661 0.47660457648904164 9 422 410
1.0747858127646657 0.9930706604053091 0.04051758612352785 9 423 318
0.9703110198406486 1.1418107858991284 0.02812545831302904 9 424 267
1.0487648889338372 1.0145914185839224 0.04269142860052977 9 424 309
0.8954322221087838 1.2310962664928693 0.02771992730494066 9 425 234
0.979976948080618 1.1398361174769522 0.017593896957294852 9 425 269
1.0321514607754374 1.0457906520969833 0.03260908676152541 9 425 299
1.0669849576244437 0.9797146341024782 0.044487003879132514 9 425 320
1.0989707521111591 0.9689387902500236 0.027269291491786696 9 425 327
1.0993890862827937 0.9569784622750654 0.03370596186961672 9 425 330
0.7928798227450029 0.5646156214714781 0.47805009691421274 9 425 410
0.8688063003396318 1.2634979434597686 0.024284351231726564 9 426 222
0.747365958098722 0.6154068350878823 0.4793257008114935 9 426 384
0.8054298827529154 0.5476974048239178 0.47517473963482293 9 426 418
1.052614676182964 1.007564550124847 0.030041811551204445 9 427 311
0.75901373279626 0.598469906653502 0.47714257069391164 9 427 392
0.9719990466922819 1.0986437808271845 0.0329439036764978 9 428 277
0.8639964928394317 1.2359463184862056 0.029802618119875834 9 429 227
0.9281265675208741 1.1490200373409736 0.032027654048138565 9 429 258
0.9332628682315256 1.139745187764347 0.033524127922258895 9 429 261
0.9427928356763402 1.1293807956556208 0.03239947152224776 9 429 265
0.9554126984733018 1.1255618936411986 0.0252638095021247 9 429 268
1.0165519754144132 1.0347578144053116 0.0319061464183823 9 429 299
0.7675215842924876 0.5773571516770811 0.4763876251932162 9 429 401
0.91507938400142 1.1564446844436804 0.032885426215301994 9 430 254
0.9577721359220921 1.0671271828420474 0.05233069319619332 9 430 282
0.7250793514619112 0.6207092184776265 0.4797786539219795 9 430 378
0.8683220944724273 1.1986249541637448 0.03889336724738124 9 431 236
0.9528276790527983 1.0973598594624114 0.03416604053612127 9 431 274
0.9885690373625611 1.0538846786223521 0.03253659860362568 9 431 290
1.0039570826093653 1.034541727712123 0.03219341923303798 9 431 297
1.037610867035332 1.0055190598722528 0.02383053790461087 9 431 309
0.8353671105756049 1.2379935705200915 0.03631672105175188 9 432 221
0.9695563630054636 1.057809348722328 0.039879139373537154 9 432 286
0.8517158844872921 1.215921980251855 0.032315717438833325 9 433 229
0.8516032096711179 1.2022113608996248 0.03581317592316058 9 434 232
0.997411035321085 1.0336502158490795 0.023859679468015704 9 434 296
1.0260793594544195 0.9532720993920528 0.04881263194881069 9 434 320
0.7290100270632762 0.5972486834867748 0.47746018415818137 9 434 387
0.7523685680809293 0.5698974091513991 0.47574616021648497 9 434 401
0.8182562655866856 1.2408157684151002 0.034037857570441865 9 435 217
0.9421898738974799 1.0804694119843319 0.03369857181884561 9 435 276
0.9617966679575518 1.0518467846537867 0.03553169703878156 9 435 286
0.9990355069842982 1.025761661950349 0.018036512354813627 9 436 298
0.8465863178251665 1.197751195864117 0.028693398020247063 9 437 232
1.0223385450334295 0.9579980643758175 0.03528340240629535 9 437 318
0.9038065325714588 1.1074844626225544 0.03345544107619802 9 438 263
0.805944409482759 1.2295637208093084 0.03202379834130964 9 439 217
0.9510772533886969 1.0478132517228753 0.02787253168663928 9 439 285
0.7069887889924433 0.6047351884702876 0.4737050544857755 9 439 380
0.8669739686236908 1.134882725532168 0.0365067240484942 9 440 250
0.9851260479811681 0.983249493159014 0.03523104232053553 9 440 306
1.0036011021389637 0.966118380549658 0.031164671320808246 9 440 313
0.7970699742271254 1.235124876527113 0.0266056391766214 9 441 214
0.935666953268377 1.0577308414597604 0.02477165204976539 9 441 280
0.9916253699558246 0.962427986351156 0.03347036858205299 9 442 312
0.7042753263316106 0.5795812562773297 0.48101864925310966 9 442 389
0.8539782362955557 1.1371804910038228 0.03172415529147665 9 443 247
0.8942302324202385 1.0783241231475065 0.035506473962480634 9 443 268
0.9731090828753741 0.9630996605733547 0.04285203039118546 9 443 309
0.816764716611369 1.1985019198838995 0.01965091318617329 9 444 226
0.8572832945116224 1.1267275391616516 0.03089898794212842 9 444 250
0.9067988147957464 1.0578520055739653 0.03345074538008097 9 444 275
0.8371488580548831 1.1493965352694822 0.02857180779916435 9 445 241
0.9013412825366776 1.0455442328476527 0.04054262323733937 9 445 277
0.9348630262604929 1.0108720506041213 0.03513740904690521 9 445 291
0.9478098415209866 0.9868813463638162 0.039366360217037766 9 445 299
0.8177730573953308 1.1681403357615858 0.02801666655338164 9 446 233
0.8595090597254267 1.1153254247077955 0.02701731085611825 9 446 253
0.8683540499591615 1.0964024116454516 0.026954541044971192 9 447 259
0.9294832956872165 1.0027942516511403 0.035202600162245634 9 447 292
0.9393130437905381 0.9849703280917541 0.03818964540764069 9 447 298
0.8562693431288806 1.103997234535089 0.027401059700730812 9 448 255
0.8207959149316812 1.1529556885229946 0.021376371001181393 9 449 237
0.9541023006442426 0.969566684519694 0.02686352897140365 9 449 304
0.7603322722288921 1.205645303016988 0.03285584184281953 9 450 213
0.9083888883228379 1.0081139239959411 0.03073647259569512 9 451 287
0.9558314271604813 0.969973194155848 0.016230464739702022 9 451 304
0.8520537936672643 1.0959292163526437 0.017725941099230536 9 452 256
0.923895713197362 0.9817795051294431 0.029932802731731822 9 452 296
0.7528362505698907 1.212205759267275 0.021580704399563277 9 453 210
0.7707207451466083 1.1751750682931439 0.029868802102593017 9 453 222
0.8219354906843748 1.1146590017920306 0.02586857626382688 9 453 246
0.8577622233143487 1.0832176540030583 0.016434930651750168 9 453 260
0.8779993492790337 1.0356959448405543 0.029236818242526885 9 453 275
0.8853542363957296 1.0285663636254112 0.027711367774428286 9 453 278
0.8889963808873018 1.002517292665111 0.036247166542697995 9 454 285
0.9155844450496651 0.9562972553367006 0.04319765081941096 9 454 301
0.8626192684171159 1.0487746018759236 0.02020585617723425 9 456 269
0.7552357705501043 1.1612353418438324 0.03326711485301459 9 457 222
0.8246430158408489 1.0741639573126909 0.030798793019487736 9 457 256
0.7772331097511762 1.1414780318089963 0.02325008447546839 9 458 231
0.7119534846086826 1.2046589672772159 0.03280503885505359 9 459 203
0.7280025758994415 1.180082745414573 0.03497051386080807 9 459 212
0.8164244654176047 1.0926201082526756 0.017213546367317534 9 459 250
0.7052150139674265 0.4972616793939015 0.47636007173668093 9 459 420
0.8637313259737527 1.0080458350435137 0.026687358951902107 9 460 279
0.876735044355984 0.9730812473753088 0.03778861021650881 9 460 290
0.7762936412370638 1.1147894834091527 0.027364277296502593 9 461 237
0.894433048049907 0.9489180821783381 0.033941435419893695 9 461 299
0.8476681500238288 1.012531915073255 0.028205871649503944 9 462 275
0.6668413000608671 0.5383050205330799 0.4727844368988299 9 462 397
0.7187903348200351 1.1541445327090798 0.04129912317047779 9 463 216
0.8593064243430253 0.9841979320316968 0.0275381327891413 9 464 284
0.7337442413001387 1.1290127354184094 0.03605799641451113 9 465 225
0.8157381500901852 1.0293264466369239 0.030835255889232638 9 465 265
0.8721679010004939 0.9687867861104857 0.022163291727850698 9 465 290
0.671430316029981 0.5054607540996753 0.4802290481964906 9 465 411
0.717843661461312 1.1318358974455813 0.04315832359001304 9 466 221
0.8693303848978635 0.943393425062232 0.03612147840870317 9 466 296
0.6978925286530526 1.1694385250082269 0.031691029420423344 9 467 208
0.6549459733036819 0.5203538785735067 0.47832896503345435 9 467 402
0.6750131703481819 1.1911411038945403 0.03273218412382484 9 468 198
0.7390617783252071 1.1039240765645832 0.034481105381962474 9 468 232
0.7104899511723075 0.4484626707754929 0.47436463721745437 9 468 440
0.7879058278675339 1.0483589666406834 0.02449679644638758 9 469 255
0.8222830177531688 1.005211154898078 0.02309344222006393 9 469 272
0.8288382836513866 0.9978856691503563 0.02225171669474424 9 469 275
0.8576718418854856 0.942881456043766 0.03304714273408105 9 469 294
0.7342555658136243 0.41977930216414683 0.4695322560530095 9 469 455
0.8313219581716502 0.9875126085955028 0.022378602486898158 9 470 278
0.6724511610698731 0.4828161397640728 0.4782068088454223 9 470 420
0.7395832598507799 1.0916503771343828 0.02885533546747876 9 471 235
0.7565325272206291 1.0684030671150089 0.02941009206326539 9 471 244
0.6632173176908228 1.1885425858604175 0.027069755972262577 9 472 196
0.8578035738958945 0.9230265350995134 0.03250271773400737 9 472 299
0.6408709775877555 0.5276448786436657 0.46999601312134853 9 472 396
0.7238854298272144 1.094789659004343 0.027161924351494005 9 474 231
0.7564263420548984 1.0598060436275831 0.02197629410463464 9 474 246
0.8481874825710043 0.93548718173471 0.023910634459092917 9 474 294
0.7688698658038617 1.032888832633283 0.02438174668243409 9 475 255
0.7864218773161757 1.0100563073572637 0.024133804330618958 9 475 264
0.8189478485780683 0.9818227654756665 0.014569458119398027 9 475 277
0.8435498192550495 0.9281903528333297 0.023840279130423747 9 476 295
0.6361711571950154 0.5035341086418104 0.47718634454914177 9 476 405
