2.457988829920912 0.849087577747657 1.2216711054967322 9 3 244
2.4651239264319833 0.8312203386523069 1.2234973844675197 9 3 247
2.447552114058473 0.7937144045570317 1.2234457071425302 9 3 256
2.420080747554402 0.7757261132628197 1.2211477446860852 9 3 262
2.4410225910094487 0.7408802838119455 1.2255482002766052 9 3 267
2.4464517713254326 0.7178306260648988 1.2274535313877768 9 3 271
2.462853615706974 0.6206094541115563 1.2347143990897058 9 3 288
1.9125009932742132 0.12220118414132153 1.196207112976369 9 3 445
1.8952602537557302 0.12007617662306269 1.1942650612138235 9 3 448
1.873665122419795 0.12767214256261328 1.1912730002605534 9 3 450
1.8352850866446877 0.11654845700303529 1.1872984728360985 9 3 458
2.519999090077801 1.5782150275028013 1.1854913200303265 9 4 73
2.5290142233788124 1.5615014969148997 1.1874549027565604 9 4 77
2.5124605668240254 1.517097890562138 1.1878897168456926 9 4 89
2.517811732704727 1.500445567063203 1.1894174423066621 9 4 93
2.507151342347589 1.466432567508852 1.1899889459825754 9 4 102
2.5052648134025786 1.4587583390326673 1.190179133660609 9 4 104
2.4990749548083198 1.4478448006596052 1.1900355648508678 9 4 107
2.5097300931195625 1.429674786808654 1.1922711303841764 9 4 111
2.4899249059905655 1.396929380882201 1.1916948067809119 9 4 120
2.4869998291364115 1.385250300032924 1.1919778643314964 9 4 123
2.472442817512045 1.3595843655789486 1.1916402261123884 9 4 130
2.478327283046082 1.3416990828995614 1.1932972513034739 9 4 134
2.508328001200502 1.2967680710039318 1.1992566014947585 9 4 143
2.515983537525937 1.2863529305228587 1.2007207889354814 9 4 145
2.5160662513387195 1.269107169248838 1.2016584563495034 9 4 149
2.494550054530621 1.2616059182827126 1.1995218796322162 9 4 152
2.4849722256390425 1.2251541071597647 1.2003524087718833 9 4 161
2.4849168424507213 1.2033173521931981 1.2015207894547217 9 4 166
2.493342956054917 1.1877385389885564 1.2033537800690834 9 4 169
2.5108047850579442 1.1424394345405808 1.2078526076362341 9 4 178
2.498608206803867 1.1144134719712904 1.2079206201417294 9 4 185
2.5038450015010123 1.0714723611395787 1.2108493023113684 9 4 194
2.4752690205982812 1.062393590922687 1.2079641329902253 9 4 198
2.4873046459657555 1.0444838028936259 1.2103486759735707 9 4 201
2.478597265003479 1.0334790504618647 1.2099127989318745 9 4 204
2.4556108288181067 0.9994727109489966 1.209028744600988 9 4 213
2.439790386567235 0.9628836422275636 1.2091296626441705 9 4 222
2.4615573108843702 0.9403923126477789 1.2129095805598131 9 4 225
2.4834160341620146 0.9224103471990666 1.21645771136069 9 4 227
2.4623214452916877 0.8917395844129232 1.2156175369122106 9 4 235
2.4641599699963734 0.6993286642268945 1.226187195170001 9 4 273
2.4503617999869074 0.6902179909144122 1.2250483947866853 9 4 276
1.8706655950741684 0.10726769345149378 1.1879755287412515 9 4 454
1.7241329928822626 0.11847618329175491 1.1700729789186006 9 4 476
1.710815564544385 0.11456114978994547 1.1687113847479969 9 4 479
1.697987455820594 0.11585688014456785 1.1671271957486073 9 4 481
1.679212621157763 0.11753652320771502 1.1648202864113506 9 4 484
1.5795511213410247 0.11355923538811785 1.1532683539355837 9 4 503
1.5609312082974571 0.11116503359496033 1.1511989263122075 9 4 507
1.5462597540560696 0.11573196795455676 1.1492211079135997 9 4 509
1.9413974067150397 0.10822520227597265 1.192126894298358 9 5 443
1.74345548679096 0.12211938547394618 1.1682798193435069 9 5 472
1.029310727072116 0.12333050367774723 1.0848388107327804 9 5 631
1.0199725822217875 0.12207734766846112 1.0838150734886327 9 5 634
2.5141277932191333 1.493960176477295 1.181590928142744 9 6 95
2.484435282201348 1.3243153353854087 1.1870389834839958 9 6 138
2.4859529588936766 1.1727720984128294 1.1951428998165494 9 6 173
2.4590944304624798 1.0407056256433975 1.1989520194658252 9 6 204
2.4598195489018684 0.8834206067980204 1.2072648510960247 9 6 237
2.459641809880615 0.794051493275012 1.2119201083257332 9 6 255
1.8747025399904946 0.11460587418311086 1.1799426355982368 9 6 452
1.3000765045185367 0.1071452994878257 1.1139975984181518 9 6 563
1.2361050022607636 0.09861543923106897 1.1070589484070936 9 6 580
2.4719721518310407 1.3566775565298732 1.1799851200720992 9 7 131
2.480976670467271 1.2618233297551877 1.1859050541730727 9 7 153
2.4830368076440528 1.191634851011003 1.1897602517740353 9 7 169
2.5230479927656813 1.1123677962737466 1.1984150553285504 9 7 184
2.5057073801143135 1.0948212311368914 1.1973409554902577 9 7 189
2.479469226618667 0.9964515156040891 1.199419948743891 9 7 212
2.4750083454065006 0.9885863927510732 1.199316482178981 9 7 214
2.5044314008468422 0.9101919051651657 1.2067178552144469 9 7 228
2.4376463238755304 0.7685575726999954 1.2064006511838128 9 7 262
1.6289510172109574 0.11132205565643671 1.1480018833755077 9 7 494
1.4584739550584889 0.1125436260831052 1.1284822780373214 9 7 527
1.285774545544613 0.10333380937585224 1.1092470495463804 9 7 567
1.1505960157053647 0.09731316352428965 1.0941296047739355 9 7 602
1.0650571903413157 0.10499387774552082 1.0839708874892362 9 7 624
2.5072957076976667 1.4276747327848582 1.1764361069985538 9 8 112
2.4925443872137643 1.369112278049248 1.177748759111882 9 8 127
2.485890719958976 0.8734081706214512 1.2021959750182092 9 8 237
1.5741413901284587 0.11228303590839372 1.138023585285171 9 8 504
1.4318048741635065 0.11524807863960751 1.1218146596775072 9 8 532
1.2653955566440729 0.1126642855580422 1.1031719356609577 9 8 570
1.210489753683594 0.1048393906837024 1.0973752992383639 9 8 585
2.493322666978519 1.34016074771825 1.1753394248502558 9 9 134
2.494004186236082 1.2068611334360706 1.1820921146962582 9 9 165
2.4597430972712324 0.9945983220871246 1.1889036022148793 9 9 214
2.5067111510121887 0.914706104852711 1.1981424437017383 9 9 227
2.472377451448999 0.8888813001146829 1.1956075482109667 9 9 235
2.4480809544714797 0.718050309043357 1.2014549127096992 9 9 271
2.0244823764202797 0.11870761272588437 1.18424104004251 9 9 429
1.3303776341126676 0.11626634694252047 1.1069666365162978 9 9 554
2.470649265869053 1.0378625189408164 1.1837850622690318 9 10 204
2.484711970679965 0.8544843424191435 1.1943830264235784 9 10 241
2.452484386266246 0.8280212370540823 1.1921375697565832 9 10 249
2.442454640234022 0.782147394936602 1.1932959113910064 9 10 259
2.4361805879712364 0.7494007787367929 1.1942203674728233 9 10 266
1.9988387271756465 0.11058593075788758 1.1775496916791244 9 10 434
1.8751898978196802 0.1246022350310736 1.1632329973717699 9 10 450
1.5774574886516153 0.1135869413829802 1.1309688383743761 9 10 503
1.474826830962095 0.10394429242685055 1.1201355710608698 9 10 525
1.3140625206169927 0.11974382584499477 1.101641064199614 9 10 557
1.187894087459238 0.10763336101354937 1.088335894642295 9 10 590
1.1457533376010691 0.09188236890399981 1.0844695237356405 9 10 604
2.486435348081865 1.1742473069802357 1.1747048135553637 9 11 173
2.496346143290061 0.9142739430621207 1.1884177493036558 9 11 228
2.0140205981203962 0.10938880140758567 1.1750185398200805 9 11 432
1.0509056676664237 0.0976499376538218 1.0707281209399542 9 11 629
2.521517623573998 1.1235666037724594 1.1768097925268926 9 12 182
2.491555994498161 1.0685732846925025 1.1762185487044983 9 12 196
2.478708241808688 1.0589209880411998 1.1752985013263517 9 12 199
2.471929322304777 1.0426358723467324 1.1753486045922725 9 12 203
2.4680203262335527 0.9924108452473757 1.1773314355832152 9 12 214
2.4767775154028193 0.9558509725255614 1.180022767769421 9 12 221
2.468232457589592 0.8367860318715263 1.1848009549674148 9 12 246
2.4547467982924718 0.756676093931711 1.18718371697955 9 12 263
2.4385576743099002 0.7281325297905341 1.1868082232222155 9 12 270
2.1089642079244824 0.11451573845746799 1.1807187020206904 9 12 418
1.414065695028964 0.10697501825003308 1.1063357622342 9 12 537
1.3716370454365387 0.11883360556133926 1.1012046696633107 9 12 544
1.285462165355172 0.13806121845106323 1.0910155917242073 9 12 560
1.1809404818553983 0.10544126884792471 1.0813340430987652 9 12 592
1.1081489305873584 0.1070992585474615 1.0734251979740703 9 12 611
1.0771724540332024 0.11531631356767758 1.069700157685258 9 12 618
2.5029745500080125 1.5458575545456918 1.1507673413446227 9 13 83
2.505213499911646 1.5259821379019989 1.15194141200729 9 13 88
2.494332815278905 1.4483231350454417 1.1544434023946626 9 13 108
2.4771276866590495 0.9415249843275892 1.176487313754832 9 13 224
2.4791026488221783 0.8822004991720782 1.1794915170800166 9 13 236
2.467951659398438 0.8170594543464194 1.1813751527488399 9 13 250
2.440714279855754 0.7885276514675521 1.1798253000561114 9 13 258
2.4335036842388966 0.7151739156297616 1.1825144213124021 9 13 273
2.074647091080767 0.10628531854000656 1.1730688901963138 9 13 424
1.6799386452319185 0.12505730055181696 1.1302494761441917 9 13 482
1.6644109028186218 0.12366840530036871 1.1286651764931863 9 13 485
1.6525202389027385 0.12436099043328297 1.1273692481538626 9 13 487
1.5373836681819486 0.10544813408159781 1.1160275971937612 9 13 512
1.5056637940242348 0.11232841013072914 1.1123334844714743 9 13 517
1.27259421400568 0.10638972898080534 1.087851096170044 9 13 569
1.2140471690103622 0.1027874230063297 1.0818005356501526 9 13 584
2.533844489561587 1.615429779199942 1.1469369203210327 9 14 64
2.429978687219708 0.6962573418956381 1.178647517281647 9 14 277
1.9391879160689682 0.10802715182455946 1.1544189569198684 9 14 443
1.5569494805479887 0.11168319878074229 1.1141430614980046 9 14 507
2.5386290053713347 1.580573168966402 1.1451860468946988 9 15 73
2.5063727490513794 1.3267836973451597 1.1534187384240577 9 15 137
2.491491715520334 1.3005464694668836 1.153073584776485 9 15 144
2.494499973477858 0.8665733182876758 1.1731775508816864 9 15 238
2.4758849501139295 0.7580154965855166 1.176199945134642 9 15 261
1.4123552741369305 0.10765421643962125 1.095673366897575 9 15 537
1.3634047021572617 0.11656043758333379 1.0901956214864659 9 15 546
1.3293492347658746 0.10412268077619169 1.087234532385718 9 15 556
1.2948118414004377 0.11463823229597647 1.0831766772502558 9 15 562
1.2503089585202993 0.09676343220679495 1.0793811447031023 9 15 576
1.2225896718787816 0.10631681826970274 1.076073565870489 9 15 581
1.0836488233932 0.11452504433243016 1.0613041494388087 9 15 616
2.528077714078448 1.4797810400953748 1.1447562267950517 9 16 99
2.526335221303457 1.3858619192016872 1.1487910389169165 9 16 122
2.501421925972386 1.2770460101875765 1.1511240654192707 9 16 149
2.4917665983551816 1.2492070545692522 1.1513852744699031 9 16 156
2.158058566575412 0.10494015032175863 1.1685816615381976 9 16 413
1.7447207534390226 0.12890135824692228 1.1252284882793788 9 16 470
1.603042708775079 0.12352510333845945 1.1109780986635291 9 16 496
1.5571690433788719 0.11618672607602876 1.106615090770278 9 16 506
1.3353782476028864 0.11232026365621994 1.0841026305351842 9 16 553
1.2037572407219357 0.10953509269003048 1.070764695069865 9 16 585
1.0645537129833922 0.11068485708640052 1.056474666250299 9 16 622
2.5367590449567934 1.4908053736188478 1.141209661372993 9 17 96
2.5025248891288996 1.2380182637411086 1.1489033467647207 9 17 158
1.6730915016265264 0.1193929688147124 1.1145018559819169 9 17 484
1.5431770784090808 0.1087099528097073 1.1018564560895538 9 17 510
1.1106419058162538 0.10066968495565742 1.0585408431830923 9 17 611
2.2374300376621545 0.12238680341774266 1.1667733755918877 9 18 400
1.7457545491508144 0.1329463622196585 1.1173246326901292 9 18 469
1.716305463133348 0.13289243394524775 1.1143926429137057 9 18 474
1.4647512604735984 0.11728708365639084 1.0900042244397048 9 18 524
1.8049503674116962 0.12285278917083176 1.1196556323118974 9 19 461
1.7846209913635873 0.13021577383891003 1.1173431940539764 9 19 463
1.76837598710719 0.13397781166698697 1.1155857456260931 9 19 465
1.4343349735189683 0.11317680757688464 1.0836301685108745 9 19 531
1.346735931104803 0.1185901628880508 1.0747870582764958 9 19 549
1.3031478040762074 0.11302823287531916 1.0707385914067475 9 19 560
1.1042745343598206 0.0929131537677721 1.0520430537331442 9 19 614
2.3054183970763917 0.132934200008747 1.163766659260676 9 20 390
2.2309927887347807 0.12695662255828943 1.1567981797176192 9 20 400
1.9105732531547086 0.1256143317673497 1.1257762810624707 9 20 444
1.476270526733126 0.11998526853240032 1.0838880688597918 9 20 521
1.3931308654821706 0.11160007379464965 1.0761751704703961 9 20 540
1.1809144467647172 0.09589240023551726 1.0562493689971615 9 20 593
1.3145548700106875 0.09803531428134393 1.065741662789614 9 21 560
1.2671121881502168 0.10936046033719093 1.0607375164493287 9 21 569
1.1668099406867516 0.09871749880361347 1.0515794948884998 9 21 596
1.1271171570250638 0.10643913330830124 1.0474648665078194 9 21 605
2.4579191152857014 0.9701579778589114 1.1350309512935377 9 22 220
1.7927771247957174 0.12753282579762049 1.106283294211019 9 22 462
1.690113683037057 0.12344444415349631 1.0967631484453848 9 22 480
1.6067525056554663 0.12318264741648366 1.0889095427023416 9 22 495
1.543111125134709 0.11238015761051567 1.0833416018043445 9 22 509
1.443785098277189 0.10123056505013572 1.074421230405608 9 22 531
1.3907668573184062 0.1134734164798532 1.0689255558968547 9 22 540
1.3570623595107199 0.12093240563856833 1.0654449452913677 9 22 546
2.4554724395669187 0.6749100350103405 1.1422470667169322 9 23 279
2.4599043387719 0.6568444392863901 1.1433746344427502 9 23 282
1.9817344571961364 0.12217029906571852 1.1200718368917835 9 23 434
1.5611679062413137 0.12039108728328829 1.0810253222099848 9 23 504
1.5445992566277666 0.12137202998406105 1.079445426180864 9 23 507
1.2620686362917621 0.10416860421232332 1.0538484205703833 9 23 571
1.2092761398605676 0.10382517631002575 1.0489517803350283 9 23 584
1.0297429765063089 0.10647058021359457 1.032148617968483 9 23 632
2.493599418979703 0.8739744277000236 1.133539775115405 9 24 237
2.469713767500994 0.5322105659390426 1.144625282792478 9 24 304
2.461868570169792 0.48604241216783617 1.1456993698458546 9 24 313
2.438330943786169 0.45963268554727454 1.1445672740802328 9 24 320
1.8998115825970059 0.10514029493138621 1.1089652192361126 9 24 449
1.5237987957183015 0.1212429738602201 1.0738666119039872 9 24 511
1.4994177345376465 0.12568219481303045 1.071458903225564 9 24 515
1.479716866470961 0.1254391090409004 1.0696621559445636 9 24 519
1.3550685350338425 0.12771022137485244 1.0581460897636388 9 24 545
1.2206657827174294 0.10416009287527883 1.0467387229746157 9 24 581
1.1906223893649295 0.09646078961862115 1.0442833924252106 9 24 590
1.0720998969756441 0.10522111126918876 1.0330768828556103 9 24 620
2.465349856642888 0.6757684001996993 1.13416221236407 9 25 278
2.4558226855621568 0.6697452202924301 1.1335308480773885 9 25 280
1.8773802684892633 0.11316673176337733 1.1024680156016116 9 25 451
1.707425995894138 0.12812286616111113 1.0865429603652845 9 25 476
1.5897497605976507 0.13397391484477517 1.0756880363194967 9 25 496
1.2992072474742822 0.1043947461075243 1.0505641226043836 9 25 562
1.0351900774599283 0.1021895032638307 1.0267941317638871 9 25 631
2.523846082728008 1.5719057096565674 1.1014228857557082 9 26 77
1.9315142793659295 0.11183609325332577 1.1032042287006703 9 26 443
1.4821956620637968 0.1273551522161125 1.06262720660271 9 26 518
1.410006872236618 0.11638978715012782 1.0566104513709786 9 26 535
1.10313953982783 0.10090317590066489 1.0298717753137008 9 26 612
1.0945707115789087 0.09225680527473168 1.0294317926135288 9 26 616
2.5284816657681892 1.5521082422436305 1.0986587278456783 9 27 82
2.5165091475095136 1.4943971547002906 1.099719852136618 9 27 97
1.9132713915985575 0.11000781770924895 1.0974624328181322 9 27 446
1.5681007423006348 0.11719329848799509 1.0669331064688823 9 27 503
1.4621054220598264 0.11116440020849083 1.0578593661035107 9 27 525
1.3574408335786976 0.11824664653319283 1.048422735571525 9 27 546
1.3019008853086633 0.11074929423042645 1.0438269178287034 9 27 560
1.1849582067905766 0.09187789574139593 1.0342630014964502 9 27 592
1.5360747610428747 0.1230624184688014 1.060233616884572 9 28 508
1.3730636896464683 0.11542811947683296 1.0464308103202784 9 28 543
1.1260723573062497 0.10391810762889553 1.0255150016567953 9 28 605
2.5315259665402663 1.4887028892449767 1.0932990246161922 9 29 98
2.53161140090939 1.4479803150792652 1.0947341824250034 9 29 108
2.5285958293991984 1.436210285905837 1.0948905126062123 9 29 111
2.5307670594046123 1.3690483615932012 1.09743006578951 9 29 127
2.5039776802021283 1.332570957191142 1.096431566380101 9 29 137
2.506615033012543 1.2146018527434053 1.1007922483623598 9 29 164
2.496828042078598 1.1994971542955957 1.1004898223020234 9 29 168
2.4555943012261188 0.16950594197794477 1.1330998351862602 9 29 367
1.6203973679899464 0.11244309411197317 1.0640950960513966 9 29 494
1.4766383648248889 0.12142520685917413 1.0515582486415473 9 29 520
1.2265424275543295 0.11501832046427074 1.0305205977573637 9 29 577
1.2070563731571122 0.11938372286560117 1.0287108917546037 9 29 581
2.5654431152003463 1.6689856262403886 1.0859744602136048 9 30 51
2.5276046950983564 1.5614155370643337 1.0864984367642359 9 30 80
2.5176714067236254 1.5353007184773613 1.0865631129211555 9 30 87
2.5400253322106146 1.4220416007563845 1.0923191761221882 9 30 114
2.4901867475125745 1.3191175058941287 1.0916795884220756 9 30 141
2.4934681151662335 1.301249785087656 1.0925671462687006 9 30 145
1.728526636898962 0.1288821579572592 1.0687759107131407 9 30 472
1.6023808431097706 0.11935084684364039 1.0585469649705888 9 30 496
1.5516341422503819 0.12234089252707059 1.0541978850173672 9 30 505
1.4067282402920995 0.11843883707972047 1.0422059685253544 9 30 535
1.2817268560951687 0.11307542283611838 1.0319298031380177 9 30 564
1.140692207234907 0.11384823373027309 1.020101458155318 9 30 599
1.1101696221091824 0.10948995930904992 1.017696832050178 9 30 608
1.062962339672987 0.09936782128546584 1.0140937598141102 9 30 623
1.0158853569108186 0.10237709731349476 1.0100511035437307 9 30 636
2.459573079930186 0.16045812467753562 1.1239743324919045 9 31 368
2.2580332997331345 0.12967624862617955 1.1084115908470018 9 31 396
1.6694408291472869 0.11287454670051233 1.0605087498776178 9 31 485
1.5234826116800302 0.11345862710901389 1.0484705109566725 9 31 512
1.4437698142940434 0.10832704087789669 1.0420788686973803 9 31 529
1.2688767866760602 0.11807866590847516 1.027350500219696 9 31 566
1.156302967327513 0.10229493811807444 1.018610335044559 9 31 597
2.531880762681842 1.5260530063567157 1.0801591242353696 9 32 89
2.5198409060080036 1.4919346208338866 1.0803025299678368 9 32 98
1.475260119715324 0.12716560128523158 1.0404353711483632 9 32 519
1.296188903289248 0.11007959862378391 1.0264900051697592 9 32 561
1.1995894792737918 0.12238418099232762 1.0182615605340835 9 32 582
2.516982934471597 1.0381109791649235 1.0906402687976677 9 33 202
2.291334342607636 0.13558023752594317 1.101570843725977 9 33 391
2.2727734830457784 0.13077360349130207 1.1002461431346156 9 33 394
2.239139383151376 0.125162040745054 1.0977464137719815 9 33 399
2.0437634588769193 0.1157113241757699 1.0824844862410652 9 33 426
1.5393917757978122 0.11768510356583528 1.0422405024328696 9 33 508
1.5099295864064715 0.11083843374127822 1.040112687137741 9 33 515
1.4940260094657212 0.11715973627783516 1.0386432658270737 9 33 517
1.4383451505787321 0.10274286640599661 1.0346692039423384 9 33 531
1.0984250581092285 0.09829943072858605 1.0077317897649123 9 33 613
2.481018841366158 1.1016070739904038 1.0815234180537412 9 34 191
2.463380347459311 0.591799771116224 1.0960826816177707 9 34 294
2.4591901077728333 0.4599044376657677 1.0998786213237972 9 34 318
2.4269044741256325 0.3922474875747155 1.0994653876599072 9 34 333
2.4149841805926275 0.38196354850791137 1.0988533002680554 9 34 336
2.446293376437046 0.3276855865340773 1.1030027472975499 9 34 342
1.2574148701390708 0.10987709522379685 1.0166952029890841 9 34 570
1.2430036967194436 0.11237459153491836 1.015488366055615 9 34 573
2.5204548434421694 1.2528777621329032 1.0757228078150085 9 35 155
2.4666460692005505 0.7503097523420013 1.0869124167929893 9 35 264
2.4833403552848314 0.7218083558373698 1.0890670806026526 9 35 268
2.4853509288487876 0.7103329524780364 1.0895719417023337 9 35 270
2.439988911201444 0.5101907303461586 1.0921856413184536 9 35 311
2.4469565807001703 0.4838515589226591 1.093525563381746 9 35 315
2.423510940407013 0.17214719213253415 1.1012298859854606 9 35 370
2.4048113125907236 0.14132289052209002 1.100730706497444 9 35 377
2.371245903445445 0.13364091955771285 1.0983811159338437 9 35 382
2.0715868720579236 0.12243291449175486 1.0756545678358704 9 35 421
1.067169440795685 0.11104187450676539 0.9986796072336679 9 35 619
2.5016430766243247 1.3399894826422842 1.0675457603260121 9 36 136
2.4984730262788233 1.297937730197701 1.0685568291205443 9 36 146
2.459607977864646 0.6588806731784533 1.0846261582355048 9 36 282
2.4174080536795537 0.24987868143036973 1.0936001411781606 9 36 358
2.405110745301224 0.16599586678144584 1.0951651145693624 9 36 373
2.3351331857271123 0.12197588031919837 1.0911814490008451 9 36 388
2.1345340212136388 0.1200501761373931 1.076065528008517 9 36 413
1.3295879546949314 0.12072166581095489 1.0151599105366504 9 36 551
1.3274343287501964 0.10191007251618611 1.0155565714016914 9 36 555
1.2862901129012652 0.1044376707016883 1.0123692626661245 9 36 564
2.5049423232734167 1.3523570766553537 1.0633576404603486 9 37 133
2.4771474442020063 1.3205024295795953 1.0622158594822126 9 37 142
2.435648728765523 0.42191315452127887 1.0851766246084154 9 37 327
2.4230969311490367 0.36547988446800583 1.085879697785293 9 37 338
2.1009097368220813 0.11043811821881233 1.0693346190572455 9 37 419
2.552637443340247 1.5930097830509866 1.0559725097206447 9 38 72
2.543692525896054 1.4700866015021727 1.0587888850533105 9 38 103
2.5250789244424388 1.4115516524167804 1.0590828861773742 9 38 118
2.508946214309934 1.3981087977190663 1.0582853639625207 9 38 122
2.475994665599955 0.8642552895656799 1.0709469590933274 9 38 241
2.495390623976609 0.8105878381058231 1.073876396227947 9 38 250
2.493823289578127 0.7906802872178713 1.0743238526789907 9 38 254
2.4662769026305855 0.7613999013610062 1.073140639788447 9 38 262
2.461546567120593 0.5601853851735923 1.0784738598101722 9 38 300
2.469389100041517 0.5225798958564392 1.0801072040445692 9 38 306
2.4402281111737456 0.2654330660403965 1.0852366245674854 9 38 353
2.429999797394562 0.21096753123180267 1.0860274930625036 9 38 363
2.3062962401922333 0.13644559577723347 1.079106336624131 9 38 389
2.0685017492927518 0.12436102679339012 1.0621002565561732 9 38 421
1.1851010168569942 0.12265886331812448 0.9977042085478843 9 38 585
1.0994680297365549 0.09382994988846116 0.9922708375789584 9 38 613
2.5354500505947843 1.6034596496629234 1.0504977771255821 9 39 70
2.500476191866504 1.5417961167287237 1.0496865864993008 9 39 87
2.5188770442154977 1.5271126017029435 1.0514073110372892 9 39 90
2.5178725029783466 1.0347920412655007 1.0648527680712452 9 39 203
2.497615368077533 0.9648017853497843 1.0653239700849793 9 39 219
2.4980716968183145 0.9056267967361864 1.0669813812900046 9 39 231
2.4620916627807325 0.8400467519971659 1.066205678500875 9 39 247
2.460187738427697 0.47681101089800904 1.0760425227228012 9 39 315
2.4245487039210523 0.40540625009224196 1.0754511628778 9 39 331
2.4143928385952638 0.3532258668004209 1.0761566557444957 9 39 341
2.448702326272528 0.3023268372617407 1.0800108458900954 9 39 346
2.163326908144689 0.1333458430641088 1.0642165645369424 9 39 407
1.0620244289056526 0.11095832550936802 0.9859740398862851 9 39 620
2.5220258475302693 1.5626992810122742 1.0467132837100348 9 40 81
2.495894784569659 1.1033695053656247 1.0571379300872157 9 40 190
2.4929966559613694 0.9226789515074831 1.0617573431098526 9 40 228
2.4770306951016914 0.736078200778403 1.0656164181237417 9 40 266
2.4619676162424295 0.576763760967546 1.0688105950342464 9 40 297
2.4667083473742744 0.5465799144106358 1.0699493325254261 9 40 302
2.441583474082805 0.4359035781071088 1.0711383508871894 9 40 324
2.4380420735450112 0.32688044689081996 1.073799610730815 9 40 343
2.4240458563028153 0.26366139573529646 1.074503746093058 9 40 355
2.407318190680469 0.23202672777096467 1.0741729248245524 9 40 362
2.230732526494679 0.13052337013468462 1.0644760624635288 9 40 399
2.204036277805166 0.12627888547127997 1.0627137845290275 9 40 403
2.1320176706590264 0.12135093266592101 1.0577855808427015 9 40 413
1.9325688172718176 0.12513994433098397 1.0436719591257644 9 40 440
1.705855395720711 0.11940030249909594 1.0278971775675645 9 40 477
1.6083301331849118 0.12089007872222446 1.021005674367411 9 40 494
2.5253960656789642 1.5900910562481054 1.0422895706575486 9 41 74
2.5024860650355416 0.9974952147698162 1.056075272934145 9 41 212
2.471934267832703 0.8665767917260183 1.0573643823055614 9 41 241
2.4923205605377263 0.6328402833667652 1.064829287797799 9 41 284
2.4812793954691976 0.6219344228448209 1.0643512293372472 9 41 287
2.398306597399541 0.3921698439493735 1.064590954523287 9 41 336
2.4541206184227553 0.28082581496988657 1.0713237921590195 9 41 349
2.388464764700432 0.15222385864410315 1.0701339150888742 9 41 377
1.6841755366381044 0.11760998727071259 1.0225006653345474 9 41 481
1.6611892029444189 0.11774824944770623 1.020913153654051 9 41 485
2.5118632500782434 1.283868206061783 1.0451477157274573 9 42 149
2.519481754650434 1.0683832404440492 1.0510843572483735 9 42 196
2.491836094567626 1.0538709617259174 1.0495818385746456 9 42 201
2.4776885338790002 0.958326341841439 1.0510301239499362 9 42 222
2.4792543258027466 0.8284433772766502 1.0544039729279353 9 42 248
2.4454455901898733 0.4222493855876994 1.062340445435093 9 42 326
2.44517880162115 0.31052944574875885 1.0651334784424038 9 42 345
2.125327236445345 0.10814994255103727 1.0486173096051787 9 42 416
1.9190430522069888 0.11884078970169032 1.0344122689861952 9 42 443
1.8153219868050572 0.1242352907352573 1.0272693998266247 9 42 458
1.7450746429750505 0.12660532368330246 1.0224640317951932 9 42 469
1.72674177533216 0.1156761624988496 1.021500504886848 9 42 474
1.6040995949205261 0.11338285973127249 1.0132728104463182 9 42 496
1.569988974197933 0.11528439048070793 1.0109205369527698 9 42 502
1.55266561198671 0.11683191879628585 1.009711275763729 9 42 505
2.4875353893498384 1.1299339839201963 1.0431399609979453 9 43 185
2.49136032125058 1.1195695164176778 1.0436460416048883 9 43 187
2.5024868480066127 0.9980457710982579 1.0473473095026522 9 43 212
2.4742722291673953 0.935469062514759 1.0470059017637015 9 43 227
2.520053253107823 0.87290691391449 1.051563131273633 9 43 236
2.492921217151052 0.6219115366634114 1.0558899450122667 9 43 286
2.4452807720262824 0.5079762025033712 1.055515335176535 9 43 311
2.1893526244732606 0.11875780259671553 1.048066364342782 9 43 406
1.6751343437226633 0.11457190968021047 1.0141238887847814 9 43 483
1.4746494387856697 0.1289132110664073 1.0005006234559444 9 43 518
2.5089490599453583 1.2940172339769749 1.0364106280830732 9 44 147
2.4969904971129586 1.076274289654293 1.040780001832844 9 44 196
2.5044568262267983 1.0359982886654813 1.0422158872485197 9 44 204
2.5153168768186625 0.864899899919505 1.0469630068235578 9 44 238
2.488236063049843 0.6461452617121881 1.0503755414470266 9 44 282
2.4480099958707604 0.5623957205767738 1.0497455813928842 9 44 301
2.4461221520564522 0.4906639642149879 1.0513180601441645 9 44 314
2.0138127513401662 0.1025247329307537 1.032452056893543 9 44 432
1.829223097017461 0.13404758319670518 1.0197357750687894 9 44 454
1.602789617675389 0.11958302616585503 1.0053923520362569 9 44 495
2.5124699429492368 1.3452544298560891 1.0313151733879664 9 45 135
2.5111909589475245 1.2233448421204127 1.0340209256679187 9 45 163
2.483513300590187 0.9373728683827987 1.038800955938255 9 45 226
2.4695623977783803 0.7140636483598888 1.0430201197929343 9 45 271
1.672043648886679 0.1113276401376444 1.0061559399561704 9 45 484
1.3238519698785707 0.1234695454099568 0.9837678183376476 9 45 551
1.3077035145844675 0.11636455484301189 0.982904800900855 9 45 556
2.4853614080281736 1.3894379235158016 1.0245376958496961 9 46 126
2.4953717127716892 1.3109776112282068 1.0268932068618382 9 46 144
2.490435388012391 1.1890778789059913 1.0292795314219576 9 46 172
2.491236165152133 1.143502412366516 1.0303361845079462 9 46 182
2.515138948456764 1.0041047044133857 1.0349013411353774 9 46 210
2.509278965169508 0.9916371535122068 1.0348126053805315 9 46 213
2.453807277630649 0.6845265898540638 1.0381501439637864 9 46 278
1.7463389211602447 0.13556662405292386 1.0063113999321078 9 46 467
1.269220608274702 0.1208914652128299 0.9769843151291437 9 46 564
2.5249630153769984 1.6045364891181526 1.01830895799347 9 47 71
2.4874332939635195 1.4956692099172986 1.0183489617243986 9 47 100
2.5015010434529747 1.4649657592529761 1.01985887227832 9 47 107
2.4982552292055553 1.4080056455004026 1.0208761675537297 9 47 121
2.517016908345135 1.3535554003221337 1.0231778012754646 9 47 133
2.477641568162614 0.959630857833113 1.029184140289999 9 47 222
2.481479362578483 0.9386440206835764 1.0298649650449674 9 47 226
2.497819593192548 0.9076773085633578 1.031518635873372 9 47 231
2.515820537680201 1.567121188460118 1.0145935539316189 9 48 81
2.538855765159178 1.547984570236049 1.0163559782927445 9 48 85
2.5229984254063833 1.4368012665541396 1.0176988135419003 9 48 113
2.4898505335266004 1.2033719652475008 1.0205266890079852 9 48 169
2.49442508564353 1.0876673317754162 1.023176812793849 9 48 194
2.4951672382913643 1.0164211965498118 1.024685343148411 9 48 209
1.8342226417042449 0.12850429282663622 1.0036531510996962 9 48 454
1.3663112359753655 0.11442121381897774 0.9761326297359515 9 48 543
2.5344459761903853 1.3419153757907707 1.0161699440719607 9 49 135
2.497817396983117 1.307197533706105 1.0147295534593521 9 49 145
1.7087251855449412 0.14202769499143408 0.9919538989345249 9 49 472
1.581060833070266 0.13451042563760618 0.984688334973891 9 49 496
1.4346644052624278 0.11103027230525653 0.976650692692248 9 49 529
1.4198658124297105 0.11693448268272144 0.9756744332795033 9 49 531
1.3893066102986178 0.12491332999308469 0.973741809154748 9 49 536
1.17724207798233 0.10083677480123554 0.9619021984255723 9 49 590
1.160541237616588 0.09698760033071263 0.9610084265186589 9 49 595
2.54197578838267 1.6154804236268188 1.007232498981576 9 50 68
2.5155080083255106 1.5837392123127338 1.0063348252040556 9 50 77
2.516733691618925 1.5560502913055816 1.0069308036048612 9 50 84
2.50058475968203 1.5147846047100426 1.0067994803995068 9 50 95
2.5013577629675305 1.4905615389345968 1.0073038862506323 9 50 101
2.5203154784530035 1.479211551775677 1.0085949197577735 9 50 103
2.496882289334841 1.3717993255709369 1.009308124197699 9 50 130
2.516649462395472 1.2680616247797603 1.0124016737321062 9 50 153
2.513172508460744 1.2512703042940574 1.0125237304017682 9 50 157
2.523777841708995 1.1164540883656253 1.015688553233249 9 50 186
1.6688769428195966 0.14645274032929745 0.9856438697840341 9 50 478
1.2063822211045128 0.1092480310863102 0.9601197800498923 9 50 581
1.151646826658923 0.09802819802142992 0.957228660461451 9 50 597
1.1156414803979913 0.10064268878014726 0.9551368219928531 9 50 606
2.524938039126475 1.331880817099548 1.0074968927574934 9 51 138
1.4513050867141288 0.11879017307360762 0.9701927618331183 9 51 524
1.422933042363663 0.10712861959410569 0.9688348957852723 9 51 532
1.2652892150971984 0.10198069464679538 0.9602020916377058 9 51 568
2.0915076281442206 0.1332648861537633 1.0008680563956527 9 52 416
1.523763082901427 0.12712210077749342 0.9703195631890709 9 52 508
1.4962536936443298 0.11270482156736739 0.9690860394809349 9 52 516
1.0582183751909637 0.12435355158455463 0.9452304821186546 9 52 617
2.152020694079005 0.13384096465237416 0.999539155071647 9 53 408
1.9936592147691155 0.12932457389610175 0.9912794871260017 9 53 430
1.3354634984198221 0.12724601535997637 0.9566712178937424 9 53 547
1.2500299147596579 0.11502811957916759 0.9523785737372649 9 53 569
1.2196627471395114 0.10620453813396336 0.9509275787075596 9 53 578
1.1957973940061772 0.12162166626763637 0.9494140477521146 9 53 581
1.0106185452776315 0.11666998251165861 0.9397501627842844 9 53 632
1.374239866965489 0.12942096871046616 0.9551428654866346 9 54 538
2.494283900300239 1.3231943635811687 0.9894173207235629 9 55 142
1.9392830675490957 0.12763836580296162 0.979832198764175 9 55 438
1.3097612130152256 0.11980991225372106 0.9485347020927217 9 55 554
1.2944182773765873 0.12254469993143435 0.9477275870885824 9 55 557
1.116961699929042 0.10114805919546876 0.9391958189330586 9 55 605
1.0538829093082704 0.10269509132243493 0.9360244546978017 9 55 622
1.3660300968255474 0.12734945593235336 0.9476991757119361 9 56 540
1.079377428510747 0.10683085388262947 0.9340803856002918 9 56 614
1.0440410677487892 0.10620263591786516 0.9323742361699096 9 56 624
1.0021160833253986 0.11735135266981578 0.9301789939972034 9 56 634
2.4892815000776483 1.5591539471629976 0.9776807306075807 9 57 85
2.5182593767548402 1.4784464546588802 0.9801452214406999 9 57 104
2.5241719579332207 1.4527327001811945 0.9807738144728444 9 57 110
2.4963570723220547 1.4206980239675393 0.9798973928783191 9 57 119
2.0406574762652454 0.11342573255102528 0.9761792957893906 9 57 426
1.9924128439418571 0.11764754642089459 0.9738461116918877 9 57 432
1.919643590583891 0.1381516984842337 0.9701346373569278 9 57 439
1.8791256330886799 0.10922903037589426 0.9686166721095356 9 57 450
1.222113027471545 0.10088343965512103 0.9377379106160478 9 57 578
2.5315700670901737 1.5891464833896878 0.975271865075228 9 58 76
1.967446498259335 0.12067286899876484 0.9682637143802353 9 58 435
1.1690640618372738 0.10694436338660651 0.9318713514115542 9 58 590
0.9943416932847893 0.11761864070204808 0.9237316440318044 9 58 636
2.531469849023569 1.620905696730702 0.9708856082163713 9 59 68
1.854160072473149 0.12511373526535774 0.9588092090563204 9 59 451
1.1563960575128707 0.09703559703316222 0.9281432887864911 9 59 595
1.1076448815370128 0.11727990562048696 0.9257332279700076 9 59 604
1.0940358520467652 0.11027699731283169 0.9252128897477621 9 59 609
1.0292553777485456 0.11075533971906726 0.9223286983575254 9 59 627
1.595250769919178 0.13800835292924196 0.9394515616383314 9 61 492
1.564403150470732 0.11969660414229089 0.9383575994465155 9 61 501
1.5456369413293083 0.12268597766347811 0.9375438558851187 9 61 504
1.1205175064665873 0.12439001161880414 0.919802316653262 9 61 599
1.0988258360420928 0.12858794277848684 0.9188539287880694 9 61 604
1.4376377266327012 0.12951089401362514 0.9293254877815691 9 62 524
1.4275630809942774 0.12447558014094673 0.9289682021368239 9 62 527
1.0627944972026644 0.1325656625586431 0.9141829005401394 9 62 613
1.0331903373377058 0.12915848028261157 0.9130224118519532 9 62 622
0.9860694975059681 0.13304967612576557 0.9110848033272047 9 62 635
1.6705732352176157 0.1351033882578938 0.9346996216745171 9 63 479
1.6540995180734555 0.13998366642443605 0.9340144792377011 9 63 481
1.5977689060976215 0.14032151060157272 0.9318177361171223 9 63 491
1.5847219019908598 0.1257991968999157 0.9314393604989619 9 63 496
1.500222816907765 0.13160187298780102 0.9280968156417913 9 63 511
1.3883960326473526 0.12526751071706865 0.9237984443739313 9 63 535
2.4966884418672377 1.1614652362414746 0.9534014319246312 9 64 179
1.757148481212446 0.1373244646170022 0.9339675695098619 9 64 464
1.523606510287759 0.12825263310781398 0.9252677422521287 9 64 507
2.5018036238027297 1.1325941257114693 0.9494936871889309 9 65 185
1.7190011518493549 0.1273900463405664 0.9285729084343441 9 65 472
1.5924669088584251 0.1394505323782358 0.9239045017837522 9 65 492
1.5588983031996753 0.11839796601273589 0.9228447911746027 9 65 502
1.7003822697598907 0.12219305523396473 0.9239129741371499 9 66 476
1.663465538269869 0.13545591090950104 0.9225403465664703 9 66 480
1.6220487270120065 0.12596123433992812 0.9211610352785881 9 66 489
1.339779601213678 0.13227760118871146 0.9112924868865394 9 66 544
1.378308263173753 0.15133880496849672 0.9089472705892284 9 67 532
2.506793530509737 1.5336080623133235 0.9346101235129438 9 68 92
1.6431807694536693 0.1378930004861929 0.9139413296204913 9 68 483
1.4404881178558928 0.140205981067685 0.9074324034131211 9 68 521
2.5160101644015787 1.5922552659229237 0.9306011328430357 9 69 77
2.5277509861340874 1.5748879340480766 0.9310349410635587 9 69 81
1.6890953205603025 0.14909939336134115 0.9113587042017155 9 69 473
1.5273877794058002 0.1389248034023418 0.9064417076651191 9 69 504
1.37124141645976 0.16393377152794075 0.9015460394007558 9 69 531
1.5241094852649215 0.1584712020250607 0.9024921433416161 9 70 501
1.452716134761348 0.1530931494976968 0.9004195480028537 9 70 516
1.4377556567429455 0.14785574553854763 0.8999994495606304 9 70 520
1.2049464856164755 0.20034652778109407 0.89299868906666 9 70 562
1.1724308231203613 0.21032558340269758 0.8887697421984444 9 71 568
2.497249888317336 1.341879245946495 0.9185264507490927 9 72 139
2.5034939617781444 1.2303819949380936 0.9189025407579618 9 72 164
2.498024384536509 1.191168076508492 0.9188315002485279 9 72 173
2.495466033895709 1.178208772249086 0.9187881103487998 9 72 176
1.584634030786264 0.16158875103531356 0.8965496351745856 9 72 489
1.4906343874319288 0.1711654309066124 0.8940384431259963 9 72 505
1.2737350037083117 0.21329043360606148 0.8882061886086569 9 72 543
1.1485317184239012 0.21009469679774462 0.8848915066990929 9 72 574
1.1255713808028986 0.20974378832585638 0.8842832016369352 9 72 580
2.497216034438766 1.1688777943644537 0.9145218599092869 9 73 178
1.4143432418747892 0.18858797975632235 0.8883821240612235 9 73 517
1.2413387024288325 0.20024799506900504 0.8840205469221659 9 73 553
1.1977854530191419 0.20790874725596842 0.8829173304638517 9 73 562
2.496744072026915 1.5734930821110786 0.9100492656640302 9 74 83
2.5023321568828027 1.5369175384709859 0.9101934931786488 9 74 92
2.512451813287254 1.527325126276784 0.9104368474204415 9 74 94
2.4805307963287 1.4098436261401992 0.9097157320024883 9 74 124
2.491294557635517 1.3992766490025663 0.9099746900711309 9 74 126
1.2591008482152177 0.21440467816760478 0.8810840155801221 9 74 546
1.0844639927970057 0.20827856828858682 0.8769384475354037 9 74 591
2.4994595700713065 1.3252323566034003 0.9059741901045312 9 75 143
2.513261265305729 1.2736262672044956 0.906258414368227 9 75 154
1.5163541629741963 0.19730026526392574 0.8834580107437826 9 75 495
1.347812078875622 0.21444701351976136 0.8796973776839488 9 75 526
1.3094695581323013 0.22700298401792285 0.8788459426600262 9 75 532
2.5089279169585637 1.6120167576995172 0.9023129869962393 9 76 73
2.473583500238666 1.2038985718524613 0.9010572003128927 9 76 172
1.4431346144923 0.20941299586898476 0.8781935958724404 9 76 507
2.5096635013705355 1.3625869303500586 0.8978042037586755 9 77 134
2.5125698632290705 1.2834058612239705 0.8976988144753366 9 77 152
1.2651714789180044 0.22641668622764355 0.8711078512862157 9 77 542
2.508210831769684 1.6130250632370045 0.8942754854303593 9 78 73
2.504168465776888 1.4816013362363105 0.8938288208668823 9 78 106
2.4861349605982577 1.4519124600496203 0.8934165291975994 9 78 114
2.4977571802052596 1.2785849453889153 0.8931358024054048 9 78 154
2.5137485928434575 1.1888031434775896 0.8931717483784498 9 78 173
1.0199967365977562 0.2257568337814151 0.8632686730757679 9 78 605
2.4854545487762536 1.4150511868043716 0.8891577042955693 9 79 123
2.497098045938559 1.366088151956141 0.8891755493739907 9 79 134
2.528960142825236 1.5192761812439075 0.8861430589464083 9 80 96
2.495176176375765 1.434451458430876 0.8852478134922145 9 80 118
0.9183790715324052 0.22671974524225735 0.8556256463000891 9 80 635
2.503890415091326 1.4415558080118949 0.8812597292309252 9 81 116
2.480373925236364 1.4000931299032415 0.8807142830940952 9 81 127
2.503162552899531 1.5603101938762158 0.8778062930055724 9 82 87
2.4905392574496883 1.3915468030189682 0.8598847243487062 9 86 129
2.4882538533999847 1.2974616422435483 0.8547370053726724 9 87 151
2.4904841875139536 1.4841123757413084 0.8524853038599318 9 88 107
1.0396583913791417 0.22246221259823318 0.8327989364554491 9 88 599
2.5225423481775775 1.5323942083221551 0.8490037742201438 9 89 94
2.4898511898631135 1.4474977147786743 0.847930180772892 9 89 116
2.4960814516101504 1.3788060897966123 0.8471528977944849 9 89 132
2.5319585575103924 1.639267902332995 0.8461986532950762 9 90 67
2.5143524313684145 1.5663093449261214 0.8452719138931898 9 90 86
2.5089267482187765 1.506443291215862 0.8445240154584102 9 90 101
2.486273364830037 1.4979401071211504 0.8443873760354367 9 90 104
2.5069809490541717 1.4862461376157783 0.8442715349119142 9 90 106
2.49248862222327 1.6096937412684693 0.8376956294331878 9 92 76
2.487522226697612 1.4508414589789194 0.8187966035897618 9 96 116
2.4841032854503373 1.4972237249548688 0.8154781310197913 9 97 105
2.495133178609332 1.48758280080488 0.8110453109632307 9 98 107
2.484512028821579 1.464679472688035 0.8107205462249084 9 98 113
2.5137705887917834 1.614682049258365 0.80505572033249 9 100 75
2.509135261058469 1.583555224873764 0.8044803414662928 9 100 83
2.4884627266459542 1.578407856032456 0.8046388569759483 9 100 85
2.515569460130235 1.530209889126719 0.8033110299968397 9 100 96
2.484813086875498 1.4824076312185903 0.7985623088364768 9 101 109
2.5062408422749716 1.6517054617718192 0.7977819917838604 9 102 66
2.5083705609770552 1.5845726854182112 0.7962722707076669 9 102 83
2.488192682143871 1.559420855019013 0.7960335379205389 9 102 90
2.507516604236203 1.5123519524334395 0.7905154284476876 9 103 101
2.496288055469183 1.6614621601740618 0.7900572901945054 9 104 64
2.5384881364551104 1.6254610145802213 0.7884295778659401 9 104 72
2.488047632469164 1.580273631703375 0.788292426411709 9 104 85
2.4842893226458447 1.4800796956410092 0.7818142706565634 9 105 110
2.5199281458641467 1.6638061224188803 0.7815047855115613 9 106 63
2.4817286697487715 1.5340162435976936 0.7790437097101472 9 106 97
2.4984790904409317 1.4908866584714868 0.7733984530505147 9 107 107
2.502268110472981 1.643316417158795 0.7731945984396142 9 108 69
2.5064697491658467 1.5675448845221949 0.7710590425886711 9 108 88
2.4818919831743553 1.5991991100597667 0.7684055077040643 9 109 81
2.485105838018089 1.5549797033288197 0.7671003725147353 9 109 92
2.4802161251871455 1.5319652842935985 0.7624365550451926 9 110 98
2.494683347874019 1.582552427974019 0.7593504956899422 9 111 85
2.5025671402876988 1.569454591485567 0.7587428274910691 9 111 88
2.482411263021921 1.600505621944408 0.7561180874213138 9 112 81
2.503326154743666 1.5169817827692698 0.7529798752195286 9 112 101
2.484660338533294 1.6398792527002348 0.7531540421538226 9 113 71
2.4631414439015646 1.5999852007566044 0.7485075991234361 9 114 82
2.5277799949424025 1.6477342338725207 0.7437617333664833 9 115 68
2.491839423825737 1.6404699118803883 0.7406512453176933 9 116 71
2.4893599108497 1.6133038625324578 0.7398334539197611 9 116 78
2.499036856492249 1.5681988087878964 0.7379843955780038 9 116 89
2.4694882523064496 1.5371433706723643 0.7296809033081009 9 118 98
2.484714381539656 1.5225808389264084 0.7285852645763207 9 118 101
2.511120035888434 1.6748637955682648 0.7287840431198356 9 119 62
2.5147408501570885 1.6274406044556236 0.726941387954243 9 119 74
2.5101580098818266 1.5926286212568144 0.7216955134851557 9 120 83
2.4921988302445843 1.623168878993865 0.7194221252850581 9 121 76
2.4924337010983817 1.5637948925148448 0.7130010383766989 9 122 91
2.4937299339680927 1.5433459026783836 0.7121611667801117 9 122 96
2.519797518794289 1.6287444731567549 0.7100971398373395 9 123 74
2.5138458240070176 1.6060323094071882 0.7052900587680779 9 124 80
2.475834656196137 1.646523265198674 0.7045921981799277 9 125 71
2.4876272990158896 1.5496636648390036 0.7000737084945802 9 125 95
2.52620110094054 1.61392142456255 0.692391274922949 9 127 78
2.52654892470687 1.5856634309179989 0.6911758450992805 9 127 85
2.507237693120774 1.679620548595639 0.6920165666932993 9 128 62
2.4878585403916116 1.6660658571391842 0.6924576269998481 9 128 66
2.4873679484476483 1.6466492394707846 0.6916447731735799 9 128 71
2.5030119614130557 1.5816601256144391 0.6837940160037539 9 129 87
2.4866175985511374 1.6476824293410717 0.6834536313891524 9 130 71
2.501226891078419 1.5539888287740704 0.6784346052573726 9 130 94
2.491137842113167 1.6559549417952795 0.675282419252467 9 132 69
2.5033359302660454 1.603571259267083 0.6679173058131007 9 133 82
2.4767024334745735 1.571010381077357 0.6679810929078658 9 133 91
2.491484159515981 1.656875043556536 0.6670010819110386 9 134 69
2.486867704684794 1.6220090816228074 0.6656067032663877 9 134 78
0.7350046639354807 0.8748974581481195 0.7377611569370663 9 134 531
0.729494067832666 0.854902128806613 0.7371382271866983 9 134 539
0.7312568419935364 0.8292276081464443 0.735792781746657 9 134 546
0.7306699505887319 0.7459574773086237 0.7318182421526214 9 134 570
2.4769874613252885 1.5718787109649033 0.6595953233721534 9 135 91
2.4956668131532407 1.6768908841420311 0.659409514465453 9 136 64
2.4964167651440925 1.6494562903149528 0.6579940685306338 9 136 71
2.501638393824494 1.6136615994218326 0.651657409044367 9 137 80
2.489867212530021 1.6628743413162015 0.6507676576205277 9 138 68
0.7326430964181122 0.8057179872310818 0.725400927633003 9 138 552
0.7317246000742126 0.7753671196206833 0.7239002626754185 9 138 561
0.7358177572076983 0.8621179132943761 0.7213155973885066 9 141 534
0.7320330629936727 0.7521654740013783 0.713303300358189 9 142 567
2.5092812680403602 1.583256274062936 0.6240205036202542 9 143 88
0.7328827402781241 0.8347710654129352 0.7154869064578323 9 143 543
2.5093587290132366 1.6124791797973566 0.6171292162008553 9 145 81
2.4839246788706086 1.6516921970231375 0.6171673296027289 9 146 72
2.49301443282034 1.6309090210718895 0.6152368781041386 9 146 77
2.522101649877182 1.6599015154136676 0.6103702160260885 9 147 69
0.7300806778693851 0.8060579161576786 0.7048676411817452 9 147 552
2.5305989465711503 1.6832608965580258 0.6068203805964751 9 148 63
2.5011956700549502 1.6442761287902399 0.5941938239377977 9 151 74
2.521130292706919 1.6388762285285963 0.5491577587112553 9 161 76
2.506005063372465 1.66545898151468 0.5440292391539596 9 163 70
2.52163873180241 1.6653137081676574 0.5294583098473233 9 166 70
1.1272383288164054 1.1265496458717392 0.5981492713818586 9 182 346
1.107216469676599 1.1232153015327118 0.5816594130460125 9 189 351
1.1245213278285768 1.1250549426036494 0.5766095319178907 9 190 347
1.394836352687234 0.43260387018786073 0.4633868804408086 9 192 466
1.1069198558506375 1.1233464658851489 0.5572878885733741 9 198 351
1.1248704361579844 1.1344400017606335 0.5528467810637503 9 199 344
1.088986329864166 1.1125107922486421 0.5535895429800244 9 200 358
1.1228790248076117 1.126074559327535 0.5385160058017673 9 204 347
1.0902154400169497 1.1051740974969038 0.5362584539237369 9 206 360
1.127303462172466 1.1265329435278986 0.5211653342883662 9 210 346
1.091441007523224 0.6723824109197842 0.4634583539463993 9 214 477
1.1035977366552987 1.1156880181219735 0.5103097843424467 9 215 354
1.092269128561857 1.1036434687710752 0.5109814207274406 9 215 360
1.0524763237028703 0.6528731768413283 0.4652069717334446 9 215 491
0.9951340403993636 0.6132236922118959 0.47111858942106544 9 215 515
1.0813577024638963 1.1011053456502498 0.5071964278287475 9 217 363
1.100912570703303 1.120598166768058 0.5003206021761848 9 219 353
0.8876999908588112 0.5606558815821254 0.4730323105624513 9 219 557
1.0483005750515901 0.6851177824545296 0.45440962893722997 9 220 484
1.1075632847865613 1.129233420618458 0.4945470944134344 9 221 349
0.8828445872810526 0.6045263635312823 0.47350286565487615 9 221 548
1.1228148160471414 1.1293430181555308 0.4859904273101379 9 223 346
1.0859405675406097 1.0979051812958551 0.4893323346570155 9 223 363
0.9021958649134059 0.6633343535401224 0.4712445008631118 9 223 528
0.9534161665880412 0.6820698467894313 0.46054277563194856 9 224 509
0.9338791563069821 0.6713135501137817 0.46307227853930394 9 224 517
0.7926081865864436 0.5702974061998272 0.4784372295523044 9 224 584
0.8732070543142736 0.6605518088808022 0.47094064569889715 9 225 537
0.8163194494115826 0.6174762862529373 0.4768774643216928 9 225 565
1.0671490711955145 0.7014154571295204 0.42791784750566236 9 228 475
0.9454856333587525 0.697754902250205 0.4524024231246561 9 228 507
0.8262100589275749 0.6608642662721333 0.47209358888071523 9 228 551
0.8845667300002904 0.6898033420386791 0.4581875873500932 9 230 526
0.9009218682278823 0.6905722529561578 0.4520108078250485 9 231 521
0.7309614554730373 0.6172089076950535 0.47798998671910453 9 231 593
1.1336077854439353 1.1258946692096587 0.45787164433023064 9 232 345
0.8043342735635264 0.6751581371708524 0.4675162697813629 9 232 554
0.8399116048809336 0.686196372530266 0.45867807636851954 9 233 540
0.738273612631897 0.6426494644126417 0.4745027108827965 9 233 584
0.7002414049555596 0.5913217234518462 0.4757286517393824 9 233 610
0.7753993293241813 0.6760550330671671 0.4683770441489971 9 234 563
0.7587205774826014 0.6623687580480584 0.4701115214046991 9 234 572
0.829477427062336 0.6863475347075023 0.45538363413379696 9 235 543
0.8171627020376662 0.6929658444472815 0.4534495083741669 9 237 545
0.6271796224364051 0.6052593802972033 0.4830823546004696 9 237 634
0.8081416416603123 0.6916200380066746 0.44976381168765395 9 239 548
0.7905868932964166 0.6861559581946777 0.45291184308339055 9 239 555
0.7201062913579965 0.6775622262261853 0.4674122291448966 9 239 581
0.6959806178386534 0.6637880218695207 0.4682755474184155 9 240 593
0.737170560920361 0.6887572574995131 0.4599051039686686 9 241 572
0.6408268007735212 0.6383738941657091 0.47455529226522886 9 241 620
1.2609587984085209 0.6934210747369218 0.3387299555005273 9 242 434
0.6686864216258651 0.6672398010184177 0.46979240940834 9 242 602
0.6499969926670348 0.659739721378487 0.47297891982674234 9 242 611
0.8058284688575748 0.697026503725827 0.44007570671726665 9 243 547
0.7569141719298478 0.6929748693921698 0.4507063060617052 9 243 564
0.7099012839804348 0.685766338081464 0.45784809029919604 9 244 582
0.6779343039658356 0.6724368553036879 0.4633059099993825 9 244 597
1.3230080299444715 0.6888525511886501 0.31319431469036685 9 245 423
0.8741978599019706 0.7050010870178924 0.41984747969121383 9 245 524
0.8119154133579614 0.7002059986327573 0.4308701614894347 9 246 544
0.7425637563372458 0.6951818436056851 0.4463680022496858 9 246 568
0.6076579574862397 0.6527452949194354 0.4717496657896575 9 246 629
0.7089378834781088 0.6893408068336546 0.4481759802969883 9 248 581
0.6886237269779225 0.6906196979033354 0.4531849914729385 9 248 588
0.6757597011232941 0.6737959190463723 0.4537519161777193 9 248 597
0.6272595574781552 0.6761410314333349 0.46560632319674017 9 248 615
1.0637600153985265 0.6995904109597411 0.36232451758480005 9 249 475
0.784851080059916 0.6976581324450086 0.4286683703867037 9 249 553
0.6102543246351373 0.6669307574996144 0.465811687124422 9 249 624
1.0349614115892463 0.6991840326328138 0.3660129055604063 9 250 482
0.8418175550608873 0.7058472893001997 0.4134650666894131 9 250 533
0.7491664041690007 0.700487407789085 0.4349480947548193 9 250 564
0.7277544004679769 0.6939441658578382 0.4391194788440244 9 250 573
0.6487798132171999 0.6775876015155289 0.45566817276026644 9 250 606
0.822072688361128 0.701700475839214 0.4148081576598253 9 251 540
0.7772883569584597 0.7026759423672995 0.4257994053135324 9 251 554
1.096558624328636 0.6959764659784666 0.34424028302537546 9 252 468
0.7607234967377978 0.7001735168091967 0.4267440040119243 9 252 560
0.9532743402431971 0.7020992492711311 0.37709229150645246 9 253 502
0.9284851579493432 0.709036459963746 0.3842324626248762 9 253 507
0.7080506772643598 0.6963158211843503 0.4363899473641345 9 253 579
0.9024461153954728 0.7016107042211037 0.3865666550162985 9 254 516
0.6982464597659463 0.6978693856559302 0.43643733712750604 9 254 582
0.7262222865467878 0.697906817481204 0.4268888196784199 9 255 572
0.5834480298857933 0.6797006010076492 0.459584490712164 9 255 631
0.9719906984197273 0.6890739997240924 0.36135771807556694 9 256 500
0.6636256950063082 0.6919652248423429 0.4389891844322293 9 256 596
1.0644820995659086 0.6884300365107712 0.33489758165580463 9 257 477
0.7089186341761526 0.6933945194235243 0.4252500470520782 9 257 579
0.6444821831894303 0.6886605515547335 0.44074493898678885 9 257 604
0.6125920118473698 0.6946487287511527 0.4497135101059814 9 257 615
0.5945458992513413 0.6881058605930237 0.45323892688073014 9 257 624
0.9183139127455999 0.6985661320697116 0.37033934020175846 9 258 512
0.6905302730346503 0.6992180086789139 0.4282002806580376 9 258 584
0.5796412737108974 0.6883202480928532 0.45460752747142286 9 258 630
1.0009709271450569 0.6904021943762133 0.3449886149207121 9 259 492
0.751662661959495 0.7014753021306093 0.4103618709801844 9 259 562
0.7239898968907356 0.6993019963073008 0.41708094278052144 9 259 572
1.0327607121152675 0.6820062334706023 0.3323770935054948 9 260 486
0.9506302769375725 0.6905772021296965 0.3548331624137824 9 260 505
0.8043732692195564 0.7045154780602441 0.3946122712516912 9 260 544
0.9868016319676784 0.6840749827936767 0.3414114879945771 9 261 497
0.682163334578954 0.6980828447322676 0.42239380088380496 9 261 587
0.6627485874934034 0.6949014722200753 0.42690396221959637 9 261 595
0.8872254880373107 0.6962757666742592 0.3661730836657727 9 262 521
0.8697472418851142 0.6964941747206574 0.3707547440161632 9 262 526
0.6483919038188869 0.6922108243407572 0.4276469463348691 9 262 601
0.6957704223528155 0.7014090193321401 0.41419077281003047 9 263 581
0.6183089117011387 0.6940438341105204 0.430785830855444 9 264 612
1.174349631830379 0.6878229486754732 0.27988919213093755 9 265 452
0.946709237752106 0.6889380184568843 0.3373679963493429 9 266 506
0.7540434790383289 0.7074107775241258 0.3917914293413653 9 266 559
0.7331590746269521 0.6957574018130983 0.395445405301279 9 266 569
0.6691013166162727 0.6951058071952056 0.41242315885150765 9 266 592
0.5939696224129427 0.6962257202787763 0.4326457323521521 9 266 621
0.9144547067311981 0.6877789880647192 0.3427868935653948 9 267 515
0.6529360540094448 0.7027305226036842 0.4154405952112882 9 267 596
0.5865180028473382 0.692059083022736 0.43149993097528067 9 267 625
0.56819227615848 0.6868401868274416 0.4355548267952658 9 267 634
0.8526306597431017 0.6905268418427444 0.35694111718330696 9 268 532
1.0756003252670447 1.087034000858294 0.35978432551968764 9 269 368
0.9022358579350584 0.6847036440540033 0.3395972667618564 9 269 519
0.8881176047909451 0.6888110686707289 0.344119607854117 9 269 522
0.8184949845251817 0.6955896820712386 0.3641672496860665 9 269 541
0.7905568275763958 0.6946639706314226 0.3716022509577531 9 269 550
0.7378230692429697 0.6997042404504719 0.38407288877180296 9 270 566
0.6681878802099214 0.6941695178406677 0.39958412726787484 9 271 592
0.6424031648344483 0.6969952135092554 0.40715214885388906 9 271 601
0.6199192061980872 0.6959830683342532 0.4131635133681251 9 271 610
0.7123468567630746 0.6980307891211677 0.38543189217644 9 272 575
0.6944745838958373 0.6993396682756214 0.39059852873883294 9 272 581
0.6835184563980314 0.6987063358864436 0.3909050095756211 9 273 585
0.65926415254507 0.6945365223530322 0.3969417707214422 9 273 595
0.6112315273003504 0.6928252204669421 0.41001623895490646 9 273 614
0.8455319995252111 0.684776125757909 0.3405346776028936 9 274 535
0.7556628789053883 0.6941289087374352 0.3673018571987489 9 274 561
1.0783529523974797 1.108287449536525 0.3452811695543322 9 275 361
0.7978081027285427 0.6830532539542249 0.35077257406138657 9 275 550
0.736148395984975 0.6919392450561737 0.36967306737268385 9 275 568
0.6486117512007663 0.6976138835822807 0.3953057144198233 9 275 598
0.587005230015717 0.6950265620709013 0.4122077315690558 9 275 623
1.0709817027882302 1.0832465054993916 0.34012213050838014 9 276 370
0.560788237494974 0.6904997297214357 0.4163806429047542 9 276 635
0.8135861180419486 0.6862298894742767 0.3383136779445999 9 278 544
0.5855120043839963 0.6953939152837658 0.40282138318124217 9 279 623
0.5643820543784671 0.6946994718828992 0.40879003534210767 9 279 632
0.634579478764663 0.6927416254329808 0.38564980623417244 9 280 604
0.8007210841702199 0.685125281141997 0.33327914672694536 9 281 548
0.7362501696256685 0.6771878199129446 0.35066296839050093 9 281 571
0.7231667221316509 0.6791115214953862 0.35482186644352187 9 281 575
0.5610394241429004 0.6873907074923655 0.40357992911753654 9 281 635
0.790298757041994 0.6777741469207719 0.3321684645870573 9 282 553
0.7686000820776244 0.68178980809868 0.33925339423456047 9 282 559
0.6954520413960623 0.6815618601580333 0.3606663998357763 9 282 584
0.6223119774205423 0.6947985377192134 0.3844940162602952 9 282 608
0.6099689064095251 0.6903298484555656 0.3873120256189081 9 282 614
1.06829738161769 1.0848282698613072 0.3207816153557306 9 283 370
0.759734881053094 0.6809964382434424 0.3389251893096885 9 283 562
0.7769219752741957 0.678131278336846 0.33051841407442994 9 284 557
0.6687957207994415 0.6832999443779788 0.3635312362095733 9 284 593
0.7171634897031788 0.6772224628881052 0.3426314026089231 9 286 577
0.6932211725124169 0.6829560885454578 0.35086520436489227 9 286 584
0.5841653197347219 0.6939722109666149 0.38560168830176766 9 286 623
1.0677621681904264 1.1083925498231646 0.31067153111002244 9 288 363
0.9288725616557656 0.6853172329091088 0.2744454722257754 9 288 510
0.6725508413179953 0.6754043491755362 0.347708833618594 9 289 593
0.6635183046548865 0.6767151430110505 0.35070825842931685 9 289 596
0.5586718824141398 0.6865087503150975 0.382054971459174 9 290 635
1.0690820141378319 1.0806127668800918 0.2962942818517791 9 291 371
0.6497472954154309 0.6722790948131898 0.3488261051747284 9 291 602
0.6348591425197951 0.6709028355422806 0.3531591346314209 9 291 608
0.6062295464004599 0.6797388389268826 0.36365115196139886 9 291 617
0.843042716358424 0.6849972408238367 0.2857049006077216 9 293 534
0.6744642100087692 0.670677551440344 0.3355477987200097 9 293 593
1.0690394991375753 1.09065213766615 0.2893680031164019 9 294 368
0.7020764532011836 0.674271644560136 0.3221705011664574 9 295 582
1.0613533392512897 1.0857428227083201 0.28495762037863115 9 296 371
0.8897961419705083 0.6859156869495187 0.26220131267415536 9 296 520
0.8763582111058426 0.6851286790302384 0.2663078206753794 9 296 524
0.6469781331391864 0.6694954080760618 0.33333719826214936 9 297 603
0.5617863167715714 0.6762965708943423 0.3568058561683573 9 299 635
0.809779874723967 0.6784898755934716 0.2744665127739767 9 300 545
0.6627312002120607 0.6726119437714964 0.3209076703205336 9 300 596
0.6023942952341563 0.6691094981839165 0.3397488033396483 9 300 620
0.7598912472227282 0.6814711192576803 0.2883675666242642 9 301 560
0.5909758800694795 0.6750038750915857 0.3420522555464972 9 301 623
1.0691487037622551 1.0935789865066967 0.2573372043097285 9 305 367
0.8047778352545446 0.6787755134951448 0.261549953594969 9 305 546
0.56992719226444 0.67078460045391 0.3354289175023525 9 306 632
0.617350910698399 0.6739962092460552 0.31763008561129025 9 307 612
0.5941955024822743 0.6730528417953825 0.31747251691294287 9 310 621
0.6898052510221101 0.6723267971243492 0.2819898688897511 9 311 585
0.55516035127121 0.678666440861833 0.3193527462442006 9 315 635
0.7573062042555955 0.6827605683283842 0.2467165845216177 9 316 559
0.7315199970652082 0.6807810009731521 0.25535090521340864 9 316 568
0.7166172923998799 0.680974529535264 0.260624952452823 9 316 573
0.5883049201938693 0.6778577683272573 0.2972591197077711 9 319 621
0.5693285827391544 0.6727188257804273 0.30291487586855714 9 319 630
0.6932483685951791 0.6754516988308366 0.25656995247997627 9 320 582
0.6167975964839728 0.6747470626739869 0.27584480516052867 9 323 610
0.6849010099918 0.6774638241664208 0.2489290287291549 9 324 584
1.159691554468162 0.6292870628326948 0.06136082858221403 9 325 465
0.6747575110909709 0.6776117260286609 0.23886219890206828 9 329 587
0.556727196156769 0.6692944031425947 0.2682303575534203 9 334 634
0.5938913117338032 0.6723769224915539 0.25207830191621416 9 335 618
0.564076751153687 0.6685183195879811 0.2626441864136473 9 335 631
1.0864874052989164 0.6265248023087922 0.04861622506828889 9 336 481
0.630747046033106 0.673865432904095 0.23011861203119466 9 338 603
0.5929531241836752 0.6758578445727967 0.24265931867338597 9 339 617
0.7211622498446002 0.6845347541779376 0.19165347605599004 9 340 568
0.7484574678400151 0.6798793771266949 0.17689747924387333 9 341 560
0.6027027620788572 0.6713318925967653 0.23242854361573262 9 341 614
0.5536106045687574 0.6694770870628477 0.2461839120316376 9 343 634
1.0489072992043913 0.6225839062075553 0.03409669636189472 9 344 490
0.9983918370338434 0.6323754808124364 0.05666531131384189 9 344 500
0.7343290240093595 0.6853310974238478 0.17506513821037506 9 344 563
0.6546926401737507 0.6749633059036644 0.20167123436652945 9 345 593
0.5547028433110646 0.6658526670825251 0.2370595818317901 9 346 634
1.037651288205929 0.624612874352453 0.028556140746189618 9 347 492
1.0285668256797094 0.6253584183171421 0.03242169230564307 9 347 494
0.6451137024160988 0.6719314046376144 0.19925860886079794 9 347 597
0.9822733743346284 0.6310581491302845 0.04916978991838172 9 348 504
0.6017818401932203 0.6731925732575552 0.21444716769224303 9 348 613
0.5743406484075264 0.6763469050277131 0.2237531882269872 9 349 623
0.6124936761248603 0.6797972719183543 0.2062806443840033 9 350 607
0.928098483207406 0.6294489301905657 0.05754172285878356 9 352 518
0.9581283567051564 0.6208591424892242 0.03956611022504786 9 353 512
0.6240235459952171 0.67193749850711 0.18862954104272056 9 354 604
1.0699768869619208 1.1255906126312405 0.11263685214642949 9 355 357
0.5490180403982876 0.6745921573861415 0.21803761444858205 9 355 633
0.8200309135796351 0.6637789421620857 0.09529937271601485 9 357 540
0.5844961633682677 0.683486308507903 0.19735520190700684 9 358 616
0.5535358265602913 0.6733594203499409 0.2079456404612502 9 358 631
1.0741344568206517 1.1296042052115625 0.0994964261176653 9 359 355
0.8415717544775554 0.6174160476599178 0.06480311439503605 9 360 544
0.8088710114312729 0.623517824004233 0.07093011044137953 9 363 552
0.6215379017891608 0.6794520733041551 0.16680010612304264 9 363 602
0.6099280973589966 0.681158118466505 0.1722847827481706 9 363 606
1.0763787331964814 1.1280810329801279 0.08254809368110294 9 364 355
1.066698745307065 1.1036257525918356 0.08039896183658679 9 364 364
0.7857270641057873 0.6451769181904079 0.0835052249833208 9 364 554
0.8134164601501035 0.6249954005884124 0.05982962832825356 9 366 550
0.7945049898114018 0.6193307599246065 0.06665821780435122 9 366 557
0.5959470540720568 0.6765065072334915 0.1662530628729958 9 367 612
0.5769546412716979 0.6743741800579675 0.17407697162039648 9 367 620
0.7755773048797792 0.6221476042818397 0.06949694217492319 9 368 562
0.8419440472171904 0.6264111450331702 0.0379678476528621 9 369 541
0.7888354271684642 0.6212152538258959 0.06023047872359022 9 369 558
0.7530012117016147 0.6354209425731694 0.07995689746008905 9 369 566
0.8053897740485485 0.6205948791555977 0.04952049491688859 9 370 553
0.8229230739313158 0.6235724163183103 0.03926959847345579 9 371 547
0.813818630469999 0.622245604237821 0.04300069337779577 9 371 550
0.6362948831705968 0.6773907252247136 0.13744109407331484 9 371 596
1.1593503956806472 1.1593941114090598 0.028450736647915642 9 372 331
0.6165560842864889 0.682565564838379 0.14491277446410233 9 372 602
1.070958986671325 1.1246357465087433 0.055795175705974365 9 373 357
1.0536938606165513 1.1052282972606169 0.05837136109704433 9 373 366
0.7707825898915242 0.6171026988014234 0.051563563296708415 9 374 564
0.6970153048784915 0.6524604423377425 0.09465225549155232 9 374 580
0.5933564742387676 0.6810651624321271 0.1494919722165744 9 374 611
0.7632770552921508 0.6182190518754975 0.05215911278361185 9 375 566
1.120257125198381 1.1517881445426026 0.03116597600065707 9 376 340
0.7322841783842235 0.6219792529041972 0.06425938092659844 9 376 575
0.6081015099326514 0.6729466306965355 0.13504032965641755 9 376 607
0.5699613324471384 0.680983640535592 0.15470067171905377 9 376 620
1.108333215533704 1.148813857762739 0.032611381927175054 9 377 343
0.5491441905892946 0.6529059179679435 0.15387787490579297 9 377 635
0.7852831606743951 0.6174445335967012 0.03241894826472835 9 378 559
0.5811054710550106 0.6738517770822179 0.14218648520535537 9 378 617
1.1311088350028204 1.1828499422283318 0.025033378204896817 9 379 329
1.0846448848492751 1.1430972383581892 0.03559555217471688 9 379 349
0.664743018536783 0.6594379029736976 0.09670762255971077 9 379 589
1.1034160239642532 1.1722026787874107 0.03174967019702524 9 380 337
1.0515656621710563 1.1064391341261144 0.03765540855982108 9 380 366
0.7985926760312119 0.6384238888118685 0.025695009120986434 9 380 550
0.7619088797252969 0.6177266352711552 0.037030005889930884 9 380 566
1.057835965182952 1.129642382151316 0.03487667056976762 9 382 358
1.0408394667336864 1.1033369360217606 0.03550462929391618 9 382 369
0.5902144802273461 0.6854291793683491 0.1274336254738817 9 383 610
1.0734968378527592 1.1602397378496416 0.02977702854461628 9 384 346
0.6644357599616344 0.6182444465826094 0.07069928141403592 9 384 598
0.5469329592138561 0.6652903027805355 0.13947392706083694 9 384 632
1.1077992410159738 1.213071980437182 0.025260956334463236 9 385 324
0.7454769489519877 0.6162940054269817 0.028726330797166577 9 385 571
1.0835207474507649 1.1808983830176991 0.02454664167829468 9 386 338
0.6464563567360762 0.6272789370009377 0.07296385556101881 9 387 602
0.6168190014227841 0.6572029586937407 0.09564825939136068 9 387 606
1.0910284922368767 1.2226747232471655 0.02655240525377467 9 388 324
1.0538107199139937 1.1625307524857846 0.02725228275821323 9 388 349
1.0224164170645529 1.1123042964880108 0.024866298433225742 9 389 370
0.6184792410100006 0.6318049039654976 0.08187965074764003 9 389 611
0.8065501555049284 0.7477666389245945 0.02135444609982029 9 390 521
0.672905684726852 0.6106008855615892 0.04656997154950826 9 390 596
0.6606783888020238 0.6163944844257712 0.054151720426333094 9 390 599
1.0775136632121316 1.214221329360086 0.02127053046613636 9 391 329
1.0501774391008958 1.1747848810994723 0.020048969829977503 9 392 346
0.7941271530146621 0.7415508694407946 0.019386885291227896 9 392 526
0.63889526715159 0.6095153226610952 0.05387077122192996 9 393 608
1.0304090175121383 1.1574308219768106 0.018455357331733868 9 394 355
1.0127429503054657 1.1390219844918743 0.02176261248896716 9 394 364
0.6805430625052191 0.6188236970682035 0.03317362065595697 9 394 591
0.613943830825416 0.5323375352604622 0.040655936118375036 9 394 634
0.6564088824682204 0.6158939104350685 0.04119298593551046 9 395 600
1.0497602657343355 1.2431850962445403 0.0248050560337707 9 397 325
1.0362774452937271 1.2509486331088668 0.024701672412207 9 400 325
1.0390199376700562 1.2430833683309137 0.020978495845032974 9 400 327
1.0206953521809818 1.2252895982862966 0.024881190895817085 9 400 336
0.9922757450155673 1.178811016662147 0.025304015152659454 9 400 356
0.9824580436142099 1.1360996136623935 0.017502663987176925 9 400 371
1.0079862067681282 1.2043070958193665 0.0219779188480419 9 401 345
0.7498490513905527 0.7727524171862608 0.0230448737155875 9 401 531
0.7121082225182483 0.6862622486492018 0.016200583457877782 9 401 564
0.6921689077933635 0.654733510768092 0.01682335969207227 9 401 578
0.7293315767875002 0.725303065603393 0.01617204590907284 9 402 549
1.011976184705473 1.2210504521140164 0.015887846961358143 9 404 339
0.9961019254860322 1.2021157956133994 0.018257742123455545 9 404 348
0.9593885866254577 1.171380701076235 0.02469803230178025 9 405 365
0.5912094427620755 0.5770370293289053 0.023981902951624834 9 408 631
0.9999084859940388 1.2719106182189648 0.022603707960316743 9 409 325
0.9925760094110392 1.2607887919293772 0.022989588023541896 9 409 330
0.7594427853361951 0.8637702936296465 0.01894330291199231 9 410 504
0.7483064489023123 0.8423300708072665 0.01812739199267177 9 410 513
0.6611615806359459 0.6959035035150389 0.018336520218980024 9 410 578
0.9274309507367726 1.1577295985240532 0.019190767477476722 9 411 376
0.9748843353736805 1.2373702192916405 0.016074943041039846 9 412 341
0.9563256855695879 1.220880180578328 0.020692642941661177 9 412 350
0.9328395059015968 1.2110559899487123 0.024128116831382163 9 414 358
0.5988137661822104 0.6365379128497473 0.020894525082472803 9 414 614
0.6596069517621066 0.7414801499692538 0.018688917376767478 9 415 567
0.731998542241847 0.8596759813504589 0.014475420274536743 9 416 513
0.7075615562035682 0.8431403353681386 0.01938051506218441 9 417 525
0.6984448096273438 0.8198703812441572 0.016892154129563686 9 417 534
0.9668988956211788 1.2909498490434097 0.01949642883842384 9 418 325
0.9612584782717877 1.2792069210925985 0.018794699050181718 9 418 330
0.7472120882050726 0.9161992337383698 0.018397099023486962 9 418 493
0.9461121525972915 1.2610488257255572 0.018248043876360254 9 419 339
0.9057324149855599 1.1916510191083505 0.017883966335784707 9 419 370
0.7296649839399847 0.9135693246604482 0.02410594019746992 9 419 499
0.7308314680470671 0.9012490941127838 0.019552737938905995 9 419 502
0.8887736637479151 1.1846590540729807 0.021903844543909368 9 420 376
0.5988769876543705 0.704928908746105 0.01950565617047617 9 422 597
0.5867247214517995 0.6906806254697542 0.02153392917527097 9 422 605
0.5734225019076571 0.6864866967453089 0.024593172528378116 9 423 611
0.5501616691619655 0.6221592090780645 0.016524238611271835 9 423 635
0.8979397590676812 1.2277022995449132 0.019257385132015803 9 424 360
0.6269617003001415 0.783991599455578 0.024008388631731714 9 424 567
0.9253033736108498 1.273696523514198 0.016289697425265315 9 425 339
0.7026225717199062 0.8989977145301598 0.016949872885237305 9 425 511
0.6046149964849576 0.744114273293873 0.020501743928395877 9 425 585
0.7127467436344055 0.9378712351788772 0.021186513528419493 9 426 497
0.6712469435071016 0.8700737691862068 0.021976411051241707 9 426 529
0.6493556205669742 0.8225225842347426 0.01854781295705843 9 426 549
0.5409545294251377 0.6367695180970991 0.017786058285804707 9 426 635
0.9302956671686275 1.3120140544701535 0.020311578882023618 9 427 325
0.6613745598794336 0.8521896230002748 0.01876082918702693 9 427 537
0.5894273891655255 0.7378663060753632 0.021192873428155123 9 427 592
0.7299426598176602 1.0061067649645985 0.02556186477739142 9 429 472
0.5769632826180877 0.7389786868506945 0.017265175571123614 9 431 596
0.5654123162580575 0.720399131140548 0.017589764991076562 9 431 605
0.7332126170347064 1.015764289860565 0.0185150260973157 9 432 468
0.6823815843483958 0.9279278804368096 0.017930207395086883 9 432 509
0.8693492734415367 1.2642264038350917 0.021681619770062666 9 433 354
0.6150666711486372 0.8319523064593033 0.0211459056296861 9 433 558
0.550719840389426 0.7060094260919934 0.015482850194979858 9 433 614
0.8917225642075799 1.308534212847238 0.02102787636769121 9 434 334
0.8792445762922778 1.2901008592717704 0.0219333671015689 9 434 343
0.8555958329554516 1.2555389756908906 0.023774668779443675 9 434 360
0.6532713380851475 0.8898965895465267 0.016094609485472366 9 434 529
0.9029247589317597 1.3277944085488476 0.01832429257754553 9 435 325
0.6222249006492351 0.8667531404837829 0.02319705301967856 9 435 546
0.5444656043521401 0.7153923300338358 0.016600494862777926 9 435 614
0.5224561780780841 0.6944128749576115 0.02208122799408785 9 435 628
0.5145368417415328 0.6786673467761282 0.021298394352042394 9 435 635
0.868071768950408 1.2854538217067741 0.021157823857473 9 436 347
0.6125537051611543 0.8456320017699388 0.018836019016627126 9 436 555
0.583362023930261 0.8066350634234689 0.022364414149977696 9 436 576
0.572996242670748 0.8026124577476652 0.026930273467194787 9 436 581
0.5725535588717783 0.7875783117427353 0.02211372046450122 9 436 585
0.8825347777837602 1.3140186606954827 0.01974645013254306 9 437 334
0.60003731218646 0.828403807925042 0.017411250763763375 9 437 564
0.8556815185152808 1.2816913228500773 0.01866868532462762 9 439 351
0.6586678839969724 0.9533874404525267 0.01783739508120863 9 440 509
0.5542899025826755 0.7782456090417325 0.018453579996861702 9 440 594
0.5492449687669372 0.762238538678464 0.015906876924855595 9 440 600
0.7087689897061187 1.0518755321175561 0.019725506546997118 9 441 464
0.671715593432193 0.9936542657134155 0.021302490956004894 9 441 493
0.5719385765177993 0.821288481529864 0.020206410823151444 9 441 576
0.5252105285586031 0.7566723573062593 0.025213502888459693 9 441 611
0.5110508219409791 0.7311789471745849 0.02198978943538099 9 442 623
0.8581940124971841 1.3285095062659278 0.022243629772054296 9 443 334
0.8579598412447429 1.3032416896980479 0.013664357327148102 9 443 343
0.829063206999038 1.2700465454145864 0.019118263929114754 9 443 361
0.6918996120297034 1.0388611564830994 0.01961137799036483 9 443 473
0.6219544681398275 0.9155386281527307 0.017989056429619454 9 443 532
0.6078242823005731 0.9012773920532795 0.02133583182063936 9 443 541
0.8071750047876867 1.2588064144660844 0.022615408342003818 9 445 370
0.5950174143148992 0.8847445567511822 0.017694583047231482 9 445 550
0.5452012991354507 0.8057798056302412 0.019617823207450202 9 445 590
0.6785583279954178 1.0421496839130802 0.0204347312662726 9 446 476
0.5130585094378683 0.7817145288634437 0.02484389820323163 9 447 609
0.5015218060637464 0.7489718528242446 0.020242908900506507 9 447 622
0.8209275610774807 1.3009655443627512 0.021046647773294902 9 448 352
0.6234957530330654 0.947554730831306 0.014605196250257024 9 448 522
0.5388430339762806 0.8142381711093138 0.018228281122465884 9 448 590
0.6955573739335978 1.098861404899508 0.022091398241668392 9 449 453
0.6428147703000711 0.9934799939782802 0.01651141075316398 9 449 502
0.6298910026525043 0.9777731861185042 0.018701156014412246 9 449 511
0.5257267236997833 0.7994275341536068 0.018152312406295446 9 449 599
0.6832888431845396 1.0820003170668764 0.02080031088137324 9 450 462
0.6530896027095193 1.028755066833352 0.02009986369925154 9 450 488
0.8032997210953569 1.306658872722379 0.0228455413250378 9 452 354
0.7943442504469241 1.287334891424771 0.021383106875709768 9 452 363
0.6893768361179804 1.1199352022809803 0.025222144027232773 9 452 448
0.674304655137772 1.0809905778152231 0.020480926490728524 9 452 465
0.5911080173258627 0.9343039151970955 0.018551247147781003 9 452 537
0.5841854559510181 0.92563303923618 0.019645478156543383 9 452 542
0.5443451579302375 0.8536220738780496 0.01809401723451265 9 452 577
0.5738540037689202 0.9068730056458219 0.016540463511207193 9 453 551
0.5323724415494089 0.8372680195655975 0.016836374280670308 9 453 586
0.4750584649736329 0.7432810938588408 0.01802318223601873 9 453 634
0.520432104738932 0.8209674231681121 0.015586128102808128 9 454 595
0.5034055884756078 0.7980089802544588 0.017714017370889512 9 454 608
0.797050685533893 1.3134308955194665 0.021035495917053892 9 455 353
0.6736366444616663 1.1064222069596732 0.02196707049727331 9 455 457
0.5579906448931713 0.8954653206060641 0.016755377970345098 9 455 560
0.7718335064083512 1.27724124952084 0.0207586067348271 9 456 372
0.61530985823554 1.0065600470345417 0.019030220438392753 9 456 507
0.5196959943262207 0.8326895087187463 0.014910479196944548 9 456 592
0.4893898228149274 0.7968911374233545 0.020547682414699953 9 456 614
0.5724854052663928 0.9287407905191094 0.014549218945985265 9 457 545
0.7633825655726537 1.2718158713106187 0.018669237101084035 9 458 376
0.5429412211612177 0.890195478940156 0.016105590287327387 9 458 567
0.502129197844654 0.8252853084339125 0.017708301627227252 9 458 601
0.4928428076377154 0.8212444219695718 0.021954323864609715 9 458 606
0.5833434086098861 0.9767230512294311 0.01994659991995984 9 459 527
0.48053745858513475 0.8025057670835867 0.020118057567589 9 459 616
0.5386789879566968 0.8991731106243606 0.016715854740282587 9 460 566
0.5173502861996763 0.8721271240167714 0.02006506014147802 9 460 582
0.7691791005643158 1.3067745909956427 0.019867330401615813 9 461 362
0.6612809288259034 1.1358849642954565 0.02443027329904135 9 461 451
0.5727219366354817 0.9586355736427228 0.014668312936234384 9 461 536
0.6149360351700852 1.048329639675889 0.01860285371061743 9 462 494
0.4957913236404363 0.8488104214322445 0.019703309193799035 9 462 597
0.46141198922712245 0.7987435508473069 0.02276975290226968 9 462 625
0.6400720381158529 1.1008695807123543 0.019585322866691124 9 463 469
0.6244854118033942 1.0886277028360696 0.022225666079874973 9 464 478
0.5396582449188834 0.946091439978336 0.0228474331486066 9 464 552
0.5930836357132082 1.0432211574449288 0.022578935915441356 9 465 503
0.501864569655795 0.8788791955806854 0.01916526586833056 9 465 586
0.550910445220024 0.9682874584256119 0.018795266651877807 9 466 541
0.4582929889700367 0.8137629598130285 0.019900217227318162 9 466 622
0.4923216438248543 0.8854552953314461 0.02245498153285097 9 467 588
0.4719518131660202 0.8512940220112402 0.022634762088805327 9 467 606
0.6581761379603985 1.1737891609421922 0.02220167631368075 9 468 439
0.6420524199172291 1.1471134372366492 0.02248160338947547 9 468 453
0.5614959465494831 0.9980712309338572 0.01799738945183793 9 468 528
0.45792445724613806 0.8364927296647129 0.023442522993041615 9 468 616
0.5216797545407055 0.9378026296670234 0.01820367609043605 9 469 561
0.5123323534206017 0.9300806196469171 0.0212649307535 9 469 567
0.500823604485411 0.915044432509498 0.022964846260515426 9 469 576
0.5926249010968323 1.077476457599091 0.020181797748376695 9 471 492
0.4742181968710998 0.8792094168923039 0.021389090232331043 9 471 597
0.6212794312146267 1.1396553694216345 0.02268169518249119 9 472 462
0.5438627781920466 0.9891674226513072 0.015601290956723468 9 472 537
0.613459790726947 1.1200333270554672 0.017732883527909693 9 473 471
0.5295494293895278 0.9773326382534253 0.01777343932507547 9 473 546
0.5207629458316239 0.9688334600871887 0.02021872270971925 9 473 552
0.49143582660928964 0.9270167164272136 0.020744722190933707 9 474 576
0.4298550538574951 0.8475325203065194 0.027860579633777194 9 475 625
0.6130212053448097 1.1471791386063526 0.02068912456057259 9 476 462
0.5904201895371144 1.1160574787123498 0.02350112332589005 9 476 480
0.4770123147609364 0.9161044144654338 0.020870718551866396 9 476 585
0.44062824775549747 0.8653097356818271 0.022615688601413608 9 477 615
