1.9059784464805398 2.08707630724314 1.3135272245420686 9 3 250
1.9373013228037745 2.0892318550889186 1.3132378991655944 9 3 254
1.9572028385428855 2.081308586545944 1.3139487627374766 9 3 258
1.9680188140542705 2.065627323461376 1.3154302725600087 9 3 262
2.003129576223147 2.0699024158690653 1.3149269911475143 9 3 266
2.060610752730544 2.0855068956207914 1.3132745272250053 9 3 271
2.0756157415988294 2.0599470966584326 1.3156961795885798 9 3 277
2.097585203360744 2.058539130874623 1.315774365533435 9 3 280
2.1156185120044775 2.047615722515374 1.3167789537937935 9 3 284
2.1580373666304125 2.0489062250887993 1.3165439375806205 9 3 289
2.1924503734768073 2.0560955415127515 1.3157619038268429 9 3 292
2.2201103207395985 2.05785388818321 1.3155203851430168 9 3 295
2.4901439282753874 1.7329482157591412 1.346096366751742 9 3 377
2.4820222200607827 1.6819328801958549 1.3510292078850732 9 3 385
2.4619269353291977 1.642569321289333 1.3548715112477627 9 3 390
2.4656798892680833 1.627614283229151 1.3563015457900773 9 3 393
2.4654827623375803 1.6050670504941216 1.358472853379475 9 3 397
2.4748190195711435 1.582017657828342 1.3606676128663096 9 3 402
2.458958567163641 1.5574438598910512 1.3630749353931622 9 3 405
2.4635919686449466 1.5107688896980755 1.367556588846627 9 3 414
2.4553750814271855 1.4960436966137851 1.368995751714966 9 3 416
2.4753775694700435 1.4575296907085071 1.3726515535365487 9 3 425
2.464742349444566 1.436796740458108 1.3746754437510893 9 3 428
2.4641986449981426 1.4052385232389029 1.3777152120781968 9 3 434
2.4716776449923246 1.3982009445979593 1.3783732429030704 9 3 436
2.482031112856415 1.3717737202298494 1.3808905555493944 9 3 442
2.4804469648421534 1.3455291662007673 1.3834214542303094 9 3 447
2.4889318425721183 1.3389358431337488 1.38403408652532 9 3 449
2.4800933042645923 1.3251119348457443 1.3853880992197607 9 3 451
2.483459786722274 1.316425470525632 1.386215619907612 9 3 453
2.4265071041537016 0.7387465080082872 1.441981870296939 9 3 579
1.2626996428268398 2.1053542456320056 1.3098603096792436 9 4 137
1.3193976888392993 2.1030117268128588 1.3098703477242597 9 4 149
1.3636683124109443 2.1015738999968274 1.309840187118862 9 4 158
1.3837765625063116 2.100941495383079 1.3098244799441097 9 4 162
1.400226538306952 2.10181038408779 1.3096769958910868 9 4 165
1.4212901467013337 2.101694611871442 1.3096074479495292 9 4 169
1.4417339899956914 2.100576109448641 1.3096376643632 9 4 173
1.4691435597578275 2.1007666654239885 1.3095140245235444 9 4 178
1.507561099314521 2.100209205549808 1.3094208111106571 9 4 185
1.5741832468462884 2.115802521849825 1.3076508197378476 9 4 194
1.5949801031312365 2.1008618881043772 1.309022115297021 9 4 200
1.6140720271341795 2.0959991357109278 1.3094211662386934 9 4 204
1.6284529391437297 2.092262227249107 1.3097289426014687 9 4 207
1.6193223656146067 2.0712741820606935 1.3118023651235848 9 4 209
1.6446981294971272 2.078216413658042 1.3110307898844726 9 4 212
1.6876745664097537 2.095767815827493 1.3091613212089945 9 4 216
1.7016792393486586 2.084970811946577 1.3101562313353328 9 4 220
1.7373689906115932 2.088367712230156 1.3096894252738824 9 4 225
1.7909836364372596 2.107608467474901 1.3076150791192345 9 4 230
1.8256858925327184 2.0839160390820393 1.3097830307481444 9 4 239
2.484649114937592 1.2711416851552921 1.3861937775118633 9 4 462
2.5023887902424073 1.243520993880907 1.3888083119187924 9 4 469
1.3600441849295162 2.109478603805975 1.3053715746038266 9 5 156
1.9702067972594368 2.060893112919959 1.3070429764112519 9 5 263
2.0840213556362697 2.0535900033673045 1.3071823601522112 9 5 279
2.5075800807865996 1.7473200033928187 1.335043015721326 9 5 376
2.473783336923466 1.5360058162136148 1.3559160297135362 9 5 410
2.474647550946189 1.397946236155298 1.3694370239950266 9 5 436
1.5233153200824672 2.105158662867872 1.3010516247624087 9 6 187
1.6339983155537834 2.073804284835796 1.3034537704942957 9 6 211
1.8193879104499078 2.108826389453682 1.2988271110993246 9 6 234
1.8553653997092394 2.0794508338436226 1.301503566025533 9 6 244
2.0579359114931326 2.0952595463876893 1.2986674106632112 9 6 269
2.506731672151508 1.6933244103916532 1.3355617821821777 9 6 385
2.487790234226927 1.6600251897218041 1.3389713533762417 9 6 389
2.437944859597992 1.6221634609108768 1.3430261302529065 9 6 391
2.4678762458121586 1.559780011660958 1.3490022664315329 9 6 405
2.487262566693637 1.514584597793482 1.3533462981383952 9 6 415
2.4775968387574556 1.3880885040877091 1.3659067255151975 9 6 438
2.483714013752777 1.2690909163228228 1.3776269290447798 9 6 462
2.4966060792195734 1.2200191998573064 1.3823948396235564 9 6 473
1.3426226145266933 2.1134490369539796 1.2976617580364311 9 7 152
1.4606165919882308 2.097969915669349 1.2983172823370972 9 7 177
1.48880307368531 2.1045410467071544 1.2974504620159135 9 7 181
1.7498098596564993 2.0999259222336937 1.2959479837192323 9 7 225
1.968788524809625 2.0841406638229123 1.2958747444752556 9 7 259
2.499971825725137 1.7181764420178007 1.328353798629901 9 7 380
2.4600215916236 1.5332228840015094 1.3470870835656104 9 7 409
2.467778624469735 1.4403859858383825 1.356281106558865 9 7 427
2.487284694901105 1.3248226415859787 1.367651763633131 9 7 451
2.490190715937911 1.2807630251541684 1.3720210001682707 9 7 460
2.4898568447025635 1.250887726407822 1.3750009536940573 9 7 466
1.3107250134551136 2.0997675885879232 1.295603745549702 9 8 148
1.3927002594378697 2.1060627627445125 1.2942537394316234 9 8 163
1.4313313700698236 2.0898735534526818 1.2955429263021752 9 8 173
1.5713204633530309 2.1011770544841624 1.2931819149503418 9 8 196
1.8156605965508237 2.105296544348235 1.290629926791707 9 8 234
1.9105948379149562 2.096595448144119 1.2906738297974405 9 8 249
2.098527442380233 2.051662624270404 1.2935457201192733 9 8 281
2.4433292196198217 1.6124366475757237 1.3346760392643922 9 8 393
2.4615087679000927 1.4685195223147078 1.348982301099021 9 8 421
2.4673161394931435 1.4183847470943756 1.3539706103122016 9 8 431
1.6193773594252598 2.0775002825386584 1.2911131607321282 9 9 208
1.7851407769347527 2.108130645456324 1.2863536518850633 9 9 229
1.806557361576608 2.109292575230396 1.2860220822287554 9 9 232
1.8774084885584696 2.086152734270671 1.2876602973641653 9 9 246
1.9539375331543005 2.0775192887787073 1.2877714366551252 9 9 258
2.2185126601433254 2.048262138171973 1.2880958345019964 9 9 296
2.5049718096854985 1.6613686856112184 1.3244524512204099 9 9 390
2.4483613300894023 1.5369092729714882 1.3376330109973995 9 9 407
2.4672154534424706 1.4811521527344897 1.3430964420654834 9 9 419
2.49349493045748 1.3615741129799266 1.3549547552885517 9 9 444
2.4866325168604395 1.3127843662477132 1.3599686796670505 9 9 453
2.4867995581470344 1.2727512668433345 1.3640248414203513 9 9 461
1.540198243880578 2.111360806696116 1.284506657072439 9 10 189
2.0347017123931184 2.081755514658459 1.2819857677534636 9 10 268
2.069820713749941 2.0535612115634763 1.2844736656347633 9 10 277
2.4984147356497033 1.738920981444772 1.3118264789972687 9 10 376
2.4837695292850546 1.3928163003797995 1.347367284789979 9 10 437
2.4837273975691807 1.3720486646502594 1.349490487527194 9 10 441
2.4959771688292096 1.2955905577366682 1.3571681204959487 9 10 457
2.4971026858005727 1.2560889318075272 1.361193089844151 9 10 465
1.7013102121656156 2.0845594310005264 1.2812922741433612 9 11 220
2.485538689501454 1.6325322842762953 1.3181145678947412 9 11 393
2.487578386418754 1.5273979762117853 1.3289249478339182 9 11 412
2.4650888134007465 1.4786405353900693 1.3342302596907558 9 11 419
1.8688945742139218 2.078335112384189 1.275492217078143 9 12 246
1.9672255973898198 2.075695180117501 1.2744202612600817 9 12 260
2.0079837134917833 2.0657652513420386 1.2748941402203338 9 12 267
2.043546306068027 2.063367918325796 1.27465636639176 9 12 272
2.0616484687606635 2.0465774370978753 1.276153387435289 9 12 277
2.1332889449892685 2.0523804253144324 1.274569476647341 9 12 285
2.153767661419357 2.0491621387621404 1.274623536928401 9 12 288
2.449254652919786 1.5848316728009868 1.3188310951723299 9 12 398
2.46238349234604 1.5582338562122817 1.3214153864943845 9 12 404
2.4500062847612165 1.4494913160972036 1.3328853715609137 9 12 423
2.488827486456454 1.4196791996348264 1.335451926325208 9 12 432
2.191036941331572 2.0517622428752893 1.2691057607999707 9 13 292
2.4704704983533583 1.6863131221591006 1.3032234363819402 9 13 382
2.4644394978533697 1.5420048896940242 1.3184333923088738 9 13 407
2.5127796735484678 1.3509903997532051 1.3377251719850671 9 13 447
2.507168642296034 1.3383402799424358 1.3391343687515915 9 13 449
2.476690772515954 1.265376886709699 1.3472341853755863 9 13 461
2.4786795664983723 1.7252689301691382 1.2941978110294574 9 14 376
2.489321485176901 1.6324231928872592 1.303833124419924 9 14 393
2.480746346426985 1.667387169843683 1.29549737159473 9 15 386
2.4826842979336243 1.5551382336009139 1.3074168807109394 9 15 406
2.475821531483958 1.4914993231920897 1.3143132363778014 9 15 417
2.4905326234875056 1.428659139127413 1.3207488085895855 9 15 430
2.492071148632227 1.392464767919583 1.3245763108114645 9 15 437
2.4866000636530408 1.3796408110025564 1.3260372030807452 9 15 439
2.5123524513976068 1.3234355091868146 1.3315739402817783 9 15 452
2.4945045228812393 1.2757231526254214 1.3369656119294508 9 15 460
1.4483143017493312 2.110067866676069 1.2624548961221853 9 16 173
1.478999979413229 2.1014049129651684 1.262812222333437 9 16 180
1.6062498496410569 2.0828450285786886 1.2624299906298495 9 16 205
1.6598595669588878 2.0993986513007243 1.259652597509488 9 16 211
1.5493675853283322 2.103593532400343 1.2572556593759514 9 17 192
1.629273391494325 2.0876091832206902 1.257394557105226 9 17 208
1.6909237154271652 2.0867865150136216 1.2562562699037965 9 17 218
1.8819976500872264 2.0829790787167783 1.2528644516630973 9 17 247
1.9484157716131127 2.0714752727398715 1.2527870278714428 9 17 258
1.4615000876222626 2.1128598044677798 1.2540897982081671 9 18 175
2.025897059977093 2.047753444554841 1.2492504829777338 9 18 272
2.2196141542854972 2.0587511501156976 1.2439527045950973 9 18 294
2.244712632858061 2.058138458236173 1.2434885471166297 9 18 297
2.2716490438958585 2.0586266659401247 1.2428654328742814 9 18 300
1.3668265031148323 2.0851141072013317 1.2553432789076535 9 19 162
1.535751649579282 2.101745748217624 1.2497299821885255 9 19 190
1.963682537003065 2.0589737298386788 1.2448436518179031 9 19 262
2.3022395961054616 2.0611061380516285 1.2370234656422596 9 19 303
2.4556919410036615 1.744546613224292 1.2683848408255476 9 19 370
1.5973559987636552 2.0862643459597887 1.2459810237173525 9 20 203
1.689029756916332 2.08497326249232 1.243955239001038 9 20 218
1.7778988293569844 2.1009108587154204 1.240086967307189 9 20 229
1.8098319387654809 2.1053810368030836 1.2388362191902074 9 20 233
1.8525553631268439 2.075404333682224 1.2411467126816889 9 20 244
1.9866244377749624 2.0652956631906725 1.2390948730864337 9 20 264
2.0419991082220585 2.0602234113878066 1.2383467889630804 9 20 272
2.0965466895186045 2.0657519283128445 1.2364437668027075 9 20 278
2.472702031671874 1.7836323087734367 1.2588018991629555 9 20 365
2.4908725248971906 1.7460069536816576 1.2625406965596435 9 20 373
1.378186392994708 2.09256022795595 1.2466617021589752 9 21 163
1.9089400369905292 2.0746461388106074 1.2354399229224449 9 21 252
2.1065248260318516 2.0606325324985137 1.2320824687536662 9 21 280
2.1238067149659274 2.0487295154849723 1.2329810252246063 9 21 284
2.508202258296217 1.6605300641192045 1.2667510250116691 9 21 389
2.4661977777388455 1.5260172977952122 1.282817008019019 9 21 409
2.4714878036244894 1.4206415267844659 1.2944513872154715 9 21 429
2.480879912950328 1.3619296393004074 1.3007731288466993 9 21 441
2.5032865127836077 1.299380539170866 1.3071991152633795 9 21 455
1.551985347718342 2.094724537529364 1.2380580385160707 9 22 194
1.8378568996967952 2.074565959017208 1.2328458918280343 9 22 242
2.225433043795617 2.0552873214904652 1.2248733933673828 9 22 295
2.486955766769798 1.790661273631967 1.2478071040757492 9 22 365
2.495196746164855 1.7411604956634268 1.25316153719334 9 22 374
2.5022340977516375 1.622054165326261 1.266379834180597 9 22 395
2.469789436127206 1.5714561925303099 1.2729223632925626 9 22 401
2.4763640148028125 1.2427249056567007 1.3097408282135996 9 22 464
1.359181040842697 2.095161678836354 1.239258019457449 9 23 159
1.4269000399295917 2.105807829799328 1.2361936648700842 9 23 170
1.7043284668706002 2.075096895597426 1.232067692675558 9 23 222
1.7935033818778932 2.090285496220848 1.2278998405398533 9 23 233
1.8962150315995432 2.0820958407798535 1.2260116617093924 9 23 249
2.4736890938462803 1.698929894712434 1.2536227251669758 9 23 379
2.48543396165527 1.5955911181995919 1.2650184404761395 9 23 398
2.471032618704018 1.5601809511113147 1.2694286284205032 9 23 403
2.4677341049235917 1.5143026365617178 1.2747213326034295 9 23 411
2.4705309084310594 1.4239369802507569 1.284891393773362 9 23 428
2.473046295783303 1.3621238955514894 1.2918315332076853 9 23 440
2.4707909947390823 1.2997222821394614 1.2989692412596066 9 23 452
1.3718886631310105 2.0980312077169523 1.2347642955521665 9 24 161
1.4790925694856585 2.0907294063760484 1.2325236121961818 9 24 182
1.5391106184608463 2.0937139832715204 1.230461060210588 9 24 192
1.5548995653765527 2.085822595190344 1.2309098515403734 9 24 196
1.6278352238972662 2.0925786230765198 1.2280458479953604 9 24 207
1.6728641380155984 2.0816697045762975 1.2280007173068102 9 24 216
1.7416402873991599 2.079456480175226 1.226280855615091 9 24 227
1.8769439664578713 2.0839151749016995 1.2218904087618538 9 24 246
1.9664746405673434 2.0478613623687125 1.2234418793152546 9 24 264
2.1966889911945526 2.0459661643403835 1.2170550544539624 9 24 293
2.4882785002764094 1.6363375813924077 1.2554956361543312 9 24 391
2.451989403659095 1.533325470510076 1.2683067640369048 9 24 406
2.475352583371088 1.4844527107396168 1.2732208558399918 9 24 417
2.476778419889437 1.3473854265114322 1.2888413494031705 9 24 443
2.475030007216247 1.2355455421855908 1.3016703936624077 9 24 465
1.4399776782498939 2.108635912137027 1.2276792643855505 9 25 172
1.6049876798197655 2.0942421777683196 1.2243952978506332 9 25 203
2.0569885717241503 2.0647290232627307 1.2142582723495252 9 25 273
2.5057378252261513 1.7813628414802234 1.2334447719371986 9 25 368
2.4849594192540327 1.7215510841185384 1.2409531094450785 9 25 376
2.4765071794761226 1.67572147406653 1.246482579875349 9 25 383
2.4695484217862154 1.464716223516436 1.2709840380236146 9 25 420
2.4736646737228503 1.3144752506192872 1.2881580568710898 9 25 449
2.4699484267205563 1.2130631297176067 1.2999449381130133 9 25 469
1.4979152651490335 2.086991199739731 1.2244561935104403 9 26 186
1.5520020794546883 2.0890862100848295 1.222525286121833 9 26 195
1.9108710759580054 2.0818153464665508 1.2121695110116129 9 26 251
1.9396681804274025 2.062533066394404 1.2135076066579475 9 26 258
1.9856498890894305 2.0632726028015904 1.2119868712400335 9 26 264
2.1044728675235005 2.057640053110607 1.208932151533393 9 26 280
2.1177359246583296 2.0552622961007065 1.208794074471522 9 26 282
2.5053355854326007 1.8172286806264537 1.2243104296794347 9 26 362
2.506263507369251 1.744733980822688 1.2326909349132367 9 26 374
2.4643731123078663 1.43474079461697 1.2699577476212531 9 26 425
2.475658035999255 1.3921662881561558 1.2745442680474608 9 26 434
2.4738548309065824 1.3704399367751878 1.2771208205944427 9 26 438
2.4690287093802645 1.2763297919381396 1.288188306694265 9 26 456
1.450317483482042 2.10225735751154 1.2202318043472633 9 27 175
1.4749379047119455 2.0927564868225366 1.2205427440843608 9 27 181
1.5818471728715902 2.089311053927774 1.2174739405613177 9 27 200
1.6598459945641475 2.099714926087398 1.2137252847671656 9 27 211
1.7266757917065592 2.0776649004722514 1.2141322907159453 9 27 225
1.8161537943345256 2.0732968802398943 1.2117373285948374 9 27 239
2.1528956627217926 2.056582013995797 1.2027564039227534 9 27 286
2.5294629611740778 1.787539195711504 1.2219726572494596 9 27 369
2.4758226158861656 1.685688741026879 1.2356180114819273 9 27 381
2.5016954144433825 1.6762430453448516 1.2358818364321613 9 27 385
2.489229471753238 1.623217288987993 1.2424839085822534 9 27 393
2.4722673050402753 1.541160007013761 1.252624984623266 9 27 406
1.415232309621034 2.093844573287014 1.218461618433209 9 28 170
1.8041296329351497 2.0871871254676297 1.2061251124401748 9 28 235
2.1903254590832173 2.052661710869116 1.1971611021739332 9 28 291
2.5108739027526843 1.7580667398824719 1.2210341329446734 9 28 372
2.4710570899067177 1.2305728683158357 1.2844879806044607 9 28 465
1.4757960524687062 2.100045413666549 1.211707833481115 9 29 180
1.4809235475597555 2.081400994193645 1.2137399631590082 9 29 184
1.857398662697928 2.0848864472358564 1.2001478679211184 9 29 243
1.9247767003885632 2.0619358966697 1.2005116924103054 9 29 256
2.0247625399861806 2.0757877175905923 1.195368535280756 9 29 267
2.491527789784767 1.8568173547319047 1.205003730379928 9 29 354
2.495179835368729 1.8403120776659232 1.2068337615106213 9 29 357
2.527005076762613 1.784828879759184 1.2123011793054752 9 29 369
2.4692452509036626 1.657441908772736 1.2294338514723395 9 29 385
2.479896210378553 1.6457364106199963 1.2304495285687644 9 29 388
2.478966121992218 1.4714559300462662 1.2511554097844448 9 29 419
2.490935262146672 1.4391553618179818 1.2545679510907957 9 29 426
2.490550152388886 1.4228984692489905 1.2565098406870883 9 29 429
2.496901417189239 1.3258753337421902 1.2677964927519274 9 29 448
1.5482388169243804 2.07955079850394 1.2075429813977974 9 30 196
1.5652202831888302 2.0848039159331897 1.206299246719068 9 30 198
1.6084917276233641 2.1042190547472814 1.2024095250790259 9 30 202
1.6722343490270604 2.099555849451214 1.200654494050751 9 30 213
1.7411531498537545 2.0911224181532777 1.1991622264959019 9 30 225
1.8098958308378013 2.0736091868614333 1.1987613544526066 9 30 238
2.0489703133647375 2.0761358361664306 1.1897869809351374 9 30 270
2.132205733557768 2.0525470873348524 1.1895863882573834 9 30 284
2.158176736833767 2.0597038081141803 1.1877890829154931 9 30 286
2.294195927338285 2.038004673596431 1.1854479516987886 9 30 305
2.460826922454949 1.5723702547126828 1.2350452061653439 9 30 399
2.4656011639264044 1.5467777131179368 1.2379302461459853 9 30 404
2.4885466028580465 1.4052203549240896 1.2540135451345997 9 30 432
1.626482241322905 2.0915688066375857 1.1990927458955403 9 31 207
1.696640636333202 2.0738100926279888 1.1985962199003932 9 31 221
1.7542579425805647 2.0723685787601926 1.1966064060796846 9 31 230
1.884923204132754 2.0900257220742335 1.189574911798172 9 31 246
2.069326781536846 2.0540261322390054 1.1869845902112657 9 31 276
2.484369809163165 1.635130684587309 1.2218251637887654 9 31 390
2.469693355021416 1.3802773751537203 1.253053872363148 9 31 435
2.479751323999594 1.2966623025265487 1.2627412925573478 9 31 452
2.468587984876927 1.2568746167194575 1.2679498323996772 9 31 459
2.482489128838962 1.2273914184831989 1.270976895795232 9 31 466
1.4047486196125347 2.0889902661841364 1.2038313301961263 9 32 169
1.6824430718445749 2.0909636674847745 1.1928119722757455 9 32 216
1.867596546313334 2.087273540311214 1.1860717629732394 9 32 244
1.9134525801379656 2.058078977821617 1.1878315354080375 9 32 255
2.1436403819730065 2.054351864743655 1.1793475813219962 9 32 285
2.481245513578618 1.486577482787108 1.235085579249743 9 32 416
2.482638013202018 1.2515044731118148 1.263534605794808 9 32 461
2.4799108801449665 1.21071163072278 1.2685866884913728 9 32 469
1.357498272996219 2.1077732203076223 1.1995291689313219 9 33 157
1.4124915297147917 2.085798953425997 1.2000079624244306 9 33 171
1.4770789704294918 2.1020821628420414 1.1954296316276731 9 33 180
1.6421611981165742 2.0825892419740053 1.1911913508242977 9 33 211
1.7168160863480022 2.080550023918381 1.188447111627048 9 33 223
1.7391514354528654 2.0891562996837827 1.1865004767029745 9 33 225
1.783864998443116 2.0746334289960933 1.1864813845344737 9 33 234
2.0035472240223355 2.0765884242060446 1.1774344463955573 9 33 264
2.0321321329397497 2.0873122436637797 1.1749786161133096 9 33 266
2.502204360271767 1.7802756432985256 1.1936298992658694 9 33 367
2.464602414621114 1.6522067728654224 1.2107788012660357 9 33 385
2.4434778825805354 1.5170166758224295 1.2281367668671923 9 33 407
2.4593256505642436 1.4269681365884714 1.2384991174787614 9 33 425
2.4717188192123127 1.3121187487600272 1.2520289465619698 9 33 448
1.4947777184472046 2.102981189712164 1.1905747025419786 9 34 183
1.5296545406196869 2.0728954795435395 1.1928326913537233 9 34 194
1.6114812736053445 2.1013430450390853 1.1859479554954782 9 34 203
1.8507224837464498 2.078436623318639 1.178867840878425 9 34 243
1.8890185454418735 2.0806298497907587 1.1770136625296685 9 34 248
1.968150873692244 2.0850563209273782 1.1731952897571896 9 34 258
2.1287797516946996 2.05510786883861 1.170233780605442 9 34 283
2.494343266172059 1.7447964587870408 1.1932818102046225 9 34 372
2.4552026387001433 1.5948849922081545 1.2133420911223416 9 34 394
2.4401254432709525 1.542272253233394 1.220437879079399 9 34 402
2.4494408699471792 1.5027015586642547 1.224920163632714 9 34 410
2.438554885621163 1.4756631205138433 1.2286965991298202 9 34 414
2.4623856941821733 1.24190121084145 1.25646626233307 9 34 461
1.384086067181474 2.096492372637101 1.1920584841635211 9 35 164
1.7667737401465646 2.0774781716773907 1.178092320316464 9 35 231
1.802790683175917 2.079213656715044 1.1763411540696063 9 35 236
2.041095476323678 2.0685979372828247 1.1674925038411725 9 35 270
2.0773312953151133 2.0402485052664314 1.1694593523886647 9 35 279
2.1734002990367385 2.0311985799444523 1.1664831718576436 9 35 292
2.4661527753705696 1.6867591456852264 1.1966711458299435 9 35 379
2.482232149552199 1.3825158194684097 1.2336793652584077 9 35 435
2.4577729708939207 1.351000372466145 1.2386271520380232 9 35 439
2.460102116108179 1.3364606213939467 1.2403292046705787 9 35 442
2.4698114073736215 1.184709272519248 1.2587162246932793 9 35 473
1.4270924532688907 2.090499060375688 1.1870174974777599 9 36 173
1.4563215578644348 2.098318938905157 1.1847576790499432 9 36 177
1.517015501937298 2.0902667824070664 1.1830960427489674 9 36 189
1.651873333840398 2.0676478513046472 1.1799938959965857 9 36 215
1.733243380454319 2.083534395303123 1.174436918511954 9 36 225
2.4558506053493536 1.6512591283571691 1.1966300886782144 9 36 384
2.467735058086998 1.6228737866654972 1.1996498429090423 9 36 390
2.439791322718988 1.2562338254306638 1.2466258902499523 9 36 456
2.437125294323627 1.245225650890178 1.2481165856192753 9 36 458
1.3879505100821914 2.1013411543746274 1.1834699243452382 9 37 164
1.4146671789154313 2.107194434153861 1.1815264294576264 9 37 168
1.5744256847713831 2.094796505340754 1.1758611050941723 9 37 198
1.6148092497203963 2.0864091557608413 1.1750891863158286 9 37 206
1.9111137220121828 2.080404520024764 1.1624467184512688 9 37 251
1.9382131560894633 2.0782716391623204 1.161489474890554 9 37 255
2.0635161852414985 2.0415150252830285 1.1604429733169521 9 37 277
2.171151514991978 2.054524818448162 1.1539415436361242 9 37 288
2.2697037446740707 2.043547418305974 1.150865075175461 9 37 301
2.4862763065490436 1.7202659210978393 1.1816972528686684 9 37 375
2.4701393645107217 1.693500372861232 1.185790278276834 9 37 378
2.4657420318160823 1.3320257741948955 1.2314127481007564 9 37 443
2.4565142796791926 1.2320766520831126 1.2443897835904596 9 37 462
1.4976995283023258 2.1005943736064885 1.1745414768156257 9 38 184
1.5315043882081054 2.08128700855852 1.1754129267779887 9 38 193
1.6651907238810923 2.080542282963266 1.169291033834973 9 38 215
1.9900359521541566 2.0644183988337548 1.1562268497346075 9 38 264
2.013493906829992 2.058255854388812 1.1559159604324196 9 38 268
2.0365853353393373 2.045198773688659 1.156494602593284 9 38 273
2.2331551334463726 2.042396627265597 1.1477091217142226 9 38 297
2.479342072507424 1.7578727041899966 1.172267832971578 9 38 368
2.4674863114615837 1.6098318799395417 1.191553349620749 9 38 392
2.470002817983004 1.543062278453601 1.1998858870055646 9 38 404
2.4695969740541917 1.4601076975026317 1.2104024820029795 9 38 419
2.460608679828002 1.4397222162777783 1.2134001578545344 9 38 422
2.4661381235591944 1.42613593319399 1.2148623651812493 9 38 425
1.3664937085091022 2.1076050901192813 1.1758516892456536 9 39 159
1.4383900452320257 2.103548380245479 1.1729331638186402 9 39 173
1.4586792291399904 2.107525781890417 1.1714568065080773 9 39 176
1.482736821330952 2.1153157997286653 1.1693145194094026 9 39 179
1.8235200307683486 2.085036725557899 1.156889158013371 9 39 238
1.8707525810447838 2.0703583261947633 1.1565027398033192 9 39 247
2.150327919689825 2.0509019611976416 1.1456229422368815 9 39 286
2.169524935410407 2.0397664600953465 1.1461246840943642 9 39 290
2.4840035737594874 1.8027398040168698 1.1613031139339038 9 39 361
2.469579936024166 1.7698510478761618 1.1661835073887303 9 39 365
2.465151230443055 1.683512646654633 1.1773976528410288 9 39 379
2.4653332403854002 1.5737927215392264 1.1913711018822881 9 39 398
2.4368210739780234 1.5038188132719834 1.2016506431992628 9 39 408
2.458352744019263 1.405814931484264 1.2131108882523884 9 39 428
2.4605005206544917 1.3489009800082103 1.2202610819194786 9 39 439
2.448775777210001 1.2323263060122933 1.2356770169518514 9 39 461
1.3851196857842272 2.0867370448734515 1.1737065758889678 9 40 166
1.5295227700431926 2.079449267742767 1.1675556420376867 9 40 193
1.6262734753458117 2.0856331427353187 1.1620143726648777 9 40 208
1.744828920266718 2.088011717601946 1.1558914128916862 9 40 226
2.1935224571161673 2.038137702152947 1.1402731892410884 9 40 293
2.482155365884563 1.6567480051674128 1.1750505824908841 9 40 385
2.462974937707326 1.3026597380097185 1.2214295352412705 9 40 448
1.6714025299282649 2.0742445218110652 1.156983132140692 9 41 217
1.8175551640455803 2.0920645933964255 1.147320078652989 9 41 236
1.9161093520732866 2.0714462792673016 1.145020886113728 9 41 253
1.9937331235540028 2.0478277904822493 1.1441634425884586 9 41 267
2.0652065548605116 2.060914139431982 1.1388730067521824 9 41 274
2.445663222058338 1.742739373994596 1.1608248555975045 9 41 367
2.4856893094805024 1.5883761656921631 1.1787547742540379 9 41 397
2.471330616980837 1.3887409839799842 1.205273310792196 9 41 432
2.4646702038308526 1.3594941395362747 1.2093878046736977 9 41 437
2.4756845975275064 1.2712758914847093 1.2202320250498357 9 41 455
1.4360564105078015 2.095466640721824 1.1620942113386235 9 42 174
1.5267942897441906 2.076837530065841 1.1598310324730354 9 42 193
1.6135874124693828 2.0731835131711827 1.1558232991701805 9 42 208
1.6766252294677937 2.066946069583994 1.1533787141567151 9 42 219
2.100687667920372 2.06303384817196 1.131983567935346 9 42 278
2.464668182868609 1.6871264844296192 1.1620897400996495 9 42 378
2.4854736752984046 1.5477399360027821 1.1791497611842878 9 42 404
2.4405821693728305 1.4869413537442768 1.189378660065088 9 42 411
2.457834114439093 1.3453020237868492 1.2069153278406193 9 42 439
2.4503039920848195 1.2303364447038316 1.2222617157169111 9 42 461
2.464427938569845 1.176536940901963 1.2285316782536984 9 42 473
1.3885734153956204 2.0852596140918287 1.1619404874067634 9 43 167
1.4804205409485343 2.0889900355551516 1.1565888345679882 9 43 183
1.8396271253481524 2.0991257020762695 1.1362423750113595 9 43 238
1.8467820966856392 2.0739532175654007 1.1391610312726677 9 43 243
1.8853095026554345 2.0698927525896034 1.137653043429352 9 43 249
1.9273870929660046 2.068084220321184 1.1356620922799445 9 43 255
2.0159428859235824 2.06548744055376 1.1313135400600183 9 43 267
2.1835821656254937 2.0555276058962098 1.1237423225600867 9 43 289
2.243951432401698 2.041998833298308 1.1223181921393452 9 43 298
2.4872421509024303 1.8021143483839208 1.1408606337170948 9 43 361
2.483301659399389 1.7874785864812712 1.142986490653479 9 43 363
2.4914057107605365 1.683233631189397 1.1562130492079752 9 43 381
2.467383707127322 1.5719189793699235 1.172066669655013 9 43 398
2.453424214994875 1.5089124514772754 1.1810593593926777 9 43 408
1.3372373178323833 2.099232585896781 1.1589422034067807 9 44 155
1.5440904188686408 2.076619451392596 1.1507045557100035 9 44 196
1.7504462321838026 2.0806073338617495 1.1389854983879513 9 44 228
1.7879874305633883 2.096425074026607 1.1348630112800464 9 44 231
1.812428949519291 2.0998096648005333 1.1330908701360196 9 44 234
2.2814348301134713 2.0428055727262775 1.1151693898587063 9 44 302
2.4431054873483924 1.3425691082883577 1.198753627227773 9 44 438
1.5747792171756763 2.07130686818265 1.1455659733825254 9 45 202
1.6061192038608507 2.072051104028952 1.1437265644083205 9 45 207
1.6828399140501644 2.079044079788685 1.1385370316262469 9 45 218
1.8699910536480684 2.062629899652667 1.1303224101179334 9 45 248
1.9414461875958198 2.060632008312824 1.12661916219551 9 45 258
2.4640035987445934 1.7204963552104702 1.1427614089093598 9 45 372
2.441546619327135 1.4796603609334977 1.1759877447511498 9 45 412
2.4528506644029133 1.45772966031359 1.1782719713706609 9 45 417
1.3776137095326957 2.0917021270607155 1.1498653802810572 9 46 164
1.3954001286380164 2.093603804616571 1.148600223798275 9 46 167
1.4223543834412438 2.0932898916195843 1.147110167148699 9 46 172
1.9017226074233942 2.0646743692444494 1.1236892473578557 9 46 252
2.018044247748858 2.047395578330465 1.119387604720517 9 46 270
2.1240383996875183 2.054319742940355 1.1124375107191824 9 46 282
2.1585822750870842 2.048539633914528 1.1112467960292158 9 46 287
2.2025993516938955 2.04933068081872 1.108639215523639 9 46 292
2.4658036657001543 1.2228587526246795 1.2041617548077002 9 46 463
1.4779528571237386 2.0869589593768842 1.1407216971455827 9 47 183
1.5050607484927627 2.0974623550366833 1.1377321676940244 9 47 186
1.6766323128251064 2.079291176000824 1.1302026561135405 9 47 217
1.7317006374476769 2.087993257949096 1.125829961122915 9 47 224
2.0352174977157005 2.0482295960873373 1.1135351825635191 9 47 272
2.0498386787179617 2.034409836670506 1.1145449476532256 9 47 276
2.2296492979280877 2.0430307552085116 1.1029308317174853 9 47 296
2.2322278398960576 2.0319139399637245 1.1042769852870253 9 47 298
1.3519473924835195 2.093122849525684 1.1432960368701075 9 48 159
1.4422612993015655 2.0912143343374403 1.138186218673773 9 48 176
1.5841224173689674 2.0809301957198363 1.1311470587020647 9 48 202
1.9802362719408961 2.0669977465060283 1.1094890446288987 9 48 262
1.615115942006155 2.0750001322805103 1.125853581672717 9 49 208
1.6413738332096952 2.088506393325681 1.1224166051387958 9 49 210
1.651312517427997 2.079623019853195 1.123024343237918 9 49 213
1.7646940129688127 2.0810176097117896 1.1159467020115916 9 49 230
2.2157084175741737 2.051556393171951 1.0925672339669323 9 49 293
1.4598547281721888 2.0923982605576756 1.1288388737872788 9 50 179
1.5090440059035266 2.0836646353843586 1.1269854877427923 9 50 189
1.683184036091193 2.0980873907416147 1.1141998038183383 9 50 215
1.6981458729096857 2.0874393750082447 1.1147331081096252 9 50 219
1.7243431197190553 2.0623425132177644 1.1165527137398605 9 50 227
1.8621091412285682 2.061396997786274 1.1081338181858866 9 50 247
1.894128350063787 2.0701944220824267 1.1049392763481913 9 50 250
1.9330953717903738 2.078122233217173 1.1014329843102033 9 50 254
2.114663895295525 2.039439871619101 1.0954764186552972 9 50 283
2.2426951791687033 2.0581295842940754 1.0849661344103831 9 50 295
1.3902457693462387 2.0889112726451273 1.1296518053842672 9 51 167
1.7147787448776661 2.0782294570801576 1.1105652160592383 9 51 223
1.5239917983720113 2.0811469386422936 1.1180913641301775 9 52 192
1.5432372003153394 2.082652786790141 1.1166373130873932 9 52 195
1.5820432005259417 2.066827372542307 1.1163287365207162 9 52 204
1.8279855976511468 2.081532959665002 1.0983781751482282 9 52 239
1.8411466272687713 2.06796586358481 1.09941398531152 9 52 243
2.0123119639189593 2.0477201941470575 1.0911604135686785 9 52 269
2.001644403483144 2.0264260188946333 1.0948119362813094 9 52 271
2.0195191277786506 2.0280807887917187 1.0934258155737069 9 52 273
2.4920382402660395 1.7436987058701388 1.1024201874026744 9 52 370
1.4109213684695834 2.1003463739494466 1.1186993222271029 9 53 169
1.5037160712599271 2.072338341555086 1.116497238454535 9 53 190
1.9093601573486465 2.070131115401905 1.0900406941218952 9 53 252
2.0530744337642957 2.041766779487326 1.0845286728589725 9 53 275
1.4426396834980293 2.098874291186408 1.1127322970818863 9 54 175
1.5687082485979753 2.090457527883584 1.105434162007616 9 54 198
1.8377881466085824 2.071084159654193 1.090055546295405 9 54 242
0.7741877692986845 2.129405066777853 1.150181094699339 9 55 18
1.4654176657017801 2.099291042164923 1.1070242326995938 9 55 179
1.4824234373344725 2.092976166930444 1.1067528796718906 9 55 183
1.7689980907641303 2.0846526637454255 1.0882705359994005 9 55 230
1.811893162462594 2.09215652845243 1.0842633374931188 9 55 235
1.9312783271659852 2.056623026348901 1.0811107063006151 9 55 257
1.9825495451823167 2.0483146756637725 1.0787709897861346 9 55 265
2.4530227588214237 1.5276074842973544 1.1203275095258651 9 55 403
2.4683326853882877 1.5182490913329856 1.1206040872475715 9 55 406
1.3530263923587762 2.108688031229126 1.109420348471997 9 56 157
1.521695314149333 2.0730792587382125 1.1027070080619186 9 56 193
1.7353299448378992 2.0785762494584716 1.0869829941987978 9 56 226
1.9452722186254752 2.0491062847632318 1.0765073253231852 9 56 260
2.012084252467162 2.0402118592464675 1.0731044627466286 9 56 270
2.480346619567103 1.4841065785932779 1.119720559793401 9 56 413
1.394627248807909 2.1074836166152844 1.1026406870978633 9 57 165
1.4376235925622227 2.1000887346133914 1.1006392545275152 9 57 174
1.8301228039451507 2.0639745213966285 1.0778604359950934 9 57 242
1.5713776250628626 2.0749546637961322 1.090466897554645 9 58 201
1.646790924284637 2.0754238985914686 1.0849262217309503 9 58 213
1.7070130760486388 2.083277099679661 1.0794207722566878 9 58 221
1.7815323423976217 2.09602313836833 1.0721705889883404 9 58 230
1.9939767096766219 2.0442288654081606 1.0642391022596678 9 58 267
2.4583796396617896 1.6966821274962165 1.0807682446206797 9 58 374
1.503516641319514 2.0913371509329446 1.0888404438644899 9 59 187
1.5939134200934073 2.0791477719291804 1.0839334578174504 9 59 204
1.6146791937240037 2.0874450223184953 1.0811921811752332 9 59 206
1.638848888785812 2.0926362570191657 1.0786511252797801 9 59 209
1.671246089986251 2.0804122742242743 1.0780350484359027 9 59 216
1.6843414454767598 2.0742280707587653 1.0779668270357816 9 59 219
2.088033466380507 2.0613500902176303 1.0500090560845088 9 59 276
2.4936873957399777 1.476880477004457 1.105041256498584 9 59 415
2.4861636178844613 1.4512132966111666 1.1093303798749063 9 59 419
2.476575578933516 1.4303675678949872 1.1130707873705248 9 59 422
0.7715498753041046 2.1167420807622577 1.1359915010951849 9 60 20
1.730651164034004 2.080352388142293 1.0691735440325152 9 60 225
2.041911223678515 2.043910625720394 1.0510940346391675 9 60 273
1.4151870998769358 2.106863557920558 1.0849301888206606 9 61 169
1.4875690844274154 2.0932286532101907 1.0813975919614909 9 61 184
1.5671811873039787 2.07093777769006 1.0785863487885083 9 61 201
1.6958779300637938 2.0852238715899314 1.066630946689905 9 61 219
2.4538398282773124 1.498736874293797 1.0801993398552823 9 64 407
2.478041750141012 1.3889393859132464 1.0947228661785433 9 64 429
2.4627405001952587 1.4910450594316704 1.0756887314969155 9 65 409
2.473343320784285 1.4793146898448875 1.0765913082365686 9 65 412
2.4882581303770244 1.3755507745760067 1.0861507232749803 9 66 432
1.5812668106621919 2.079405477652526 1.0504033093622258 9 67 202
1.6724955716141625 2.0816869238161013 1.0423411585156748 9 67 216
2.469439880433662 1.3880808027226146 1.080937689278901 9 67 428
2.462139640346871 1.3368457367424678 1.0893834048055444 9 67 437
1.4878017195532613 2.069793977745937 1.055577195009404 9 68 188
1.6011344984139708 2.0744515601582343 1.045126780791402 9 68 206
1.805038574243072 2.0913297919244824 1.0250184019935755 9 68 234
1.4295679258358083 2.0873788098545 1.0537343636772483 9 69 175
1.7250169921111516 2.0747924491127407 1.0299071747753519 9 69 225
1.7807940095666193 2.0883347535022145 1.0229471795255534 9 69 231
1.838489121468304 2.070047148128983 1.020742229311398 9 69 242
1.85606314625154 2.066354767362097 1.019780164277873 9 69 245
2.467791750363874 1.3428560252689907 1.078302013812149 9 69 436
1.4748035626388778 2.074782903686328 1.047539397920629 9 70 185
1.5721696169469863 2.064244464721073 1.0405542021178018 9 70 203
1.4170566642032778 2.0863207790195695 1.046723847967797 9 71 173
1.6334943819522025 2.0752810495178897 1.0289880353522471 9 71 211
1.6655724322219774 2.081348206636075 1.0251538330536065 9 71 215
1.8082693565367634 2.06844514241333 1.0143409125408542 9 71 238
2.4477798340283354 1.5527996721693964 1.0375315465677897 9 71 396
1.3353228009424851 2.1109961805665036 1.0461576105139172 9 72 154
1.8985645115241625 2.0643236685137882 1.002095230971623 9 72 251
1.5695841855649535 2.0867890081605753 1.0242319818216719 9 73 199
1.5998645870037371 2.0609904901331797 1.0255127892398956 9 73 208
1.6555640225129993 2.0779908148261113 1.0176613239797825 9 73 214
1.9361980619686583 2.0639506575535482 0.9938907458424905 9 73 256
2.4623397658847628 1.4622522038837014 1.0404438153005404 9 73 413
1.310891406571284 2.1075002139551398 1.0408836877237753 9 74 150
1.3190223984312208 2.1047562554180184 1.0405566525918242 9 74 152
1.3961027970206 2.1069677527454203 1.0329604519947848 9 74 166
1.4081817512426738 2.0894553925571575 1.0346149573426455 9 74 171
1.4900992092348226 2.079226670125566 1.0285458682204887 9 74 187
1.779025309221908 2.0800119278375275 1.0012678809529933 9 74 232
1.7909999469697375 2.0590331606088035 1.0034843787157401 9 74 237
1.8966719253284237 2.0559705258996717 0.9940413331491198 9 74 252
2.4285556868555274 1.51818766459134 1.029722887916925 9 74 400
2.4571776316256875 1.4368941650853053 1.0399828606399601 9 74 417
1.4296516167900466 2.0948513632659296 1.0275526601173288 9 75 174
1.651165864642367 2.073762120001207 1.0098141442813717 9 75 214
1.8374994208512865 2.0621026786001475 0.9939185674993478 9 75 243
1.8597378226980212 2.0623985448765954 0.9917511009362611 9 75 246
2.448424205244775 1.4764366142269225 1.0295192566454976 9 75 409
1.3497885983381277 2.0917616492038054 1.031581416063199 9 76 160
1.4638336051492713 2.0763403246124224 1.0230398361931088 9 76 183
1.5330573107545118 2.093388574996301 1.0135989908000962 9 76 192
1.546387354246582 2.075868537473661 1.0151337658895034 9 76 197
1.560210934671073 2.077502684670044 1.0135337955778718 9 76 199
1.7233738009371131 2.0793784848301424 0.9974552905266616 9 76 224
1.737799364128243 2.0801398628411576 0.995937776335685 9 76 226
1.7507514467852534 2.0794247335949674 0.9948006971778725 9 76 228
1.788755215604788 2.05683938208394 0.9947661365114508 9 76 237
1.5671305173998973 2.065874029491175 1.010382002929273 9 77 202
2.446634879926312 1.3430749148942724 1.0413168114175106 9 77 433
1.3536735164482914 2.090573960591577 1.0232111053637398 9 78 161
1.4343732813629533 2.094419305332208 1.0145618770822329 9 78 175
1.466097688412174 2.079086831565784 1.013908035615155 9 78 183
1.6620991045027598 2.0654700977556746 0.9966438618786914 9 78 217
1.6849576459954436 2.068402622127933 0.9938933934711073 9 78 220
1.3164781924840685 2.090838024250491 1.022813981818688 9 79 154
1.5545467834863127 2.0845222224857505 0.9998591564554293 9 79 197
1.6345784631771225 2.0892481023516742 0.9910192909044728 9 79 209
2.4875073877630878 1.3969605668996092 1.018591405127578 9 79 426
1.3343045238256495 2.0996552490049156 1.0154815466204867 9 80 156
1.351401978594689 2.0946781215910524 1.0145561278105681 9 80 160
1.46977418019221 2.0833508364462396 1.004334209962302 9 80 183
1.6102078566928966 2.0904673254094583 0.9888172105122648 9 80 205
2.4745034480855996 1.3795003084380246 1.0177967825926817 9 80 428
1.3680007533156384 2.101605493942246 1.007574239697873 9 81 162
1.2983668172344045 2.0950288405931916 1.0118237121974687 9 82 150
1.606201106912025 2.0929249467320963 0.9798917811554878 9 82 204
1.6730804387084877 2.0696957959394546 0.9767529354807467 9 82 218
2.4087016766612313 1.474351604915506 0.9989169925867017 9 82 405
1.3888411815213968 2.1008778807192776 0.9971757654151007 9 83 166
1.4040785753719984 2.0805832747961994 0.9989614499000634 9 83 172
1.4898634030112947 2.0927873826664207 0.987800235703386 9 83 185
1.505951026347188 2.0784486963049336 0.988496453273758 9 83 190
1.523215684613505 2.0839680393948194 0.9857363306048411 9 83 192
1.639426713056226 2.1005802176370034 0.9706031134388731 9 83 208
1.647624474168975 2.095883079552514 0.9705201408223858 9 83 210
2.442786718668255 1.4120723104083723 1.0007537997635896 9 83 419
2.4581438720523496 1.3269096477599942 1.0134087230150417 9 83 436
1.4223364931763223 2.076313926234234 0.9893056873368754 9 85 176
1.5031632974540179 2.088327911168884 0.9784583087230304 9 85 188
1.6675396189064318 2.0707252391379285 0.963529450741427 9 85 217
2.4616862433689564 1.3266866948188678 1.0032027208407168 9 85 436
1.3410363652626005 2.090495153367238 0.9916336572512077 9 86 159
1.548257754827951 2.078750336967663 0.9707672769378629 9 86 197
1.6140638373631844 2.0819639260674574 0.962956334680084 9 86 207
1.2831125016981686 2.103184742548875 0.9917963301548389 9 87 146
1.3844365193923198 2.0781241204075886 0.9847731533321202 9 87 169
1.4297991535553782 2.07865214432479 0.979613573370432 9 87 177
2.452873585769515 1.4410959136364092 0.97466436642185 9 87 414
1.3084310863567374 2.0901826802169428 0.9871038008830327 9 88 153
1.4527392435841568 2.0850740581707514 0.9716602562474964 9 88 180
1.3548539382893476 2.082326304493869 0.9790508991258094 9 89 163
1.2973570519407913 2.108833963591755 0.9769283581220309 9 90 148
1.50828680378671 2.09443781686405 0.9549941402348007 9 90 188
1.365254955146081 2.0947543541578004 0.9673199874676306 9 91 163
1.39362471182461 2.08935314962337 0.9649400155525338 9 91 169
1.5169847788027215 2.07843386964815 0.9523873878610885 9 91 192
1.5426079847485508 2.0734415149336805 0.9502578289007289 9 91 197
1.2448653861037262 2.101818794879095 0.9761592883187051 9 92 139
1.3062394013210459 2.0828543486149775 0.9681059820610793 9 93 154
1.3787749011835075 2.0918573212968443 0.9578013775191471 9 93 166
1.4296619746712256 2.073379842791236 0.9549677371561448 9 93 178
2.4363590526888137 1.4839881274567366 0.9334766658244834 9 94 404
1.3423767325075386 2.088234439704398 0.9544559258517412 9 95 160
2.4277975602190573 1.4621715699053501 0.9333114761395113 9 95 407
2.4635694255470924 1.3675595992865246 0.9458722925430323 9 95 427
1.2281028064677941 2.08871794671093 0.9643784960345787 9 96 138
1.2633008833949004 2.094643676096328 0.9589377064756461 9 96 144
1.2780340598056594 2.0875221364672774 0.9583903053859808 9 96 148
1.3605750306700648 2.0906649995771702 0.9475688557002995 9 96 163
1.3867902248731079 2.095375353625447 0.9434631092306203 9 96 167
2.434923287183068 1.4817328789904145 0.9238004707538751 9 96 404
2.436650276490795 1.4543106276834865 0.9285266282941922 9 96 409
1.319251040360942 2.086859354944261 0.9492281066382411 9 97 156
2.4512394812908362 1.4434549115088622 0.9235463189894441 9 97 412
2.459249209489974 1.4247280091979326 0.9259320922427845 9 97 416
2.4353476263960823 1.3917955240445372 0.9349004529521726 9 97 420
2.4530617424489334 1.3020844812366512 0.948924806562868 9 97 438
1.2740730403042022 2.083399371817838 0.9514309321174985 9 98 148
1.300993999208272 2.0781361943955323 0.9489692268132524 9 98 154
2.4694192421135437 1.34028736303557 0.9348926721138269 9 98 432
1.2784498019703308 2.0955922719644557 0.9403998939064316 9 100 147
2.4437623107584425 1.3214867152188856 0.9265226439846176 9 101 433
1.2621088906926505 2.095603792249335 0.93016063712621 9 103 144
2.456503815539148 1.486532430009543 0.8838847138238215 9 103 404
2.455299007110769 1.46880220131349 0.8873610617983545 9 103 407
1.2219676562961 2.1028688335908385 0.9301022708563781 9 104 135
0.7586313308939383 2.13765265040602 0.9724488204541823 9 108 20
2.441561254090845 1.4811484905736405 0.8608152512330357 9 108 403
2.4271922209093577 1.4451063145277767 0.8645749056077099 9 109 408
0.7353244974929307 2.1106678620680017 0.9706183896097511 9 111 18
2.450214508541475 1.3418285322126158 0.8658166255112973 9 112 428
2.430290908310885 1.45467625352911 0.8414203372510485 9 113 406
2.4486218230045393 1.412282583639275 0.847043612307223 9 113 415
2.429809245772472 1.38156202346236 0.8558788701436536 9 113 419
2.430190151596552 1.3651931298970406 0.8590433742636262 9 113 422
0.7602593047769746 2.1333951409492813 0.9520455410058934 9 114 22
2.458955463445502 1.4846548239795796 0.8259626151525162 9 114 403
2.4422847660605305 1.3367246957521786 0.8577145397693448 9 114 428
2.4306432541217133 1.4532326486066043 0.8311732065282869 9 115 406
2.439424374561608 1.417689177722671 0.8369101126840944 9 115 413
0.7463995949228637 2.1174500310414532 0.9468154524722183 9 117 21
2.4398099687169275 1.4162109956738593 0.8266822371549781 9 117 413
2.4380159272622124 1.3487254548913437 0.8405059697318884 9 117 425
1.0902127149248255 2.001518089254146 0.9132391954261391 9 118 125
2.4277326718264947 1.4437581238283907 0.81775953040739 9 118 407
2.4304288656202515 1.3943273678515684 0.8273123970827881 9 118 416
2.451176669950211 1.3152235338853588 0.8400442447402071 9 118 432
2.4483871247394524 1.4640676610949592 0.8051386602707788 9 119 405
2.4280715401785447 1.3916020377451217 0.8178010699995178 9 120 416
2.4382633561295086 1.3243799520800024 0.82988218648019 9 120 429
2.4413710752500952 1.3093850734762262 0.8324449009556355 9 120 432
2.434580252200663 1.4266382936909237 0.7990835416975361 9 122 410
0.7357103306151969 2.110088156612611 0.9290167614813092 9 123 20
2.416441185957007 1.361738813247889 0.8101672491489921 9 123 420
2.4241834408886405 1.4947408247502336 0.7760625157742087 9 124 397
2.448207574811387 1.459910053912693 0.7793532028090406 9 124 405
2.4346835359400476 1.4307162792969776 0.7876390707794516 9 124 409
2.43050640491048 1.3949422641996112 0.7957569924521322 9 124 415
2.4297303794414713 1.5976108281844243 0.7483134525564648 9 125 380
2.430418644889009 1.344082650289974 0.80112430139135 9 125 424
0.7032005721765469 2.066662768944749 0.9295960233507237 9 127 18
2.410991969428017 1.6829596651774303 0.7114140890237205 9 129 364
2.4432836005698206 1.5059195212483056 0.7435479612934504 9 129 396
2.430532070340178 1.6549450464246591 0.7028786209036292 9 131 370
2.440389346783754 1.634017993270114 0.6944889169074008 9 133 374
2.423831900819579 1.5524313020844045 0.7151197313035195 9 133 386
2.4331833086782524 1.5987681571378456 0.6978629530067654 9 134 379
2.4366413719969606 1.612070592162242 0.6887698385101783 9 135 377
2.4283046166444686 1.5411950366698328 0.7057886192813357 9 135 388
2.427561728504501 1.6936005181546836 0.6669060720676361 9 136 363
2.40995232685533 1.5009142813362535 0.70704610444907 9 137 393
2.4406479750000996 1.6679012954873946 0.6588565501259247 9 138 368
2.4396729234140544 1.6175824942675334 0.6702064585238191 9 138 376
2.4170700469784987 1.5451630794348996 0.6904602238469524 9 138 386
2.4404395276816797 1.57437553680494 0.6740785318320996 9 139 383
2.4022622920297305 1.6892731714215792 0.6499227216453272 9 140 361
2.429412792870059 1.6791798238912286 0.6470840851109073 9 140 365
2.450908402405219 1.5911964076313667 0.6627578284785686 9 140 381
2.400316397500543 1.5106806430061173 0.684830721053266 9 141 390
2.4013970534517393 1.6374159301336184 0.6504925628393141 9 142 369
2.376100722705593 1.491266192039561 0.6829353023268226 9 143 391
2.4177475062725766 1.5710353574467175 0.6512243333356914 9 144 381
2.4283040781721636 1.6373422943874656 0.6283728739951849 9 145 371
2.4175786332374374 1.594576646403264 0.6402702117602244 9 145 377
0.8286596128144654 1.9579134109069876 0.7904231070707308 9 166 75
0.6300800796965784 1.9682659325216436 0.8295638033932573 9 167 18
0.7015420921331164 1.9624529313058368 0.8146641216186759 9 167 40
0.7803425740384351 1.9433454144820876 0.7977979265861319 9 168 65
0.8139949621510618 1.9484687428539513 0.7887390504399032 9 168 73
0.6332413214487469 1.9637293288770616 0.8231106227468551 9 169 20
0.7934493228354396 1.9469401142715643 0.7901922542497997 9 169 68
0.8219114388582265 1.9501001423501378 0.7790544047362836 9 170 75
0.6332728474568401 1.9729613780452562 0.8103705582062649 9 172 19
0.7956332323719959 1.9710187839614566 0.7724157688541486 9 172 65
0.6295867166084855 1.9699040347981187 0.7981490150640353 9 176 19
0.7895067831530851 1.964068045680905 0.7607938287605767 9 176 65
0.7970897426148467 1.9600106840844274 0.748780427864905 9 179 68
0.6249553405406922 1.9723553350232188 0.7811783975471309 9 181 18
0.7629407274927469 1.9490683731808964 0.7527650619896687 9 181 61
0.7474470888230313 1.9495478555857477 0.749165957588263 9 183 57
0.6179631316502663 1.9680293768331922 0.7524677779828421 9 190 18
0.74502526172301 1.9510404302087698 0.7234460997445511 9 190 57
0.6176649451105692 1.971531283631976 0.7373596122807038 9 194 18
0.7386074566171072 1.9496774665565402 0.7106270235444622 9 194 56
0.747211847202288 1.9454546379752267 0.7094777808707005 9 194 59
1.0724342941977099 1.4470188450870949 0.7354576905468131 9 201 228
0.8556256819636232 1.454560921378485 0.7324365150624783 9 219 180
0.8338272648790819 1.4586468168402833 0.7310306878937676 9 221 174
0.8002650960342015 1.4532381447489358 0.7399289476620255 9 222 167
0.7874415211556562 1.4076896209959637 0.7380809734848028 9 228 174
0.7723972279104518 1.4135732817516302 0.7343826668603117 9 230 169
0.7837921234098009 1.3907633278550489 0.7312166783502532 9 232 177
0.7701673238734748 1.362694739099771 0.738272194168489 9 234 180
0.7906145744491064 1.2905897374243587 0.7351803085703327 9 240 202
0.7495864755927211 1.336670923899672 0.7307496956207425 9 241 181
0.7588043412546794 1.3210320356734764 0.7294664061947067 9 242 187
0.7566278932652846 1.306055699646254 0.7320025875040768 9 243 190
0.7742120860744579 1.2783003168915985 0.7318800537588162 9 244 201
0.8102554414749761 1.2316977841219852 0.7315810659117415 9 245 221
0.8254554474692799 1.2096604475328994 0.733663074895527 9 245 230
0.8623619112900611 1.1672340722334316 0.7349314850024014 9 245 249
0.8725365608221285 1.15248261907623 0.7363251496983608 9 245 255
0.7783983826566876 1.2455634195704415 0.7349856497617843 9 246 210
0.8471652349238146 1.1540107304747287 0.7350207934612261 9 248 249
0.7537983460719635 1.2618782375218518 0.7284599016824855 9 249 200
0.7992969442187681 1.2132688954646844 0.7286762801433435 9 249 223
0.7598981189713856 1.247649207080379 0.727893614646765 9 250 205
0.820440268265225 1.1772150185099446 0.730154243556817 9 250 237
0.8354411148308569 1.128291081294041 0.7318597575464622 9 253 253
0.7507604594442401 1.2026526720784678 0.7308366686846806 9 255 214
0.8533060085039761 1.0900866791329495 0.7321002436447136 9 255 267
0.7492694560434288 1.181627544443687 0.7324344875641398 9 257 219
0.8071124214578185 1.1228409372001842 0.731418032320493 9 257 248
0.7564072052876396 1.1612753165594578 0.7337796213511162 9 258 226
0.8463654674873653 1.0621697777195764 0.7348976522542343 9 258 273
0.8996085272505083 1.0115970716321332 0.732667250053137 9 258 298
0.8472727682026708 0.7804266786650258 0.7310723590910769 9 293 356
1.086489278922153 1.0593274538741513 0.3794546267602592 9 326 313
1.0975256602466203 1.0436570939896976 0.35589477390365665 9 332 318
1.0876306516958871 1.0520557537261062 0.3363180649535875 9 337 314
1.0927185201179062 1.0541971337979334 0.31991395743992435 9 340 314
0.7244632241668907 0.20484661682903765 0.9161498809875068 9 340 594
1.0933681205781087 1.0452347745773167 0.3110257579252149 9 343 316
1.0926856740537207 1.05580724717791 0.28927767219684597 9 347 313
1.0737775903910063 1.080727824339431 0.27927219718641094 9 349 304
0.6813678126464819 0.23719901861521125 0.9042797651617425 9 349 569
1.0610903025556802 1.0968051006098456 0.2656895702171935 9 352 298
1.0758200730553855 1.0673497156707454 0.2586412838171537 9 355 307
1.0757904024506204 1.0460188154098569 0.2647813803618859 9 356 312
1.0613735718874713 1.0656732975086591 0.25909722298666704 9 357 305
0.648337442636733 0.23947232775584104 0.9018960598906305 9 358 563
1.0619987571897613 1.095210917322383 0.23543649065566297 9 359 298
1.066025389774473 1.080778312508295 0.24024502262337477 9 359 302
1.3986479204716395 1.097042503946065 0.0388925319646769 9 359 343
1.0691857304166024 1.0907958827629676 0.22463863693425878 9 361 300
1.066428264512349 1.0676264149991646 0.2377980550965373 9 361 305
1.353931643506167 1.104060753613893 0.05132314543866778 9 361 336
1.074038484057898 1.0553187867288438 0.23510163549607066 9 362 309
1.3242251016210682 1.127784903269034 0.04179171998265829 9 364 327
1.0711627047385996 1.081517026433263 0.2015419553014004 9 367 302
1.344532866965935 1.100381660010027 0.02835275364315315 9 367 335
1.082232897551939 1.0499447104999238 0.206500417772417 9 368 311
1.3212137081240336 1.109494339875075 0.027584476365570598 9 369 330
1.058334967348297 1.0763067152890442 0.19857837541808054 9 370 301
1.1883892980884028 1.2290603171455523 0.03175681374476591 9 372 287
1.0851746617588531 1.054593991764568 0.18450082427716463 9 372 310
1.1351464711897852 1.253716801085626 0.046612345412744505 9 373 274
1.1731214019577474 1.1986598273190083 0.05181393198101025 9 373 291
0.9174197235826509 0.6778052931702634 0.4736697682528279 9 374 390
1.124314754793923 1.245073604894525 0.047944838556077896 9 375 274
1.0614159124006095 1.0893464155722155 0.16308614706996605 9 376 298
1.1220663139528293 1.228281044284852 0.04832148364948918 9 377 277
1.3298949990337365 0.9999963215900218 0.03363395346762377 9 378 354
1.1230037652068292 1.1619280850386249 0.07284440948867865 9 379 291
1.0726148431815228 1.2826405142455561 0.036020473634549965 9 380 258
1.1154353366246779 1.2177486809905864 0.04336698386259852 9 380 278
0.8886753849308957 0.6629184515248995 0.4781244383598784 9 380 390
1.131046102277049 1.204787995150127 0.03551504674360917 9 381 283
1.0761647226971764 1.0584031058173602 0.14746730408814268 9 381 307
1.2555794458035792 1.0523052361118173 0.037731976822183544 9 381 333
1.1282538556544492 1.1834316502023978 0.04370396853367353 9 382 287
1.234477039436565 1.05326261060633 0.04561390190804371 9 382 330
0.9064207464761767 0.645553957205049 0.4690997371067749 9 382 398
1.0830996197846499 1.2459477667826702 0.03421761231854692 9 383 267
1.0647975734350155 1.0805735727595525 0.13377631442643967 9 383 300
1.2889345814262727 1.0203646278315954 0.023671453738590698 9 383 344
1.0328102106486234 1.2991151830765553 0.03298572186228799 9 384 248
1.0951319682986995 1.2351872625278124 0.022531258766874673 9 385 271
1.1923382987517963 1.0900606849271162 0.03808991860475808 9 385 316
1.2587366254484198 1.0119707827594497 0.037461277294784434 9 385 342
1.2649396395410744 0.9889959907625646 0.04579053229445096 9 385 348
1.0404016436682073 1.2752574818101816 0.031205359726577342 9 386 254
1.090796787257453 1.198002858686812 0.04035652909467169 9 386 278
1.06654567426483 1.085098631272977 0.11647528452324463 9 386 299
1.1494648425618812 1.0766268378074424 0.06787798094388009 9 386 313
1.197349646290469 1.0700598202086806 0.04071213600715806 9 386 321
1.2125516137258436 1.033907098451964 0.04550194634006033 9 387 331
0.8697540723417532 0.6517315237993526 0.4716257435153648 9 387 390
0.9937388233265145 1.3203257091918388 0.02729006220686081 9 388 237
1.0779977631343458 1.0657169868012293 0.1103090325779863 9 388 305
1.2606213200758098 0.9807953477582391 0.03826467126215727 9 388 349
0.9903770504198324 1.2972169242823917 0.03714073163086251 9 389 241
1.0293331444468825 1.2755589596350343 0.02362995185155592 9 389 252
1.0464138893200554 1.254973518235214 0.023707933570069395 9 389 259
1.0691531975351216 1.228970022729923 0.02305317267735063 9 389 268
1.2418815993781103 1.000829820596339 0.03465067060912186 9 389 342
1.1016537828649806 1.1622200998788301 0.03328852501716906 9 390 287
1.1042724572572813 1.1500741359920634 0.03817936671143207 9 390 290
1.2002683607264035 1.0387278850616735 0.036221281528299176 9 390 328
1.2265292242047763 1.027093735827593 0.025466591987921117 9 390 334
0.8636854198703947 0.6333402212835159 0.47505481014315887 9 390 395
1.1558426415613354 1.0696185321336307 0.04350280729174427 9 391 315
0.9055217210196296 0.5803307728347913 0.4731530261947159 9 391 419
0.9389439898946725 1.3311784607842247 0.03784115393511467 9 392 225
1.0402530423586136 1.220409405798812 0.03200198346020855 9 392 265
1.0627923111882938 1.1946761181635317 0.031297644996899354 9 392 274
1.2237395623037797 1.0113315390013544 0.026044095821175617 9 392 337
1.2440009891360617 0.9916783328539567 0.023511241457002674 9 392 344
1.0913741338170402 1.144789158259485 0.035008002837557894 9 393 289
1.1421339372965447 1.055932711571052 0.05031858027487379 9 393 316
0.8529347051100549 0.6190808327834689 0.4794951732886954 9 393 398
0.9321120714415805 1.3450731017201878 0.025180715071041693 9 394 221
0.9991547416804356 1.2645079739234837 0.02522874616603077 9 394 249
1.1809112480907116 1.0301047469787885 0.03413798317204497 9 394 327
1.1927817058451073 1.0281434643322154 0.027390055257490165 9 394 329
1.2281626671006276 0.9865510985966031 0.026907489067519386 9 394 343
1.0355104280617868 1.1922972913175092 0.03613537713128334 9 395 270
1.066158168940927 1.1727922811677969 0.02660399512282141 9 395 279
1.082759141883666 1.0531626823435072 0.0815073415768488 9 395 308
0.8373925052671736 0.6374877737867781 0.4727475992554151 9 395 389
0.9289707997680421 1.3369763816615352 0.022155154234804852 9 396 222
1.180198939278844 1.0156322333390766 0.032875886678633615 9 396 330
0.8965437552209652 0.5662690234252994 0.469369788981538 9 396 422
0.9549591741384418 1.3102610450610708 0.01485702030704461 9 397 232
0.9655187857928154 1.2797462598220672 0.02472607816000938 9 397 240
1.0059024856692633 1.2115209249985333 0.03561749722361496 9 397 261
1.0702628774058787 1.133414875969353 0.0360105484897999 9 397 288
0.815980945047768 0.6533458199871405 0.4713217055293093 9 397 380
0.9345312501755649 1.321814294143248 0.01728220807813985 9 398 226
0.9929101073927704 1.2440799464112462 0.021442797570511818 9 398 252
1.1542838500371848 1.012878478993332 0.042012406945823866 9 398 327
0.7985639524168224 0.6620749902571105 0.4712589704408172 9 399 374
1.0583538055078878 1.1241713297626694 0.03477524120757214 9 400 288
1.0252490101705891 1.1830910736856715 0.019338512773342975 9 401 270
1.0357817034235863 1.144411269075781 0.03389866454783563 9 401 280
0.8220456778175833 0.6143099269516366 0.4753082256591037 9 401 394
0.8356610586719317 0.5945700182444746 0.47717318184839974 9 401 403
0.88457175186559 1.3250336503235163 0.03011155645044261 9 402 216
0.9010432626328073 1.2956501377807443 0.03546006757575282 9 402 225
0.9963007466279472 1.2029415257316323 0.02299576988718033 9 402 261
1.0634218656124652 1.064356829161677 0.05538245010943843 9 402 302
0.9421188562589926 1.253915524290574 0.026336504356913704 9 403 241
0.9721395247231719 1.2213860282022446 0.024251872349926984 9 403 253
1.0464875376415637 1.1149687561451114 0.03366111656043236 9 403 288
1.0528280723918053 1.087909189157974 0.044599065528918125 9 403 295
1.1490051553580571 1.0075674791362523 0.02446621658285819 9 403 327
0.9123850718891284 1.276357053612772 0.029198877271598755 9 404 231
0.9857062453757433 1.1988886042844664 0.022944791289416955 9 404 260
1.1617097595750558 1.0013828473685364 0.014458527365405427 9 404 330
0.7724061215654725 0.6595880782356679 0.47332805731585714 9 404 370
0.8791332253178334 1.29981859343667 0.03395022718203089 9 405 220
1.072447699646543 1.0428660190734607 0.0472113477388334 9 405 308
0.7932419033068001 0.631483346673595 0.47159772908836084 9 405 383
1.0989486426169504 1.0372734462866902 0.02745125287403516 9 406 313
0.8074306823295272 0.6061556142203273 0.47284310065562485 9 406 394
0.8231734581218866 0.5847016709838042 0.4742205031073756 9 406 404
0.8359401740251209 1.3377150050571571 0.032739509311364934 9 407 204
0.843781573622649 1.3304536605378474 0.031472101781402806 9 407 207
0.868134155260275 1.2992540046627623 0.032466300552996374 9 407 218
0.9413118225758266 1.209588477044711 0.03312384601229246 9 407 250
0.9674178176964894 1.1744773601147793 0.03513883366301007 9 407 262
1.0659472700923092 1.04668720754606 0.04004935049071223 9 407 306
1.115615909530467 0.9993199239547168 0.0328039969807743 9 407 324
0.8365975575768669 0.5645938586367665 0.47302409154897074 9 407 413
1.00506335850494 1.1157431557441924 0.0379576712454226 9 408 281
1.0146296796391827 1.104609342961194 0.037704006801803525 9 408 285
1.0586521371647457 1.0503588783617959 0.038260214882062105 9 408 304
0.81324742160153 0.5827540418940613 0.47538924888360734 9 408 403
0.8329430434356209 1.3146756663158823 0.03868416499240235 9 409 208
0.8729371960265688 1.2840204905137773 0.028493284469327307 9 409 222
0.9554069451081157 1.1972485736721115 0.02098691751388282 9 409 255
0.9528817194824237 1.1626489270432332 0.0425775450695709 9 409 262
0.9788222307314358 1.1414372695987718 0.03672933469694417 9 409 271
1.0347291119858706 1.0781459953254466 0.03420235747319378 9 409 294
0.9945696231935102 1.1076389340569583 0.0404881758936777 9 410 281
1.0660875239753382 1.0326184775773775 0.033800801412896764 9 410 309
1.0896607424975338 0.9998064856955208 0.03624485926836796 9 410 320
1.1022744196755587 0.9855400637264261 0.030909334087318108 9 411 325
0.7611882119343123 0.6263108121490149 0.4764761220486662 9 411 379
0.5824184375891744 0.2513243600677771 0.8176656413292408 9 411 535
0.9027246726437326 1.2379858237650976 0.020134270351189976 9 412 237
0.9177618568248131 1.2175469394514067 0.021406154854832327 9 412 244
0.9605069265276229 1.1542117135316872 0.028048949577942572 9 412 265
0.972475701159214 1.131409212459336 0.032839839363548506 9 412 272
1.0016093524900715 1.0987079141861733 0.031315268252608774 9 412 284
0.8564963171856914 1.283181290967301 0.02175133774966409 9 413 219
0.8755205829688002 1.2569605184320918 0.02356787130295679 9 413 228
0.943265850524293 1.1914097045062668 0.013902698701354632 9 413 254
1.0489398493804432 1.0422845131477705 0.026009222891021144 9 413 304
0.7493354667212655 0.631373513178688 0.475162192417788 9 413 375
0.8686901872232267 1.2409771832983134 0.02835192748586146 9 415 230
0.9727253305355141 1.1173149945211405 0.02675578415870672 9 415 275
1.0638436717841553 0.9865681686956496 0.038444201956242985 9 415 319
0.8045272155615439 1.3014096592947089 0.03396616889467241 9 416 205
0.9125897941435221 1.1705245496468708 0.03368603604188802 9 416 253
0.7382608762537599 0.6252347344526588 0.476557712636394 9 416 375
0.931994451130651 1.1355932127835175 0.03567383869834018 9 417 264
0.9629986246167752 1.1096252209033441 0.028786669587778757 9 417 275
0.7767603627703867 0.5701753563053134 0.4780539925571863 9 417 401
0.7818401460501605 0.561454778347378 0.47954500574390746 9 417 405
0.8355559684304588 1.2632038086523292 0.02498994696560386 9 418 219
0.9903745099758359 1.0495808239465099 0.03982198884025401 9 418 293
1.002223651148222 1.0445924777537945 0.034274406223126164 9 418 296
0.7956410510017056 0.5422000388021123 0.47765378129348335 9 418 414
0.9424539892063266 1.102797076084618 0.0381873794808234 9 419 273
1.021389390313109 1.0181257157009904 0.03143860118322683 9 419 305
0.7928958369128127 1.2898772498716622 0.03065766447362095 9 420 205
0.877538145168901 1.200958608254942 0.022258922293677097 9 420 240
0.8926420597809126 1.1858203457839034 0.020329143548912576 9 420 246
0.8969590492213724 1.175505679366268 0.02331959709436715 9 420 249
0.9116069302724175 1.1461572456052112 0.030124253751592667 9 420 258
0.7611856759477726 0.5814795070374674 0.47255067308442045 9 420 394
0.8472502261225769 1.2070340690648727 0.03589547692988426 9 421 233
0.9195807868285097 1.1251279368416154 0.032182590325289695 9 421 264
0.9611914765322762 1.085058569200353 0.025864509786846845 9 421 280
0.8277611537394336 1.2460958478217656 0.02219216942712099 9 422 221
1.020446885643155 0.9910226007889728 0.03413709907460882 9 422 311
0.73273042764 0.5958949647262095 0.4779309332308064 9 422 384
0.895250826166381 1.1644194030976773 0.017156419584728688 9 423 251
0.936961244323467 1.1066423499720002 0.021261503799850257 9 423 271
1.0045633952900779 1.005935394597985 0.03212942361127258 9 423 305
0.8115563519533928 0.4958581549680486 0.4769198305662332 9 423 433
0.8300501325577931 0.47848108933165845 0.47382403091510406 9 423 442
0.7692725970869367 0.5430981313395925 0.4762023010577121 9 424 409
0.8610074213104946 0.4410712587905379 0.4702384266440047 9 424 460
0.8013238942415679 1.2642178094775822 0.016768811498883096 9 425 212
0.9870661383913415 1.0151037718919784 0.030104331879264645 9 425 300
0.7116943631972954 0.6071548338118211 0.47664488529994875 9 425 376
0.8302511990816543 1.2101823288324687 0.023382468904168174 9 426 229
0.9920779033261515 1.001097718435373 0.030185731592526244 9 426 304
0.7501480155938163 0.5508323791596028 0.4789597657111906 9 426 403
0.7681715262663382 0.5314214272925806 0.4773856380899586 9 426 413
0.8391122852692947 1.1946565101430915 0.021597902510620992 9 427 234
0.8966882614858764 1.1420629800859383 0.0108530370567812 9 427 256
0.9408469842394951 1.0471590812055107 0.03553293367429555 9 427 285
0.953335657764272 1.0344233285203344 0.03400337764939376 9 427 290
0.8375355427053655 0.4557860179006964 0.46853298497816964 9 427 451
0.743798992322269 1.2791936516731857 0.036382528313298135 9 428 197
0.8876615684572973 1.1122000295041818 0.03093050602223868 9 428 261
0.8982057539650152 1.0982543902232824 0.0315631184823173 9 428 266
0.8268380720959532 1.1789534774338282 0.030993429061009437 9 429 235
0.9339700057168052 1.0289910684033492 0.04241573239541063 9 429 288
0.9483646443341116 1.0134817537565155 0.041135223130188914 9 429 294
0.7148319770295786 0.5802041707193556 0.4774427910701977 9 429 386
0.7461695776842385 0.5428104105503728 0.47685712283291726 9 429 405
0.910825136127607 1.067923041010777 0.03138532668782057 9 430 275
0.9149313697677679 1.0579535609689446 0.0343912660798007 9 430 278
0.9176005680720523 1.029987033094094 0.04941763067050764 9 430 285
0.6984646579064755 0.5993557307052788 0.474702355410503 9 430 376
0.9068739050843226 0.3574409279371853 0.4665969724711123 9 430 497
0.8800826803250463 1.092443830924237 0.034799976435376134 9 431 264
0.7788712574796817 1.2138223678666655 0.031870385236425935 9 432 218
0.8460564396846617 1.1404650902900137 0.026358851075944045 9 432 247
0.9283560887512141 1.0158005379155526 0.04090172738244524 9 432 290
0.7363589214589588 1.2621551242442801 0.029661028442102833 9 433 199
0.7488991080024503 1.2413599814900529 0.02845284845918572 9 434 206
0.7686525993379236 1.2087205795239744 0.03361980037164791 9 434 217
0.8143980945510807 1.1583989018172993 0.030040822672602774 9 434 237
0.8898210114939018 1.07305064505737 0.025604518862700765 9 434 270
0.7119726313162515 0.553510894633312 0.479540160948257 9 434 395
0.9348194702462536 1.0024967102564029 0.030446211180142013 9 435 294
0.7725909060099743 1.1937982711538524 0.030786398574426332 9 436 221
0.7920998625210667 1.1841446398236437 0.021931603381017517 9 436 227
0.8133593891122342 1.1573144502239852 0.02237350686778683 9 436 237
0.8254525631515801 1.1451045501916655 0.020736553916574696 9 436 242
0.6841344962022844 1.2795542834965066 0.04049845082221504 9 437 184
0.6975307465976548 1.2747562434349848 0.03326011486914737 9 437 188
0.83206842551155 1.1102779651862735 0.03271697404445573 9 437 251
0.7020415287179924 1.2603228389592624 0.03429430834110381 9 438 192
0.718871460375681 1.2492038281793485 0.028336392781776576 9 438 198
0.7407749438447264 1.2333853138157338 0.021420806263364733 9 438 206
0.8933869297162464 1.0360313712437728 0.02745096626300736 9 438 279
0.9405815539964704 0.9928422774915433 0.018215307618278498 9 438 297
0.7199768296864884 0.5317313515759485 0.4738737812127942 9 438 404
0.7258258634783057 1.2325516882592968 0.028874604807742843 9 439 203
0.7475134810221478 1.2117230649901645 0.025222856093559898 9 439 212
0.770999337917087 1.1829799269158665 0.025128665773466174 9 439 223
0.8421560510258785 1.0917566970643275 0.02742507173919062 9 439 257
0.8774294973303647 1.0366780803484228 0.030161555340019408 9 440 276
0.8927793758439517 1.0223765261699247 0.02728840260528731 9 440 282
0.698981357138099 1.247762848843914 0.031041536550502347 9 441 194
0.7467775048589282 1.197005457740975 0.02595776691621121 9 441 215
0.7567007226560953 1.1787105969305822 0.02525592735169968 9 442 221
0.7383115403746858 1.202787982593464 0.019845225627054486 9 443 212
0.7690169704693046 1.149019768054301 0.029887031636942396 9 443 230
0.8400716501200665 1.0420383263467452 0.04212084242947389 9 443 268
0.8927892667089692 0.9841086849843271 0.03766979025060113 9 443 291
0.6688338605553579 0.5581699007525873 0.4805417547098707 9 443 385
0.7917233820943212 1.110884609375064 0.031786074021171284 9 444 243
0.7054363150549408 1.2216190721937563 0.02007686768166428 9 446 201
0.7607752368605771 1.1413873639454222 0.02765687339978773 9 446 230
0.8039668344401749 1.0945780197005202 0.023515278477071133 9 446 249
0.8711683109551329 0.9971476925152115 0.03272014838832127 9 446 284
0.7133296748233839 0.4934130786668179 0.4771098632022377 9 446 417
0.8194551594911577 1.0550653911934216 0.031986743190899336 9 447 261
0.6606725226995092 0.548168879969 0.48042763241005426 9 447 387
0.6751445661068773 0.5337682361003995 0.47821180770617344 9 447 395
0.6896038709276455 0.5167535823479872 0.47767346675778466 9 447 404
0.7900928524060251 0.4066010780884586 0.46876803022849556 9 447 462
0.666752658660209 1.233130271350983 0.03427498201709733 9 448 190
0.6996814290256936 1.2064283510822713 0.02532769027718107 9 448 203
0.7731337137269556 1.1209744589048096 0.021931075354975516 9 448 237
0.6519113878293691 0.5669363218714049 0.47213928000569316 9 448 378
0.7376635109120673 1.160639396692129 0.02009956133883728 9 449 221
0.8309262119622365 1.0254248753939086 0.032874147185139924 9 449 270
0.7820716625598838 1.0845134121994322 0.02922992072993602 9 450 247
0.8092093129346627 1.0464809446941468 0.03210297933172468 9 450 261
0.8106461132899898 1.0391485738265942 0.035676083019019256 9 450 263
0.8671256519355706 0.980884463795851 0.028219229541131208 9 450 287
0.6691837757624143 0.5277318278120613 0.4771564155508887 9 450 396
0.6833733419723127 0.5058472528730372 0.4799440196366056 9 450 407
0.7065604611571368 0.48928983703875667 0.47214726131222484 9 450 417
0.718874502355149 0.4714366420627704 0.4738339675155363 9 450 426
0.6518017028639926 1.2315061014683928 0.033901977280022866 9 451 187
0.7989294735128629 1.0680136415271502 0.021924219989493565 9 451 254
0.6899580661369455 1.1828465211472234 0.03039321207158885 9 452 206
0.6971781394772925 1.167140144693636 0.034770201939502865 9 452 211
0.739303856107401 1.1127124907348276 0.03179035128074181 9 453 232
0.7654082174767687 0.4115420820937944 0.4655533439620465 9 453 456
0.708105572629087 1.137126166233919 0.03659568703631155 9 454 220
0.8570208441855152 0.9525933462875916 0.03659391714521032 9 454 292
0.6501465009789464 1.21604333143956 0.027559579703161585 9 455 190
0.7678672385535299 1.0806226501756495 0.020695002365837212 9 455 245
0.8049067684098659 1.0295331876310008 0.02406557953486832 9 455 264
0.6703435215981566 0.5038858629515968 0.4756358439008579 9 455 405
0.6842030021795085 1.1680813655090334 0.026868394233461323 9 456 208
0.8467586174501784 0.9611004946369129 0.0303697729542014 9 456 288
0.5641325437814689 0.6938915177029026 0.4343286306536911 9 456 313
0.6527191871738556 0.5263254531252706 0.47205062907014605 9 456 393
0.6984670777405251 1.127958214939727 0.037127868242319284 9 457 220
0.6953086868848999 0.4679832850607605 0.47244417157129126 9 457 423
0.7082064534062433 0.4505868990384013 0.473356383503688 9 457 432
0.8085451095699852 0.9984215967479121 0.028026086176020204 9 458 272
0.8216755614778686 0.979384749764479 0.02982461960052163 9 458 279
0.648659241145372 1.173092085722478 0.03931577178765 9 459 199
0.5991721447607598 0.5777317171998799 0.4723663784737193 9 459 363
0.6733302778835081 0.4767174814282333 0.47823730221566185 9 459 416
0.6222628944673685 1.2050013741254446 0.03551938740782501 9 460 186
0.7283324830493956 1.0849953424946224 0.02771819624493599 9 460 236
0.7486052644798145 1.059500653875011 0.027918491582218596 9 460 246
0.7821996328526915 1.0276828380887122 0.0213550588002267 9 460 260
0.6799989745767689 0.46655571663113193 0.47628559325494524 9 460 421
0.6523768518339318 1.158881899287077 0.03689134020053242 9 461 203
0.678335520524415 1.1264375351230758 0.03700565643288822 9 461 216
0.5643331898364592 0.6674965288862953 0.4352059291632746 9 461 322
0.6229453864495007 1.1874249089061426 0.03786327405814571 9 462 190
0.8095612169596431 0.977797475350171 0.02292020008113438 9 462 277
0.6222818582864234 0.541461944443915 0.46781161860215814 9 462 381
0.77076646924538 0.359892899491013 0.4657433123737469 9 462 477
0.6328180825429128 0.5231027343341471 0.46811619960343975 9 463 390
0.6461265719625828 0.5038077642569336 0.46993911957746803 9 463 400
0.6672832473149958 0.4705439397826303 0.4745636801809363 9 463 417
0.7175250951024139 1.0751630942221557 0.025449646677114135 9 464 236
0.7460581266181532 1.0441454877341818 0.022439954712466736 9 464 249
0.7699160541353824 1.017318546108669 0.020519286365131784 9 464 260
0.574845111893463 0.6001908710048388 0.461634141462717 9 464 349
0.6357804060574539 1.160180919090233 0.03226888749434087 9 465 199
0.6920742711755152 1.0824421777339426 0.03738096573858618 9 465 229
0.8338924534751877 0.9298224315170611 0.021290663861432968 9 465 293
0.5699688370513017 0.6920749015399106 0.4009338551250594 9 465 314
0.5651279180199286 0.6422242292746736 0.438385241055242 9 465 331
0.6032469039234132 0.554646434181118 0.4652624714444362 9 465 372
0.6992813251235284 1.0759987210296893 0.03128703775031938 9 466 232
0.6728217122076691 0.4429578566029334 0.47887493167072726 9 466 429
0.6501428792363206 1.1344652148324337 0.0287599790118509 9 467 208
0.6502696248341285 0.4725945036773692 0.47467398224054413 9 467 413
0.7954084754938191 0.9342944753661507 0.03721280400238314 9 468 285
0.5787816699297771 1.1995666478282583 0.036185085093639824 9 469 177
0.6187943420425952 1.1608632329605606 0.028583535295832796 9 469 195
0.7154722903933728 1.051589976526242 0.02089425256057087 9 469 241
0.5648395076129045 0.6907426484545925 0.3927294923170026 9 469 313
0.565358006193827 0.6629599128591588 0.41111560703502237 9 469 323
0.5824134246612479 0.5790215210730948 0.45357071477767374 9 469 358
0.6309786206865441 1.1420523148547765 0.026656961498280562 9 470 202
0.7224975785258023 1.0363693328145915 0.020846454134583414 9 470 246
0.7941124102873802 0.9646872697419319 0.00881512127262285 9 470 277
0.8006687625536832 0.9256065757798695 0.0298066545248159 9 470 288
0.5867988551008025 0.5580240925570751 0.46091473584419296 9 470 367
0.650197431916012 1.1168934563840667 0.023065742131023192 9 471 212
0.6950906769841303 0.39668338424572097 0.47552004888401145 9 471 451
0.6408746537499777 1.1254050157631532 0.020812684521408276 9 472 208
0.6594296365450143 1.0908042504606075 0.028613690064704933 9 472 220
0.7438099138481664 0.9954154690651339 0.021763376802299117 9 472 260
0.620333297771723 0.4930378199111612 0.4703177054777352 9 472 399
0.5620913933926565 0.6654581287227495 0.3989120857156627 9 473 321
0.5881845575788873 0.5353298836178793 0.4657068760318863 9 473 376
0.6705485999875463 0.4184802936738021 0.4752325193181779 9 473 438
0.702276866303206 0.38401717964546594 0.471675834117002 9 473 457
0.6461467140783521 1.091119938543827 0.031034481710789485 9 474 217
0.7911091421658569 0.9257705694362761 0.02010660777329565 9 474 286
0.5923106746219999 1.1603630847389155 0.02536430001180956 9 475 189
0.6302447149161718 1.110482412375949 0.02703624359185275 9 475 209
0.6869778735229022 1.0474183498878624 0.021591908593213027 9 475 236
0.725927499712751 1.0011824264182718 0.01987881418700166 9 475 255
0.8004515398887533 0.9123247132233673 0.016871371336336427 9 475 291
0.6292013795090796 0.4621254673082719 0.47445244998862757 9 475 413
0.6437979337290909 0.44608019961341583 0.4729276545621701 9 475 422
0.7141963485169103 0.365762426664806 0.46759308636315544 9 475 466
0.7418576233934409 0.9769221984114047 0.018444625788669677 9 476 264
0.7629155825953935 0.956615479502988 0.01426900656683383 9 476 273
0.5991306221194875 0.5167613095315229 0.45955993319432764 9 476 385
0.721396450818925 0.3471651048857181 0.47101216097492316 9 476 475
0.7453493847065951 0.3213831719763637 0.46811562020501807 9 476 489
