2.5067373766611865 0.846875215632944 1.1075457123746453 9 3 232
2.4731058219218447 0.8133218950213947 1.1053208963409693 9 3 241
2.4726571798863826 0.7933872131026939 1.1066761640108058 9 3 245
2.4920963343904763 0.7558739018372242 1.1120065118621347 9 3 251
2.4772037224411765 0.7357806129008941 1.1113934003924104 9 3 256
2.4651836581265787 0.7094983510042427 1.111613842658334 9 3 262
2.489410812147884 0.6529419745644551 1.118953810886944 9 3 271
2.488327838044005 0.6055630452001086 1.1221726006828756 9 3 280
2.470081652585432 0.6026044296154311 1.1198820967312055 9 3 282
2.4634379666423705 0.42515411094304945 1.1315829207324353 9 3 315
2.4213830979003648 0.3391464273398588 1.1319315583563945 9 3 334
2.412135298777156 0.3326586431813694 1.1311251667467568 9 3 336
2.4081799559630452 0.31765247456762413 1.1316495462064415 9 3 339
2.421516107179766 0.29894628584334115 1.1348068112676375 9 3 341
2.346376266536575 0.13762800191099567 1.1359732348125278 9 3 376
2.3113110836826034 0.1416885142852249 1.1308787154572717 9 3 379
2.278270950899696 0.1331140078042896 1.126959714436114 9 3 384
2.2372949444386 0.1301814991547403 1.1215520674546957 9 3 389
2.20133448906544 0.14198330042568585 1.1157846712740451 9 3 391
2.0872940362863814 0.1270561328507882 1.1012154695729015 9 3 407
2.066435930355731 0.11890308976144692 1.098936150715223 9 3 411
1.9980267910126677 0.12806727200187962 1.0889088814452745 9 3 418
1.918761140633574 0.12516403872827464 1.078251279131301 9 3 429
1.3939142145660093 0.11929561181761139 1.0067342520739841 9 3 516
1.343878647591383 0.12453140434618115 0.9995044053489747 9 3 525
1.338189791454617 0.11559909727088247 0.9993595249919054 9 3 528
1.323796584657672 0.11554143380235038 0.9973909292520144 9 3 531
1.284877961710532 0.11193929772136446 0.9923128520785331 9 3 540
2.516411791054524 1.3659117925214228 1.067861584068249 9 4 119
2.529322943579911 1.3511367426738277 1.0706537222325292 9 4 122
2.5299631744339584 1.338133549949835 1.0716559040329345 9 4 125
2.503081632712333 1.303714289563113 1.0704307063537772 9 4 134
2.5173902010424976 1.2750619630949824 1.0743893077175932 9 4 140
2.5002961348554518 1.2386908498825977 1.074629718402704 9 4 149
2.512854012340665 1.2184543474157739 1.077758348458116 9 4 153
2.49955627255032 1.1943907011682424 1.0776476160828423 9 4 159
2.4923709859652137 1.1824823667923585 1.0775107626475522 9 4 162
2.5029249350982914 1.1439847041836708 1.0816528568239083 9 4 170
2.496932152046882 1.122550578339777 1.082348356417515 9 4 175
2.50776588503588 1.1107826878593383 1.0846469018943323 9 4 177
2.508960728573337 1.101261549539104 1.0854792449387047 9 4 179
2.493344784719438 1.0773470622894172 1.0850434195636713 9 4 185
2.5157323693229157 1.0576224478556693 1.0894699655666213 9 4 188
2.496916461997186 1.0202066116892858 1.0895502508600279 9 4 197
2.5137162837976876 0.9917498059738528 1.0938331669104648 9 4 202
2.4948217510916506 0.9779712750186405 1.0922389450144203 9 4 206
2.4842837420216575 0.9522572598595864 1.092618893983954 9 4 212
2.485160938199 0.9231581443461692 1.0904020280305187 9 5 218
2.470961031604074 0.6023713267345179 1.1108563151971886 9 5 282
2.4740292237912773 0.4086818353033599 1.1247706558861592 9 5 317
2.4864965711134737 0.37401233676831014 1.1288624991240734 9 5 322
2.449724754347753 0.3413244637502024 1.1262007635379683 9 5 331
2.4204338475170193 0.2236172121672655 1.130470823931678 9 5 354
2.337394911475619 0.136981568300115 1.1253536586435484 9 5 377
2.0519669183351352 0.11169047223361428 1.0887685388086348 9 5 414
2.0371994072342456 0.11086607643867308 1.086841945114073 9 5 416
2.5127104271605734 1.2633363958803767 1.0661962302249146 9 6 143
2.4970475639861482 1.1775068809007587 1.0700378375043798 9 6 163
2.507545496331567 1.0319541461602895 1.081481479795847 9 6 194
2.464653510083354 0.9728153264484616 1.079859181045393 9 6 209
2.4708843482917366 0.9614300394633835 1.081473799888952 9 6 211
2.4776105730890032 0.7869791147096772 1.0944106319542564 9 6 246
2.4657881203602816 0.7301844069318493 1.096758756312592 9 6 258
2.504644126230036 0.6576650641543649 1.106932558332499 9 6 269
2.497963641241333 0.3566975227547895 1.1268196723751323 9 6 324
2.4314503989518164 0.29338346462564036 1.1223439701128068 9 6 341
2.45279340989545 0.22883472510458325 1.1296383445088027 9 6 350
2.0759888770959822 0.12862102129696407 1.0864411832605267 9 6 408
2.066664517786074 0.11245727344685275 1.0863168213185088 9 6 412
1.2480818657315162 0.11092994185106209 0.977551079618992 9 6 548
1.2162011711741674 0.10697281875732267 0.9735841176402346 9 6 556
1.2023083185393817 0.10787734063944554 0.9716739350500168 9 6 559
1.144281169742064 0.10661128957839949 0.9640437417334858 9 6 573
0.983594506632512 0.11993888716642864 0.9417524820147991 9 6 612
2.4918129813798613 1.129075234780629 1.068425191325015 9 7 174
2.515906342283475 1.0676601358863305 1.0757945725831208 9 7 186
2.489150353776184 0.90275354893787 1.0835433491290871 9 7 222
2.500200430908096 0.8296615156083957 1.0899937450259132 9 7 236
2.4753518008316036 0.6851841313499287 1.0965973165411804 9 7 266
2.4932828574842003 0.6091381276187122 1.1041554573787753 9 7 279
2.4807419332047904 0.4392257425380257 1.114117713002171 9 7 311
2.4835819394709384 0.3925869873150818 1.1176792604279333 9 7 319
2.4711041945540213 0.34163192229027994 1.1195193148550182 9 7 329
2.434745392150469 0.27408458965687466 1.119349599618636 9 7 344
2.3662579011748264 0.13076578385312265 1.1201291475661153 9 7 375
2.263737658845541 0.12416330124852859 1.1070841404590357 9 7 387
1.9768915919588999 0.1312863513295457 1.0688354490832146 9 7 420
1.299980617625379 0.10426689911685516 0.9815702506260972 9 7 538
1.1030294562858722 0.09288724486288924 0.956420398476101 9 7 586
1.0394660810201506 0.10908813069068435 0.9469452980825336 9 7 599
2.4744666029655096 0.3628780155939788 1.1137480668052089 9 8 325
2.457592528038674 0.23191907394785827 1.1204110819394986 9 8 349
2.416286573443595 0.2139257649022197 1.1162469011307816 9 8 356
2.4072191119192183 0.1174960007793091 1.1215905676506965 9 8 373
2.294263205147484 0.1280775180970557 1.106157607257982 9 8 383
2.163922993421723 0.12547164998959937 1.0893520013935236 9 8 398
1.3351008348869493 0.11184000090108315 0.9822877429975423 9 8 529
1.122513158582057 0.10723251525753996 0.9549016144190097 9 8 578
1.0148112757465058 0.10688037666386041 0.9408930388359857 9 8 606
0.9981418915928093 0.11412018558613535 0.9382313041793732 9 8 609
1.276461110953825 0.11825433996179635 0.9709066137553714 9 9 540
1.1901309524660233 0.10569735527982238 0.9606169616532405 9 9 562
0.9772040841559706 0.13112774518038206 0.9314603140677186 9 9 611
1.2552388803242316 0.10639837525008544 0.9656757562409978 9 10 547
1.1136101476562141 0.10726140042356325 0.9475502729222556 9 10 580
2.518315741503981 0.8547013178053702 1.0636999984868316 9 13 230
2.4941076967843476 0.7046027125737808 1.0703542316062475 9 13 261
2.1627785032842124 0.13110974035516598 1.0662834625326785 9 13 397
2.470495791123266 0.41607899905011014 1.0812339913576092 9 14 316
2.4176011377848794 0.242159135556413 1.085828996509772 9 14 351
2.5023095024450197 1.588488186846997 1.0066100633352786 9 15 66
2.488526257846789 1.5776652981462098 1.0056259931555944 9 15 69
2.488957692311627 1.5098119121862288 1.00994468748508 9 15 86
2.4931381990235075 1.089272299083851 1.0368929071743875 9 15 183
2.4673012995633274 1.0070934701837055 1.0389399406477546 9 15 202
2.2423113550927023 0.13084348887094555 1.066866004062311 9 15 388
2.002737423193413 0.11646955999751007 1.03883638191549 9 15 419
1.9085840240255552 0.13537684502230385 1.0262765534350353 9 15 428
1.294700902261439 0.10644100678928514 0.9539570934220388 9 15 538
1.2141999132586205 0.10037105457170248 0.9446166296960956 9 15 557
2.524849199899715 1.5431740381814354 1.0081313334763946 9 16 77
2.5151944593960955 1.4623958552965006 1.0120023810581589 9 16 97
2.526204261382796 1.4108676472702029 1.0165217465096914 9 16 109
2.5291446506944175 1.3977668247571917 1.017687635096855 9 16 112
2.524038023928994 1.3899810218249793 1.0175620981701692 9 16 114
2.511550944684761 1.2443594180865634 1.0251277917458714 9 16 148
2.497223546494872 1.175605674294168 1.027693050937551 9 16 164
2.4657894305675674 0.32677575976724293 1.0767313991731768 9 16 332
2.3406389796935443 0.15133283402032083 1.0726990586270557 9 16 374
2.3043099418610145 0.15014549253117426 1.0684349834887477 9 16 378
2.2767342362426146 0.14978475991798734 1.0651647025936104 9 16 381
2.034285328867184 0.11056791058480098 1.0386537845256292 9 16 416
1.3202372730482026 0.11883839934404716 0.9528774945179233 9 16 530
2.5069693891967404 1.5690781164063714 1.000374184132434 9 17 71
2.509663236352708 1.328211490128559 1.0155071818239656 9 17 129
2.48375740711736 1.241184548931868 1.0178019993606457 9 17 150
2.5141695534692903 1.1217269242330754 1.0287393844133723 9 17 175
2.49218372714044 0.9572638598328174 1.0362597972442478 9 17 211
2.0866237885039975 0.12475656188161732 1.0395920823651081 9 17 407
1.1197094010585311 0.16234173647157424 0.9231444516352321 9 17 566
2.5017777727440653 1.5136693311586025 0.9991242158725123 9 18 85
2.5122207025896173 1.4634367874981447 1.0033977962078815 9 18 97
2.5008733663090945 1.3769731768541864 1.0073325700557842 9 18 118
2.506214779980263 1.030235009327663 1.029044436382634 9 18 195
2.49151256191637 1.0104662552967258 1.0285313897065296 9 18 200
2.4858116151888003 0.9399640729554619 1.032154181397978 9 18 215
2.471501447078557 0.7908106573234256 1.0395560674087938 9 18 246
2.3230149058565654 0.13818229494981393 1.0619242997709855 9 18 378
1.9306037168298231 0.12938229197170337 1.0166748533250334 9 18 426
2.500929359907407 1.0789570784333327 1.0211184667199213 9 19 185
2.492918885502388 0.8690398565053339 1.0328176595789695 9 19 229
2.4816082623520206 0.7566512247393204 1.0382716725339232 9 19 252
1.2107601382976847 0.17244800909492808 0.917231335049545 9 22 542
2.4965703765839833 1.3539870127725937 0.9832747635580333 9 24 124
2.500499083007562 1.314576238508607 0.9859349342216699 9 24 133
2.487927374642801 1.2423540347605 0.9886655102407155 9 24 150
2.4826843880511453 1.198871628865172 0.9905617607841078 9 24 160
2.4876834266480845 1.0647820645759587 0.9987050695872027 9 24 189
2.504036046914189 1.404204212379863 0.9770920402251497 9 25 112
2.4134488444664504 0.28469158764142466 1.0300802146919719 9 25 344
2.278055858863592 0.14763350388183283 1.0232566845446962 9 25 381
2.4914809878387163 1.3036956482406938 0.9771745306728952 9 26 136
2.209874535025509 0.12085067118815607 1.0128236346118011 9 26 393
2.5029442819881047 1.5410942711187012 0.961200999503564 9 27 79
2.4999740818555796 1.476227671570034 0.9644336842678317 9 27 95
2.0087968918009547 0.11508771099748794 0.9875240876847993 9 27 418
2.3254166492619466 0.1412464905047821 1.0143454189794692 9 28 377
2.112077862325053 0.11072280640701715 0.9940267794262919 9 28 406
2.091948119380779 0.11312937854275185 0.991824537471863 9 28 408
1.9893953103075104 0.11194709357287369 0.9813298623182208 9 28 421
1.4003957211112106 0.13832651895305426 0.919266429739561 9 28 509
1.910617987273509 0.12503785552602076 0.968286125313229 9 29 429
1.6702811672383628 0.12080029359764266 0.9440986947938845 9 29 465
2.127021581301127 0.12898239256331756 0.9855318690284369 9 30 401
2.09559116052074 0.11595167487301539 0.9830671238165377 9 30 407
2.033413000207964 0.11951628655495083 0.9766496435132261 9 30 414
2.0926952844009916 0.11755483282922463 0.9737087572166466 9 32 407
1.9692224406464471 0.11447568324465962 0.9618352276346764 9 32 423
1.9060466278882346 0.12772773540651627 0.9550016741869218 9 32 429
1.6039833546397677 0.13436728791353714 0.9252294743025458 9 32 473
2.5014527825366137 1.330528650559729 0.943056953360994 9 34 130
2.5046534375066924 1.4991210888525681 0.930858817084577 9 35 90
2.527076625201974 1.4802293922031051 0.9338774802132377 9 35 94
2.5113188884324624 1.4653527083853644 0.9331372971336108 9 35 98
2.520185334961324 1.4265566125151072 0.9358677644406005 9 35 107
1.6610622478014596 0.13197240048656633 0.9192326348300442 9 35 464
2.482814748942806 1.2864158655048712 0.9350229221619207 9 36 141
2.516444006665864 1.1676201788266742 0.9438589067403993 9 36 166
2.5059992590526408 1.1515506936973083 0.9436761612076783 9 36 170
2.5226809140038284 1.5794838282139325 0.9204250709950884 9 37 70
2.4827999358164488 1.5142756632754448 0.9199233394761271 9 37 87
2.5091025054792433 1.453811309095883 0.925186274969451 9 37 101
2.494746682520204 1.3195454360701508 0.9302867188951319 9 37 133
2.49339135343594 1.218178773155079 0.9349957684077292 9 37 156
2.528882764919072 1.603482565168187 0.9157594395422133 9 38 64
2.5174658374247576 1.4657082069461091 0.9212128555662527 9 38 98
2.504737075430669 1.4169121599200463 0.9223701980405078 9 38 110
2.503816587250022 1.391597679096038 0.9234771296827887 9 38 116
2.492520088523415 1.3761796256368863 0.9231944266945832 9 38 120
2.4889185838347605 1.3596244400134605 0.9236509902480863 9 38 124
2.487558840469824 1.28177131221207 0.9271864155175831 9 38 142
2.5096877592159177 1.2647547334248808 0.925661894707731 9 39 145
2.5057041493444796 1.2521385823993132 0.9258961138192723 9 39 148
2.4911711838714963 1.2326293421930585 0.925523655379179 9 39 153
2.502007428326068 1.1532350421642028 0.9301480175126332 9 39 170
2.511454152759488 1.3997162764443545 0.9153646219205791 9 40 114
2.5017497214306768 1.2889282343157231 0.9153005162914295 9 41 140
2.4893489473130828 1.2290836176089042 0.916932263015098 9 41 154
2.4940727324898404 1.205637622042424 0.9183856688974018 9 41 159
2.5027581734811233 1.194760479492897 0.9196116763759032 9 41 161
2.5046856617022986 1.543208280240318 0.8918175085197151 9 44 80
2.5044555054467654 1.5310361698973436 0.8923195242855244 9 44 83
2.4890533600175653 1.5121231123228691 0.8918842097372356 9 44 88
2.4895776218356946 1.4709928533208125 0.8936857275981009 9 44 98
2.50546484790341 1.486143813085735 0.8901661514911539 9 45 94
2.4880130290258577 1.4256782977999203 0.8913244091236433 9 45 109
2.5176769571408837 1.5993520943557824 0.8822772927004962 9 46 66
2.495886456527178 1.4459885035215798 0.886922000581177 9 46 104
2.510012914073298 1.4061865417002615 0.8896702474443555 9 46 113
2.49744593677725 1.369491502707973 0.890208084611344 9 46 122
2.4764891652719476 1.351229739292359 0.8893290509680998 9 46 127
2.492784746064429 1.5614837575049183 0.8778115876467945 9 47 76
2.514601199188463 1.506577108738496 0.8817153753301754 9 47 89
2.4770836417706787 1.485797575311081 0.8796866956903402 9 47 95
2.496458936155739 1.3956138157813651 0.8848380272471909 9 47 116
2.5109052656138653 1.2979693062916546 0.8899152107461632 9 47 138
2.5077400110061605 1.5888092194539238 0.8737502301631304 9 48 69
2.501744658065856 1.5534324400754973 0.8705977210439824 9 49 78
2.487229512885901 1.2371067770045838 0.8689715524269884 9 52 153
2.4787852392329537 1.3487840335215537 0.8599953678109786 9 53 128
2.4808213689792145 1.28745961676566 0.8623687144050128 9 53 142
2.4876855160791003 1.532193932392029 0.8497925898457509 9 54 84
2.4681062337808406 1.4769232954648457 0.8504598628231896 9 54 98
2.496370703399595 1.4234374512736765 0.8542586060039576 9 54 110
2.496918940184408 1.3288398676385214 0.857675284948621 9 54 132
2.465653201839338 1.2596657040104762 0.8580588652602736 9 54 149
2.4945045171324396 1.5643631827452436 0.8449817909841143 9 55 76
2.4873153198099978 1.3867623584283932 0.8507320593662198 9 55 119
2.50006483069417 1.5030679157442974 0.8433209518165261 9 56 91
2.500691767400353 1.4320222223873076 0.845799095371636 9 56 108
2.4874068390648647 1.2960000978573003 0.849617028525211 9 56 140
2.4811861874984196 1.2882938995687652 0.8494835295880243 9 56 142
2.513293423516747 1.603939800829814 0.8365840149628723 9 57 66
2.5150616436332953 1.595800132686715 0.8369682030792392 9 57 68
2.491083358029191 1.5411254203923428 0.8373055516498799 9 57 82
2.499838127876828 1.4070128047893866 0.8423605930945177 9 57 114
2.4920833277933108 1.3566253383544797 0.8435688619671844 9 57 126
2.4909481724101146 1.3263951094313395 0.8445138308970238 9 57 133
2.4999833407508603 1.2674346003748869 0.8470606749710844 9 57 146
2.510576485955169 1.519253582860412 0.8350791619031812 9 58 87
2.4788468142284965 1.477130381553886 0.8345245777323635 9 58 98
2.4891266493703377 1.4509681296223567 0.8360139715690402 9 58 104
2.4859404398304994 1.318801796869726 0.8401673561912087 9 58 135
2.492732992984103 1.6024729365254213 0.8230465974883876 9 60 67
2.5096416046327272 1.55693142927136 0.825466615570231 9 60 78
2.505598337320291 1.4115170033690827 0.8298085185832268 9 60 113
2.481130835685086 1.3721762401164956 0.8296197257559235 9 60 123
2.4800818756222824 1.3421496363169756 0.8305037974763563 9 60 130
2.5142647600030834 1.5893638495252553 0.8205690373318272 9 61 70
2.5019730730554217 1.4881151772887824 0.822984853837655 9 61 95
2.491177165779998 1.4643194305373703 0.8231025478736921 9 61 101
2.478034999952912 1.3474383791379223 0.8216806978214332 9 62 129
2.5090986342415604 1.574355146179474 0.8124277977345162 9 63 74
2.502643527140781 1.5382625913563217 0.8131378753588506 9 63 83
2.514096695519393 1.4749887065904077 0.8156143817867816 9 63 98
2.4887041313096097 1.4105410745887983 0.816132252825405 9 63 114
2.507486220252981 1.51764262027408 0.8098075094395778 9 64 88
2.4795363274250484 1.3435024397943076 0.8133219134300776 9 64 130
2.4888193549796203 1.5966997538033052 0.8024423118554246 9 65 69
2.5157693753691373 1.4922701874041495 0.806739827201232 9 65 94
2.502640611333073 1.4475729996719342 0.8073149574166948 9 65 105
2.495756707006794 1.4059981165418896 0.8081230126625749 9 65 115
2.48853153941949 1.3683924906640241 0.8088027384780805 9 65 124
2.4671183060602004 1.3374570978396103 0.8042936182225752 9 66 132
2.509597080608401 1.5473432868056332 0.7965105580973523 9 67 81
2.515003729041377 1.4930787055349137 0.7982102087174435 9 67 94
2.490363350761913 1.4371147241038178 0.7984999256083524 9 67 108
2.481045380974918 1.3744675481147153 0.7997086813676599 9 67 123
2.4991035139294455 1.589126921396533 0.7907475919508583 9 68 71
2.49269728055141 1.536929499235344 0.7917922740496025 9 68 84
2.512503912136814 1.5020402828120718 0.7936227767974584 9 68 92
2.5242698848217815 1.5509623155607906 0.788700461126589 9 69 80
2.511988898393088 1.4731771072177449 0.7900905940331627 9 69 99
2.4936553255790455 1.5782112144309934 0.7824676634993808 9 70 74
2.5110702876406243 1.5687749489537373 0.7834664855117439 9 70 76
2.509933201223364 1.5154896716369648 0.7847139091924599 9 70 89
2.488203536344125 1.4514134968738057 0.7810742266276717 9 71 105
2.482612051515598 1.4310213826513027 0.7813172758960748 9 71 110
2.4934681968555132 1.501288106165065 0.7759046923274046 9 72 93
2.48841608052827 1.4727024955727441 0.7763511763577625 9 72 100
2.5189096507618487 1.5611405140245203 0.771371538057033 9 73 78
2.5060204919280835 1.5169780601734963 0.771838006971824 9 73 89
2.4953300194354098 1.4980375479008394 0.7633742958518125 9 75 94
2.438944273856638 1.4044313486844557 0.7632303131886555 9 75 118
2.4844496261969153 1.536564415230987 0.7579806054076128 9 76 85
2.4803108792893154 1.6138933548066405 0.752150468054285 9 77 66
2.4767438510249393 1.6021742298195383 0.7522551067052798 9 77 69
2.4984142868773316 1.5643152724308271 0.7537273862442576 9 77 78
2.5049923149747007 1.6050975127462541 0.7448058461054913 9 79 68
2.500797947555858 1.5852012727746383 0.7450304648584711 9 79 73
2.4837149799040694 1.5743421737978958 0.7446899220086716 9 79 76
2.496173580981126 1.4281355767165136 0.7433965893256363 9 80 111
2.490555997263228 1.5093824729854255 0.7333593742888516 9 82 92
2.4080093829451483 1.4627596482764251 0.706870171621166 9 88 106
2.496573856484754 1.5030278135553705 0.7037624234124665 9 89 94
2.123188100140294 0.28173221495271994 0.7104567385184882 9 89 373
2.5003109247311257 1.5196914464484714 0.6993756999069239 9 90 90
2.5056149670886683 1.5854685472616514 0.6945691646846864 9 91 74
2.5071033092387114 1.586144083438079 0.6860991653498887 9 93 74
2.2525129407278954 0.2892606002210578 0.6933076758745143 9 93 358
2.4905779791600966 1.5509968223368116 0.6819383392366137 9 94 83
2.4847927050171115 1.49354434318057 0.682285328597848 9 94 97
2.477944708007799 1.5970805196754692 0.6772923144716465 9 95 72
2.475470760479153 1.573779615067723 0.668980620169991 9 97 78
2.4717930304654177 1.5618767805596803 0.6690184528294203 9 97 81
2.4670408704494706 1.488176040279152 0.669348676880127 9 97 99
2.4823555907483614 1.46126228618344 0.6695600715213579 9 97 105
2.3020481822071854 0.2835140047574496 0.6742812641232998 9 97 354
2.498345828634932 1.6009148716162098 0.6647342130291962 9 98 71
2.4873134391761766 1.5445703809247289 0.6649221013339143 9 98 85
2.4932200858031863 1.5150276019184963 0.6650658782986745 9 98 92
2.362378778308594 0.2845790015579701 0.6695951647219909 9 98 348
2.4660114328856926 1.5549672482523396 0.6605698107023793 9 99 83
2.330978214885779 0.2844681131269582 0.6645134292585472 9 99 351
2.516566345040919 1.600491859708725 0.6562680408511021 9 100 71
2.4761395333458096 1.538455935401108 0.6521314404908708 9 101 87
2.48051686664711 1.5173767420071487 0.6521692098626239 9 101 92
2.4725619686990616 1.5840344986461585 0.6478212524078917 9 102 76
2.4796303348023603 1.497365386311127 0.6436051879189172 9 103 97
2.482354624384254 1.5966534574640994 0.6350753710449059 9 105 73
2.486435942406834 1.584182474084203 0.6350364873247902 9 105 76
2.4565254811647095 1.5750238065450834 0.6267687832864467 9 107 79
2.481938735663442 1.5687362762966033 0.5836552781529358 9 117 81
2.4841884706205617 1.5305542204948792 0.5440664831767186 9 126 91
2.4909939481148875 1.6734026537589686 0.5419156290476967 9 127 56
2.4964606808961447 1.614209970051701 0.5233451302062654 9 131 71
2.479863203206526 1.5495134599061793 0.522770351903868 9 131 87
2.48836388645211 1.5823307021530095 0.5187051557336797 9 132 79
2.4851511133442257 1.6372270205392234 0.5027504595306848 9 136 66
2.4748153816205534 1.612635608546624 0.4679793385074031 9 144 73
1.080184881758616 1.091274681317457 0.5419088273185382 9 144 319
1.1035804899217478 1.124864132495301 0.536105868600896 9 146 304
1.0954913075078747 1.1197656204601474 0.5285286257363249 9 149 307
1.0855284558871081 1.0946271892039467 0.5257283284276556 9 150 317
1.0898641062186845 1.1254432729609194 0.5185338309991514 9 153 306
1.0859456454268002 1.115407527389428 0.5184674310424717 9 153 310
1.0795871823598913 1.0915451115481143 0.5180789838117916 9 153 319
1.1058640424945958 1.132950075010433 0.5041832831524085 9 158 301
1.0897958820290816 1.1136097935043998 0.5020941458580128 9 159 310
1.0814228350449742 1.1056784239769768 0.49448040551302086 9 162 314
1.074990090983118 1.081709273024833 0.4940165907036791 9 162 323
1.115493243910731 1.1346195647886002 0.4899242499748485 9 163 299
1.1021524033617023 1.128814134160926 0.48552309462984566 9 165 303
0.6333029627177795 0.4335930467801816 0.49346557717303474 9 167 630
0.8257062902107559 0.6636460541379923 0.48271670454849336 9 168 506
0.8739694754280549 0.6740727382954388 0.475651531680877 9 169 490
0.766874554448163 0.6595045995147655 0.4859007853399853 9 169 524
1.1078120335506345 1.1382712744686931 0.4719082157199295 9 170 299
0.7418648256461429 0.6645944245127922 0.48620435125129136 9 170 530
0.6151019021519314 0.49942394070414475 0.4911018228041733 9 170 619
0.6515663332842034 0.631131794807779 0.49151618532721075 9 171 569
0.6394268577391501 0.6181287136162008 0.49213493016978577 9 171 577
0.7406688979346023 0.6684106637801712 0.4789948843736914 9 173 529
0.6560597491226676 0.6559477187205918 0.48752863821087467 9 173 560
0.6089573505399064 0.5467049843573286 0.4869123352962118 9 173 608
0.596436987217319 0.6120559278514333 0.4893670432353098 9 174 594
0.7725182895219935 0.6832437636377156 0.47121211479553454 9 175 515
0.7091534232975669 0.6706482953032102 0.4776084547556873 9 175 538
0.5924075702007334 0.5785877578343697 0.4856739798720646 9 175 605
0.8074197958266895 0.6931206181632579 0.46264418576645905 9 177 502
0.6651659991187906 0.6746455242342395 0.4779453921188823 9 177 551
0.6062727460541462 0.6530742896429529 0.48350635549906384 9 177 578
0.5955159300479473 0.6427933405018804 0.484169657045178 9 177 585
0.6302616430536626 0.6709045592914107 0.47939631172925956 9 178 564
0.7236269057007947 0.6846354762825502 0.46682511554569806 9 179 529
0.6741894159896471 0.6773489347972226 0.4722366880281296 9 179 547
0.5695876942091753 0.5759072265991008 0.4787715480057721 9 179 614
1.0826822740922375 1.0715009223839966 0.44386101917558474 9 180 325
0.6003153162860828 0.6759583548530244 0.47856493463918615 9 180 573
0.5733248290843804 0.6156298064077925 0.4782945178705553 9 180 601
0.7559080071187398 0.6915451356914348 0.45835147393837455 9 181 517
0.6689225679103472 0.6785945040522305 0.4632951567314807 9 183 548
0.621476518185744 0.6795516244433248 0.4692412170085676 9 183 564
0.5734398562232043 0.6616029513796102 0.4741212025532472 9 183 587
0.7031512849448547 0.6947526479900596 0.4575668896457114 9 184 532
0.5579326909156899 0.525617802712325 0.4654902376096874 9 184 632
0.7889249998169152 0.7018648978890789 0.44205157403197715 9 186 504
0.7130690439527356 0.6971245259702457 0.45152401063707215 9 186 528
0.686866508059496 0.6915069188143228 0.45454678997418424 9 186 538
0.5925514336863089 0.6832649023446387 0.4661772534582359 9 186 573
0.5575751604696408 0.6203548258903644 0.46674234925517233 9 186 605
0.5831269942071003 0.6812154825192009 0.4649794944934118 9 187 577
0.6267163152642177 0.6850398740034551 0.45718990071579 9 188 560
0.5986894422766931 0.6880216230636194 0.45877250212810516 9 189 569
0.7323017479953249 0.7029782863272607 0.439404549816679 9 190 520
0.6781870786567723 0.6960896266183743 0.44383144004040864 9 191 539
0.6544082683816119 0.6920298986289997 0.44441383980259275 9 192 548
0.6437607836103002 0.6907306975357494 0.4457976441033971 9 192 552
0.5657157827542323 0.6746524473964657 0.4554993330074706 9 192 585
0.5546078289924075 0.515656420283662 0.4463267653753469 9 192 635
0.7057949983514125 0.7027598093449292 0.43556556793220813 9 193 528
0.5518433873475241 0.5832488677050072 0.446613367028699 9 194 617
0.8025057196831304 0.7035717593263564 0.41685606652884805 9 195 499
0.669174507350884 0.6977417528674255 0.4330798174064383 9 196 541
0.5729766145015244 0.6872228215805569 0.4462360807403739 9 196 578
0.6930153641508663 0.7014202247061703 0.42497438189534376 9 198 532
0.612343567556352 0.6951933436171931 0.4364346276828426 9 198 561
0.6019196528108408 0.6942895474932507 0.4379082989875554 9 198 565
0.5511486344753094 0.5999385012050831 0.4386013372321264 9 198 612
0.730860698228583 0.7052996433709011 0.41714722091716017 9 199 519
0.6430900313972552 0.6959018198453275 0.42955789852928494 9 199 550
0.5634306054778568 0.667586181121637 0.43480259498773977 9 201 587
0.5483948085261039 0.5276877151449735 0.4266744623311882 9 201 633
0.7018366659181554 0.7043017711963746 0.41396792560719176 9 202 528
0.6030846944926215 0.6948533026151469 0.42845915892392816 9 202 564
0.5728241686335893 0.6918554846763125 0.4328919841770562 9 202 576
0.8095642933908525 0.7013767430087254 0.3918492917842633 9 204 497
0.6665205381583745 0.6981804474190381 0.4140777673119462 9 204 541
1.0980742390950957 0.6944346773084866 0.34286319786104535 9 205 431
0.7624562941402797 0.7057231006251325 0.3970024391398382 9 205 509
0.5943585226164264 0.6943202953406997 0.42279398223428377 9 205 567
0.5878075527094281 0.6856861926136677 0.4231630769693343 9 205 572
0.7366028553201864 0.6973683063416682 0.39790650162950625 9 206 519
0.5553364132884372 0.6147515647435613 0.41814890555911927 9 207 605
0.5502920300016751 0.5257176602871434 0.4119086875000518 9 207 632
0.6452626071039413 0.6938754264629692 0.40745150365607585 9 208 549
0.6210209363281163 0.6983172704971143 0.41176980673713476 9 208 556
0.575929267659578 0.682240971101018 0.4155409185137165 9 209 577
0.55117301809339 0.512413605768818 0.405894985412259 9 209 635
0.7307483952331824 0.6954097251725107 0.38850092256895213 9 210 521
0.6831233983356069 0.6949536049614622 0.3964003923503564 9 210 536
0.5581113322072263 0.674311194739416 0.415548015703998 9 210 586
0.777361740396366 0.6995980368014618 0.3784510018541999 9 211 506
0.6970885927096602 0.6999077284805384 0.3919820350255547 9 211 530
0.6162348065516581 0.6959103211898046 0.40288368289049253 9 212 558
0.8035015894010948 0.6908154045650616 0.36797717464392043 9 213 501
0.6568861188009009 0.6926019542662571 0.393262573043901 9 213 545
0.5906625481158204 0.6956573498900007 0.40253736265276585 9 214 567
0.5776270040086933 0.6916174123025494 0.40445008572776514 9 214 573
0.567405815124555 0.6909856240244898 0.4061650812281316 9 214 577
1.2316968666400887 0.6964138195362657 0.2883189138227618 9 215 405
0.5552060411323128 0.5585559241870501 0.39464595180229356 9 215 620
1.256386985936165 0.703096798351472 0.2777795371417575 9 217 399
0.7796216801202966 0.6816580079558601 0.3606943919861372 9 217 510
0.7521199149456397 0.681605671520265 0.365580634507527 9 217 518
0.653635928115321 0.6946471924412088 0.3817882311422963 9 218 545
0.5613969932431524 0.6838045381142206 0.39738439648121365 9 218 581
0.5596248595479179 0.5142577440593232 0.38276668316890994 9 218 630
0.8275474364915221 0.6836270574612087 0.3468760726824023 9 219 496
1.2922058573095976 0.6944761158953006 0.2602422778911246 9 220 395
0.7264785526363209 0.6761395089622626 0.36192760076921976 9 220 527
0.7004366311163992 0.6832871385157171 0.36732535344195494 9 220 533
0.6319492259256381 0.6880408825667836 0.3778396675890241 9 221 554
0.6078806366562024 0.6859974266318107 0.3820895250388858 9 221 563
0.5585162762704858 0.5834718300611101 0.3819051950639723 9 221 611
0.5665895860657628 0.6858123947449581 0.3873609157858267 9 222 578
0.7605657567281294 0.6781628936703741 0.3479682115333548 9 223 516
0.5605665550299342 0.6663131022472082 0.384371564273975 9 223 586
0.7382209119352796 0.6764939022548844 0.34939552688002606 9 224 523
0.5629631506294287 0.5938339964888366 0.3748518857831603 9 224 606
0.5586032132213034 0.5677317407284739 0.37325025249461574 9 224 615
0.8060638736728205 0.6885919812759842 0.3349818739354805 9 225 500
0.7893913627480194 0.6837541585034592 0.33770775957908217 9 225 506
0.586223224572419 0.6805274396989764 0.3761494905828075 9 225 572
1.010317576616817 0.6955416760914204 0.29364604105093195 9 226 448
0.6759555780812286 0.6772924269127711 0.3562229352169234 9 226 542
0.5558643661159055 0.5116008009573028 0.36119536613459324 9 227 631
0.7186478904046127 0.6747396774495149 0.3400114861251122 9 229 529
0.6912039225268598 0.6767037083660963 0.34561299397189293 9 229 537
0.6548153882234942 0.6761026837158624 0.3527292307909513 9 229 549
0.5590987320085581 0.5683988840101397 0.36115330566134396 9 229 614
0.63904967532451 0.6699401455112719 0.3527739745350385 9 230 556
0.6135789473476059 0.6692835297518067 0.35777292590647775 9 230 565
0.6275119610152611 0.6690799339459024 0.3500813584431781 9 232 560
0.7428009124312613 0.6759966152766475 0.324842095153804 9 233 521
0.5695632865413632 0.6679921866483156 0.35931951754870184 9 233 581
0.5663098433106356 0.6311308207789241 0.356286087654757 9 233 593
0.9496483140211263 0.6850616235117997 0.2806598258726114 9 234 464
0.6814188672227863 0.6789779399375895 0.3351058929224583 9 234 539
0.5816640244846034 0.6693981437383858 0.3546147851224022 9 234 576
0.5650029951381272 0.6427772047835838 0.3553439243101202 9 234 590
0.6672393164961156 0.6737739790804949 0.3349716035133121 9 235 545
1.0745692335828052 0.6915183126328541 0.24933279924061552 9 236 435
0.5583459560157016 0.5517593842531836 0.34262456986005413 9 236 618
0.6489070167377844 0.6767482546212638 0.3340879686639656 9 237 550
0.5680181407820868 0.6307611579590213 0.34632596738623667 9 237 592
0.7098493862190365 0.6778980906040923 0.31880803095565774 9 238 530
1.1589803097782683 0.6931843582716888 0.22196828269434604 9 239 418
0.601112575710907 0.6708785050083088 0.338682832838143 9 239 568
0.5662901399173098 0.5756487296944295 0.3360983357429137 9 239 608
0.9963982505219611 0.6885664484289591 0.24700831474686857 9 242 452
0.8702416586116049 0.6842446780284117 0.27408617237270066 9 242 483
0.5600151692958207 0.5539507458552873 0.3277905275643352 9 242 616
0.8511153125272561 0.6909087859724385 0.2761563764109564 9 243 486
0.7030535499346808 0.6731886603042434 0.30680220944426206 9 243 533
0.6836708205107074 0.6735569185423782 0.3111056149107191 9 243 539
0.5562028338841336 0.5368185572964739 0.3243116947050358 9 243 622
0.8782516276246926 0.6836496478297791 0.26652428065617356 9 244 481
1.1135426395446424 0.6907769340287437 0.21190447738431784 9 245 427
0.567733627887905 0.6313896271085908 0.3272114948887151 9 245 591
0.5753688970671409 0.6693955442922066 0.3272969536328026 9 246 577
0.5654835576195698 0.664851387605605 0.3290158396198081 9 246 582
0.6294436093738439 0.6715118509380105 0.3104005979734926 9 248 557
0.5605304148849096 0.5822779988081632 0.3111769868373691 9 250 607
0.8684089183437969 0.6872977358080663 0.24904027501185894 9 251 482
0.8304888664348185 0.6829902038600801 0.25738409122407274 9 251 493
0.8182948159645367 0.6802866951154609 0.2599155187435357 9 251 497
0.641289834190572 0.6773315777746776 0.30083703222811575 9 251 551
0.6940461176150796 0.6801464444693581 0.2862687263840646 9 252 533
0.6804681926584784 0.6811426727212708 0.2895717481820501 9 252 537
0.5585652119470796 0.5550279229333146 0.3035714767166176 9 252 615
0.8478797436039529 0.6874495751283172 0.24531018063634913 9 254 487
0.6487922087944354 0.6745680974174464 0.29119108848486214 9 254 549
0.5636874226897869 0.6538049701149538 0.30901022640660136 9 254 585
0.7545991497202063 0.68192706566311 0.26416805965799833 9 255 514
0.5824587265104044 0.6708485859047826 0.30412133075006476 9 255 573
0.8621385970600639 0.6879173634143543 0.23334621649110449 9 257 483
0.8512574138269906 0.6834719402211962 0.23545689908833373 9 257 487
0.5982658371146949 0.6746630434596552 0.295883567656306 9 257 566
0.5663035249794395 0.6660540399979133 0.3002102745264525 9 258 580
0.5626467800013712 0.6222650706975417 0.29581076533234585 9 258 594
0.5622718901949844 0.6086309608218579 0.2942540755150886 9 258 598
0.6870968513106832 0.6820239890731381 0.26998794008297733 9 259 534
0.8687704280821906 0.6883244229318086 0.2231049568218369 9 260 481
0.8494973010837326 0.6843397767425206 0.2273964311230855 9 260 487
0.8150707733868061 0.6845623928100042 0.23596176997025564 9 260 496
0.892241655388573 0.6849792657670806 0.21393434927170873 9 261 476
0.5594528669097558 0.5788697047485676 0.2839268477338013 9 261 607
0.6226938722929207 0.6780044943779977 0.2778722803753765 9 262 556
0.5626241288673623 0.6657768356912703 0.29145060871395784 9 262 581
0.8386786432448394 0.6864862216836976 0.22178770222741495 9 263 489
0.5602958745192441 0.6580828861380528 0.2886655401240242 9 263 584
0.5599133912156531 0.548001881467922 0.2749929254861489 9 263 615
0.740645146933977 0.6901139941459 0.24435381449717386 9 264 515
0.732440719581495 0.6845124403449703 0.24573784239185015 9 264 519
0.5959474879025741 0.6680655308858143 0.27842698384696024 9 264 568
0.5891436574861876 0.6695342936516933 0.2803446373464189 9 264 570
0.5715065761211455 0.6708871567331025 0.28500655618092224 9 264 576
0.899601574624699 0.6884506078089916 0.20070467776729872 9 265 473
0.778277723062841 0.687067775132518 0.2316288092686477 9 265 505
0.8555772906091839 0.6880391991224175 0.20904918273396256 9 266 484
0.5605078476049566 0.6248849657267026 0.2746688191756678 9 267 593
0.81689722617539 0.6839310425309191 0.21000870817758865 9 269 495
0.5629580916805162 0.6172730027866218 0.26812607142936645 9 269 594
0.8679741548754198 0.6864861483638744 0.1939867315484607 9 270 481
0.5568993506888614 0.5637292646645253 0.260249840163863 9 270 611
0.6954071762805127 0.6866103916125628 0.23704744064096483 9 271 529
0.6072966527169888 0.6758922906016844 0.2591048738698511 9 271 561
0.8502585353713674 0.6841067203060975 0.19257191787354555 9 272 486
0.5634670227289916 0.671140233972014 0.26772634005477164 9 272 578
0.5584608479140301 0.6569147167374685 0.26718118929918566 9 272 584
1.2756611599949619 0.6350313370223728 0.06837694838181618 9 273 410
0.7488684471384282 0.6824568326215781 0.21679962982541173 9 273 514
0.7084184247697665 0.6895328426623719 0.22865482063822562 9 273 524
0.8060107220402035 0.6822547158808776 0.1985301053980112 9 274 498
0.5585738430574644 0.6693546995101569 0.261527344332323 9 275 580
0.5599252225242217 0.6293897597787164 0.25575548268919523 9 275 591
0.6293402888742796 0.6791346989702214 0.24098409801057064 9 276 552
0.5703656220601165 0.6773081350343304 0.2520505046175851 9 278 573
0.5629304966868908 0.6241853785598557 0.24680191509102867 9 278 591
1.5676744515070493 1.056468115906381 0.02306326180709306 9 279 268
0.8562507082220387 0.6913685996048655 0.17154988943626232 9 279 482
0.7237569910399908 0.6855073800132838 0.20781418068449842 9 279 520
0.5802999847106387 0.6748769587605805 0.24648548117261 9 279 570
0.5588863495382588 0.5641685856944139 0.23713582452897985 9 279 609
0.607808925416828 0.6754923909271953 0.2363577550812459 9 280 560
1.1972664102591988 0.6364335336838951 0.0614172262170215 9 281 423
1.5345395803829014 1.0579979488153382 0.0212707164407826 9 282 271
0.5582155541065352 0.6602050297709865 0.24329334220548626 9 282 582
0.5591946578616622 0.6345108855159567 0.23938814434503708 9 282 589
1.1399872608849426 0.6344955282961118 0.07045506072449181 9 283 434
1.5575065608529715 1.1223251577386697 0.01630354655972699 9 284 252
0.5639621785318225 0.6762207520801944 0.2390211107893797 9 284 575
0.631604780616646 0.6803031221738527 0.21754089628972317 9 285 550
0.5788304623855309 0.6767783938897476 0.2248993407492102 9 288 569
1.0862079672060225 0.6312628489169001 0.0651316186958546 9 289 445
0.6197633601947243 0.6788651603477163 0.21057352484198077 9 289 554
0.6025512887447475 0.6785564761743506 0.2156365987518808 9 289 560
0.5562252279223836 0.6173669751354658 0.2178858998600246 9 290 594
1.444556541048534 1.0867257653965088 0.01855437935730797 9 291 273
1.4633242553709662 1.1530624806045244 0.015606716663868703 9 293 253
0.5585716497398411 0.6236755247975971 0.2106145313480441 9 293 591
1.4387165716399803 1.1440053237499164 0.01815133403091229 9 294 258
1.4071315575533505 1.1235040264361515 0.024691312869011495 9 294 267
0.5559076432290598 0.5976272316216487 0.2024526198688298 9 295 599
0.5819305084091095 0.6730276913273823 0.20092574542687358 9 297 568
1.3641157086456397 1.0978199054402091 0.020004894685490493 9 298 279
0.6096052921469846 0.6807459270740219 0.1909692984423484 9 298 556
1.1039552552750305 0.6392186490566893 0.026769968219515272 9 299 439
1.0079537387418158 0.6382856469660652 0.05675988243695329 9 299 459
1.3646141507807774 1.1753470283993797 0.018138913618424013 9 302 257
1.03234475853878 0.6326716888612554 0.03824475188302645 9 302 455
0.989415169364922 0.6337343951641476 0.05211027843790983 9 302 464
0.5561744045483045 0.6301928686351768 0.1897812218778036 9 302 589
1.292453175521328 1.0963588866371998 0.021894905739568205 9 304 288
0.5511497407549748 0.6037528586594565 0.1821370268237672 9 304 598
1.221612980575291 0.9988476957533116 0.022435930588183384 9 306 325
0.5819152789958044 0.6800812048719678 0.17938625665542962 9 306 565
0.8740590451844024 0.6249193096895305 0.07215478997044622 9 307 493
0.6162159800529021 0.680130801386722 0.16562877593541137 9 307 553
0.5548129583814898 0.5937885485154917 0.17170689032985303 9 307 599
1.0020195497476818 0.641211542453884 0.029584157205621797 9 308 459
1.0612940442024181 1.1285058189161088 0.0867694954339776 9 309 310
1.0836744102259233 1.1492777173391362 0.07977995379186908 9 310 300
1.1945658473756469 1.0126613402917153 0.020287722327995583 9 310 325
0.986438758955148 0.6303072585487344 0.02638333421263872 9 310 465
0.8138027471330869 0.6183195459049837 0.07888096954096147 9 311 510
0.5978915674707606 0.6761365224042701 0.16073606794831158 9 311 560
1.04895400254943 1.1125958553982025 0.07933918125840478 9 312 317
0.6140648145821688 0.6843851445344582 0.1541060237225117 9 312 552
1.143930063697534 1.0385834010143233 0.03182998996309705 9 313 325
0.554280879620789 0.642317355948856 0.16466605666466594 9 313 585
1.0638391720739397 1.1304658450505838 0.07134909903460573 9 314 309
0.5683716021254015 0.6799785064236428 0.1637072836843202 9 314 569
0.8342920040202366 0.626682459212071 0.05828140435489226 9 316 502
0.5592115159007699 0.655880739898342 0.15770221740688095 9 316 579
0.5569074813355466 0.6052030680248448 0.1498522976649933 9 316 594
1.1173261833176285 1.0046065221477054 0.022350934593815097 9 317 339
1.2210081198265483 1.2605141624641334 0.027276460712461703 9 318 247
1.0517046147268425 1.1080749463149133 0.059733958538939924 9 318 318
1.0897876589519682 1.0728504215714159 0.04045825721562446 9 318 323
0.9039542723945673 0.632139327751815 0.02898993543212458 9 318 483
0.5617872412627205 0.6446674245369608 0.1498170805203879 9 318 581
1.1824338640468763 1.1895568636262295 0.0252778708485093 9 319 274
1.1433722104382722 1.1641955667156803 0.034502227938667196 9 319 287
1.1014536703930737 1.0536367550749617 0.029971127553585664 9 319 327
0.8276975974005847 0.6285419709387201 0.0517907273616981 9 319 503
0.5587787238864025 0.6797042877664643 0.15438433749389147 9 319 572
1.2054385007396098 1.2284972130170302 0.020839348661660706 9 320 259
1.1076885833506587 1.1512510663820037 0.04163985438709794 9 320 296
1.070876274661556 1.1366148318876328 0.05198863732183612 9 320 306
0.796202002430606 0.6259768842149398 0.05934844999764155 9 320 512
0.5841357543375618 0.6790802076022189 0.142878961330003 9 320 563
1.099168513593288 1.1519658276378415 0.038653738395602155 9 322 297
1.0548428524658016 1.068002875918993 0.039577568204260616 9 322 330
0.9413558745622295 0.7211223179258628 0.018755317907438007 9 322 451
0.7131871008756647 0.6205827750349993 0.0818116242899749 9 322 537
1.0699265318341389 1.1371034416334815 0.043374015964324775 9 323 306
1.0497988672386995 1.1090087555248942 0.04256192672810777 9 324 318
0.82944573139818 0.6290719495386567 0.03608781171682107 9 324 502
1.157221246161044 1.2280996651187963 0.022230063983245674 9 325 265
0.7393539454447449 0.6204795718641731 0.0638597508441543 9 325 529
1.157733936957299 1.2556803981295706 0.023896366104164013 9 326 256
1.0407941361474775 1.0460908318971507 0.02851019418529277 9 326 339
0.6848668322353726 0.6178691652814154 0.08015576249234879 9 326 546
1.1098974422305619 1.1912661077093127 0.026560805136260357 9 327 283
1.0581955897482735 1.1364169229470105 0.035423956225288156 9 327 308
1.0433075138583254 1.0963853573855649 0.0336086696732556 9 327 323
0.8695942198960238 0.6925653714952436 0.023828526615438883 9 327 475
1.1286760563535796 1.2238579844322728 0.022571553097709862 9 328 270
1.0346722216488105 1.0848694563234298 0.03165388507952405 9 328 328
1.0386850867547093 1.069921415259179 0.02748490204673648 9 328 332
0.8087192007485065 0.6334728156845506 0.03224058307274835 9 328 506
0.8014487771721845 0.6294371760651001 0.03415882676291471 9 328 509
1.0781946308254153 1.1770668718548651 0.029483322254402533 9 329 292
1.0641942126470665 1.155476861422664 0.030680402874952106 9 329 301
0.792809725357331 0.6304072554571836 0.03449228859014719 9 329 511
1.0454190108845716 1.1362827939612097 0.03107225130315605 9 330 310
0.6790760689578379 0.6118901889152284 0.06995464084013969 9 330 549
0.8609394002161588 0.7292819924601504 0.02148832328568584 9 331 467
0.6224345690174615 0.5214575607097534 0.07146476563066584 9 331 591
1.1183684154586995 1.2614031131699281 0.021092558160413666 9 332 259
1.024743540859906 1.1245467123226067 0.027626906972089138 9 333 317
1.095220452935351 1.2432860312489402 0.02036218095080855 9 334 268
0.9883336475310613 1.0681593467269301 0.027793904543005676 9 334 341
0.7111488162260793 0.6181702507647517 0.044969742126992784 9 335 537
1.0687873608125094 1.2269011072068992 0.021290176386345117 9 336 277
1.053708725317601 1.2031479177582125 0.022527175958262147 9 336 287
0.8166490483439344 0.7172102386581112 0.02080239593429456 9 336 481
0.6167861189350416 0.5461789021231189 0.06426324544230833 9 336 586
0.6171022753169404 0.5301912521453096 0.06113473888443566 9 336 590
0.9895432227536856 1.1143793354479363 0.027179789964864143 9 337 326
0.980908439701524 1.0909806139237284 0.026038927323752015 9 337 335
0.7922428058151283 0.6888248688513126 0.021740376308585718 9 337 495
1.0208540418571888 1.1905317962767927 0.026754417353890725 9 338 296
0.755650617813491 0.6361908473173492 0.022760579749855347 9 338 519
1.0016136624888885 1.1723739925519916 0.027752720750446436 9 339 305
0.6209406417357738 0.6041623267975713 0.06540806848064773 9 339 569
0.6176359528288013 0.5706244792137154 0.060274874902070064 9 339 579
1.0712344932338045 1.3080947063549635 0.024028270218745762 9 340 249
1.0508413777920018 1.2896945114187608 0.025472866752088597 9 341 258
0.9780174840616602 1.1566583598505673 0.02516986377773145 9 342 314
1.0221708530615312 1.2748612867350348 0.028008632507558584 9 343 267
1.0220517567155658 1.266341542156963 0.026398421864642807 9 343 270
0.6747304240169758 0.6233115880124975 0.03714187886093301 9 343 546
0.9307790795215385 1.0903876755307602 0.02500316008653236 9 344 344
0.6995270656365622 0.6243286792920926 0.024776812813762206 9 344 538
1.0059095362436399 1.2556704867309665 0.02493473617275166 9 345 276
0.9940927585662971 1.2404479581819867 0.026609282669527223 9 345 283
0.782025081102012 0.779438360834154 0.019799481270609487 9 345 472
0.6439017825471441 0.61442745835665 0.04190876880464667 9 345 558
0.9778488331885549 1.2157427111141974 0.02533016318189052 9 346 294
0.9441288835925661 1.1466220533519356 0.025066353318609846 9 346 323
0.9301151819202529 1.1270272521043005 0.02675700126848679 9 346 332
0.726738672502691 0.6826544323634121 0.016875281690683197 9 347 514
0.6207090222148186 0.5358908593153435 0.030019117938297257 9 347 586
0.9558896704511681 1.199649041884387 0.025223735534033453 9 348 303
1.022998239698186 1.3282789399224215 0.021152772708218803 9 349 248
1.0038783368934097 1.310218662777705 0.02241293435057312 9 350 257
0.7358437102966215 0.7586472743848665 0.019826615900940592 9 350 490
0.9822787567097289 1.2934013786384533 0.02496234265021935 9 351 266
0.9250353873064421 1.194015763687875 0.028119525860600847 9 351 310
0.6679371608478955 0.6394387393135019 0.02047783619047361 9 351 543
0.9566620099506009 1.247949286819247 0.023391212457660182 9 352 286
0.9681281863530378 1.2989110555306826 0.02628295571862771 9 353 266
0.8814143513319113 1.1264787306715673 0.026652953591521533 9 353 341
0.9485512862563843 1.2819372458283242 0.02808735556632236 9 354 275
0.8916864836159264 1.1846180818032956 0.02881592092320151 9 355 319
0.891089567366445 1.1648930575110086 0.025012742259143295 9 355 326
0.9459742379052403 1.3075842772545858 0.026217069954938443 9 357 266
0.9129656008088534 1.241945892865588 0.026357913979537462 9 357 295
0.9597506531066342 1.3507057350712228 0.026701401216254084 9 358 248
0.8678657913370098 1.159762426739655 0.025381829939906786 9 358 332
0.9507733564400243 1.3300631815123758 0.02344014361418756 9 359 257
0.6323755693159593 0.688697694423402 0.023080349074912077 9 359 540
0.8896740231652793 1.230440993475163 0.025569720203970414 9 360 303
0.8811988274240024 1.2094772614727758 0.024743312881447266 9 360 312
0.9082590956900327 1.2769288324062225 0.024795231720202482 9 361 283
0.8361075243793954 1.1511913372080018 0.02615990469006868 9 362 341
0.8486477665032088 1.2115590827452343 0.028300748507932294 9 364 317
0.8224240032037309 1.1586502206480538 0.025593087359150335 9 365 341
0.5826090505515853 0.6346077839306339 0.01650384142694028 9 365 571
0.8978892064221322 1.3264017748926717 0.02642040019095715 9 366 266
0.8897131914239822 1.3060441415645747 0.025572585409740833 9 366 275
0.8735356800381109 1.2677255126218983 0.024317535334058782 9 366 292
0.9059391192206794 1.3723748984911173 0.030220470194957216 9 367 247
0.8314208844245801 1.195510127652383 0.02433592580582511 9 367 326
0.9008680564861291 1.3512728445882045 0.02522928207971442 9 368 256
0.859221525188792 1.2500263122908937 0.021404476026011254 9 368 301
0.600231886175625 0.7227324191678424 0.019841269800226158 9 368 540
0.5816215012750654 0.681629214980543 0.019031196816656437 9 368 558
0.8672010015330518 1.2917410425006577 0.02435751822650989 9 369 284
0.6052579905371844 0.7647206297518601 0.024135983996536492 9 369 526
0.5402945675455024 0.6183991024111961 0.018025762427041903 9 370 590
0.5238417358980854 0.60741721961347 0.02022384676472333 9 371 599
0.853218125303389 1.3209031819508632 0.02910601183944861 9 372 275
0.8210536272966829 1.2438881490784395 0.023765505300675116 9 373 310
0.5946250236929513 0.7752397122566566 0.020653511798488622 9 373 526
0.788801981994429 1.193264676196077 0.024314374760754154 9 374 335
0.7767480169753691 1.1835923209936787 0.027549471916217483 9 374 341
0.5490938345682783 0.6880052023380261 0.018969798824877815 9 374 567
0.8816776637210799 1.381240635475058 0.022067005661911443 9 375 247
0.850331637439232 1.3474903109796084 0.02859168472501339 9 375 265
0.5324785682196898 0.6807262563123158 0.022187563387263576 9 375 575
0.7950882892803885 1.2327513445436145 0.02517055616433561 9 376 319
0.7871594380122942 1.2129034121636875 0.024288049597575023 9 376 328
0.8536551384146871 1.368808872247714 0.02677204161571023 9 377 256
0.8084722315112509 1.2708026072124965 0.025125373474190082 9 377 302
0.5587188302286539 0.7374473326682482 0.0179136166745556 9 377 549
0.5433712323984949 0.7252860598770914 0.02211784329575517 9 377 558
0.48727810002295313 0.6015051568282503 0.019598026048624595 9 377 614
0.5887842411072577 0.8229493000314854 0.02101461276528216 9 378 513
0.5629579559376731 0.778945966801043 0.020225388166387193 9 379 535
0.5110100613777857 0.675646461845286 0.020447043805118637 9 379 584
0.5277164713383798 0.7162150868952759 0.019486483501212293 9 380 566
0.4997603012512759 0.6585867846828521 0.019140900484752366 9 380 593
0.8198829161071801 1.3371140217442061 0.024826022890040322 9 381 274
0.7709093833300871 1.265367711859024 0.028407173625202176 9 382 311
0.5653499883980231 0.8179398387530096 0.02038718878517576 9 382 522
0.49641995670353567 0.6869765826802121 0.022086113676184738 9 382 586
0.4748247612396901 0.6350828396647716 0.01757480044597015 9 383 609
0.7981142029375263 1.3137428438499001 0.02195098004185425 9 384 287
0.7483142754946006 1.2330147662750486 0.02640811371338947 9 384 328
0.5044734766387569 0.7135650143598338 0.019430863574342983 9 384 575
0.775830387002417 1.2909646942403075 0.02454563991536074 9 385 300
0.48131875945576863 0.6748352411376719 0.018702615935903277 9 385 595
0.5456070437589204 0.8384237493743203 0.024261233682229655 9 386 522
0.5169285609445429 0.7712382721527746 0.022008635074722727 9 386 553
0.5530407995539729 0.858465412289882 0.022969499615445477 9 387 513
0.5288904132357111 0.8278760951568644 0.02468942384161199 9 388 531
0.7189931700080432 1.2253478525931076 0.026002069472893963 9 389 337
0.5457881894683394 0.8687533233077989 0.023860915913244796 9 389 512
0.4968046763422481 0.7652620824114171 0.02262979471018689 9 389 562
0.49397192603803464 0.7555715300647932 0.021681815355337197 9 389 566
0.4268140322288485 0.6139112378558038 0.020048180327499 9 389 634
0.7339098747423791 1.2480795176982298 0.02183016302504226 9 390 325
0.47450340550245473 0.7200766966488539 0.02004667264035831 9 390 584
0.7431017782296114 1.2837583705171212 0.02347004922962692 9 391 309
0.5071671822117056 0.8105434295408964 0.0235099609710252 9 391 544
0.5276215342503574 0.8564486013289307 0.02221480764025663 9 392 522
0.7008804843038192 1.2224067331346218 0.02416852523308821 9 393 342
0.4699623573627687 0.755120507605409 0.023206783611307458 9 393 575
0.5454564552201436 0.922607857185898 0.024627619436716763 9 394 494
0.502732163212601 0.8275284080186343 0.02236767753219049 9 394 540
0.4540158469703999 0.722558041615657 0.020621774491160094 9 394 591
0.5565935976857029 0.9499657669430033 0.023409281070015164 9 395 481
0.4867070667689575 0.8049248156861318 0.022237076567142466 9 395 553
0.43200585398013236 0.6779400313093853 0.018059273630576467 9 395 613
0.4851667315831609 0.8192068381970726 0.024025350850720217 9 396 549
0.49804436860604784 0.8601231196893117 0.025285497986962557 9 397 531
0.7038647196633547 1.2806562098819083 0.024755587344429952 9 398 318
0.6942057462412969 1.263469843037016 0.025292000488952082 9 398 327
0.5170054670706723 0.8969587947507084 0.022581815599972854 9 398 512
0.4721675488191315 0.805777161964446 0.02227799339872738 9 398 558
0.4648740853416303 0.7892532436408155 0.02181391433551627 9 398 566
0.4050803366774838 0.6541871363786971 0.01810762900716878 9 398 631
0.44750940476493306 0.7659762799963987 0.022239672044146896 9 399 580
0.4962609657600632 0.8914523371503289 0.024286116676990765 9 401 521
0.5399852772406764 0.9927718778814956 0.022916385402969475 9 403 471
0.5304418573090861 0.9818587276013395 0.024971422878408367 9 403 478
0.6547873882324328 1.2403273070190033 0.024881659150949975 9 404 345
0.44691362040892435 0.806814353020238 0.020715961558702367 9 404 567
0.4066756726402081 0.7247850830327427 0.020382361036051178 9 404 609
0.3961911378702122 0.7099818578482107 0.02194291062812126 9 404 618
0.4614311768572207 0.8448733090848259 0.02058784791965318 9 405 549
0.4908940424685794 0.9227109332780896 0.022952634084761447 9 406 512
0.47035856811878785 0.8919423449452135 0.0255834107752283 9 406 530
0.42716146431946156 0.8000039412202765 0.024241823155945363 9 406 577
0.40536289224952626 0.7618017643322239 0.023286735994374475 9 407 598
0.37293703370396836 0.6932974591465482 0.022404480098938473 9 407 633
0.5269279742350885 1.0287929696946096 0.02684666719862938 9 408 462
0.4674259212278973 0.9207249412082856 0.025071632411380662 9 410 521
0.5069607205352008 1.0216265428413027 0.026013286000679425 9 412 471
0.5026040722680073 1.0009162045371824 0.022919579748738705 9 412 480
0.4893954962356548 0.98870567803062 0.02660698162043751 9 412 489
0.4532620470247768 0.9007905654563102 0.022611369599735642 9 412 533
0.43090717221014274 0.8523217331751136 0.021669323401932394 9 412 558
0.47123838284885466 0.9476725130168698 0.02310329372306419 9 413 510
0.4188883348156016 0.8395594550980371 0.022285869732477925 9 413 567
0.411627140803446 0.8211065525880483 0.02127605683330558 9 413 576
0.3777367576169932 0.769770245693655 0.025583845452276543 9 413 607
0.4400862824177333 0.8888283215150508 0.021733343391086568 9 414 542
0.5161544300144165 1.0772793055200995 0.02881329981661085 9 415 447
0.45094317794528416 0.9286418457783379 0.021843962094932556 9 416 524
0.3823456158402313 0.8002511558846426 0.02423849601481276 9 416 595
0.36396770474475026 0.7596978856673404 0.023266025707620597 9 416 616
0.3488827466305423 0.7236884042896414 0.021754030072108632 9 416 634
0.5043882745107631 1.0660565953980425 0.027513106785067243 9 417 455
0.47085781306806773 1.0055323613143257 0.02474791866206605 9 419 489
0.38078168702166826 0.8324185714802277 0.026723761467879026 9 419 585
0.42613860213023447 0.9296832090212762 0.026150500536066934 9 420 533
0.48193386687545936 1.0616973899943805 0.02927991899628979 9 421 464
0.4785549775978791 1.0409805105505665 0.02555727229648508 9 421 473
0.41173028397188494 0.8941005237677293 0.022105405123426847 9 421 551
0.3642348687861596 0.7956555760633814 0.021240357244479924 9 421 604
0.5099535911814184 1.1124769329719628 0.02559938219019009 9 422 435
0.44694758912993315 0.9851892881215938 0.025332655059067122 9 422 505
0.4394064332111334 0.968194682026597 0.02482926586491252 9 422 514
0.39934402085029685 0.8825336240864269 0.023393635918709466 9 422 560
0.3905152090205125 0.8669759591688231 0.023966810024379503 9 422 569
0.41095264941378984 0.9206678624488862 0.025136850344222417 9 423 542
0.49245130178895546 1.103758032763741 0.028222125167771894 9 424 444
0.42349106785137514 0.9596949585310794 0.02441484252649684 9 425 523
0.37141189081460435 0.8641184144824912 0.026799378675186447 9 425 578
0.3617115188797919 0.8288607405658583 0.02251606390800709 9 425 594
0.343344824608226 0.7963301836807324 0.02367559263286312 9 425 613
0.328734693108382 0.7612897279194542 0.022116224333156742 9 425 631
0.47792483499239446 1.0929325371564798 0.028743852881222276 9 426 453
0.46435403748039694 1.0559711246518393 0.02609041585765781 9 426 472
0.4678767647705415 1.075988366209598 0.027404885663141587 9 427 463
0.4504506157227155 1.04532469933561 0.02856719346796277 9 427 481
0.4426756001477997 1.0289103580022492 0.026134003501349756 9 428 490
0.39690242680030474 0.9358960269436352 0.02578365413815642 9 428 542
0.35730512537156434 0.8551627875659746 0.025407018090538136 9 428 587
0.40350972503944893 0.9560536455239022 0.02547334595261397 9 429 532
0.38554728543135186 0.923365444802691 0.024179986583461988 9 430 551
0.3415840604778815 0.8279775812114247 0.02217154960849621 9 430 603
0.48568050130880414 1.1434261650664257 0.02734216461599126 9 431 430
0.4234478976424596 1.0077318082909874 0.024303610855058166 9 431 505
0.41611414498262467 0.9911580605683104 0.023784264714039605 9 431 514
0.37283499148518984 0.9130586998149941 0.026171616783229545 9 431 560
0.3666434320866452 0.9007466508630104 0.026198035448795398 9 431 567
0.47197142375841417 1.1321443513470526 0.02747788860407141 9 433 439
0.4360831055299407 1.0578265751916223 0.02463083500856844 9 434 481
0.39791642950120676 0.9859069394781158 0.025905121408178022 9 434 523
0.3508527645668378 0.8943077585861984 0.026661686540208063 9 434 576
0.3227416840877747 0.8264811739410339 0.02344726614743675 9 434 612
0.30577822725726733 0.7967245953677966 0.02463108087087229 9 434 630
0.4569749072642977 1.1222509783849466 0.028781062164929594 9 435 448
0.4428953868456522 1.0743843179871526 0.023267084706915186 9 435 472
0.4439048076593912 1.1111771863544158 0.030876813540740677 9 436 457
0.31621783848843465 0.8354226701983676 0.02527165324967584 9 436 612
0.42880120006227007 1.0642852448068263 0.024032456007757386 9 437 481
0.37639074973963915 0.9660212912917094 0.025938405899733175 9 437 539
0.33819255348791843 0.8841080034548913 0.024419072589645707 9 437 585
0.2970782143859967 0.8122770033530475 0.02739841490597572 9 437 629
0.3898846873020807 0.993867706828589 0.024008896353588938 9 438 523
0.36218765714996004 0.9576546683870883 0.027332379683255192 9 439 548
0.3260370747379563 0.8738686777186012 0.024101806160075734 9 439 594
0.3182380987824003 0.8583602463914755 0.024135083485586684 9 439 603
0.44244281981234335 1.124196178761691 0.026830602368598244 9 440 452
0.4040141483477844 1.0418327809240504 0.025297115443795537 9 440 499
0.3956080454489732 1.027099293276408 0.025898757544968287 9 440 508
0.3515814797142912 0.945498679562594 0.027784071399870713 9 440 557
0.3450608523577082 0.9285675782727552 0.026680278238923494 9 440 566
0.33278843736732333 0.921031285895834 0.025168356771634315 9 443 574
0.4396307842570575 1.1503165037006315 0.027451165648930242 9 444 442
0.42198702137302324 1.1073166831384884 0.0252363079621174 9 444 466
0.27949940470207113 0.8279344040142753 0.026989356877992976 9 444 632
0.29609970564673604 0.8678695373263328 0.026809644024467727 9 445 610
0.28932324519248764 0.8603279004661544 0.028561244378333184 9 445 616
0.4256626899617607 1.1403354659748248 0.028461620300708868 9 446 451
0.40881070147178245 1.0969403885572682 0.025653995900455362 9 446 475
0.40119440439076304 1.0817952180988528 0.025686493756404416 9 446 484
0.3185922784254226 0.9135853477835594 0.02488714922256552 9 446 583
0.37223047476053095 1.0271629372975326 0.024564536992510266 9 447 517
0.38378453701201176 1.0609999834924184 0.025590109884745305 9 448 499
0.348877318787123 0.9955363549027039 0.0268975805893108 9 448 539
0.34277321834996877 0.9814230396592434 0.026344328723147625 9 448 547
0.3248745579901873 0.9438562239336343 0.025841471930086568 9 448 569
0.3049376455258602 0.9061861898203692 0.026505768722442147 9 448 592
0.2979442818659246 0.890304790992476 0.02595638029367109 9 448 601
0.3725847174866279 1.0495813412901973 0.02672958973424766 9 449 508
0.3616950368498979 1.027926977269656 0.026776054738028243 9 449 521
0.3329852504380262 0.9688626801369383 0.02631757675247315 9 449 556
0.3335009724819169 0.9600173265174963 0.023410618170811248 9 449 559
0.42317415423451477 1.1747962934205058 0.027545686838512107 9 452 437
0.350245067797192 1.0218895555040164 0.025512905746176928 9 452 528
0.30981546256481574 0.9375515755022301 0.024513433659567818 9 452 578
0.40235150700256295 1.138298259746667 0.027023792350305165 9 453 460
0.262186632838483 0.8457834725937461 0.023508049687597454 9 453 634
0.2795284415911301 0.8891182103707757 0.023996974373598712 9 454 610
0.4062366172731293 1.167641352595534 0.029352058478263054 9 455 446
0.3894060729682095 1.1282672694379352 0.027650729722299316 9 455 469
0.3826748639135804 1.1129133093041452 0.027088379945805263 9 455 478
0.36317557333336814 1.08785940993967 0.027192646257491515 9 457 496
0.3271496078444074 1.0240884745465608 0.029723963081259908 9 457 537
0.32554063638131336 1.013021528845056 0.027353230166799136 9 457 542
0.307249975653595 0.9668157003903168 0.024459241103222285 9 457 568
0.2904681215710282 0.9373783585011694 0.025719646431950238 9 457 587
0.3534924657233257 1.0754565769504842 0.027259632530481026 9 458 505
0.3171836344795519 0.9993235365728428 0.026222324220075643 9 458 551
0.31042939030982064 0.9839267367274631 0.025655097915370018 9 458 560
0.3957890089424896 1.1644457697530521 0.02651712011605689 9 459 451
0.3363791469110755 1.0658765163018038 0.028672392218327625 9 461 516
0.3303708467094596 1.0500024307442453 0.027495774967024156 9 461 525
0.28890186295936626 0.9655773564686034 0.02707162715401834 9 461 577
0.24546557467009666 0.8752766780439145 0.026054639124386325 9 461 632
0.3791679400377582 1.1577915117633308 0.02855921589707655 9 462 460
0.2545197083138929 0.8981519324523972 0.025474222375895583 9 462 619
0.36563042571737403 1.127887830576832 0.025673979202745834 9 463 478
0.32009491820341784 1.0334166857503864 0.024659292525505805 9 463 536
0.2626472719739148 0.9250651373117154 0.026717923104094043 9 463 605
0.2534084407431998 0.9475387641865072 0.027405690424413542 9 469 601
0.23145732195584157 0.8969916559644096 0.02332887205880385 9 470 631
0.24149706704498097 0.9315617938541274 0.025899535612587732 9 471 613
0.21686180452105752 0.9048498328775036 0.027133494949655557 9 474 636
