1.7987589038667595 2.0787806347811366 1.3076469968291464 9 3 244
1.8740110343744592 2.0905469193583905 1.3054483050289267 9 3 253
1.8950786791013874 2.077821449377909 1.3062475481170117 9 3 258
1.9525641993440188 2.077302705028865 1.305407585812492 9 3 266
1.9856299002592426 2.0737890601960016 1.3052083994904575 9 3 271
2.0125755182929335 2.0584195381457264 1.306150583927625 9 3 277
2.057142361308236 2.075939633343775 1.3039165560504558 9 3 280
2.0923430979174045 2.0471890895409555 1.3059133036510873 9 3 289
2.1265312627001016 2.0550906890794303 1.3046886683833199 9 3 292
2.1552970232088278 2.0520171868722166 1.3045168666522249 9 3 296
2.1782106747730334 2.044132623303909 1.3048601337980104 9 3 300
2.2077500901210683 2.0473973933218677 1.3041166376980444 9 3 303
2.292884988366032 2.0527829920891985 1.3023291846854335 9 3 312
2.3242913542178436 2.0627139524994558 1.300968187423281 9 3 314
2.4818731629101647 1.6312452156355193 1.3366458243945267 9 3 401
2.468565140396687 1.6071704638980135 1.3389770787890642 9 3 404
2.474429738802531 1.5989815024595029 1.3396099326479491 9 3 406
2.4803522282136092 1.5573275409913687 1.343197402729893 9 3 414
2.494958076156236 1.548060895784627 1.3437907426274924 9 3 417
2.4624812064339063 1.509949612789813 1.3476570195130704 9 3 421
2.447024159383459 1.4647654296357457 1.351885696474429 9 3 428
2.476706244249576 1.4363017907704576 1.3539421407985357 9 3 436
2.4644250495486153 1.4200663246393208 1.3555652356685732 9 3 438
2.484086048132971 1.4185780923500426 1.3553937209643145 9 3 440
2.4906034742457295 1.4057685059620546 1.3564245925605458 9 3 443
2.4591813364232387 1.360620433329507 1.360896081331896 9 3 449
2.4741133708244667 1.3212236559840658 1.3641453798555312 9 3 458
2.4479684042518763 1.0350194851544723 1.3898247605911107 9 3 516
2.460551558346129 1.021158648318127 1.3908550099836505 9 3 520
2.4568715248840167 1.0021865806115415 1.3925872591126196 9 3 524
1.5377611035888186 2.1117084294279036 1.304785863247494 9 4 197
1.553834156454765 2.1040916696376133 1.305198046539997 9 4 201
1.572259863911476 2.098750356591087 1.3053682049282482 9 4 205
1.587932080993443 2.0842799719082494 1.3063982705208916 9 4 210
1.6414836991714128 2.0891980747742034 1.3050697620689338 9 4 218
1.6567301178233844 2.0920025660280914 1.3045662919538088 9 4 220
1.6863349605548277 2.102558373571583 1.3031329393444917 9 4 223
1.7279559311566515 2.1056021539344463 1.302169846239147 9 4 229
1.7524707291343722 2.1102915094422077 1.3013442612412098 9 4 232
2.460651613810855 1.4921028663710139 1.3447073945051844 9 4 424
2.4476533396030957 1.475038994051504 1.346445188776477 9 4 426
2.4965351815662005 1.391956767792291 1.3530423440612014 9 4 446
2.48352443984198 1.2840958319912614 1.362877827543649 9 4 466
2.50224051418323 1.2468416551073018 1.365889220181232 9 4 475
2.4809360655367048 1.2043089320864513 1.3700364116029466 9 4 482
2.4811631276718855 1.1947253281766392 1.370887325264448 9 4 484
2.46897590145793 1.1709688529401283 1.373208502900075 9 4 488
2.4943273982201886 1.1707834515430737 1.3728037555012653 9 4 490
2.494306539060947 1.1374519431372692 1.3757766794372532 9 4 497
2.5082832018225334 1.1234959040229486 1.3767890506613827 9 4 501
1.7880173265949328 2.081284700859798 1.2990835429236798 9 5 242
1.8525336654967188 2.08380042078531 1.2977067878888282 9 5 251
2.0759010174529373 2.058971560969779 1.2959603482441897 9 5 285
2.0901171550422855 2.0576414949896606 1.295826670147679 9 5 287
2.253970159805684 2.0622057335350745 1.2924944440932291 9 5 306
2.2908028738465864 2.0570757624055727 1.2922997294988696 9 5 311
2.4606012582757613 1.573657579070726 1.3328039478528457 9 5 409
2.474030610618597 1.5197166452012727 1.3374218648378133 9 5 420
2.4583203368097593 1.3638569280739148 1.351736999465352 9 5 448
2.476350066716917 1.3460894299803605 1.3530155095886691 9 5 453
1.7518713782639521 2.109783876921353 1.292917790261141 9 6 232
1.7598715871203674 2.0986128815195317 1.2937810996808656 9 6 235
1.9170537744931848 2.071610241985949 1.293243257724145 9 6 262
2.0290529211274007 2.065131787101357 1.291699723923061 9 6 278
2.463101153316586 1.475710546909632 1.3370238488965849 9 6 427
2.478363478436771 1.335951503477497 1.3494397839511498 9 6 455
2.48206236713258 1.2919212081609353 1.3533724780970318 9 6 464
2.485018654718317 1.2581813117164709 1.356383734738929 9 6 471
2.478347918293553 1.1823618102229565 1.3634040679670283 9 6 486
2.4896352869637135 1.1721530913039246 1.3641172999153637 9 6 489
2.5170983256860513 1.1486111468301483 1.3657347595544564 9 6 496
2.4851808124431916 1.1043434642545953 1.3703671964428314 9 6 503
1.57605663140435 2.0725637843525124 1.295645350053964 9 7 210
1.6780820014542197 2.0947014908649995 1.2915468985462764 9 7 223
1.8158026194524348 2.0817922900442296 1.289942297571777 9 7 246
1.854027225053037 2.091298430965029 1.2882955278323802 9 7 250
1.9358234232119207 2.0751032482392704 1.2881252725088195 9 7 264
2.081473131732201 2.0566702572254396 1.2868670816528012 9 7 286
2.1465720964293005 2.037898091936922 1.287271558075681 9 7 297
2.4660901152997488 1.5640016861341473 1.3242973085443301 9 7 411
2.4838925853471743 1.4207794029090564 1.3370826615440885 9 7 439
2.4954448393439557 1.4101968929206903 1.3378200098773954 9 7 442
2.4693592718956685 1.0841323472484463 1.368276839290854 9 7 506
2.45646597039351 1.0614480672916708 1.3706201109864011 9 7 510
2.45260549696566 0.9928613019439552 1.3769936744558458 9 7 525
1.5149481098174946 2.1065856633162103 1.2897953045254824 9 8 194
1.7078917569631042 2.105149478735875 1.2857857703913407 9 8 226
1.7812602073408295 2.1061974179268566 1.284113409268475 9 8 237
1.833366866639801 2.0851866774836645 1.2849414564249515 9 8 248
2.446976542838179 1.586916804305941 1.3179354382501425 9 8 405
2.472241184259196 1.54979039265268 1.3208330389748708 9 8 414
2.47881485875054 1.324380731642966 1.3415778316456255 9 8 457
2.499437309158267 1.262318305358296 1.3468856157186866 9 8 471
2.474698176897672 1.1841269977175193 1.3546618027596347 9 8 485
0.8493072563730069 2.1204954962258045 1.299625805650088 9 9 46
0.8891102491214484 2.1314025976715714 1.29770261517912 9 9 55
1.4988803102313355 2.101792122824328 1.2866375582244656 9 9 192
2.022266375015282 2.0653723366316044 1.278169260662459 9 9 277
2.145015166154357 2.0361789113663527 1.2781147756458457 9 9 297
2.192319621781602 2.053232488014179 1.2754465139595097 9 9 300
2.4575800256714486 1.4870765310131777 1.3223806085289644 9 9 424
2.486959966769677 1.2465956089384005 1.3442061202210953 9 9 473
2.4870747368713424 1.102383732931394 1.357691596435492 9 9 503
0.9060771675660644 2.129080483125824 1.2942813215742868 9 10 60
1.7552093783400924 2.100540964632806 1.2766750466961256 9 10 234
1.8022287273319333 2.1068611106257578 1.2749543001797723 9 10 240
1.8663555337917384 2.1022119949002214 1.2738600888544078 9 10 250
1.8878993070399033 2.096121289062751 1.273920014320385 9 10 254
1.9138208726357901 2.074690372164081 1.2753234370803468 9 10 261
2.4667994381322993 1.5959817334982946 1.3072946234672682 9 10 405
2.5026871486939584 1.3484003222286776 1.3298090184771172 9 10 454
2.447097625347794 1.1768779232204878 1.3473302075273943 9 10 484
2.506004192162024 1.1555263435428866 1.3479375572891203 9 10 493
0.8277886109229999 2.1472364982961087 1.2912605808070874 9 11 36
1.539535424621978 2.108695940549667 1.2770476234837713 9 11 198
2.0215824370233397 2.064469086553405 1.269148408052192 9 11 277
2.1630397203590688 2.0495231866256756 1.267017829228619 9 11 297
2.450388939310238 1.4767755940121878 1.3143670149726006 9 11 425
2.4600475216529243 1.4706656747081441 1.314706447123323 9 11 427
2.4645085553494157 1.078997905510872 1.351911356379642 9 11 506
2.426069260512011 1.0478387046203297 1.3558460321914398 9 11 510
1.5701190793741653 2.079322958156097 1.275046555610798 9 12 208
1.8000038595626546 2.104791313673826 1.2665400024846791 9 12 240
1.8755912094215192 2.0913906407796636 1.265836711751311 9 12 253
2.0688581626190405 2.0518869097838035 1.2645423271031564 9 12 285
2.0922146955118786 2.0450737560339736 1.264581962839005 9 12 289
2.478328520487458 1.5556865166424534 1.3014634492572519 9 12 413
2.482888223193656 1.4700750467787147 1.30957508346759 9 12 429
2.4866122942570605 1.4556607232530967 1.3108629287236526 9 12 432
2.4703811898126355 1.4267234713215067 1.314073034169572 9 12 436
2.4796669368262005 1.4045431684845058 1.3159610446617434 9 12 441
2.476377950415004 1.3925495067912523 1.317200937585409 9 12 443
2.4488541457906017 1.1950910532396448 1.3369124113990376 9 12 480
2.4459575083628735 1.0130029065485486 1.354497035427906 9 12 519
0.81201180853013 2.1401725591912157 1.2860106433066536 9 13 33
0.8325640959026654 2.1262073764674727 1.286798942633167 9 13 41
0.8680250941533294 2.142989352250024 1.2841927382322647 9 13 48
0.8866255396224123 2.1243831124597117 1.285485181112429 9 13 56
0.8949404572474415 2.1256637568879846 1.2851316327909945 9 13 58
1.597400390107877 2.0950532093488934 1.2687311078952128 9 13 210
1.60480155787075 2.090243488910719 1.268993703231204 9 13 212
1.7250272021811726 2.1157349293184717 1.263204997198443 9 13 227
1.923715071802632 2.0703398241389337 1.2621307626893383 9 13 263
1.9867838474974562 2.0669876832197343 1.260716869323788 9 13 272
1.997777688868882 2.057161376204673 1.2613671531594077 9 13 275
2.1814366604276683 2.056692393962371 1.2563481770089 9 13 298
2.4919051226258584 1.3414103186898814 1.3171905060701425 9 13 454
2.4679965948230453 1.3158636777922754 1.3203285790023798 9 13 457
2.485239682668806 1.282578334575874 1.3230827613858167 9 13 465
2.504803899283551 1.1429232740558184 1.3360939646522445 9 13 495
2.4940213618431764 1.1248304736756958 1.3381468380256727 9 13 498
0.8491385460972609 2.12441759387816 1.2833174271454393 9 14 46
1.7656399590722018 2.0979052332108212 1.2595164443127143 9 14 236
1.8303586077980625 2.0885084414309407 1.2585724605827724 9 14 247
1.8684880377533637 2.084954437394199 1.2578222351647033 9 14 253
2.068992886295029 2.051580026625913 1.2553149831050372 9 14 285
2.4868092981401153 1.5252157124564005 1.294816402623881 9 14 419
2.4775344859780732 1.160908480553653 1.330752086202924 9 14 489
1.5321742383602557 2.1077989959968217 1.2612451838694234 9 15 197
1.567679037067444 2.089484823093813 1.2619881971899143 9 15 206
1.6239096778061637 2.0973996103251284 1.2595177344560549 9 15 214
1.7402125435995592 2.1115435979195576 1.2546279623853227 9 15 230
1.7876808745806971 2.105947973174495 1.2537552850372575 9 15 238
1.8884995708809211 2.0773483231782177 1.2535530239657282 9 15 257
1.955973447754411 2.078758845491672 1.2513874702756702 9 15 266
2.011985703958045 2.0685888245605764 1.250710114644431 9 15 275
2.1615540978991166 2.060189168292169 1.2470484181984114 9 15 295
2.189173528922143 2.0620807263151195 1.2460321564695815 9 15 298
2.2131062412517206 2.054408129145474 1.2460714222753846 9 15 302
2.2517452270953013 2.0574635679861757 1.2446092713436374 9 15 306
2.2867034214449475 2.0638193541626384 1.242931620671048 9 15 309
2.5019523718273566 1.5995901936495025 1.2823277242389355 9 15 407
2.443768958571143 1.454639535161867 1.2983942296451176 9 15 428
2.48055837845871 1.434532035372544 1.2992758242293494 9 15 435
2.491437345650463 1.3917564810032668 1.3031748143423842 9 15 444
2.4628648878062025 1.2918911255898597 1.3138982605591083 9 15 461
2.4815859122673025 1.2694283730142217 1.3155551104548195 9 15 467
2.4938542536634607 1.108857334122409 1.3310490744083996 9 15 501
2.4734665481847906 1.050893695396833 1.3373873791193804 9 15 512
2.4514887345149954 1.0300905970880971 1.3401024451918708 9 15 515
0.9172385312621705 2.127062783572602 1.274515123262808 9 16 64
1.6725716565618893 2.0775674032150526 1.2558370761471447 9 16 225
1.812426119122248 2.0972903579107087 1.2494995841014593 9 16 243
2.0808316059829988 2.060636751553817 1.244762618140602 9 16 285
2.0996410594995765 2.056424582392007 1.2445944668521496 9 16 288
2.4835516458617524 1.5056544886264611 1.2874878230983047 9 16 422
2.4960617717707625 1.3356592421306672 1.3040398399856563 9 16 455
2.4898445105037323 1.2469442199366199 1.3130762294181986 9 16 472
2.482042777040637 1.233948355575853 1.3146153766573125 9 16 474
0.8028089311293132 2.1152394857930163 1.2761238577037628 9 17 35
1.496972003490598 2.1137161476230917 1.2537231996764553 9 17 190
1.859864026500352 2.0771049933468033 1.2456138366863594 9 17 253
1.8846070362492204 2.0737734702792983 1.2451449035666171 9 17 257
2.049261859493041 2.06055046409763 1.2411247275542219 9 17 281
2.499964034941348 1.6258721800632356 1.270187933456909 9 17 402
2.4849184374950597 1.6064808178061971 1.2726265732178466 9 17 404
2.4599044125302907 1.1951728212696406 1.3147962430599884 9 17 480
2.475622227771977 1.176898334714268 1.3161230570040283 9 17 485
2.4852938233293482 1.080757087131463 1.325475805946867 9 17 506
1.5616747705304972 2.0898722731821247 1.2499539089567469 9 18 205
1.5796047455620221 2.0960322643378513 1.2487244147537533 9 18 207
1.648347428882285 2.0973021023537806 1.246277342731597 9 18 218
2.01833338866491 2.0669659427956826 1.236877075355971 9 18 276
2.2820650940004645 2.0528730740847454 1.2294125061203522 9 18 310
2.4925963953833135 1.564384509964942 1.271861428185848 9 18 412
2.479332085692788 1.5021632837399013 1.2786200361993263 9 18 422
2.4636912189589886 1.4836323146179464 1.2810271579785384 9 18 424
2.490013717151167 1.4046709463233462 1.2881487485292968 9 18 441
2.494625060864932 1.3541903280830698 1.2931136356878683 9 18 451
2.479151742045859 1.2510128762891457 1.304101051961503 9 18 470
2.4838412540442762 1.213268874021043 1.3077713900898245 9 18 478
2.463092575675324 1.1284675755448172 1.3170727638815642 9 18 494
2.4918539450517154 1.068121093256056 1.322223942952066 9 18 509
2.459266195659133 1.0163667481593646 1.3285725249959588 9 18 518
0.9224307369512998 2.119167144479811 1.2652333907949083 9 19 67
1.4774148585620317 2.105226938149407 1.247258138714723 9 19 188
1.5368936191869234 2.0826881439796283 1.2474849433680488 9 19 202
1.8307249548792575 2.0886610011096223 1.236601825996031 9 19 247
1.9488712517482591 2.072222562974051 1.2341535116072295 9 19 266
2.1468061856286798 2.080069329000413 1.2264310836748673 9 19 290
2.464583831142685 1.5831655745702893 1.2661638549068266 9 19 406
2.4699392203168937 1.507839087481022 1.2736838465595552 9 19 420
2.4430292569332757 1.4353893011576833 1.282037459627658 9 19 431
2.45113861537736 0.994969010387759 1.3268166212265435 9 19 522
0.8469786006183742 2.132068818554082 1.2633213803251964 9 20 45
0.9321815296939078 2.1230430542692864 1.2611689044038132 9 20 69
1.7281899098333935 2.1128431543594983 1.2334096455082477 9 20 228
1.8657633821700532 2.094825984215201 1.230289532329783 9 20 251
2.0139152835317824 2.0693674192938847 1.2275545023921317 9 20 275
2.0320328063450117 2.058728568937621 1.2279966915938125 9 20 279
2.2665175522225884 2.0538183466630544 1.2200161494031434 9 20 308
2.482315395728836 1.6260532237142693 1.2563519107443393 9 20 400
2.4789354780339803 1.5281560776537388 1.2665775340753387 9 20 417
2.45358840000962 1.2740235915256994 1.2937222356702458 9 20 463
2.4567941997018115 1.1577681463660061 1.3056041184148144 9 20 487
2.4639289244412774 1.0616810850127754 1.3152623527356542 9 20 508
2.447942328737083 1.0290306152107416 1.3192106240871162 9 20 514
0.8333586909371116 2.128342952396311 1.2609847810001278 9 21 42
0.8560498687179028 2.129618809566975 1.2600025562842583 9 21 48
1.5847011062655143 2.0954938536696988 1.2362783186760602 9 21 208
1.6084369634910993 2.0824933268443178 1.236743016329521 9 21 214
1.642292558654505 2.07916654201186 1.2358219522351768 9 21 220
1.818577890673236 2.083878044977218 1.2287324730540155 9 21 246
1.8978100085723564 2.0977599962981475 1.224321528419726 9 21 255
1.9505568044075945 2.0607302720426777 1.2262014308821536 9 21 268
2.1460837439341685 2.066041178322424 1.2183292701598432 9 21 292
2.4657267391395457 1.5043497634424652 1.2648302271262157 9 21 420
2.441624518765415 1.4226432819881134 1.2742372967358433 9 21 433
2.4910322968038408 1.355484762536421 1.2793782982732989 9 21 450
2.456845576152391 1.1761603258061184 1.299323924027551 9 21 483
0.795845231375472 2.1323918630279763 1.2587918448870514 9 22 31
0.8699317004154845 2.135072183243373 1.2556452347559977 9 22 51
0.8816642006445927 2.129668244354964 1.2557587855258574 9 22 55
1.4561124449266079 2.088752209288224 1.2378377513960221 9 22 187
1.4853270203985651 2.1083430331584436 1.2346512914503904 9 22 189
1.561018215587418 2.0959734507125134 1.233022531654932 9 22 204
2.1116213351329174 2.0645655094551447 1.215025545981424 9 22 288
2.1715253950642186 2.0596016836779456 1.213229897935284 9 22 296
2.4696338943924028 1.3871656309628366 1.2722919230982161 9 22 442
2.4561133048505686 1.0162923280005007 1.3117484364002323 9 22 517
0.8259667129953725 2.1298337606178634 1.254680026742759 9 23 40
0.9098409877629186 2.1205995645783062 1.2523096866383416 9 23 64
1.784873971914473 2.0781523905321233 1.2218754713918383 9 23 242
1.9595988967001952 2.0554282156312222 1.2173068706087105 9 23 270
2.021038496425106 2.0555780288585153 1.214838574336971 9 23 278
2.469268938436756 1.5942633802889177 1.2457852285096862 9 23 404
2.465281945896716 1.530347094639746 1.2527110433586164 9 23 415
2.478705413212227 1.3433796516292942 1.2719690398741674 9 23 451
2.4764667648703846 1.053942392290693 1.3027004509485927 9 23 510
0.8095589175629734 2.1209248071800357 1.2530864377832027 9 24 37
1.5268421466235462 2.091431701341728 1.2267117015884936 9 24 199
1.6140313119217224 2.088455019338593 1.2234407819062465 9 24 214
1.6585192410376017 2.0829782103183687 1.2221943545287102 9 24 222
1.6717628560289612 2.0772760734439464 1.2222579986072573 9 24 225
1.7438375870220435 2.1027130023708676 1.21657579635687 9 24 232
1.7628537139176146 2.1017409135475615 1.2158968713529545 9 24 235
1.7697457335734765 2.0829814932154336 1.217615922196118 9 24 239
1.9015353431661692 2.0816796453761115 1.2123304457856805 9 24 258
2.0504234750002657 2.04736665009377 1.2098654126923636 9 24 283
2.1601468926733336 2.0567774858952443 1.2043445112979643 9 24 295
2.1809411763843354 2.0533224891922313 1.2038574687256278 9 24 298
2.201438364005749 2.0429740222810553 1.2041185907106902 9 24 302
2.2249613539481388 2.041190502666068 1.2033407903277304 9 24 305
2.491732644400947 1.7107134910979616 1.2276416936078753 9 24 386
2.449905066017541 1.5553349787418116 1.2459512831654735 9 24 409
2.4822009835163588 1.466386012788367 1.2541180356753183 9 24 428
2.471336792682859 1.445011897330352 1.2568470728069825 9 24 431
2.473155078789531 1.3766933125126453 1.2640658172849752 9 24 444
2.4602819084424183 1.2886901745267387 1.2739907541035853 9 24 460
2.4539736868750763 1.2609543861878618 1.2772114297979473 9 24 465
2.4653458126717718 1.250556728337912 1.2778533908279548 9 24 468
0.7931253636342515 2.1303528963095806 1.249572107532546 9 25 31
1.697963913124371 2.0902483577185538 1.2155191925280862 9 25 227
1.8279589290257299 2.0986256082315675 1.2091048660058377 9 25 245
1.8457563039135723 2.0956850288854643 1.2086667130398352 9 25 248
1.93256561300147 2.063939256418365 1.2084029624684764 9 25 265
2.0783166911373434 2.050315718960521 1.2036888861758102 9 25 286
2.467863895974046 1.6323635810624335 1.2321626571625084 9 25 397
2.4774130749459466 1.4309612447045907 1.2534387725929834 9 25 434
2.4643127507545426 1.4036063754052837 1.2569390634044284 9 25 438
2.4875380966061353 1.345613392613866 1.262197150719492 9 25 451
2.4820521173078482 1.3277106879962597 1.2643570211026796 9 25 454
0.9121168574825864 2.1203849586396406 1.2422709698440084 9 26 65
1.666223156351881 2.0782243800160254 1.2139283006597545 9 26 224
1.8820155181801144 2.0962097383903258 1.2025561369677424 9 26 253
2.1980860237878437 2.039858876358272 1.1948752730212284 9 26 302
2.493981825644283 1.6869000272201153 1.2202700398290336 9 26 390
2.473279648792317 1.6172787587424369 1.2287307044160012 9 26 400
0.808650200605602 2.134559679064859 1.2420325152778322 9 27 35
0.8607118959076039 2.1238558891320323 1.2408662432821513 9 27 51
0.9226569258957875 2.1194078817566164 1.2385715667862827 9 27 68
1.5410943295544457 2.0945732974693745 1.2135203131340133 9 27 201
1.784422093681238 2.0902908929541253 1.203063056097569 9 27 240
0.8754561020242306 2.124331546952089 1.236856622766298 9 28 55
1.6126138797490264 2.1062103044934966 1.2048339830287151 9 28 211
1.6516145715467554 2.08272622702435 1.205625081766557 9 28 221
2.4617184119947066 1.170374941598325 1.2600304324890652 9 30 483
2.4745125828417756 1.6907433251231865 1.1961304788658476 9 31 387
2.4766384721411914 1.4859699588866466 1.219169800968496 9 31 423
2.473706226675307 1.2937136800868683 1.241046807220677 9 31 459
2.4671841518556596 1.2355525431982701 1.2479462933716823 9 31 470
2.4734998066172995 1.22309789574834 1.2490387805652956 9 31 473
1.9712962284866271 2.0897004885783907 1.1714933443766353 9 32 266
2.001833848738812 2.0961119182768595 1.1692001324388621 9 32 269
2.480049702869916 1.6518215372956035 1.1953458264236052 9 32 394
2.456156593069931 1.5362105330663498 1.2097401769815683 9 32 412
2.4680687422527114 1.4160223098760862 1.2228236886595472 9 32 435
1.6183751216667634 2.0813419901311248 1.1862897352113384 9 33 216
1.643318672996868 2.0937140210856273 1.1835611121759657 9 33 218
1.6843592200017907 2.109025783236193 1.179650870625544 9 33 222
1.7014781454726502 2.081490914272389 1.1819151541097852 9 33 229
1.7465628614464794 2.080262459810255 1.179692218843062 9 33 236
1.9324686015876096 2.082099654507309 1.1697333421388636 9 33 262
2.0099445495139143 2.0447195347926748 1.1699633836518792 9 33 278
2.044985502320575 2.041176865422156 1.168532837799245 9 33 283
2.145055275667302 2.055758257057935 1.161611288747386 9 33 293
2.4559697824420867 1.6034620746645063 1.197247068776359 9 33 400
2.460486726454726 1.3484389607071812 1.2262952667004687 9 33 447
2.468094729224041 1.2143650919968458 1.2412924340292588 9 33 474
1.4830527149523707 2.083705273455951 1.1890599360859317 9 34 193
1.8437541406583988 2.068047830341648 1.1715036917812283 9 34 252
2.0686416017603744 2.040662974810351 1.1625974637408591 9 34 286
2.4354797413109877 1.541131873313351 1.2007135538897695 9 34 409
2.471505929210296 1.5089685180666514 1.202501550729001 9 34 418
2.4437293412706955 1.4570471281802353 1.2100022556693135 9 34 425
2.4746345660329094 1.4175210056021632 1.2129173710768097 9 34 435
2.4621687076655467 1.2916105341820512 1.2281591832884096 9 34 458
1.6890157548955513 2.1010597693264303 1.1716560992160399 9 35 224
1.9406230649779723 2.0760408843694225 1.1607459935136601 9 35 264
1.958868148329144 2.07231872283264 1.1601774015501718 9 35 267
2.4675060837333658 1.6430772327565215 1.1822899970167524 9 35 394
2.4491550988643613 1.6215677254277063 1.185807467817109 9 35 396
2.4660830047774436 1.4021446741031567 1.2104709328903944 9 35 437
2.450258680921272 1.3372250782750112 1.2189129540742218 9 35 448
2.4883826740027564 1.2658627922602155 1.2251414589941958 9 35 465
2.4634250392178827 1.2010061814814055 1.2340781005332704 9 35 476
0.8201905223950963 2.1314757594852516 1.212588787217237 9 36 40
0.8444871710103072 2.122910884852125 1.2122294786752128 9 36 48
2.0153871793986244 2.042227450060717 1.155879262055187 9 36 279
2.453227911721457 1.5431684392709244 1.1899247071756518 9 36 410
2.448799541141893 1.5185556532620343 1.193066870345524 9 36 414
2.463428052190424 1.5035639214789878 1.1940066192874599 9 36 418
0.8921697344746669 2.127926404405002 1.2055960204597276 9 37 60
1.603955500003998 2.073536158907793 1.1711163590070255 9 37 215
1.664740623345292 2.1027032524164295 1.1641666645624513 9 37 220
1.8005281735362244 2.0796380112280985 1.1590920730202514 9 37 244
1.837505109481318 2.0877428921793957 1.156006104346154 9 37 248
1.8561242659653834 2.0852771118957114 1.1552277237337802 9 37 251
1.9032323275948073 2.0756153437432845 1.1536638420564902 9 37 259
2.4535573558761747 1.5823286587881293 1.1804565708671926 9 37 403
2.4436718003920177 1.476657873952329 1.1935421753523237 9 37 421
2.486322274870069 1.4044319261025136 1.1996456267724662 9 37 438
2.463943136023442 1.209403515643385 1.224034399180924 9 37 474
0.8245653161371127 2.121968176270523 1.2069119900819403 9 38 43
1.5584635458582048 2.108379383642012 1.1654088595458785 9 38 202
1.7044152366043233 2.078236854668788 1.1604304182858267 9 38 230
2.4450113121834995 1.4493104140162711 1.191982928617494 9 38 426
2.4689080028545303 1.327305882737367 1.2051416770267234 9 38 451
2.4631525037631494 1.2684129115177234 1.2125095861062092 9 38 462
1.6769763706935734 2.089590449649714 1.1563523852484967 9 39 224
1.7286860700853937 2.0824599871135288 1.154105725730239 9 39 233
1.9274842400747372 2.057935249204102 1.1451210381733203 9 39 265
2.043740258423047 2.0582867264274403 1.138099606882602 9 39 280
2.470954922624288 1.2303773687010056 1.2120289613940791 9 39 470
2.4694672198204017 1.2198015344903175 1.2133902727842631 9 39 472
0.869795549633738 2.1186276762837277 1.1979765804182083 9 40 56
1.619945227532174 2.089916177067841 1.1554677769647772 9 40 215
1.7798720677399817 2.0923913089984167 1.1453634469277416 9 40 239
2.02517104118226 2.0623604931104778 1.1339646015264542 9 40 277
2.4513988496529717 1.4617834927305202 1.180615907736129 9 40 424
2.441782633218994 1.4463101797147122 1.1830805787823535 9 40 426
2.4580993450281228 1.4000446614282067 1.1876869976804452 9 40 436
2.45676843372789 1.3675833351198354 1.1917024398740894 9 40 442
2.4600333897657283 1.3323173863782478 1.195776010840519 9 40 449
2.4657311705178477 1.2882354649780923 1.2007688067578184 9 40 458
2.4672160519192126 1.273518048935439 1.202461316591486 9 40 461
2.4636389104193475 1.2568372389058864 1.204702091147706 9 40 464
2.474261216850378 1.205879015311302 1.2102262968672468 9 40 475
0.809422865461386 2.129881395920844 1.1970352180550188 9 41 38
0.8917350802927149 2.130464838152559 1.1918128828531347 9 41 60
1.5897123268690894 2.090837344466852 1.1529719321577347 9 41 210
1.8313130608971022 2.0819889610008815 1.1389329350100643 9 41 248
1.8448042422603281 2.068565717693808 1.139727615634858 9 41 252
1.944034028279316 2.065381676526947 1.133906583252067 9 41 266
2.4718724914197288 1.6297740860054755 1.154061514947506 9 41 396
2.4715139584020096 1.244007052194128 1.2011855503583146 9 41 467
1.645249482635604 2.0838773474686394 1.146037900679526 9 42 220
1.7934364328415824 2.1114371498504285 1.133185005809862 9 42 238
1.8834318535344488 2.057920338331809 1.1340214665376585 9 42 259
2.461465689354619 1.6061151490708403 1.1526880614043764 9 42 399
2.4522466169266304 1.3430245325266006 1.1856402427577126 9 42 446
2.465871772296115 1.2969442213868652 1.1904386519957768 9 42 456
0.8400872020330827 2.1215133390874863 1.1895031879180054 9 43 48
1.7338066704509343 2.0937863087739395 1.1347271823951024 9 43 232
2.458006737828362 1.31866943179957 1.18361541410483 9 43 451
0.790085095056777 2.1238644189044065 1.1892059353726205 9 44 34
1.637016735925549 2.101149031444737 1.1357929888704912 9 44 216
1.65705099151857 2.0893841614823856 1.1359312009743041 9 44 221
1.754652681239477 2.100786790926847 1.128025437759802 9 44 234
1.7796619402169456 2.0730695906737573 1.1298248033234652 9 44 242
1.8958439885135117 2.0621300634703257 1.123474333238391 9 44 260
1.9370691277945986 2.0784094088458476 1.118703977529918 9 44 263
1.974227294433895 2.0841583301138398 1.1155183993470428 9 44 267
2.4463109151590787 1.5852650381554347 1.1464493311447908 9 44 401
2.4483474404776167 1.4959703695157809 1.1574620625986873 9 44 417
2.461713882116039 1.1927376310842996 1.194431403404504 9 44 476
0.8143933011954532 2.1359325752611387 1.1827751175451442 9 45 39
0.8862272250881962 2.131015393287154 1.1785305859114699 9 45 59
0.9238503720352076 2.12887426543855 1.1762528915857369 9 45 69
2.4740052232896037 1.2619613609145235 1.1803378808302551 9 45 463
2.4748253289622615 1.206823455477824 1.1872166735303478 9 45 474
0.8439342202936384 2.137026646690728 1.177284208746228 9 46 47
0.8670724347907282 2.11910531963015 1.1779584363789501 9 46 56
1.5466167670588127 2.091039958507081 1.1346383610289914 9 46 203
1.6548507757171604 2.0873818963238913 1.127635712343577 9 46 221
1.7862739928479558 2.085514140032348 1.1188066546426794 9 46 241
1.8089954237109533 2.0807643301357315 1.117841031522385 9 46 245
1.867066495764334 2.0752126213899844 1.1145385508245962 9 46 254
1.9651986408674258 2.089256820579605 1.1059901692632856 9 46 265
1.97438769234935 2.071030401723905 1.1076652701674892 9 46 269
2.471012218433724 1.4944742800129602 1.1464473206832548 9 46 419
2.4724483043959027 1.4618953861693318 1.1504754343149133 9 46 425
2.4436871872791883 1.410334299846736 1.158991284825496 9 46 432
1.7101115595403753 2.0840584747364304 1.119821534602813 9 47 230
2.453455153602086 1.2168280824217916 1.1782508627941066 9 47 470
0.8797850751506193 2.13553984280287 1.1681884051548916 9 48 57
0.8955223844421658 2.117156657567279 1.1694250432973092 9 48 64
0.9083465785340046 2.119004256144369 1.168269956569792 9 48 67
2.4685161621049208 1.3825387383408647 1.151288012168191 9 48 439
2.4416219671428414 1.186632873730645 1.1783912863015655 9 48 475
0.7819727315912208 2.120482474929002 1.1738495529385138 9 49 33
0.8350379530339085 2.1181669009486397 1.170283841992762 9 49 48
1.4908424278605572 2.0889407486500566 1.1262960050188129 9 49 194
1.6360870762113722 2.08173401780539 1.116648771668563 9 49 219
1.766020482804394 2.0923177242831743 1.105813911050273 9 49 237
2.472676818947754 1.3675885275505313 1.1481539488507584 9 49 442
1.5346327012311733 2.098036962479363 1.1176997217471483 9 50 200
1.575217253710502 2.0772316646933224 1.1174034533569177 9 50 210
1.8161585153951099 2.0743361663176474 1.0999187893313649 9 50 247
0.8185911081011352 2.123320442572542 1.1641545883051616 9 51 43
1.461316672973408 2.094938414192671 1.1194015351784508 9 51 188
1.489829064593413 2.0820039979307596 1.1189491852476139 9 51 195
1.654982694012889 2.087927157483173 1.1057142397062418 9 51 221
1.6686711123111744 2.075981075782467 1.1062502666695853 9 51 225
1.762188611188173 2.0887522806881456 1.097519555432407 9 51 237
1.7738539986643338 2.0867990374987175 1.0968961172742584 9 51 239
1.7844503600048478 2.07737829778386 1.0973337952900932 9 51 242
2.4522229780079554 1.2685843325673094 1.1531594925573296 9 51 459
0.8380258062776047 2.113255166565964 1.1606570163080066 9 52 50
1.522973591102688 2.098697468692184 1.1100304882823027 9 52 198
1.5830880099879407 2.066684764705313 1.1096512687578683 9 52 213
1.6305262688597997 2.0828129895035095 1.1038790554836768 9 52 218
1.7048817861875776 2.0792621341068376 1.0986437752079716 9 52 230
0.7831460932672296 2.12641018997985 1.1598289578497225 9 53 33
0.8122785957181309 2.126885125164783 1.1574927898488325 9 53 41
1.6166461331629611 2.088034018786574 1.0999090401747984 9 53 215
1.7675674345858856 2.0938021795098916 1.0873660438589927 9 53 237
2.4832553977528744 1.6634583319892453 1.0888308258155626 9 53 390
2.4496612542959944 1.563644249660122 1.1047427251003683 9 53 404
0.8995521490844198 2.122192864332956 1.1478572227297164 9 54 65
1.5186575781783307 2.094494270846587 1.1024642516879108 9 54 198
1.6562669831462575 2.07041680074373 1.094777641065178 9 54 224
2.4706986082869604 1.5393254825803926 1.1013897255096743 9 54 410
0.8484795654565567 2.1336208657430085 1.1469754009242468 9 55 50
1.4733406023825955 2.090127067017375 1.1024715078171645 9 55 191
1.5249315119616942 2.08240952726767 1.0993542525193907 9 55 201
1.7266374118283392 2.093776879245037 1.0815579089723593 9 55 231
2.452231125166952 1.5808755266803438 1.0923114681387776 9 55 401
1.4860262407502896 2.0852050192834466 1.097922476355831 9 56 194
1.5624799547808708 2.071289699444134 1.09355097648967 9 56 209
2.474305346200423 1.5282940499352313 1.0926725314787598 9 56 412
0.7733298783987523 2.1190332502587323 1.1484107598542241 9 57 32
0.7894256821697023 2.128671412159985 1.1457518234531883 9 57 35
0.8646363688961984 2.1306962122755135 1.1392150646578791 9 57 55
0.8802177269510201 2.137484612206043 1.136989035111183 9 57 58
0.902023982007871 2.1159562844283966 1.1381210703487 9 57 67
2.461415145153545 1.5959237592404243 1.07952179870875 9 57 399
1.4755078767790526 2.1057936889594515 1.0875738847034575 9 58 189
1.5161656966753756 2.0989393089741943 1.0850815950416957 9 58 197
2.4669716105174015 1.5806690277374058 1.0761347602961635 9 58 402
0.8189878261725212 2.124926612649069 1.1370614590700336 9 59 44
1.5518357981308148 2.0796445252355014 1.0804352436288478 9 59 206
2.46115619894076 1.5082580123761091 1.0816614959470556 9 59 414
2.484716578225939 1.3542207930135173 1.1010129401225295 9 59 444
0.8682302904378545 2.1265121130389657 1.1291696262635333 9 60 57
0.8917260803426814 2.095484072808978 1.1314564138897554 9 60 68
1.5950656939902987 2.0924679966659383 1.0705796943427806 9 60 211
2.484345329662389 1.4292826881349359 1.0857211909593825 9 60 430
0.8815849489847678 2.1176209102052095 1.125788831445488 9 61 62
0.893744505485679 2.1184304947398034 1.1245992770913522 9 61 65
1.4832008328550197 2.095830665239106 1.075631282127854 9 61 192
2.4834052912643276 1.3360338523436426 1.0940031586981784 9 61 447
0.7982833301290815 2.1299139985240787 1.1280631187330314 9 62 38
0.8323148729814973 2.125055249448461 1.1256956769986166 9 62 48
1.5136215123513963 2.1033732934513667 1.0675980442122266 9 62 196
1.571436298129627 2.0813030530374874 1.065532119631414 9 62 209
2.468932693780182 1.3933519781920334 1.0823539266573445 9 62 435
2.4777492179385305 1.3063844366550619 1.0938750462613518 9 62 452
0.8677532487983464 2.11553925251426 1.1204123046651302 9 63 59
0.8530783205067558 2.117363577659461 1.1180526754249693 9 64 55
1.451139070984194 2.1058331661542367 1.0644378590905128 9 64 185
1.515063522699708 2.1053191219524323 1.058604109734965 9 64 196
1.5293388267213361 2.101359973777949 1.0578528720219196 9 64 199
0.8963460660296376 2.1323050749225567 1.1083978171748756 9 65 64
2.45236000816341 1.2365875771092958 1.0918969732984833 9 65 463
2.4438722224005183 1.212967100649903 1.096103589693886 9 65 467
0.7706455514607937 2.110132854295365 1.1200513170910147 9 66 34
1.3908330659606802 2.1019392809985384 1.062289890027161 9 66 175
1.408521837308629 2.096735033650482 1.0613649404861234 9 66 179
1.4839540526265118 2.0977446172238254 1.054047922094984 9 66 192
2.433300747762811 1.551951924708367 1.043141477791926 9 66 403
0.8121584865809455 2.1204121962706655 1.111210712299579 9 67 44
0.8289923392536025 2.111074282101336 1.1109544491600831 9 67 50
0.8475487571988576 2.1170415098878927 1.1082929535295414 9 67 54
2.4714911137749995 1.5018137248716765 1.0417884203539356 9 67 415
2.4819613144983905 1.4393768201250392 1.049914108925919 9 67 427
0.7983609983420137 2.1228732732881133 1.1087909861498084 9 68 40
2.4414990220382125 1.5663377417411544 1.0301992375685305 9 68 401
0.8840475818540194 2.1155345136242687 1.0979983124158041 9 69 64
2.4310536432854333 1.548708466663659 1.0287993230683505 9 69 403
2.451238112458081 1.5417445037915214 1.0278324782686794 9 69 406
2.46654120867895 1.3223168197648867 1.058837260286736 9 69 447
0.9004470439620869 2.1111188428475485 1.093504585716472 9 70 69
0.9034953862749973 2.1033280008002064 1.0943607061031673 9 70 71
0.9199175402303914 2.1104374194829623 1.091652100069852 9 70 74
2.451655056909768 1.4506606806583322 1.0363323632450836 9 70 422
2.475673751878 1.4065199083840596 1.0405056918762638 9 70 432
2.466843695778288 1.305756276984404 1.0564215554912786 9 70 450
0.7671109977859998 2.1215178885097212 1.1019739356368596 9 71 32
2.4504084102311348 1.545667629245181 1.0172322763689576 9 71 405
2.4657909817053367 1.5188910039959589 1.019687415805557 9 71 411
2.4736251644309313 1.488528476947963 1.0234484744317296 9 71 417
2.468718472579721 1.202261723368554 1.066919326748069 9 71 470
0.826529182886869 2.124164062805676 1.0920857986550767 9 72 48
0.8627393545767577 2.1212429192693434 1.0887963881694738 9 72 58
0.872689544612117 2.1257973173043823 1.0835665064065296 9 73 60
2.4688098990982565 1.4010481730181439 1.0271664076079077 9 73 432
2.4725941253106254 1.3322903744472023 1.037224240646574 9 73 445
2.4645011965402497 1.387367246946832 1.0247519820715865 9 74 434
2.4570251209812968 1.3731405604721711 1.0277186364208748 9 74 436
2.478816257106008 1.2863334047035737 1.038695115389784 9 74 454
0.7688128032519834 2.1351128321693045 1.0862025874395316 9 75 31
0.7804433593179347 2.117112228330038 1.0877286503409676 9 75 37
2.447000481020975 1.3463565847341936 1.0279872424677063 9 75 440
2.4602141142090037 1.2363574984234715 1.04350614960055 9 75 462
0.7668075398770673 2.1194512509173133 1.0854439532728208 9 76 33
0.8670408876843072 2.1448596750379436 1.070644465023321 9 76 56
0.9169338072730533 2.1103770070420627 1.0705782894850666 9 76 74
2.4476420346236503 1.5932484391108548 0.984778065613978 9 76 396
2.4852377274846122 1.261033574436071 1.0321638677765441 9 76 459
2.468920914466848 1.208170191342297 1.0421209642772906 9 76 468
0.7978004756272739 2.117505619860131 1.078957156146939 9 77 42
0.8785612861145138 2.1260334124514886 1.068766286906875 9 77 62
2.4487474656509693 1.3082241886771357 1.0239402668397064 9 77 447
0.9190506046466689 2.1089155695376727 1.0634025055945036 9 78 75
2.4764019546043263 1.199095198430584 1.0331071097971687 9 78 470
0.9079201510868735 2.1111546302919635 1.0607061156540682 9 79 72
2.4506164788017295 1.6105362932908824 0.966268419125879 9 79 393
2.45348658984439 1.4503055850114397 0.9912289971504973 9 79 421
2.4597651136238814 1.237922146974896 1.0240357186666524 9 79 461
2.461598622575501 1.228340358378823 1.0253415300378763 9 79 463
0.8418188109439142 2.1252686886403658 1.0623989026406584 9 80 53
2.462497984480155 1.586442709435408 0.963556536881078 9 80 398
2.4211466846791927 1.5301728726230228 0.9771944709615026 9 80 404
2.4061806735413924 1.505466224224062 0.9828195777473548 9 80 407
2.484357565148535 1.2209037731145944 1.019102274545642 9 80 466
0.7891494963048729 2.118986526953398 1.0659492227017682 9 81 40
0.8016143147483581 2.1085921421148694 1.0661745087632484 9 81 45
0.8090746631602368 2.1086912549718804 1.0652998231757596 9 81 47
0.8715285422987122 2.0986036447341947 1.0597212393461701 9 81 65
0.8548570911679698 2.129670359795332 1.053134585891649 9 82 56
0.9053281052411952 2.1222459730159344 1.0484489829031403 9 82 70
2.4109183950632795 1.5121207488346458 0.971128575399982 9 82 406
2.441003556633253 1.492879837133572 0.9707163209806927 9 82 412
2.4407467759007466 1.4757244667397709 0.9735030449158495 9 82 415
2.463110564483893 1.4357403068086332 0.9773235237116386 9 82 424
2.457501874273314 1.3661818844166957 0.9841740993721904 9 83 436
2.4557932866812537 1.3545671361812526 0.986253157479308 9 83 438
2.4454526376938217 1.3392543546339024 0.9899472028863979 9 83 440
0.7602652849818383 2.1286354056086934 1.057473992700331 9 84 31
2.4508840530348497 1.3733398467885334 0.9788107304806384 9 84 434
0.8555524837196025 2.120514972985863 1.04388577220271 9 85 58
2.4561445589919786 1.2730408087414808 0.9895935108318075 9 85 453
0.8631549932224964 2.121140730233988 1.0392989721539485 9 86 60
0.8740862662641034 2.1198461201667422 1.038179401729542 9 86 63
0.7644328616655056 2.139346274198711 1.0448814936370658 9 87 31
0.8127766921441604 2.1206977583260125 1.0420094448940365 9 87 47
0.8817093819459414 2.1211390790238833 1.0298346765838051 9 88 65
0.7852285956078839 2.106748511811508 1.0407935540571194 9 89 42
0.8302191481828407 2.1136161713651624 1.03397381541657 9 89 53
0.9205769473778758 2.1006920772972535 1.0247529681722463 9 89 78
2.4396103881451223 1.5859564592378579 0.9195709204595108 9 89 395
0.7671563581261729 2.1275903425583187 1.0361151210358956 9 90 34
0.8530820681638442 2.120769559673194 1.0263192753709849 9 90 58
2.480062693949303 1.2260356265614687 0.9698425946286982 9 90 463
0.8627923119572058 2.118392075322112 1.0218914186674284 9 91 61
0.9017726462817386 2.110932255734988 1.018136982799451 9 91 72
2.4343636522431966 1.5818136436033976 0.910492496573371 9 91 395
0.7721675391046916 2.1265359694094608 1.0252130470490586 9 93 36
0.8079187123303213 2.1113555109882136 1.0231144974243387 9 93 48
0.8174432679617598 2.1092538892454775 1.018686033165157 9 94 51
0.8476666676055251 2.108709081694153 1.014763881088242 9 94 59
0.8680414220455175 2.1167087384555896 1.010676972738732 9 94 63
2.4540791597571574 1.4724083816777087 0.9058584793868727 9 95 415
0.7810693008267011 2.106121718974726 1.0170776361291856 9 96 42
0.8105277132839777 2.118713532080659 1.010885486610953 9 96 48
2.4518342020644406 1.3641487445244258 0.9198669460157685 9 96 434
0.8911395393698136 2.098698538229929 0.9997982055889927 9 97 72
2.4231524533601085 1.5423431671269592 0.8874626980225138 9 97 400
2.4302697551269863 1.516818825718969 0.8909647851694276 9 97 405
2.4526795958185774 1.447428107046668 0.9000661944305443 9 97 419
0.7586695749720085 2.1268849124319362 1.0095122759354136 9 98 33
0.7685012431678859 2.1183480534157044 1.0096574010925428 9 98 37
0.8621668819687618 2.1104233293706964 0.9980906881556506 9 98 63
2.4481805325073998 1.3995982213151785 0.9039585280076669 9 98 427
2.4290865551137366 1.374345553509391 0.9110561938536196 9 98 430
2.463007189575616 1.3183282917458765 0.9162429873177181 9 98 443
2.436650681033184 1.2911032733995393 0.9246938330218021 9 98 446
2.4427342203877354 1.261842705986753 0.9290135874483829 9 98 452
2.442356529932427 1.52142365694303 0.8780385819617923 9 99 405
0.8418777114010538 2.110783067666388 0.9936330372876898 9 100 58
0.8537207636408208 2.1046130108647785 0.993061597030227 9 100 62
2.4422792319564586 1.4916347371618375 0.8781208247186009 9 100 410
2.4315210439347092 1.4634600297144686 0.8846661570002797 9 100 414
2.4473904932571706 1.3479964107669897 0.9030240652860628 9 100 436
0.9279484660111263 2.1087208123703 0.9781209684033416 9 101 80
2.429710798173235 1.4447953583086885 0.8830946481614436 9 101 417
2.4314209454622673 1.3785249017638537 0.8947394913039174 9 101 429
2.463319608134593 1.3322571558280565 0.8984914193076063 9 101 440
2.4494996155908293 1.246234361513443 0.9158941634680586 9 101 455
0.7801750048564673 2.1103793014153647 0.99536563931936 9 102 42
2.4336042295072997 1.60969542111385 0.8476221382126077 9 102 389
2.438046339089543 1.4085396338754406 0.8832701737018861 9 102 424
2.449289177754921 1.2975734270669999 0.8966166683406621 9 103 445
2.4371293196720276 1.281798105111542 0.9012460473342675 9 103 447
2.4346063134376656 1.254289887790965 0.9066027278081251 9 103 452
2.430012406912943 1.5291005147046883 0.8521557097671488 9 104 402
2.4423012361039342 1.3534586711542456 0.8823887541366731 9 104 434
2.448648590302271 1.21195284886259 0.9072675271971173 9 104 461
2.463968306280205 1.6347221805587577 0.8116011373181602 9 107 387
2.4294449610940667 1.2859056057346379 0.881489254594088 9 107 445
2.4306746103907853 1.2704390650858635 0.8841713022737621 9 107 448
2.457361053423983 1.1919263478876674 0.8946992767521972 9 107 465
0.8450563222287941 2.1102072958922844 0.9642266378828137 9 108 60
2.4205453911099535 1.5858804385969791 0.8165227802407742 9 109 391
0.8028950777684889 2.112121147930596 0.9630897774881904 9 110 49
0.8661535607798949 2.1078157940778333 0.9540821335891148 9 110 66
2.4229528762836985 1.52703972528857 0.8218796502531881 9 110 401
2.428597419481174 1.512298954178445 0.8237813054672761 9 110 404
0.9001777906374282 2.0986482694670077 0.9467936050720964 9 111 76
2.4128816464412246 1.4291569505116941 0.8366920798683273 9 111 417
0.8512637689198017 2.111058335746505 0.9484201725661803 9 112 62
2.431343394217932 1.454254157517009 0.8237898065240541 9 112 414
0.8604164032193045 2.10748163504071 0.94395600623623 9 113 65
2.4397705410234773 1.6421249706805772 0.7812074624716779 9 113 383
2.4136046308791874 1.5794307707445334 0.7973852083807698 9 113 391
2.419361609875044 1.3968832687741524 0.8314225329642788 9 113 423
0.7886097633369469 2.1041019738482856 0.952455060656018 9 114 47
0.8006944550773745 2.0923563864301515 0.9527718296261716 9 114 52
2.4409753149249256 1.6175264937781415 0.7802739996281921 9 114 387
2.4140877994157655 1.5610444431005286 0.7954729494544384 9 114 394
2.4274194140621517 1.5441384430004617 0.7965825014431541 9 114 398
2.4183789011884187 1.5276995424813868 0.8012015825100326 9 114 400
2.433083428184501 1.459299482301256 0.8120030608211312 9 114 413
0.8652892362465421 2.1173214187274096 0.9338461850539264 9 115 65
2.4415147141207703 1.6417168323729068 0.7700451002372158 9 115 383
2.4146649662529533 1.4212614065855267 0.8170663751628339 9 115 418
2.416500080081688 1.3828257404696627 0.8242067019643149 9 115 425
2.4347679791500174 1.3521927744543476 0.8271697747970654 9 115 432
2.4424674447587797 1.6601646925912088 0.7608064070097675 9 116 380
2.3973039995569922 1.5747237321960625 0.7848233799641715 9 116 390
2.407073858920933 1.5679094152947535 0.7845493659526445 9 116 392
2.4538671167524915 1.4735521454004732 0.7952441497823949 9 116 412
2.4287092613777967 1.3652970965966413 0.8204237865694642 9 116 429
2.448610219519917 1.286300207385489 0.8325335943904345 9 116 445
0.792006962484255 2.0997725385912736 0.9419104313829967 9 117 49
0.811770715682838 2.1011719110460803 0.9383724760716641 9 117 54
2.4220935604030847 1.515617716405965 0.7869175116536027 9 117 402
2.408484507612946 1.4970963037806213 0.7927874119060823 9 117 404
2.4310922527949392 1.4331213692538394 0.8015647150877058 9 117 417
0.8518036856839277 2.1107123229349924 0.926176386584195 9 118 63
2.442020776057368 1.633766269637682 0.755017171328411 9 118 384
2.4560638047932772 1.4556544342023514 0.7876926275288725 9 118 415
2.4359465860845404 1.3780760543177062 0.8062951617065183 9 118 427
2.425408208741226 1.5693917246811049 0.7650182283206909 9 119 393
2.431203193773713 1.5187241159064802 0.774057198424625 9 119 402
2.4257239156260377 1.3339330699502494 0.811495351335437 9 119 434
0.799135645424875 2.0952990782432193 0.9307096081559268 9 120 52
2.4533164086842048 1.6199583196336433 0.7448140334124559 9 120 387
2.4183504660632993 1.396507191270416 0.7951261444065046 9 120 422
2.4442564397385724 1.5536599121990287 0.7540695347099549 9 121 397
2.4271630994352527 1.5802510909913021 0.7462206156207661 9 122 391
2.401652502074274 1.4153783583221546 0.7837070235233021 9 122 417
2.4137775190828794 1.3984477366745065 0.7850154445390181 9 122 421
0.8011237591050404 2.0622868202396947 0.9260751426149507 9 123 58
2.4376871751033917 1.3916977455400856 0.7769600175082176 9 123 424
2.421221367753038 1.539675146514685 0.7445425886755023 9 124 397
2.390229431776517 1.4076895315214244 0.7714810778418876 9 125 417
2.4382440174930275 1.4016716013418131 0.7642251236843438 9 125 422
2.404614658452055 1.4768511830026803 0.7494899837933904 9 126 406
2.4301576558424762 1.4428786840783245 0.7518993248212179 9 126 414
2.4192005057812462 1.4541902989693898 0.7461733929309555 9 127 411
2.4140888505545335 1.4173210400152587 0.7546816905455345 9 127 417
0.8905892824332335 2.0134766007616736 0.9017765532016566 9 128 89
2.431247374795852 1.4418366325692702 0.7411801548671232 9 128 414
0.7417589274016729 2.029245195428035 0.9219168743576702 9 129 48
0.8149066168098813 2.0200539667788906 0.9104813117084766 9 129 69
0.7307263047614299 2.0234477971997857 0.9216152392547743 9 130 46
0.8756989229958687 1.9989494219011028 0.8963601403074457 9 131 88
0.8141496050799608 1.9968354900519762 0.9009580538098216 9 133 73
0.7193549175761667 2.0069892463196375 0.913146001459572 9 134 46
0.8541968987508644 1.9809554600823036 0.8894229561531536 9 135 86
0.7610446582799344 1.9990508339583068 0.8997882657465132 9 136 59
0.8211000857710853 2.0042757874725985 0.8870903189628137 9 136 74
0.7805637661474751 1.983298976848198 0.8922328346921845 9 138 67
0.8032393145307362 2.001981921622458 0.8837346260600478 9 138 70
0.732299794573777 2.0027637102801683 0.8938938811855062 9 139 51
0.8175974432403084 1.9758876710606144 0.882950459775772 9 139 78
0.7614863247324148 1.9852379259032524 0.8848024948855092 9 141 62
0.7749103499730732 1.9772377343865473 0.8802780820962544 9 142 67
0.7918931592717469 1.980291438041128 0.8761779740379678 9 142 71
0.7378890330935612 1.9926092982913304 0.8736067357242012 9 145 55
0.7846343171284751 1.9787404840444736 0.859804317792136 9 147 70
0.733439129607655 1.9876100536407257 0.8649061890348719 9 148 55
1.7335419749901075 0.8123964679774892 0.7149264041874894 9 200 475
1.6160252050562696 0.8613443093923672 0.7190527112444955 9 204 451
1.6363909979620967 0.845641939333723 0.7175454452880716 9 204 457
1.6625528746390246 0.820254477322626 0.7171267316364516 9 204 466
1.4151143921506564 0.9798176096407775 0.7290267325081454 9 208 398
1.4471680722466889 0.9636200206557247 0.7240422446451383 9 208 406
1.4781608104568154 0.9058165560034488 0.7199436157716474 9 211 424
1.384855593418836 0.9669540344179369 0.7267201737214026 9 212 397
1.4561814558494484 0.910511544933629 0.7175537528275898 9 213 420
1.4606337287646294 0.8889542548412832 0.7187711890257771 9 214 426
1.4837837917983654 0.8645229644200765 0.7188793042878691 9 214 435
1.3074654151913896 1.0196750808793968 0.7236223705530173 9 215 373
1.4166806919119683 0.903456980251572 0.724379231395806 9 215 417
1.4924566024525636 0.8517296987388746 0.7122069269538709 9 216 439
1.3263062932596035 0.9818018363911112 0.7215869409000325 9 217 385
1.3522041705534265 0.9409148483039663 0.7258290683322967 9 217 399
1.3704242455242623 0.9343726604065443 0.7220053514345688 9 217 403
1.3799236013233809 0.9274079555803967 0.7211005198145229 9 217 406
1.3323217523554514 0.9492796411091389 0.722075051326993 9 219 394
1.3123342415459924 0.9379859122915164 0.7207905532625831 9 222 394
1.3312433126816101 0.9021720772584659 0.7257706540105215 9 222 406
1.2313025329005844 1.0093708045958345 0.7213862746190123 9 223 364
1.2471445163077515 0.9831314205554159 0.7206802711321394 9 224 373
1.2527086218251418 0.9624429589070781 0.7179463148797313 9 226 379
0.7844818514582503 1.405974600371086 0.7306712446498339 9 227 183
0.8049200450044558 1.3469532862597753 0.7323002058464109 9 230 201
1.1455636575216743 0.7526994729627616 0.6885873607605407 9 265 419
0.9328501843129098 0.8324794845567044 0.7323293865603084 9 269 362
0.9167088099128831 0.8218127103142765 0.7269090197433232 9 274 362
0.9143998500601702 0.810311705838361 0.7258213226108763 9 276 365
0.9074943154888513 0.7933041894270199 0.7288659195117021 9 278 369
1.0048337384087902 0.7509019784316067 0.7001990104152837 9 279 398
0.8916081868679289 0.7868431361454747 0.7286703891264178 9 281 368
0.8654412985866047 0.7768308633719772 0.7251792077843722 9 287 366
0.8717850226534849 0.7650059063107385 0.7270372768074447 9 287 371
0.8209500364252129 0.7617128332542908 0.7234483115506006 9 296 362
0.877938383925543 0.7498338836876068 0.7019919221004671 9 296 376
0.8130019116248022 0.756755140442756 0.6951924157603008 9 307 361
1.1014391040587805 1.0609466372103822 0.3774156082471827 9 319 323
1.0884016188486005 1.068303289273368 0.36820387804907173 9 322 319
1.0806905981404245 1.0795011046807828 0.3587552264724141 9 324 315
1.0784472300580719 1.0945023197352244 0.34471452695770655 9 326 311
1.0905370052928345 1.0594010752861704 0.34575233597580923 9 328 321
1.0940597074919394 1.0607489625349649 0.33050500328391763 9 331 321
1.0745170932991692 1.0855291288943225 0.32098602841048507 9 333 312
1.0760562648972638 1.0949199437804342 0.3115320674610276 9 334 310
1.0887612143868728 1.056017952269249 0.318392065544681 9 335 321
1.0883057373889282 1.0586896717596566 0.3001718362470358 9 339 320
1.0675137855702423 1.0824826245294852 0.28740546800681455 9 342 311
1.098661441102034 1.0559280135772664 0.2827431276196044 9 342 322
1.3963247646797743 1.2331286636248324 0.034037692239708095 9 342 325
1.076946222983827 1.1061073704584246 0.26659518380638536 9 343 307
1.0817425774536162 1.0699139025139908 0.27676698105684805 9 344 316
1.3747195914388812 1.193005214315389 0.04952534529747732 9 345 330
1.0761969272540435 1.082290252474572 0.25640250287183597 9 348 312
1.3367893864287477 1.2023214439085197 0.045795361752202224 9 349 323
1.0895229730328009 1.0513341984413342 0.2506030074317034 9 351 321
1.3452393168431325 1.1869822062156186 0.038120463514004665 9 351 327
1.3682430032401551 1.181456742486265 0.027644066718830018 9 351 331
1.2379822773319664 1.2644188562023848 0.04659620021786348 9 354 297
1.0702737134203657 1.0896169552474353 0.229644533553657 9 354 309
1.0824319759584673 1.0713035962383235 0.22715766804794146 9 355 315
1.3548462782708905 1.137170412724695 0.036395917587119575 9 355 338
1.219908519051156 1.2452169686317478 0.046383407352519335 9 358 298
1.063514289811009 1.0923483386121398 0.20989063530394003 9 359 307
1.091938943493856 1.049920636757735 0.20983958808899694 9 360 321
1.0744121700372546 1.0772033258473177 0.2020422018596395 9 361 312
1.1830423686901972 1.2677351783318735 0.036734178057846734 9 362 288
1.2911676225583548 1.1680150060404615 0.022560460671155358 9 362 323
1.1700582990739243 1.2883338685567973 0.029038152423810804 9 363 282
1.1791048388455436 1.2798540822681415 0.027914634798279492 9 363 285
1.0795309618846827 1.0756431696174866 0.1907467207962914 9 363 313
1.0852376781494402 1.0662906947701385 0.1920623943386579 9 363 316
1.1978738121412837 1.2478034454392695 0.027837303090456178 9 364 294
1.1984670452357988 1.2331474712011579 0.034915280751623756 9 364 297
1.1117414614258248 1.3138849850463392 0.04104683912813156 9 365 268
1.0658671501970338 1.087835183053135 0.18370258985075094 9 365 308
1.1570027137965546 1.2573198103637313 0.037552926681813315 9 366 286
1.183832106963803 1.2170964830549207 0.04185692580325728 9 366 298
1.259328046144491 1.1365214913883532 0.03732491532502746 9 366 325
1.1600639682814236 1.22906665899481 0.04016304890367417 9 368 292
1.0685606491785986 1.0799518075798402 0.1724669008059001 9 368 310
1.133965315011623 1.2542334510384303 0.03816125422559424 9 369 283
1.07188484106526 1.0642971110460486 0.17393947896740736 9 369 314
1.0897763996767706 1.0585815472844853 0.16594641673073585 9 369 318
1.2323735661372077 1.1179365792218723 0.04321994464805545 9 370 325
1.0936975421068802 1.3085607722016817 0.024821210216485534 9 371 266
1.1443960290715738 1.2020545817114787 0.04879949442290821 9 371 295
0.5888456814190699 0.24291745866731035 0.8878797318114581 9 371 550
1.0547758686296653 1.3379372412936594 0.028600042640267054 9 372 254
1.0966468922391712 1.254769792136896 0.04595788723498506 9 372 277
1.0970661647068232 1.0579444515574254 0.1480066042280328 9 372 319
1.0860839068071244 1.0636415420797982 0.14722491087902378 9 373 316
1.2283818843882262 1.0815632325649471 0.049642081854358366 9 373 332
1.066267150220596 1.3008380564545283 0.030898677959763532 9 374 263
1.0833374800819622 1.2893294150088728 0.026294107986260862 9 374 268
1.084676819397304 1.275131936350283 0.03288528119719292 9 374 271
1.086585895072981 1.261508505249097 0.038821698301804375 9 374 274
1.0493591276076688 1.31736307862172 0.027833590457347235 9 375 257
1.118412520100561 1.0663139112078128 0.11639405055912899 9 375 320
1.0443049320217186 1.333749033319783 0.0174253286444932 9 376 253
1.1176129913228239 1.1958421747225796 0.044037026868785745 9 376 292
1.2276019154904865 1.0748175414015904 0.033802251397718974 9 377 333
1.1510944872216466 1.0817838388189407 0.07342296199757192 9 378 321
0.584987952729399 0.22535357719013382 0.8840843054551311 9 378 559
1.1050506807495704 1.2004350112929334 0.034760356677084436 9 379 289
1.071527106659507 1.1053876979585144 0.10175601354482211 9 380 304
1.0625931648495912 1.2116450068183577 0.04598768520912078 9 381 280
1.1941284530930316 1.0483855461400344 0.04928099807839814 9 381 334
0.9936036983982746 1.3145840155231625 0.030131944443659187 9 382 248
1.0178638231830157 1.2643977631715944 0.04148836444110349 9 382 262
1.1043914210194756 1.0593034517264428 0.09597420275257029 9 382 319
1.0247631628851779 1.2450721792680273 0.0425754046524236 9 383 267
1.0478825661266418 1.2440219916150697 0.028287332880521543 9 383 271
1.0589523376927883 1.2231332130273413 0.03240060997429972 9 383 277
1.0864146469244556 1.1712072954492998 0.042660999677213374 9 383 292
1.0607157288958864 1.0835202467853446 0.10628979454324394 9 383 307
1.1803011205336063 1.0618369160245118 0.041117281750378654 9 383 329
0.9795019783164358 1.312159892171634 0.03073667555775561 9 384 246
0.9939455611313004 1.289089783238919 0.028989280402257123 9 385 253
1.0116962626036659 1.2588826260135724 0.03383541580195626 9 385 262
1.0404459208155863 1.2377126737850368 0.026680482040511988 9 385 271
1.0698102121960196 1.1872230551477683 0.03497787503867489 9 385 286
0.821358532141103 0.6694564115616344 0.47561065554172677 9 385 382
1.0568561397202818 1.071066766966655 0.10148303120760294 9 386 309
1.0781169946151425 1.063043550851559 0.0920307387497521 9 386 314
0.8084304171425112 0.671896479669461 0.47919678033420476 9 386 379
0.9173782404361515 1.3685564612224848 0.025885202535758323 9 387 224
1.0645785586079548 1.0940276457021483 0.07928769079899145 9 387 305
1.1954012284941988 1.0330976642873546 0.027196593078244735 9 387 337
0.99949883449975 1.248304379608619 0.0329390629623707 9 388 262
1.0165018914177397 1.2326707655209603 0.030351021507804443 9 388 268
1.032231283512876 1.2012475255830697 0.037208333769281676 9 388 277
1.0544795891855547 1.1607216790874513 0.044769107602684155 9 388 289
1.0865922506065209 1.151017735406096 0.02906882055548521 9 388 296
0.8238991106520708 0.6515847654594644 0.47322654155808586 9 388 388
0.9368251679640627 1.3558912284080533 0.010339884395600185 9 389 230
1.0643956023105243 1.1116056701658592 0.0602988462888594 9 389 301
1.0827804572915984 1.0562322653113778 0.07853261413475376 9 389 316
0.8240396836801698 0.6250228989391468 0.4841855563541777 9 389 397
1.0183535591707589 1.185198045940242 0.045437941738077914 9 390 278
1.0450780945819704 1.1532769190315177 0.04536120742059757 9 390 289
0.7783170489410363 0.6854777703633375 0.47766710344209384 9 390 369
0.7917735907273349 0.6653392117354138 0.4798592726940454 9 390 378
0.8872255823900239 1.35466901589643 0.0339756159211797 9 391 221
0.8970537405986025 1.3382505216078564 0.03651946042012155 9 391 226
1.0102612276466219 1.188259478976147 0.04428611606801436 9 391 276
1.0669126140800713 1.0673835963334892 0.07338909875910371 9 391 311
0.9744997012926071 1.236697879559581 0.036444840721190364 9 392 260
0.9873231042390493 1.2376382571736062 0.027425350506793844 9 392 262
1.0094365178932427 1.2067604580207156 0.02981162799686521 9 392 272
1.128851601080675 1.0534782475286772 0.035266876568956995 9 392 323
1.1253061730896468 1.0422748095143928 0.04380148018663821 9 392 325
1.152612540778635 1.0189535600909636 0.03857415760682725 9 392 334
0.8355932943401674 0.6027685323714047 0.4784584127809901 9 392 406
1.0441702051029509 1.1661564195958922 0.024341840121616 9 393 286
0.782676846082266 0.6598237880811395 0.47861396478227713 9 393 378
0.9329452636496902 1.264848959460686 0.038909087488716354 9 394 247
0.7610545881077426 0.6812718764940084 0.47770279481951317 9 394 367
0.7995273720776497 0.6409863278651385 0.47439370636740996 9 394 387
0.8036144375567702 0.6312488931344484 0.47707288986778273 9 394 391
0.8983225739468461 1.3345334877101949 0.018503031011919635 9 395 227
0.9441520466633422 1.2598019519730403 0.02942912506352524 9 395 250
1.0539702233463693 1.1118275533584896 0.03828948998131354 9 395 299
1.0690111168489136 1.0720341027728753 0.05037838634396796 9 395 310
1.131404227992813 1.0050459752858045 0.04589777411010143 9 395 334
0.9710024336255079 1.223498552728655 0.026850828138849536 9 396 262
1.0286245269045016 1.1443794716545916 0.032319881013980645 9 396 288
0.7604534944920891 0.6713672977334288 0.47678156733483434 9 396 370
0.797489167580562 0.6276986349520812 0.4762837808281164 9 396 391
0.7791557843002397 0.635873196786721 0.47722110384388805 9 398 385
0.9840347058895682 1.1901020876645514 0.02232569944716145 9 399 271
1.0311228441134639 1.108307202942667 0.03644912841644965 9 399 296
0.9426889607323772 1.2383249697552074 0.01841339235494921 9 400 254
0.9510127334959235 1.230709310180602 0.01704657843581736 9 400 257
0.9575679974214797 1.2215559462516847 0.017753962605066453 9 400 260
1.0441120101763637 1.080675553098936 0.03841819846137562 9 400 304
0.9108185805480884 1.254648318001916 0.02612956450271131 9 401 245
0.9849279027266713 1.1618420135354115 0.028074686377428826 9 401 277
0.9948624449815844 1.1412978976341799 0.03292930319397902 9 401 283
1.07611041834417 1.0478643611992295 0.030349306807066156 9 401 316
1.086962628319811 1.0193670518332483 0.03908534138963482 9 401 324
1.10633334568171 0.9963222024230504 0.03890614514655022 9 401 332
0.7439944981342164 0.6642682386450766 0.47488610081128213 9 401 369
0.9541373113166471 1.2086908869662394 0.01776043892540269 9 402 262
0.9731158167798408 1.1808574860546575 0.02056635708163279 9 402 271
1.0586338322859443 1.0494475423909742 0.036616603606322684 9 402 313
0.8366272892519782 1.310027259970725 0.03604706730061791 9 403 220
1.0290052642350733 1.0920104668035298 0.027946592236856915 9 403 299
1.0198555877608337 1.0541786294084554 0.05581939061139973 9 403 306
1.0912418072999452 1.0037755325455728 0.03542201153040736 9 403 328
0.7207781137600358 0.678049696807606 0.47619292139223623 9 403 360
0.7526805221779107 0.6388302140711668 0.47659767508057316 9 403 379
0.7800475049266642 0.6086074079230887 0.47499398522317193 9 403 394
0.9635985944855752 1.1446096483223256 0.038235717194193164 9 404 277
1.0116510658802595 1.1067823967369428 0.02668000355878153 9 404 293
0.9186201623933825 1.2219213687381938 0.0203115631056896 9 405 253
0.9453294156087031 1.1580428872455355 0.03844284367983919 9 405 271
0.8239337769981336 1.312837972496173 0.02907031128489268 9 406 217
0.8458525918926645 1.2888710389524127 0.02761596903199015 9 406 226
0.8692887696089133 1.2561462141130526 0.030144987129880896 9 406 237
0.9888253455236056 1.1171180285696796 0.027001366100573243 9 406 287
0.7934619056250183 1.3380433637274156 0.031067000028624614 9 407 206
0.7927834839316232 1.321745456175205 0.04094441861623355 9 407 209
1.061630828387034 1.0100180919784474 0.03321532816864625 9 407 322
0.7241159200072411 0.652206900188268 0.47518894331772477 9 407 369
0.793852247851693 0.5654438689192745 0.4765907802527991 9 407 411
0.8586949006524593 1.2561457633166693 0.028085814401245912 9 408 235
0.9808077153042993 1.1015380729102708 0.032059991890336814 9 408 289
0.7740678471880791 0.5844668649665568 0.476038768076281 9 408 401
0.7491204378691521 0.6093883946802953 0.47571285805813557 9 409 388
0.7960183644307424 0.5544944172375398 0.47462644788590946 9 409 415
0.8334319935851082 1.2819553092461549 0.021405830858870267 9 410 225
0.8737208128398923 1.2256985011155639 0.025753432002351584 9 410 244
1.0104642062931533 1.05459812905157 0.028960951304406013 9 410 304
0.9000637459980259 1.1623860419428818 0.039353724950051294 9 411 262
0.9152868776931031 1.1609491024352845 0.02942573409130178 9 411 265
0.9328342231451359 1.1285193877820439 0.03594746572387253 9 411 275
0.9570210026894912 1.1013529298712776 0.03470063251675626 9 411 285
0.9773162993021491 1.0756566099010776 0.035347865327204575 9 411 294
1.0171751156292088 1.0279282361235198 0.03502069808131392 9 411 311
0.9894768473258786 1.0572537896470364 0.03276296558948588 9 412 300
0.709298138082268 0.6459072940242387 0.47243852541704445 9 412 368
0.7243534349503875 0.6248850113432115 0.4740631554531185 9 412 378
0.8364572512435147 1.2352091589029843 0.03248392628594132 9 413 235
0.7663273848029779 0.5709197011886518 0.4725003762518445 9 413 404
0.8108970392042747 0.5100040153302261 0.476535614726771 9 413 433
0.8169970157808051 1.260988712222464 0.026519378394662674 9 414 226
0.8649719801670852 1.1887299023866094 0.03479978448790999 9 414 250
0.868341239661726 1.1773697484860177 0.03441129331343484 9 415 253
0.9203085589553475 1.1271793884995402 0.02680428416903946 9 415 273
0.9345496488929543 1.0836041181752931 0.042333374489137654 9 415 285
0.9830286454124075 1.0474975821365045 0.028908355300959254 9 415 301
0.6557268799727579 0.6885417124466712 0.475543425657045 9 415 343
0.6673469065356231 0.6775807016962339 0.47368791692945034 9 415 349
0.7506040078524425 1.3088272770318903 0.03653971655528787 9 416 203
0.7551324066718506 1.2933006195570143 0.04248020109092554 9 416 207
0.7724169618321752 1.2862578097703814 0.03422052859501612 9 416 212
1.001429060103045 1.0072378444879355 0.03478961533430236 9 416 313
1.0079058444470532 0.9942496702590842 0.03782505199859987 9 416 317
0.6877696793301884 0.6366171547536793 0.4799258846501613 9 416 367
0.9870116293588229 1.023334471882965 0.03091358003165512 9 417 307
0.7372519363365062 0.5708593960247854 0.4799596508614108 9 417 399
0.5728619829811158 0.24480059516199898 0.7922973007235676 9 417 534
0.7876579561400723 1.2569896210600486 0.031320215913842375 9 418 221
0.8545621616248467 1.1793149427645524 0.029158080156076682 9 418 250
0.8617276825893496 1.1666849821045495 0.03149501750775685 9 418 254
0.9320360915646213 1.0632620505102717 0.042209271643721014 9 418 289
0.709111550697193 0.6016691264000205 0.4786414539128727 9 418 383
0.7987468716938821 1.2532467256325692 0.020849204160724888 9 419 224
0.8029086153739515 1.2277726902911883 0.03304773549573792 9 419 230
0.8414429264718235 1.1818310273807004 0.03250615785539557 9 419 247
0.8604072384323378 1.1514178090669835 0.03690253722241099 9 419 257
0.7772516425257292 1.2766397889426957 0.017816284104009483 9 420 215
0.9033509694172686 1.0992530454992888 0.032208505829849576 9 420 276
0.7288300683457267 0.5768504931319007 0.4724790192044128 9 420 395
0.7444719067986192 1.272625344540845 0.03952184426323324 9 421 209
0.8661147900713073 1.1237028566687695 0.0400679115307816 9 421 264
0.9225876564596571 1.0644715798541595 0.034367650189278454 9 421 287
0.6882658415703495 0.6211030824093058 0.472201258441058 9 421 372
0.7135595154198191 1.300060811435342 0.03648072612626896 9 423 197
0.7922348800198966 1.2176217015524728 0.028396278208076442 9 423 230
0.8191406947869524 1.1996368053077664 0.019460734706751914 9 423 239
0.8977614523116813 1.0898556562703652 0.02794476828327075 9 423 277
0.7471860023518171 1.2609099917766025 0.030785731241562697 9 424 212
0.9284990309345864 1.0286050685098527 0.03769937367890308 9 424 296
0.7554740134321374 1.234968286217527 0.03580043387521448 9 425 219
0.8509814418636812 1.128971024282952 0.029469802495829756 9 425 260
0.8898030259282717 1.0877932009763096 0.02573670312055798 9 425 276
0.9432444720916209 1.0170799801266028 0.029126885687456916 9 425 301
0.6581349502311216 0.6242536088221898 0.4792487786136006 9 425 365
0.6802014292763741 1.3140130974006503 0.03896862747279606 9 426 187
0.799793765558577 1.2055991371808876 0.016156166411232187 9 426 234
0.6819806864474829 0.5916792402226916 0.478091606379226 9 426 381
0.6979861525188322 0.5693302002043579 0.47981876999138584 9 426 392
0.7183520943924093 0.5460994180059816 0.47884151478641046 9 426 404
0.5718631748950589 0.24688290775831528 0.7702061626376573 9 426 530
0.5713959622208349 0.23712153822447674 0.7765055737203879 9 426 536
0.7614749734201824 1.2265303135300643 0.027274655093532996 9 427 222
0.8229256429791323 1.160230382199835 0.021977713813927213 9 427 248
0.883664416914171 1.0429084693044608 0.0484123768458975 9 427 285
0.8674515316673923 1.087607908649416 0.028538059835111262 9 428 272
0.4241375749035363 1.6196201689654905 0.029566737951900457 9 429 68
0.793256568600611 1.175584130457032 0.025497933695523223 9 429 239
0.6725764683021811 0.5835861802927851 0.480217302147381 9 429 382
0.6711536715792763 1.2993662315301757 0.036510348701700224 9 430 188
0.6502601290757261 0.607693301972046 0.4788798550786302 9 430 369
0.6625123131155038 0.5892887180383795 0.48100162456259365 9 430 378
0.39397903528386224 1.6488363160080741 0.0252817276977495 9 431 55
0.6895864666980502 1.2749238249537505 0.0331458152118258 9 431 197
0.8270669843196863 1.1127437210884916 0.029554477428193948 9 431 259
0.8759404597270453 1.0276624650897888 0.045243713340244796 9 431 287
0.5921005119449462 0.6961074038394687 0.46487341539167604 9 431 326
0.6938946298108015 1.259845324547669 0.03466945523981302 9 432 201
0.762792551905823 1.1752854845334064 0.0348802797112473 9 432 233
0.8488186204782275 1.081041313545351 0.028110295437735466 9 432 270
0.912553767596147 1.002396672347508 0.02856660436035474 9 432 299
0.3920081518387283 1.6335541420342126 0.027290776453622767 9 433 57
0.675306045249582 1.2845069475509463 0.028912237856119294 9 433 192
0.7112933534521106 1.2342565026351227 0.03279565924165784 9 433 210
0.6372526322589216 0.6138050541292426 0.47513064602719823 9 433 364
0.7379384559703155 1.203501452314549 0.02708288859735597 9 434 222
0.7995772500098122 1.1071027684023511 0.04017952101106892 9 434 255
0.5939559732508392 0.6762794030219325 0.4659268699841126 9 434 333
0.6715218385850383 1.2755848384845672 0.02825654893756413 9 435 193
0.7748124819165452 1.1584450670779805 0.022453081229840244 9 435 239
0.7808527757174288 1.1500107754880535 0.023104894529942577 9 435 242
0.8446925986607066 1.059578948051539 0.030800975944335285 9 435 274
0.904847382267185 0.9962218149331286 0.024378228959483828 9 435 299
0.6478708840802215 0.59397607716696 0.47285422612412065 9 435 373
0.6608727427121132 0.5655014505831061 0.48071431858911495 9 435 386
0.6722454857839641 0.5573610243037984 0.47709874898627946 9 435 391
0.682975682351536 0.5410880310248962 0.47906382114927304 9 435 399
0.5684382368084326 0.23405837126274448 0.7588849303864262 9 435 535
0.366270772334506 1.6309410870590841 0.03523533698336734 9 436 50
0.3724532245317469 1.623596999416287 0.03509383403203481 9 436 53
0.7087919468154282 1.2222526154344628 0.02853165480272013 9 436 212
0.7442711549085788 1.1907527534961586 0.021039535034946377 9 436 226
0.789655875507153 1.1119164979304887 0.03564053393184974 9 436 252
0.6014518618218567 0.6517831357114613 0.4689664710417363 9 436 343
0.6993965583759156 0.5240398654189886 0.47387536348780923 9 436 408
0.4035828706065451 1.5750437175979357 0.03721251121300462 9 437 70
0.7727087007734557 1.1471582153172213 0.021957879825289295 9 437 241
0.3698532618130693 1.6003426937189984 0.04288890118415445 9 438 56
0.6487052080664604 1.2752725962579539 0.03240022873271453 9 438 188
0.6870033532869659 1.2385138530064232 0.02598224045804809 9 438 204
0.705204868873776 1.2285307062106523 0.018207242808812918 9 438 210
0.7413632505280885 1.1690392107280319 0.027790281146537588 9 438 230
0.7474766737273113 1.1515006315721623 0.03413114217176405 9 438 235
0.7648141276243814 1.1491541532598877 0.022204920297418607 9 438 239
0.8276855926583786 1.0587923114696585 0.030612607857193996 9 438 271
0.8418997910086718 1.0350863681229177 0.034581283129584195 9 438 279
0.876153404826042 0.9795405095801859 0.04314723786447017 9 438 298
0.5778247207017531 0.6913634966410234 0.4557096305813 9 438 324
0.795437228481054 1.0896710787635067 0.03150188108768459 9 439 258
0.6350520734031518 0.5864695965270257 0.4744015201130922 9 439 373
0.7112439276726901 1.1866891419071033 0.030885314655749063 9 440 220
0.8183204486264017 1.042307728176184 0.0391817733618991 9 440 273
0.6550251999469081 1.2382711567140459 0.03740962355119537 9 441 197
0.7804412933999827 1.0900722254347952 0.033805997070442295 9 441 255
0.7926127835210866 1.0692350437185825 0.03301969086159917 9 442 262
0.5982364165123357 0.6234012721656399 0.4698746045284703 9 442 352
0.6102670617367111 0.6053215638811529 0.47199043408206887 9 442 361
0.3433540110427713 1.6249000518764647 0.025852200395998892 9 443 45
0.3752261874763335 1.5842340794918766 0.026834505016601895 9 443 61
0.8328086524714355 1.0015921041532243 0.04017469435946852 9 443 285
0.7818723193079342 0.4060997756628658 0.4613996770026836 9 443 465
0.5733234154870558 0.2571584475525638 0.7206458553311533 9 443 519
0.36270216950132594 1.5928380791360681 0.026745789668691122 9 444 56
0.6709180517118127 1.2123138877079884 0.028004836331262606 9 444 206
0.6990440694369968 1.1794313915367096 0.02693728068417034 9 444 219
0.7335416178370762 1.1338174964664096 0.029018897005029576 9 444 236
0.7577150573884341 1.092394179934886 0.03655060507033969 9 444 250
0.8559603644394636 0.9679923879314976 0.038947023838503014 9 444 297
0.6186645349389177 0.5848308509415141 0.4720178874600234 9 444 370
0.568636790862673 0.22649369901222688 0.7414977577910926 9 444 537
0.6847173056438307 1.1981695228499125 0.02167123230995993 9 445 212
0.5824158452058159 0.6412866762007884 0.46109964602193676 9 445 342
0.6593474231099757 0.5223721916432404 0.4767996454634793 9 445 401
0.6372325448043938 1.2389688569718622 0.028470847682626088 9 446 193
0.7448734048130152 1.1077994119793315 0.027733814408280377 9 446 244
0.7776727167196267 1.0607248548477701 0.032096765710763586 9 446 261
0.5889670429351823 0.6226567252245878 0.46466430617900767 9 446 350
0.6626377708067746 0.5057561413447149 0.4816728278530693 9 446 408
0.6951293624048303 0.47314261496894816 0.4769439227367629 9 446 426
0.3381712099529829 1.6119872061659444 0.020551218595248555 9 447 46
0.36313793140578987 1.5707539026340183 0.02737039531397456 9 447 60
0.6069022768274099 1.2635074281737517 0.032225195269108386 9 447 181
0.7901833369146611 1.0317960888110203 0.036328265413782646 9 447 270
0.8544882414309831 0.9662158250151034 0.027592417916131984 9 447 297
0.5667676741358607 0.6938843740254436 0.4329693080642849 9 447 320
0.5706332490913267 0.6731955816596075 0.4432864171045279 9 447 328
0.6241496398527354 0.562789177590695 0.47216141598336314 9 447 379
0.6325548518547894 0.5434070133281428 0.47801846457552033 9 447 388
0.3800112777157123 1.5472669759246491 0.024722186207148944 9 448 69
0.7276321146994027 1.119153878980594 0.025042269049192045 9 448 238
0.5835238998275163 0.6164316426587055 0.4665399599387332 9 448 351
0.6073767769038946 0.5780331962923269 0.4724198588539452 9 448 370
0.6750975389123717 0.4872908752943176 0.4772482779772034 9 448 417
0.6989439234063288 0.45653929909777297 0.47816850610069705 9 448 433
0.7455794868995431 0.4130605342667874 0.4691507057554447 9 448 457
0.5748711147995398 1.2752455250939145 0.04127469572296216 9 449 171
0.5839715499305204 1.266353222503681 0.03977277880215535 9 449 175
0.756729043985773 1.0734481068521726 0.02695201798264968 9 449 254
0.8116730109399315 1.0056292797064494 0.027085244879705872 9 449 280
0.8220759682703123 0.9923749460851171 0.027379819818511564 9 449 285
0.6414456777914944 0.5261128305768568 0.4756957181375121 9 449 396
0.7046245998952132 1.1385914689418 0.021764127491104013 9 450 229
0.5971257221037718 1.2379473360025266 0.038863054323933444 9 451 184
0.6095184377477818 1.2181047242143221 0.041862354262356405 9 451 191
0.7411590799834364 1.0863204200522825 0.021998571811880252 9 451 248
0.8151534575293011 0.986806398323221 0.027490480803880946 9 451 285
0.5700292640972049 0.6920261344047905 0.41817922834776433 9 451 321
0.5735769450416791 0.6401179318603941 0.4493075144960086 9 451 340
0.3190541233075638 1.58318599760719 0.03267389905688911 9 452 45
0.3273919951029757 1.5677402949763217 0.036071001534558444 9 452 50
0.34095950014854814 1.5437246190655172 0.04086482393132229 9 452 58
0.6561018024887684 1.1784755266718137 0.0257577723150737 9 452 210
0.7953099024261652 0.9967712556004249 0.03245538575489859 9 452 279
0.8171198072996799 0.9713881107269986 0.03147917009525347 9 452 289
0.6120000330622287 0.5580179483666144 0.4688546670321574 9 452 378
0.5743355187831701 0.26832319855495035 0.6895507687422511 9 452 510
0.3713348718907753 1.5356116331730818 0.017196139526510557 9 453 69
0.6299278906645452 1.1884590764368008 0.03592781611630946 9 453 202
0.5682353774182198 0.6616542350604744 0.4328951468599298 9 453 331
0.5974039185099874 0.5715345733056769 0.46856625171198774 9 453 370
0.6199895964259967 1.187208007813799 0.04038757658495595 9 454 200
0.3183995252355434 1.5654238125196893 0.031816788899582615 9 455 48
0.5957123094332938 1.2274898499728957 0.02910228990162622 9 455 186
0.6453836789778464 1.158131830608261 0.03446237011803843 9 455 212
0.6637620844046692 1.126150330890202 0.04063016376001416 9 455 223
0.7010217726184418 1.094344183713912 0.03126024373134717 9 455 238
0.7613883711042866 1.020189403707572 0.0265564956514579 9 456 267
0.7735510588475119 0.9918437441046775 0.03541455990417819 9 456 276
0.34735010246030074 1.5239379931313661 0.026902317489436722 9 457 64
0.6810562942370446 1.1159862804376943 0.024277804036502815 9 457 229
0.5672713944186344 0.6266149827313814 0.44370361958325955 9 457 343
0.6020017444253054 0.5491122192580509 0.4667689193646214 9 457 379
0.33153647020779586 1.52469472454602 0.035052613654811715 9 458 59
0.6839824595183841 1.0917757350983828 0.033540404340548946 9 458 235
0.7357540923295485 1.045942689264376 0.021458097178677527 9 458 256
0.7891601547956437 0.9537312923809196 0.03900057715050176 9 458 288
0.800516331967251 0.9416539168582551 0.037701870727377074 9 458 293
0.6506712360356759 1.1270114496520605 0.033034227060344756 9 459 220
0.7649525494683465 0.988831909633061 0.03103765883341003 9 459 275
0.5652422306944193 0.6358882462613219 0.43260766647294546 9 459 339
0.3158435016000468 1.5329934330848711 0.03378644470135628 9 460 53
0.5639705525618468 1.2154414703563032 0.0411417758661583 9 460 181
0.6022244504877621 1.1733416279671776 0.03767049737566719 9 460 199
0.7545008799822237 0.9971730628697363 0.029616413164497812 9 460 271
0.8186522792854343 0.9176542251258892 0.029784155379845245 9 460 302
0.56692859089005 0.6908003663890601 0.3910258826466553 9 460 320
0.5655175556966039 0.6638533882563616 0.41029388897621977 9 460 329
0.5941867544657085 0.5546715991711935 0.45982734044710716 9 460 375
0.6253211132579349 1.1424194152287233 0.03484657548211745 9 461 211
0.6738304064035578 1.082219889220123 0.035006126782445524 9 461 235
0.7209067769342723 1.041604639066381 0.0231692186929493 9 461 254
0.5703679036008825 0.26336350129470465 0.6726073895814368 9 461 510
0.5648039620755166 0.2472692444055613 0.6880781521085038 9 461 519
0.3109682068325347 1.5249688980410976 0.03457669512189421 9 462 53
0.7039873414987641 1.0614981769846366 0.019368678522021066 9 462 246
0.8033167870606852 0.9265645502929952 0.02754547370485394 9 462 297
0.8138720319624546 0.9218631427821313 0.0219057816134145 9 462 300
0.564036405879332 0.6371159942671606 0.42285148464703326 9 462 338
0.5668166433645729 1.195411535005805 0.03909435488241719 9 463 186
0.5757571552326888 1.1866876365224168 0.03751263384592818 9 463 190
0.593920771010211 1.1788719202577456 0.027589156472442866 9 463 196
0.6157265893309605 1.1371435444060163 0.03758163798664649 9 463 210
0.7211543756984864 1.0074775532422109 0.03707491232888693 9 463 262
0.573438794895161 0.5695163605616714 0.4574319180420048 9 463 365
0.28388129494647785 1.5404889549657939 0.038119557790066816 9 464 42
0.7117640135888752 1.020646646855225 0.03157320500199434 9 464 257
0.7653093615318909 0.9634079230133316 0.025446850767773865 9 464 281
0.8205161465228197 0.9138654887629721 0.012697340171239357 9 464 303
0.7814057096842995 0.9384639857704908 0.0243722199553158 9 465 290
0.3184374147980765 1.4874996368969333 0.036451692912931044 9 466 62
0.5370823747362643 1.2334239716295947 0.025060765653170947 9 466 171
0.553826406654331 1.2000481928475253 0.033694000550418934 9 466 182
0.6146447327326381 1.1226217315274578 0.03513725571892201 9 466 213
0.6163307528680859 1.1152698264503385 0.038732330746389376 9 466 215
0.605621779067412 1.131553164516959 0.03226180178459548 9 467 209
0.6581705156819482 1.0719066042673266 0.028529827618533954 9 467 234
0.7456170749306097 0.9560424043480737 0.03369224339079979 9 467 279
0.29444448581556926 1.516264578878714 0.02846574981039085 9 468 50
0.5665582207934388 0.2618686936236759 0.6530497692251722 9 470 508
0.5644371221222922 0.2461674810129948 0.6657096406746266 9 470 517
0.30903217164482333 1.480088935253875 0.02796991288719708 9 471 61
0.650131948912281 0.41218141991292595 0.47449083871711606 9 471 441
0.671489042176276 0.3910599117811695 0.4707703420365157 9 471 453
0.6996149062537278 0.3580011582144589 0.4695017285749912 9 471 471
0.5621837980633995 0.22053484087642766 0.6827677060741871 9 471 532
0.5766572528762233 0.6818953548792126 0.3473196751421781 9 472 324
0.5723263535653997 0.57371686323064 0.4261774857178833 9 472 362
0.6137825685285192 0.4599585264204834 0.4694514749068275 9 472 415
0.2695006803001506 1.5132054400977666 0.03042005443067386 9 473 43
0.6538233861777281 1.0460166397698116 0.02352438121099354 9 473 239
0.578270719884883 0.5226925521838717 0.4532770067021863 9 473 383
0.5909777568104688 0.49378664976736497 0.46242176063167273 9 473 397
0.6806113281579997 0.37234875204171525 0.469503020873423 9 473 462
0.6099527343425895 1.0825590058160957 0.03161347274058812 9 474 221
0.5750967798260253 0.6715712954810819 0.3488444746156012 9 474 327
0.5669028068883305 0.6408879272674309 0.37737727012450595 9 474 336
0.5704819187460577 0.5565961035173143 0.43313683786478063 9 474 368
0.5179249290703654 1.1975311475061234 0.02675916312851445 9 475 174
0.5681763393712288 0.6162078044742276 0.3901280100041373 9 475 345
0.4957931202054361 1.2136918228381703 0.030342526767036748 9 476 165
0.5705766231646002 0.5331265280263799 0.44298746084539475 9 476 377
0.5772439156807342 0.5015623025268106 0.459334301040778 9 476 391
0.6069834423618625 0.4489087299782934 0.4703571506621216 9 476 418
