2.4919177355172857 1.494793818904792 1.3981679919228691 9 4 460
2.4495090292124235 1.537709266148835 1.3910257927899197 9 5 448
0.7679804308155953 2.1290261108261057 1.3660821148977949 9 6 63
2.4532759641948076 1.5226688944122726 1.3875088643660212 9 6 451
2.4852631302732515 1.4634767874618007 1.391404937821422 9 6 465
0.7940026469814114 2.137254429233167 1.3619257624945076 9 7 69
1.8637945943178935 2.072477111176985 1.350914200215835 9 7 288
0.6503316505951502 2.144123394733646 1.3604971822863858 9 8 27
0.6706719866349344 2.15142884161879 1.3596246337411144 9 8 32
0.6947033488918337 2.138545637857139 1.3602081044123489 9 8 41
1.7932006699655227 2.0783346307883552 1.3472079678709563 9 8 277
1.6354012435902865 2.103958578924977 1.343640757247854 9 9 249
1.6407215929242105 2.0903712344556835 1.344581886626772 9 9 252
0.7676062432212487 2.125294933380591 1.3537018544455919 9 10 64
2.5100338586386153 1.1188642430992972 1.3949557304047797 9 11 536
2.43995948000953 1.049872842787152 1.4016890193798355 9 11 546
2.491350627232327 1.5975935659766367 1.3486333470369483 9 13 440
2.494565233058626 1.5108825362805436 1.3554744256870412 9 13 456
2.4920110087757896 1.4934197625686858 1.356921968877424 9 13 459
2.4699492032290804 1.4246590152228362 1.3628835302049411 9 13 470
2.4748745566978267 1.3599141682710818 1.3679365210326078 9 13 483
2.5059878844194707 1.327746739046725 1.3698219141712606 9 13 492
2.4922422536778694 1.301941278487225 1.372178441850885 9 13 496
2.4739172180534705 1.2405465651213265 1.3774714191252433 9 13 507
2.4801473073188665 1.1621070105574896 1.3835874754046342 9 13 524
2.507923463154491 1.1117373624305777 1.3869964213007477 9 13 537
2.438177218223724 1.3682502788551854 1.3636275428957372 9 14 478
2.4813166641423665 1.3416359477666489 1.3647822763961208 9 14 487
2.441241758455176 1.188838487497396 1.3780250361799065 9 14 515
2.4683680527363054 1.0790523596001333 1.3862548455299324 9 14 541
2.452391850347269 1.064683068657124 1.3877807773388946 9 14 543
2.5208422824941086 1.5553229021684785 1.3419180148772216 9 15 450
2.4610248006277837 1.2434050857067258 1.368809378702017 9 15 505
2.445838161780114 1.1523871983227798 1.3766015005537895 9 15 523
2.489138187112742 1.1496329870301376 1.3757800082451244 9 15 527
2.489312463578607 1.0943730650070183 1.380283874971905 9 15 539
2.453061906233512 1.4564441896918119 1.347064567015115 9 16 462
2.461218126866634 1.4444864439674634 1.3478446260492252 9 16 465
2.4595113911054294 1.3967824673883418 1.351824382074028 9 16 474
2.4491876122392826 1.0573797669550933 1.3800933190066589 9 16 544
0.7050846021704253 2.1340945279388572 1.3323044607229497 9 17 46
0.7403450563288918 2.127619795306304 1.3319096464209936 9 17 57
0.8694787248234503 2.118387471474451 1.3292552183373523 9 17 93
2.5054122325903245 1.535084955592342 1.3345487864813732 9 17 452
2.4671393897519236 1.2636463742098019 1.3582183299631152 9 17 501
2.4543748215906214 1.2487524170438007 1.3597999395524507 9 17 503
0.6490971273603512 2.1728851571837513 1.3274408148234262 9 18 24
0.6704494801154639 2.154663529057107 1.3283871945786223 9 18 33
0.7494584617264515 2.118991492683754 1.3292090212557515 9 18 61
1.5993995564909431 2.1059536907866274 1.3067611466978184 9 18 243
2.4706226726886973 1.6113388506875 1.3243702867563854 9 18 435
2.4675776379695153 1.570533371861194 1.3278987655119778 9 18 442
2.51322681150351 1.5492751924763002 1.3284282768421578 9 18 450
2.471829084969423 1.506837026742062 1.3331571520354617 9 18 454
2.4673321220883393 1.4884518171239507 1.334833514836421 9 18 457
2.4625448181168093 1.401772402559659 1.342282172232568 9 18 473
2.4604253975589634 1.2070402247545209 1.358776914358077 9 18 512
2.4579517260122383 1.0899934959820679 1.3687245696411479 9 18 537
2.464284092565039 1.0786113094928949 1.3695098194259263 9 18 540
0.6677731124495354 2.136858397810237 1.3268606213225222 9 19 35
1.487361267726883 2.0960114324305863 1.3066683650139463 9 19 226
2.5150035607508268 1.6687767547102572 1.3134423488716003 9 19 429
2.4756563757256824 1.2361796103083103 1.3515000105299178 9 19 507
0.6914455947634601 2.137425402577951 1.3229918444443345 9 20 42
2.4822609387798735 1.6274621208635 1.3131351557871238 9 20 433
2.48268030070418 1.5052361620576424 1.3236696926585096 9 20 455
2.4824368319065777 1.4249803628568056 1.330602467064106 9 20 470
2.454529873412596 1.3657380987979362 1.3365539746502255 9 20 479
2.4485753883037833 1.2977936817211477 1.3425961433693665 9 20 492
2.447810327646983 1.2147643330564506 1.3497839415095627 9 20 509
2.499805155456355 1.163206915425115 1.3526690915358939 9 20 524
2.4891576995214795 1.1405773900902125 1.3549420883868621 9 20 528
0.6427711016851804 2.197933598240163 1.3160941728682944 9 21 19
0.6486007493561691 2.1751994944608657 1.3178952012604368 9 21 24
1.4927903895818682 2.0832558594202326 1.2995224544503141 9 21 229
1.515198101855505 2.0945234771039862 1.2978388996407548 9 21 231
2.4721121973815285 1.581874949406024 1.3126435448366156 9 21 440
2.450068532299627 1.3783073427099495 1.331091719150212 9 21 476
1.3729438711254094 2.0886603378001474 1.29888818448076 9 22 207
1.4468305799690946 2.0900521068857656 1.2963674548148565 9 22 220
2.461846556868527 1.5536276831095268 1.3107304840910876 9 22 444
2.4794166044727817 1.4220236088299918 1.3217659501175618 9 22 470
2.4525263600654994 1.353077852189837 1.328718758192353 9 22 481
2.453416130269566 1.3382671379300939 1.329995985685231 9 22 484
2.470020750851769 1.1787762711764533 1.343522023187918 9 22 518
0.6683593108274559 2.1286972582301456 1.3151109744113678 9 23 37
1.5206410922355367 2.1005110639484714 1.2889471082129096 9 23 231
1.5575797117854835 2.1140091819515305 1.2865010916536572 9 23 235
2.4902621947757515 1.6410841351978147 1.2972740961723603 9 23 431
2.4765844786661275 1.622333188481365 1.2994056799070934 9 23 433
2.4597630240015578 1.3150333066677726 1.327363024853661 9 23 489
2.48741062962363 1.2717745809560983 1.3302886738960007 9 23 500
2.4824716466400343 1.2403434013188424 1.333256490553359 9 23 506
2.4630664483022553 1.0782584398037456 1.348356948704188 9 23 539
1.4560894888669464 2.0879395629054134 1.288220368702914 9 24 222
2.481524012951094 1.5510843128756666 1.3008578575565686 9 24 446
2.4697950704144427 1.4529929883663273 1.310103148433719 9 24 463
0.6736777087278092 2.134531956769183 1.308147523218409 9 25 38
1.3752293691682735 2.104507449821994 1.285600956167249 9 25 205
2.468464053343407 1.4837262599857612 1.3027215556887428 9 25 457
2.46650869781395 1.4400617317071505 1.3067671386695672 9 25 465
2.4609403454439303 1.4111814320617917 1.3095969896943211 9 25 470
2.4731726569349384 1.390701646729322 1.3110206415804937 9 25 475
2.470843531242573 1.2535596879151463 1.3235896737961403 9 25 502
2.46134192541454 1.075885934766528 1.3401070872543777 9 25 539
0.6947484531743429 2.1296816118805166 1.304670459418023 9 26 45
0.7111464517807493 2.1210454090137496 1.3048544018449042 9 26 51
1.3944167100431961 2.1014278474072308 1.2812203795519346 9 26 209
1.4500493772526475 2.087919951307646 1.2803917375689735 9 26 221
1.4722017677429147 2.080594602393012 1.2802408530705516 9 26 226
2.4627272676029524 1.3697351996482385 1.308755451053861 9 26 478
2.4677702901638754 1.361697818555932 1.3093070615217615 9 26 480
2.4662579728528273 1.2953192344902147 1.315469592117501 9 26 493
2.485031166679072 1.119836492139491 1.3309134681165355 9 26 531
0.8685276643168183 2.1241431784118308 1.295343324506065 9 27 93
1.4067600062093173 2.096671826776242 1.2772130114374591 9 27 212
1.4448292516540333 2.094937741375276 1.2759112294688366 9 27 219
2.4963151082568382 1.641506580759564 1.2776481505232906 9 27 431
2.4690874388974837 1.5648129445129395 1.2858227934407187 9 27 442
2.4884910034440124 1.5302208891797748 1.2882923067554233 9 27 450
2.4789671229383536 1.4927099423708503 1.2921447656702343 9 27 456
2.4758342354976293 1.4642340383762857 1.2949118611048402 9 27 461
2.430891905828061 1.1880320349412261 1.3223106282508053 9 27 512
2.445813176392684 1.1795356379340005 1.3225269214619668 9 27 515
2.4954542233153525 1.1086920608317765 1.3272038528004961 9 27 534
0.7107845990140602 2.135605621906823 1.2971467310814362 9 28 49
0.7279184682998809 2.1345517038083344 1.296566703536803 9 28 54
2.468088633542161 1.6086128651246658 1.2769923881757956 9 28 434
2.4574268695035126 1.4072242749934742 1.2963255060580932 9 28 470
2.4734908581197903 1.4041043486357505 1.2959818768227995 9 28 472
2.454696190932646 1.3748568610401488 1.2994730543329691 9 28 476
2.458442377858072 1.3053813553568112 1.305848423398408 9 28 490
2.436954617382212 1.2181509296935105 1.3148909852079975 9 28 506
0.6669695780997935 2.1388747876895104 1.2954280311925905 9 29 36
1.3157444437791084 2.0926705969146875 1.273321350589775 9 29 196
1.3304816275470106 2.0912043135146803 1.2728587192537473 9 29 199
2.4777647869314636 1.6474649824082084 1.2681073671931309 9 29 428
2.4614728147239457 1.5043947259282686 1.2823439535239336 9 29 452
2.474913708137401 1.4892254112023235 1.283234094407822 9 29 456
2.481317164316965 1.4760769675095957 1.284219878232097 9 29 459
2.464513497825395 1.1565001942761033 1.3152204437115467 9 29 521
2.475762787677379 1.1185319650400847 1.318362731428768 9 29 530
0.6358291220501976 2.1382177749471234 1.2936474599210932 9 30 27
0.6446054217152712 2.12890279959752 1.2941710932544603 9 30 31
0.6842438327210969 2.119996098014728 1.293358373559251 9 30 44
2.4879330531075006 1.687325131884188 1.2590005913788214 9 30 422
2.4933861028824866 1.6668627247617531 1.2607320207247696 9 30 426
2.422239773773029 1.473614700099991 1.2822389004440948 9 30 454
2.501108642877793 1.4631219642043183 1.279929167084867 9 30 463
2.470791412820234 1.3701133458816337 1.2901152683371966 9 30 478
1.2878825402335015 2.0913529413965257 1.2668706386193596 9 31 191
1.4007037172493073 2.109617870262942 1.260224859100032 9 31 209
2.4633591805650985 1.587014113333744 1.2648534329461403 9 31 437
2.451410714723087 1.2652211969897806 1.2965120176656282 9 31 497
2.4475684257552004 1.2343242611922074 1.299668244568039 9 31 503
2.466389975338885 1.2175010957180448 1.3004825230191952 9 31 508
2.45135679881103 1.1972501406910925 1.3030923422945637 9 31 511
2.4681922854975573 1.0910678933429168 1.3126403434988136 9 31 535
0.7962641059418436 2.1294471205982206 1.2811324021298276 9 32 74
2.479503716032144 1.6754362566772123 1.2506954800838026 9 32 423
2.4627017898790813 1.5027534509063123 1.268319821749798 9 32 452
2.482594758285135 1.474381809334771 1.2702086615223547 9 32 459
2.476122709422422 1.4179144932350454 1.2760152837394854 9 32 469
2.4624573699930274 1.2837885091360723 1.2897317734351657 9 32 494
2.4595026128689828 1.180411663359422 1.2999668919356457 9 32 515
0.6466181562602137 2.212971877777414 1.2764073847614608 9 33 20
0.693354718582115 2.133919618500273 1.2820761889727206 9 33 45
1.2718943562919582 2.1040913280030384 1.2586083179678016 9 33 186
1.2927565521525597 2.091491645801206 1.2588994898628971 9 33 192
1.3615525730202966 2.0968545689372187 1.2552294422235526 9 33 204
2.4640321549243627 1.6488180974841786 1.249119414418793 9 33 426
2.4865599558663494 1.6205386294523798 1.2508821414526583 9 33 433
2.4723369427925252 1.5959281358645216 1.2539605163271788 9 33 436
2.4561892423192697 1.526173493584969 1.2615824851407729 9 33 447
2.4593184193375834 1.357482626184926 1.2780894152403928 9 33 479
2.477191725290359 1.2297335397213827 1.2898822823240912 9 33 506
0.6415647262609977 2.1270122816384363 1.281994291360601 9 34 31
0.7178189325958122 2.1212514328151664 1.2789949657144293 9 34 54
0.8597373102030956 2.1213256765040573 1.2723368958451737 9 34 92
2.458727313825977 1.5432981783953084 1.255012415194391 9 34 444
2.494404278503885 1.4730516672762966 1.2603415327993186 9 34 460
2.463898892513826 1.343303359125572 1.2747023058025944 9 34 482
2.4446968823732105 1.3096961866519456 1.278951581424328 9 34 487
0.6665388690911125 2.1307005540629365 1.2772901301171053 9 35 38
1.2907790495998126 2.108678606485776 1.2494963020601932 9 35 189
2.4594598458622525 1.4880231790254173 1.255768779750358 9 35 454
2.4813420289994252 1.4232375397588992 1.2612361231325662 9 35 468
2.4583098686378766 1.1773651141613826 1.2870852681119516 9 35 515
2.4480235738054548 1.085112907606328 1.2968630193630277 9 35 534
2.449404089170714 1.6853592526891212 1.231491087356361 9 36 418
2.436616278941603 1.5251304581911005 1.248399893556413 9 36 445
2.455411059484241 1.2676252811062023 1.273634915295899 9 36 496
0.628339846618781 2.1791254949198247 1.2679068499711512 9 37 20
0.687598722481052 2.126756688632943 1.2702852484575842 9 37 45
0.7152153679865569 2.1191901215083666 1.2696665902168207 9 37 54
1.2695848685870113 2.1025049536860645 1.243380802339476 9 37 186
2.445077152454665 1.578820251831311 1.2377263258846205 9 37 436
2.448974961912006 1.4977055759675002 1.2458488738431581 9 37 451
2.448095409663841 1.4327505872437745 1.2525552982434347 9 37 463
0.6415082645863431 2.151824108412635 1.2668723147399303 9 38 28
2.4695364356341214 1.6952706280482648 1.2195962226634693 9 38 418
1.2122754461895013 2.107914375876602 1.2380718356458253 9 39 174
0.6287517972218428 2.1835168239558076 1.2578677357906118 9 40 20
0.6734232643089728 2.1291304242030638 1.2611848449271812 9 40 41
0.6844695042131685 2.116954047542757 1.261870910831672 9 40 46
0.642549738475746 2.150367515517132 1.2574340027678557 9 41 29
2.4628594329830933 1.2368203251168408 1.253871589144334 9 41 502
2.4361205615938832 1.1876222204359037 1.2605894513024536 9 41 510
2.44026915162186 1.670367682582122 1.204052907889917 9 42 419
2.457792618645689 1.6449943388110253 1.2057867112340852 9 42 425
2.461860006080639 1.6010675991081469 1.2102752415896343 9 42 433
2.4461302458472094 1.5144779773469412 1.2204673465322307 9 42 447
2.4504781183785846 1.5056445466285242 1.2211701593009738 9 42 449
2.4876665540195675 1.1298274760537999 1.2594367029609859 9 42 526
0.6340151843701487 2.2053815611836756 1.2455847648555975 9 43 19
0.6331914841572874 2.1541286618861584 1.2511881855371434 9 43 26
0.6463176187620328 2.1258445775504238 1.2534950986670166 9 43 34
0.6993565090679956 2.121670917475755 1.2508803536828417 9 43 50
0.8417977821422289 2.1047829268517035 1.2444738161300575 9 43 91
2.4477178334271223 1.5815545356089145 1.208323305505142 9 43 435
2.451461320893268 1.5330017391372321 1.2133699221597105 9 43 444
2.438213533096342 1.4501181265268404 1.2231205636925289 9 43 458
2.454249426096511 1.4097482239804557 1.2265693057261453 9 43 467
2.4762632358684002 1.3568137004015979 1.2310343511733448 9 43 479
2.436323458080815 1.2787635434057376 1.2418046104720153 9 43 491
2.4666883356876097 1.2170327590844598 1.246740234941019 9 43 506
2.487167518400051 1.1053044144663895 1.2576672449441617 9 43 531
2.474122636547593 1.6291735525211548 1.1967000841742714 9 44 429
2.465971867133287 1.484341386121252 1.2130227360791443 9 44 454
2.433135459274041 1.1412712522894717 1.252485882615223 9 44 519
0.6855682965287906 2.1376681755199574 1.2434654744415141 9 45 44
0.8516325376792016 2.1161615223023835 1.2358277587348356 9 45 92
2.4563261924800517 1.4357249620818833 1.2141797432538368 9 45 462
2.4813640123649243 1.3470288906848937 1.2224584798194305 9 45 481
0.6294332481256575 2.1637155694505728 1.2407726611493128 9 46 24
0.6935099289476645 2.1405046373532275 1.2394151962767495 9 46 46
2.4577962891885625 1.5903558625706449 1.1921364711483715 9 46 434
2.4503256085700293 1.5694383200834312 1.1949249078557251 9 46 437
2.459688169653885 1.5071920391907125 1.2012792274352908 9 46 449
2.4592339772607374 1.4741002440809967 1.204991478359114 9 46 455
2.448208552239606 1.3835888145376227 1.2157468969596574 9 46 471
2.45809541570682 1.2802901105682558 1.2266395805559733 9 46 492
2.4592287240791384 1.2115435539697077 1.2342238382419644 9 46 506
2.451399695159837 1.1843431403086728 1.2377338291037239 9 46 511
2.4712695286635116 1.1678159444565397 1.238351609006197 9 46 516
2.473080130598536 1.1116837908349486 1.2444897645783144 9 46 528
2.428801009605422 1.5408092218949037 1.194623660117057 9 47 440
2.45489584346231 1.4121834012779482 1.207433241328423 9 47 466
2.467381067378376 1.3393253956283924 1.214833073864452 9 47 481
0.6357224426056022 2.2150628379090698 1.2281341540828428 9 48 19
2.4898933722498793 1.5430013211467823 1.185646912940424 9 48 445
2.4544656862010226 1.4866313179596213 1.194300389243217 9 48 452
2.477683302257402 1.4759736563413561 1.194022416507254 9 48 456
2.4428640670987516 1.3953099309429613 1.2053894610715217 9 48 468
2.437961980253089 1.2653254216520815 1.2204304499107772 9 48 493
2.477030331070626 1.1490537801345262 1.2311044726353182 9 48 520
0.6437353342650187 2.1270678142187807 1.234393742199251 9 49 34
2.4722070406872096 1.7313040453767505 1.1603760448922502 9 49 411
2.4768427088802656 1.4584401053004523 1.19125803492678 9 49 459
2.444659365359523 1.3795942810314494 1.2023678519104015 9 49 471
2.43706636353932 1.3605740284073682 1.2050367792898995 9 49 474
2.4416057815735743 1.280976288465417 1.2138375766284495 9 49 490
2.4673559555618367 1.2268178873292535 1.2183477293117408 9 49 503
2.4625589740603715 1.0867211220382365 1.2346715639873271 9 49 532
0.6397471944217341 2.1616582410204193 1.2274693164592025 9 50 28
2.475919231857054 1.1137571301760305 1.2262398224510966 9 50 527
2.4618004286160033 1.3647385882219274 1.1935399466617245 9 51 475
2.4596950202984775 1.2969418773232464 1.201564399243762 9 51 488
2.469818538193673 1.1869592945549625 1.2136654847969988 9 51 511
0.6301757020910661 2.2008630159264015 1.2170560129254304 9 52 20
2.4637805324993156 1.658861189468306 1.1542045471635132 9 52 422
2.4682033026824994 1.430407557310724 1.1806851482598075 9 52 463
2.45885826095931 1.3315258021039336 1.192922929727259 9 52 481
2.4542207308426423 1.2686335673828408 1.2006165385626142 9 52 493
2.4734608822433612 1.148951675764248 1.2133225522674804 9 52 519
2.452704690806355 1.257173573799356 1.197461855098515 9 53 495
2.447057269795628 1.2056461433006924 1.2039506255277383 9 53 505
2.461389063167641 1.167558387318796 1.207448232469788 9 53 514
2.484833821140205 1.1331035371740414 1.2098767679069091 9 53 523
2.473682650605005 1.1102569311865562 1.213360645757172 9 53 527
0.6314316818310306 2.1855486259166166 1.2089756701615413 9 55 23
2.4478874682671146 1.5843916052977705 1.1492479902011579 9 55 433
2.4602082027855343 1.3347927299584477 1.178359754443414 9 55 480
2.4517586384238137 1.2550914244149725 1.1885555666345542 9 55 495
2.4746404127135118 1.5405827604921638 1.1476389328582215 9 56 443
2.438126908430263 1.2388122780563204 1.1869171753653607 9 56 497
2.4508943645043235 1.500055754020587 1.149437956765166 9 57 448
2.4488909586539207 1.482530593598288 1.151730318304443 9 57 451
2.4417480464476222 1.4681173831358776 1.154028684695101 9 57 453
2.437231012356575 1.2032488041772287 1.1867381387226996 9 57 504
2.4820470307960356 1.1620206687598094 1.1884080050260362 9 57 516
0.6312451867183098 2.2104558447529183 1.1960898837327019 9 58 20
0.6270693442907392 2.165633818593422 1.201931444639679 9 58 25
0.6395244158391419 2.1283043420092422 1.2055789513366988 9 58 34
2.4747211725773868 1.4232683081663215 1.1522023397960175 9 58 464
2.4511199126559196 1.2175941301619924 1.179346695182586 9 58 502
0.6326749011147597 2.1929528786508956 1.1948417356980974 9 59 23
0.7080380113695393 2.1200274578912315 1.198045976474814 9 59 55
2.4255341948571867 1.1680451934757126 1.1828874458978516 9 59 510
2.4508343181473036 1.363018037037618 1.1519528531120482 9 60 473
2.4423645312247575 1.0836932513399895 1.1875947413602583 9 60 529
0.6404582375207052 2.133505710477169 1.1951154070448715 9 61 34
2.4762706498799707 1.2843549420565816 1.1503626347856013 9 62 490
0.6952814308054815 2.113245111942028 1.1866548605082738 9 63 53
2.464486799186891 1.748071739570491 1.087155543464085 9 63 406
2.458013850244076 1.7807524304405284 1.078291733140893 9 64 400
2.4501723579391967 1.1924003510528016 1.1549776798258249 9 64 506
0.6281555622804915 2.176177083624725 1.1775398753817947 9 65 25
2.4794104426085397 1.663501928024383 1.0813881882094245 9 66 421
0.6989579224288862 2.1174139494856425 1.1724805008970742 9 67 54
2.4774244666724012 1.5910435313055338 1.0860047360543224 9 67 433
2.4744427280760513 1.5151989597785225 1.0962966413377029 9 67 446
0.6299176336179799 2.1834785280355713 1.166477870007077 9 68 25
2.4470981937704392 1.7779434727400232 1.0587270898709251 9 68 399
2.4728229312966397 1.6644632784004019 1.0715588972028678 9 68 420
2.460766876391494 1.5586446470128277 1.0867335303072447 9 68 437
2.474199478151463 1.5878863194714152 1.0765691334904923 9 69 433
0.6270052952922465 2.208879094642037 1.156643688384863 9 70 21
2.4635447215375033 1.4851524866018606 1.0863642889055902 9 70 450
2.4871751678381857 1.468724725593265 1.0864226679734297 9 70 455
2.466517665977025 1.415239956984092 1.0955502040854488 9 70 463
2.459005004925021 1.3849626923470575 1.100334295317597 9 70 468
2.468788896006916 1.3460890108853574 1.0998635325490886 9 71 476
0.700323851523659 2.131901282781617 1.1535846085881174 9 72 53
2.457208233026939 1.6000596887912963 1.0612378317189126 9 72 429
2.442842311885037 1.5751382060093333 1.0660123176035214 9 72 432
2.4818114770297353 1.4535260168541773 1.0790437522577778 9 72 457
2.4658686386460915 1.28684956446676 1.1034323386661473 9 72 487
2.4267153088654716 1.7502989835333773 1.0382716818711475 9 73 401
2.475554841454139 1.5338023189071042 1.0635615576672548 9 73 442
2.466045514727361 1.4896079805424502 1.070582601973196 9 73 449
2.457256106583554 1.3289444455634483 1.0936470623779038 9 73 478
2.4614856453948533 1.3203334222743273 1.0944347496362918 9 73 480
2.457698419663704 1.267304844145136 1.1021319539681276 9 73 490
2.4708481821709514 1.257401400845268 1.1022473463438542 9 73 493
0.629011528945759 2.2034283174311358 1.1437338958479986 9 74 23
0.635401772563992 2.137665713440398 1.1522805705781352 9 74 34
0.7146293060223532 2.1404940023609482 1.144225790819244 9 74 56
2.482760839353391 1.4634404930269849 1.0676153293532549 9 74 455
2.449373635366631 1.7936109943563807 1.0195374729825741 9 75 396
2.4787876852331885 1.4830282559358337 1.0602552451045466 9 75 451
2.48251795373909 1.4404289789092553 1.0658698595267553 9 75 459
2.45943326089844 1.4133570051590088 1.071931926332011 9 75 462
2.4706477326718748 1.3382827305504639 1.0813721205338949 9 75 477
2.4750242089576617 1.2932238307434392 1.0872687049938214 9 75 486
2.47976239528153 1.2592506602095241 1.091573637045848 9 75 493
2.4692862521738776 1.1850284860902747 1.1030193341440793 9 75 507
2.4454722934752047 1.8095901521740037 1.0123633991490766 9 76 393
2.451649100350264 1.775478552282657 1.0165737865708404 9 76 399
2.4550584672760642 1.504326976873755 1.0545770762906836 9 76 445
2.460016552281794 1.2707677272377222 1.087110967314365 9 76 489
2.4847891559936346 1.219901903298917 1.0918446610410657 9 76 501
2.443497528940832 1.1646579569931501 1.1037548844991234 9 76 509
0.6330811752023128 2.2158495953282755 1.1314068131283321 9 77 23
0.6329409822499714 2.150178821076943 1.1407742604581361 9 77 32
2.4287563299742265 1.546970748297691 1.0461275992479384 9 77 435
2.459772591169781 1.5228507979334172 1.04644442224322 9 77 442
2.473501173314975 1.4677553003845942 1.0529112183493532 9 77 453
2.460043718403629 1.374355678588758 1.0675670123650722 9 77 469
2.476760661931334 1.2974011611968228 1.0768466782251802 9 77 485
0.6331894599990029 2.1952132533714845 1.1309454435170752 9 78 26
2.452043989058052 1.6046579680774153 1.0304431577286022 9 78 427
2.4420577077448886 1.5645549973444153 1.0372130298290565 9 78 433
2.472453176779696 1.3470965990862385 1.065313064471638 9 78 475
2.466570908566286 1.2311079368939315 1.0825511270100105 9 78 497
2.4918489471496184 1.2158257836118833 1.0821692699805432 9 78 502
2.479939661685496 1.1715565826824947 1.0897326307598183 9 78 510
2.4680764548976026 1.1091345642286312 1.0998953957476432 9 78 522
2.4444809785820376 1.4856061835542347 1.043289755186053 9 79 447
2.4591828117564876 1.4704384832353905 1.0439651100590799 9 79 451
2.4646799285078362 1.3747733704489984 1.0572200986074196 9 79 469
2.471735880529705 1.293589634627985 1.0682220391708186 9 79 485
2.4744092995698597 1.188319055925301 1.0831560320370395 9 79 506
2.4888297861030084 1.2128700735609543 1.0733358730468625 9 80 502
0.6911833793570457 2.1234428602345856 1.125133767624696 9 81 53
2.4490401180368284 1.469544999538447 1.0351355852386435 9 81 450
2.471938418155657 1.3127711199877001 1.0556889346719558 9 81 481
2.4685265188968213 1.2957159057433236 1.0585489033443602 9 81 484
2.4612795893481687 1.1521629785485992 1.0803514576334763 9 81 512
2.47705173511536 1.1143083227153099 1.084231483134943 9 81 521
0.6388481887187138 2.2195458217922237 1.1131411446962345 9 82 25
2.450168118053502 1.4416404406411623 1.0341196840909563 9 82 455
2.450827412256756 1.4309714983928292 1.0356235934409785 9 82 457
2.4670353828393647 1.367980330973058 1.0431851123026927 9 82 470
2.4862995278462328 1.281469671628324 1.0538904680194037 9 82 488
2.4642941180392146 1.2418450003770953 1.0620927186711784 9 82 494
2.4551212365870647 1.4597772764948895 1.0258948881319778 9 83 452
2.4593294921296405 1.3905732543396518 1.0357233633483836 9 83 465
2.461600229356056 1.343468989733269 1.042477485881717 9 83 474
2.4576249378467163 1.289454585704306 1.0509349671903765 9 83 484
2.4706883849015235 1.2845293170286847 1.0502520964579762 9 83 486
2.444003662265556 1.1295400253772825 1.076174693435442 9 83 515
2.457000163506347 1.1197813177414835 1.076217358565417 9 83 518
2.4549430560235637 1.8102425436844298 0.9684442746883329 9 84 393
2.4616719741195743 1.423457947279612 1.0255862718157416 9 84 459
2.4699759766882377 1.362260987976857 1.0338338169390913 9 84 471
2.4596623472932886 1.2130631089119548 1.0572905866984743 9 84 499
2.4770363552076877 1.1699615152208647 1.0618362023811816 9 84 509
0.6303337667103912 2.2426075003816814 1.1002549167424092 9 85 20
0.6329542871238174 2.188582030393201 1.1081048183814586 9 85 28
2.466311461414656 1.4468555362366269 1.0165424464430246 9 85 455
2.455629608033726 1.3980723333448826 1.0250777229526116 9 85 463
2.4700389208708593 1.267056330291465 1.0432210971360942 9 85 489
2.480771984233728 1.4251681537117267 1.0131688548289066 9 86 460
2.458102381668837 1.2819040730214004 1.0374482157246656 9 86 485
2.441563792729526 1.1211309168816457 1.063696071944364 9 86 516
2.4738704863274465 1.1181910601032443 1.0605170782326543 9 86 519
0.6274991129948697 2.231487477496392 1.0953207490989953 9 87 21
0.6273661502829442 2.1646500546688396 1.105545747544641 9 87 30
2.468749812074237 1.402405738186646 1.012965577805692 9 87 463
2.457625280874284 1.239871273347859 1.0390566714749765 9 87 493
2.4440348087972517 1.2193437939980494 1.0437350716548135 9 87 496
2.481441461381412 1.188729193664575 1.0441655836653 9 87 505
2.4705560729797744 1.155000405770028 1.0505535217499302 9 87 511
2.470316064933683 1.3430387581995582 1.0169032918357137 9 88 474
2.4628802095798643 1.2821511396250342 1.0271214949857443 9 88 485
2.4582443992649052 1.1980622138905086 1.0357930323952058 9 89 501
2.4645221135694166 1.16570389479619 1.040074419836972 9 89 508
2.4670850620239273 1.0890523652403052 1.0516456129375533 9 89 524
2.4540311798190424 1.2096748911950366 1.0248629453484752 9 91 498
2.4585501477917813 1.1371930291551418 1.0357009896662572 9 91 513
2.4481590799052957 1.0997231803408418 1.0428151388155287 9 91 520
0.6277214941197957 2.2158052568794306 1.0803725998439804 9 92 24
2.4380050227919146 1.1482687460227392 1.0316668300736027 9 92 509
2.4666448683809534 1.1431776323686522 1.02425734163627 9 93 512
2.4625702089711288 1.1173775609207093 1.0288548579942973 9 93 517
2.4681836081043627 1.1330347241366163 1.0209100948437309 9 94 514
2.4621042282521337 1.2705634006254707 0.9947236141792546 9 95 486
0.631545121368006 2.162333294955047 1.0746193061118208 9 96 33
0.6286174005437114 2.2406481368305733 1.0552261864669594 9 98 22
0.6302422813026027 2.215092302609487 1.0557046394620035 9 99 26
2.448388440953429 1.1703930714648558 0.9933200716211367 9 99 504
2.4715318429491684 1.1591602015197555 0.9921844781716236 9 99 508
0.6327431523087628 2.245892183215113 1.0431763226614281 9 101 23
0.6289255753114198 2.2061033124834277 1.032709300596572 9 106 28
0.6326771853608107 2.253702195656793 1.0203652057006025 9 107 23
2.4464046535801613 1.7960692078040383 0.8404223123542307 9 108 392
0.6284736960521814 2.1727842604074503 1.024473343362389 9 110 33
0.624345910950988 2.23714321561818 0.999274853657224 9 114 24
0.6239446742830599 2.1607467114412384 1.013194235006179 9 114 34
2.416975312310909 1.8042447132707364 0.7874621724465973 9 118 387
2.4355822551113215 1.8274306847429327 0.7689328719240912 9 120 385
2.4465562289393734 1.8322425333555938 0.7491643601514894 9 123 385
0.6664340937898587 2.1277129250186766 0.9770867836535289 9 124 52
0.6213297133720248 2.2195820594366005 0.9485079560614326 9 129 28
0.6612088572372934 2.1156577155854164 0.9622845808542397 9 129 53
2.3977373644041857 1.8440251045946996 0.7149124761208787 9 130 378
2.384857143978937 1.8413519478182983 0.7062183454230359 9 132 377
2.408714946200604 1.8430156539226974 0.7017257124017843 9 132 379
2.3446360559889285 1.847781383531317 0.7005635423903199 9 134 372
2.3818570296649715 1.8515616581455534 0.6932036691543909 9 134 375
2.309777348600424 1.850062016638298 0.6892902136368361 9 137 368
0.6075359547813679 2.1861535837457007 0.9247414661879293 9 138 30
0.6512332668830434 2.1202853441059633 0.9304502031834827 9 138 51
0.8683772466749311 2.0255056971556398 0.9104807629966226 9 138 120
2.340871633773955 1.8496831042054318 0.6780103194082812 9 138 371
0.6595548636939241 2.108949878620618 0.9276357586054218 9 139 55
0.7611973234260541 2.058399341896229 0.9194875177905245 9 139 89
0.8294110265531303 2.0042156606899324 0.918253014302501 9 139 114
2.3627638344394724 1.8497849438223604 0.6682286698444011 9 139 373
0.8941544206270531 2.0005241977988506 0.9032395783982082 9 140 130
0.8688166039428002 1.995187256342428 0.9052322899368477 9 141 125
0.8123990354603892 2.0053869289840542 0.9098572124719817 9 142 110
0.8374100210112272 1.9934003557383524 0.9038976776696157 9 143 118
0.8228371696787888 1.9840803633979882 0.9048840861458903 9 144 116
0.9130739116779232 1.972617213852815 0.890092287501935 9 144 139
0.6253180022215623 2.076111607326929 0.9192963463576631 9 145 51
0.7351823065977741 2.0180198747999754 0.9106696567278227 9 145 89
0.968445959160408 1.9818854375865818 0.8735371841642678 9 145 150
2.3386714674993434 1.8441889408873144 0.639327209475588 9 145 371
2.414096293712737 1.8449814368904616 0.6246285569281621 9 145 378
0.8665048909180659 1.9883203445139142 0.8879362812119569 9 146 126
0.8845280246335401 1.9766433150486211 0.8869719382367427 9 146 132
2.353068198713235 1.8394434998113445 0.6317812719390418 9 146 373
1.0094994312342824 1.9629345219641234 0.8576332737864527 9 148 162
1.0276735402174406 1.968228502710272 0.8528945881788444 9 148 165
2.272697924990967 1.8263662935970437 0.6388515531456667 9 148 367
2.4085283360675414 1.8463687268833118 0.6077233890852254 9 148 377
0.8915918865947963 1.9631265551457835 0.8769340837309059 9 149 136
0.9218974240803186 1.9625327113980036 0.8710545908127557 9 149 143
0.9644792412651411 1.9590115700730335 0.8633853546454595 9 149 153
0.8009867467571776 1.9729243199945938 0.888985201847466 9 150 113
0.8539754067948198 1.9781298100866098 0.8772474597231082 9 150 125
0.9895676350878042 1.9622790828196082 0.8536721361932551 9 150 158
2.2351547369280502 1.8534032207427478 0.6289677675325833 9 150 359
2.2507681182932724 1.8306853607069022 0.6308800193937323 9 150 364
0.8087871698454525 1.9730811495307736 0.8836156916706273 9 151 115
0.9230830396239831 1.9589180106103754 0.8637728273989117 9 151 144
0.953607683002331 1.9704561608301923 0.8550629791309088 9 151 149
2.1965212334325486 1.8466869747165893 0.6325477559037975 9 151 356
2.2812726223160817 1.8368935403970845 0.6176763465377095 9 151 366
2.395922239671842 1.8494900819388747 0.585882068312178 9 152 375
0.822273133848392 1.969770437568568 0.8740376373122184 9 153 119
0.8421012450884939 1.9682140099981995 0.8703412986584559 9 153 124
0.911780801354344 1.9694148236672702 0.8558515330817956 9 153 140
1.0023282110428804 1.94908644459539 0.8419451110307545 9 153 163
2.2040152354537885 1.8375378070498092 0.6218006928295446 9 153 358
0.9591128762074503 1.9540063373228638 0.8456688048720647 9 154 153
1.0926878276842138 1.9339985005325513 0.8227398390110243 9 154 184
2.347929931779876 1.8380904869270531 0.5864481196429658 9 154 372
0.6095751722384273 2.0484135059490423 0.8925649115263423 9 155 52
0.8652478571419724 1.9790881784236787 0.855401525698982 9 155 128
0.8851891989222815 1.9897799715604472 0.8488452891210765 9 155 131
0.9360894839313547 1.947629337974093 0.8478875646160102 9 155 149
1.0479897469887711 1.9473121349259905 0.820678685400363 9 156 173
1.0708898700237997 1.9387418896626833 0.8178631695208904 9 156 179
1.085830731922349 1.9327344627888547 0.811954807549389 9 157 183
0.891865581499871 1.9688939044812521 0.8404277499966744 9 158 136
0.9871830675822584 1.9499686500801157 0.8246517616109077 9 158 160
0.7919330432668163 1.9647508747594333 0.8587108912066423 9 159 113
0.8278522320919346 1.9630183727780148 0.8514702935675189 9 159 122
0.8722536144643418 1.966122377921192 0.8413038048831414 9 159 132
2.2022921175463055 1.8465258028712173 0.5860475502859052 9 159 356
2.235262854772799 1.8221702216430231 0.5846787800325628 9 159 363
2.115207785170072 1.8654077062376573 0.5945922450309916 9 160 344
2.156268479843073 1.8472477060274346 0.5843735427557231 9 161 351
1.1916882599691405 1.917518247321753 0.7672792715198425 9 163 206
2.075017631724773 1.8552945073904419 0.588898457825692 9 163 341
0.8939596168735826 1.969084793824948 0.8161955736817919 9 164 137
1.1113244139877678 1.9353132907310377 0.7763868116447183 9 164 188
2.1572457116359236 1.8332269915321089 0.570476811624196 9 164 353
0.5980694935647823 2.043497869811562 0.8599950775112782 9 165 51
0.9265578989446253 1.9717739194394655 0.804352830537257 9 165 144
0.9836352779426356 1.935574296389811 0.8003531368238104 9 165 162
1.0216026559172313 1.941859727954857 0.7904411715174531 9 165 169
2.0929785421878835 1.8601999216821814 0.5669792361955329 9 166 342
0.8158607717846453 1.9561262991852704 0.8248960055023185 9 167 121
0.9733937650771631 1.9676685708189492 0.7867507615153799 9 167 155
1.0215347686638248 1.9426321021726483 0.7819819793248205 9 167 169
1.0617108317316324 1.9568340727306004 0.7695387507770369 9 167 175
1.1081613522670657 1.9323804963681963 0.7650088709506928 9 167 188
2.1415034271070126 1.854051858100584 0.5519409674866842 9 167 348
0.7814759483420519 1.967523160342168 0.8260362031772697 9 168 111
0.8463203890556747 1.9583970785488414 0.8135962984619287 9 168 128
0.9253380043695438 1.9391681271238155 0.8004021859970739 9 168 149
0.9550042804183285 1.9618998663787122 0.7881907378698045 9 168 152
1.0025772792845613 1.9498508479004326 0.7803615546818969 9 168 164
1.0787918976718949 1.9341405382718837 0.7669481168389918 9 168 182
2.066210124554935 1.8402427380468493 0.566598112102763 9 168 342
2.1854377178051996 1.8305098673570381 0.5420175618346457 9 168 356
0.978015741653889 1.9426141774646726 0.7835680731063431 9 169 160
1.0599415219835557 1.9488672754927514 0.7634136435148533 9 169 176
1.0626890658652637 1.9331255814381096 0.7666218994594437 9 169 179
1.0949195232117228 1.9356900030758726 0.7586675180022251 9 169 185
2.1022604331565353 1.8389438981793407 0.5531328688768717 9 169 346
0.6051441676846097 2.056385776265234 0.8369784329016599 9 170 52
0.8053289261579566 1.967839670365685 0.8128211575398432 9 170 117
0.8500470578462669 1.96544192351733 0.8031717863657275 9 170 128
0.9168561586882644 1.948017403087059 0.7881172556970637 9 171 146
0.9440618928167552 1.9675618842372704 0.7770443629138384 9 171 149
0.9833068668139837 1.944378009962045 0.7737029537277424 9 171 161
1.0286192245545709 1.9473296070663144 0.762538108054317 9 171 170
1.0483276835635915 1.9409991510851063 0.7595540191634081 9 171 175
2.0079093287917895 1.835865028964804 0.5588140815471668 9 172 336
0.7985117847556045 1.9656705153632146 0.8032819036941539 9 173 116
0.7670505110298493 1.955707428428045 0.8054299902025125 9 175 110
0.7948028535989866 1.9545166199035577 0.7991697118150748 9 175 117
1.0274885442603847 1.9294423322634113 0.7378440310980847 9 178 173
1.050185145599981 1.9268900886500175 0.7330270769848061 9 178 178
1.0797116691249067 1.9325481989857356 0.7244785766406253 9 178 183
2.022023008692034 1.8436746131146335 0.5201459124011871 9 178 336
2.050288778834947 1.8509157288391638 0.5114986697490784 9 178 338
0.9540545269657952 1.9277485940093921 0.747737493628537 9 180 158
0.9997390864051048 1.945049279810457 0.7321602706619363 9 180 165
0.9213119859683079 1.960072818852995 0.7433179493900315 9 181 146
1.0136134615685715 1.9446746107224562 0.7246436195812094 9 181 168
0.8735028853016926 1.9428716333081328 0.7554567909734446 9 182 138
0.7895977645275023 1.9452611977776857 0.7716419920101071 9 183 118
0.9674353179281749 1.9348021760784473 0.7301997728527244 9 183 160
0.7668290516997547 1.962183694062979 0.7689956705892822 9 184 110
0.9250170764141004 1.9473690951210334 0.7333450231894567 9 184 149
1.011825727425566 1.9371116346740003 0.7143371549805532 9 184 169
1.025333587487057 1.9295331612897764 0.7086869268458579 9 185 173
0.7875654440448945 1.9507848357388107 0.7589442352471396 9 186 117
0.8805751891532747 1.9492673815535415 0.7358246075912366 9 186 139
1.0418080292994394 1.9260370035823242 0.6968901264975804 9 187 177
0.7817541889977684 1.9696216807738796 0.747542617765176 9 188 113
0.8913118647394933 1.953206246044267 0.7238749328119067 9 188 141
0.9166531075573088 1.9441036268983982 0.7198128280325431 9 188 148
0.9531691541659013 1.924001100154813 0.7158190738097379 9 188 159
1.0588754771742164 1.929073322273167 0.6874170453649389 9 188 180
0.8506543688996924 1.9259438343483923 0.7375244778355253 9 189 136
0.9367907866611938 1.9146300526450661 0.7183751178952037 9 189 157
1.709772342352084 1.870085412527439 0.5312919989683967 9 189 294
0.8956255932043757 1.9409514332627091 0.7178283077639311 9 190 144
0.9896896975681484 1.9165868087826026 0.7000141048016543 9 190 168
1.066653946186995 1.9333378805533494 0.6755833863859173 9 190 181
0.7683956294771461 1.9499886001405753 0.7444198792653671 9 191 113
0.8676600091046032 1.9462081893921277 0.7195824588574427 9 191 137
0.9632525361467137 1.939485564015478 0.696495462783067 9 191 159
0.9998481631112472 1.9177121410447961 0.6928380249928275 9 191 170
0.9349379009117047 1.9330605820867985 0.7014357430584328 9 192 154
1.0489232848197028 1.924287861289047 0.6739470167617548 9 192 179
1.6131587978568922 1.8634222364492117 0.5426032720240348 9 192 282
0.7843276868014184 1.9641039001389573 0.7285014369743377 9 193 115
0.8658420686405675 1.9447154632302897 0.7122970797348026 9 193 137
0.9787664167845835 1.935660787106197 0.6850007577432584 9 193 163
0.9021485546621386 1.9462203530366242 0.6981704407065308 9 194 145
0.9622251341550891 1.9461442532199218 0.6822655457165047 9 194 158
1.6333409384874142 1.8615890046198618 0.5274857937390771 9 194 285
0.9275351963523435 1.9372651090905801 0.6897072492428353 9 195 152
0.9922492055432586 1.9222744615975376 0.6765710992319897 9 195 168
0.7860688801645419 1.9556914419659597 0.7183696897436436 9 196 117
0.8522826440982769 1.9327478716967206 0.7069447548211955 9 196 136
1.2592872560859862 1.8927029442307426 0.6088499015657287 9 196 223
0.9490486183582938 1.942434902134214 0.6740864353902091 9 197 156
0.9892057400092094 1.9190828456551474 0.6697285328250165 9 197 168
0.8924788527320253 1.9476315037954415 0.6837421824891893 9 198 143
0.9055434266739373 1.94024345967523 0.6822553102295413 9 198 147
0.8703980051816893 1.948654976981469 0.6853118006565563 9 199 138
1.056833660114604 1.9307370813115692 0.6394623503996758 9 199 180
1.1978483549945937 1.8947960874180962 0.6110440499480361 9 199 212
0.9293135929092435 1.9425171849562943 0.6667306035989058 9 200 152
0.9772279692725976 1.930357280554012 0.6570006962388505 9 200 164
0.7534065993313348 1.946340975099416 0.7099534957102513 9 201 111
0.9307900364220056 1.931951358866924 0.6650720934830953 9 201 154
1.1842721790780375 1.892459806951046 0.6062764684114014 9 201 210
0.8757654413204332 1.9518958372578883 0.6704597928105153 9 202 139
0.9378752889799746 1.9293262820960315 0.6596221123414027 9 202 156
0.96384754540713 1.9326569684331325 0.6514720593392866 9 202 161
1.1905204077625942 1.893705577581836 0.5950249432127944 9 203 211
0.7677542652559104 1.9520771699696016 0.692359324769871 9 204 114
0.8711981309541539 1.9462957415714865 0.6649879077614741 9 204 139
1.2053374706513051 1.8915911552347684 0.5868729631529728 9 204 214
0.8375182409356778 1.942585881312815 0.6713824468413352 9 205 132
0.884555621262888 1.9268555848100037 0.6626273259873295 9 205 145
0.9011132481644952 1.9317553578874593 0.6523407943001814 9 206 148
0.934200845311562 1.939471694970882 0.6407288049323664 9 206 154
0.9525614813847487 1.9388102554010258 0.6357105271933857 9 206 158
1.209535779078431 1.8968120404162017 0.5749153385075115 9 206 214
1.1928797455167734 1.8908842469733993 0.5767286390583183 9 207 212
0.7605791790228684 1.943339830974266 0.6808458558262553 9 208 114
0.8711535190448767 1.9359677808697675 0.647085894292816 9 209 141
1.148406895305397 1.8976193462866298 0.5783232430180524 9 209 203
0.851647343951007 1.9339764211362591 0.6491332167897582 9 210 137
0.8875938548396909 1.94092186187294 0.6366717499802756 9 210 144
0.9804825585703469 1.9273514781494203 0.6049853453429415 9 212 166
1.1685578619589112 1.8962329847527972 0.559058432953454 9 212 207
0.9275609468125743 1.9271826341439284 0.6162572597654817 9 213 155
1.1924800097883879 1.9048104202158516 0.5448252524016989 9 213 210
1.2978896330873473 1.207032611203446 0.7210796690766215 9 213 358
1.3333585001382864 1.1818018153062604 0.7181224841759147 9 213 369
0.8963881174004711 1.9294735453790803 0.6205119324471298 9 214 148
0.8254311498689029 1.9373083210427697 0.6350434166163955 9 215 131
1.3100117814039418 1.1749053384682766 0.71913605873628 9 215 367
0.9726970666419876 1.9319100331844399 0.5884000413158341 9 216 164
1.2172091939290888 1.90775764070102 0.5224385845461808 9 216 214
0.8569671502937011 1.9397756097542422 0.6164702415969342 9 217 138
0.9735395943523533 1.9474467395173058 0.5746285903690025 9 218 162
0.8465625251083 1.9253204257819756 0.6155744619248242 9 219 138
0.9053370995547945 1.9386821189584975 0.593619116837359 9 219 149
0.9188427916579243 1.9246823439657745 0.5937757068707509 9 219 154
1.29127157508329 1.1233680647134738 0.7246333848899914 9 219 376
0.8901702938039495 1.937278836264344 0.5943681806689782 9 220 146
0.8248434811147458 1.9472590930067353 0.6070877884808573 9 221 130
0.8529240466953976 1.9429760636032545 0.5997696468136735 9 221 137
1.325687493016719 1.0767077287124278 0.7205869757127266 9 221 392
1.3414733886609063 1.0485301547280534 0.7204961670745701 9 222 401
0.7248680277622437 1.936406464020656 0.6330747706410715 9 223 108
0.8200429961091302 1.9479596531798744 0.5999249371613348 9 223 129
0.9185835234732185 1.9332048853099078 0.5738805728962705 9 223 153
1.273852687272813 1.082369465068194 0.7271193493636702 9 223 383
1.3803017071256258 1.0046870676572834 0.7181150515727658 9 223 417
1.1239341964416252 3.665919885062209 -0.0336922935614552 9 224 18
0.8355433455728927 1.952317789822513 0.5895061624642434 9 224 132
1.2246345203928914 1.1255492126181736 0.7252140391141721 9 224 365
0.8640539371729057 1.9285421871788522 0.5837242566282874 9 225 142
1.319545258714 1.0113455757037029 0.7272728152381761 9 225 407
1.023586305865377 3.526144263662845 0.02795164641528758 9 226 11
1.0914690936856584 3.6362599515642042 -0.028009922376227125 9 226 15
1.2080494257558538 1.1224558844271935 0.7237619973052353 9 226 363
0.8558903413488759 1.9378001873124246 0.5748265546588547 9 227 139
0.8968521094938486 1.9377413745781902 0.5618539636140804 9 227 148
0.9232627210801798 1.9354041948184877 0.5542139444772023 9 227 154
1.1802437001776571 1.1408414155881201 0.7191921926693368 9 228 354
1.233370595543234 1.0682853138230888 0.7252041814310433 9 228 380
1.330232185541606 0.9804174932417877 0.7221173721745793 9 228 416
1.255513321016888 1.0410389278041534 0.7229725224239122 9 229 390
1.3426118956276585 0.9478185336324123 0.7246699230453736 9 229 426
0.8196547274277981 1.925682241310262 0.5732138993397754 9 231 133
0.8645876861635777 1.926322225441215 0.5584663175784986 9 231 143
1.2806830069356154 1.0032147065344077 0.7193366998509878 9 231 403
0.7297696484168166 1.945241695762697 0.5919169062362446 9 232 109
0.9499564505422136 1.9421383919637267 0.5212910757683085 9 232 159
1.3421961989928664 0.9309222026004798 0.7187655792898672 9 232 430
1.122968450487819 1.1006677682185142 0.7281525129969532 9 234 354
1.1745185324088843 1.0738932663304837 0.7198920777236978 9 234 369
1.1931213336986715 1.0417863232785183 0.7241847383543988 9 234 380
1.235713741448284 0.9926966741526142 0.7260989576730337 9 234 399
1.3487722748656494 0.8878039962608522 0.7191644724322803 9 235 442
1.1724325761113665 1.032507405262246 0.7266225784204622 9 236 379
1.2071545573422413 1.0180550442046257 0.7198217717157607 9 236 388
0.9882793294570269 3.4548747351704243 -0.01017012018442287 9 237 12
0.8062906014492426 1.929400115314074 0.5508607715341838 9 237 130
0.8221995292301782 1.9268956882992514 0.5463768276940187 9 237 134
1.2059730989408217 0.9749993770535623 0.7306070970972984 9 237 399
1.242661556685556 0.960965861622974 0.7229749417065071 9 237 408
1.2556534066732377 0.9490236637442939 0.7225592917855018 9 237 413
1.3689847732885867 0.8591565393974939 0.7142406344503208 9 237 452
1.0890216085132647 1.1006102264940094 0.7247590993597691 9 238 348
1.181744778121519 0.9987571792213337 0.7272251160234018 9 238 389
1.2676361978863542 0.9360211744444843 0.7190993162495705 9 238 418
1.2699115828996759 0.9113496174952019 0.7264611760109374 9 238 425
0.8178693463068083 1.9359125653216696 0.5319422109748783 9 240 132
1.1239574984809484 1.0478430358194966 0.7231322015554669 9 240 367
1.1448765513985626 1.0259388119112547 0.7233232212348736 9 240 376
0.9838942245607454 3.345328104032763 0.0014640241984118507 9 241 20
0.653097289153274 1.9514644070361542 0.5784758808966786 9 241 90
0.8383797721008224 1.94084559233686 0.5190016151432058 9 241 136
1.1401775658274163 1.0150518115588603 0.7248871322288178 9 241 378
1.196808377745568 0.9570194264961184 0.7249669865655517 9 241 402
1.220977943749093 0.9287510470651006 0.7225015259755448 9 242 413
1.2537140113088785 0.9050519625662755 0.7192430906121868 9 242 424
1.3377425892661217 0.8111663980904688 0.7219380831522084 9 242 461
1.1254748625557514 1.0130440312315456 0.7233123263484745 9 243 376
1.2638731408319581 0.8769689689079853 0.721492174575506 9 243 433
1.271059942897531 0.8584271857287797 0.7215839696573274 9 244 439
1.3314798810297814 0.7970533583106971 0.7214312589451848 9 244 464
0.7900059590933 1.9299766037978512 0.5219359711473932 9 245 127
0.809927037162506 1.9338895746438785 0.5137037310005252 9 245 131
1.1320876473969408 0.9785468975964519 0.7254304318275413 9 245 386
1.2007525395016838 0.909702959806034 0.7249286478489907 9 245 415
0.897077927245979 3.2507250587546 0.031428858815534255 9 246 12
0.8546760409351715 1.9414882110165868 0.4911890067849858 9 246 140
1.172864837094181 0.9309028490477427 0.7238083533631613 9 246 405
1.2704987321395622 0.8430173648624057 0.719662211465534 9 246 443
1.2898884346559738 0.82012191068562 0.7206883592699324 9 246 452
0.8171322144476325 1.9396775347811088 0.5005172827221165 9 247 132
1.0110112742638662 1.0524406419178018 0.7353815275140537 9 247 346
1.3082813639059918 0.7962070843725708 0.7187423918089048 9 247 461
1.3265239487758465 0.7761941271080258 0.7191846528511704 9 247 469
1.0438694711032295 1.0436373464961433 0.7233230015614791 9 248 354
1.0888113196803741 1.0002032241879684 0.7223925729906493 9 248 373
1.3508671933201222 0.7476898554199499 0.7167100059445579 9 248 480
0.7808999737665456 1.932187971659626 0.5071412636050572 9 249 125
0.830402343728271 1.9478743705987789 0.48425089612929795 9 249 134
1.1168974784762078 0.9425551372396214 0.7287078091807545 9 249 393
1.0295812348564506 1.021871046260821 0.7252516519630163 9 251 357
1.191614233017391 0.87026778091033 0.7199784099496449 9 251 424
0.8303851577805745 1.9569557057847984 0.46780698811857424 9 252 133
1.0093494521833661 1.0422174896271685 0.7218963357020236 9 252 348
1.0425661852483195 0.9962070111933958 0.7259959850009445 9 252 366
1.0692196048732494 0.9756877224398957 0.7235798838117682 9 252 376
1.1938883625178465 0.846504911783588 0.723831435729423 9 252 431
1.3226563620841811 0.7481181695818941 0.7118992118217117 9 252 476
1.2024768389789202 0.819155997866629 0.7267129135468842 9 253 440
1.2601035502576796 0.7798553968715782 0.7196829698958624 9 253 459
0.9698229621732195 1.0372543976320012 0.7308769522055675 9 254 342
1.0725648781804469 0.9441631769533142 0.7263357841819534 9 254 385
1.0835466382883974 0.9432951282153401 0.7226661553619342 9 254 387
1.1440957091251154 0.88020470241148 0.7228749471407281 9 254 414
1.105434680624136 0.9122128439291071 0.7221154856774182 9 255 399
1.1840942265487322 0.8335476639972837 0.7212040880228753 9 255 433
1.1876072326572498 0.8147967861260661 0.7265263085477884 9 255 439
1.2184139221495014 0.7947679829922798 0.7223752785925706 9 255 449
0.8213523069733424 3.0477558488667573 0.06784820069509978 9 256 15
0.7870854225582775 1.95447782268511 0.46662539137450665 9 256 124
1.018909137806619 0.979970316708891 0.7262474874815074 9 256 366
1.1509285729313201 0.851500013185787 0.7234149937728903 9 256 423
1.2769175712400962 0.744928840018976 0.715048114843913 9 256 471
0.8437649174670938 3.13730571971125 0.009667589458711934 9 259 13
1.2220891496864061 0.764238560505186 0.7176232114285089 9 259 458
0.944403637998082 0.9849680723893962 0.7382058677050549 9 260 351
1.1241384948494164 0.8264669868918538 0.7281901687514664 9 260 426
1.1536930979368423 0.793651122980042 0.728965730258833 9 260 440
1.177386999684268 0.7810454558750768 0.724671802344547 9 260 447
1.2725692571986214 0.743606067735635 0.6990680231553994 9 261 470
0.9183105591514142 0.9993218424420656 0.7360368155808988 9 262 342
1.1178531075187292 0.815843889155022 0.7274282745992362 9 262 428
0.8201615220862353 3.1006155612435684 0.007266289057448194 9 263 12
1.0168762685751118 0.9119943420235048 0.7271681164764656 9 263 384
1.0360971277253372 0.9021117645124994 0.7235032752969686 9 263 390
1.0946699900947114 0.8442545213012718 0.7224007560616712 9 263 416
1.2246242034074801 0.746651164234985 0.7087926956086622 9 263 463
0.907535766302731 1.005881021186266 0.7309798970602936 9 264 338
1.1910740660387502 0.7552810433918402 0.7148042472005807 9 264 456
0.9290689986089387 0.9625706902467932 0.7352417114352596 9 265 354
0.9502946929897029 0.9444589298327886 0.7337830208737128 9 265 363
1.1524616184627696 0.7774290396407177 0.7178869094511521 9 265 444
0.9722920575271394 0.9332652756740535 0.726109425228788 9 266 370
1.107487305004589 0.809024571983677 0.7200020027919075 9 266 428
1.03687306749376 0.8700048266304181 0.7212053412137084 9 267 399
1.2062588349119634 0.7468198012065199 0.7015130698625426 9 267 460
0.8623601853917051 1.0089649899194273 0.7337391018241922 9 268 328
1.1045297768969173 0.7773150899269483 0.7259399328225014 9 268 437
1.156140003533178 0.7536868119353273 0.7077957242610988 9 270 451
0.8718186448568073 0.9825431194750325 0.7299323471001585 9 271 337
1.0594878241735715 0.7936554521231647 0.727158904664052 9 271 425
0.9545248107948257 0.8894331270519646 0.7290643702315152 9 272 379
0.9714202425876621 0.882362465606582 0.7250809164432815 9 272 384
1.022925662427368 0.8304316550512003 0.7243360901499905 9 272 408
1.1235713185289642 0.7543121173777726 0.7099178060627924 9 273 446
0.6001683061095487 1.921617796051528 0.472608911645394 9 274 85
0.8658647666636563 0.9458707684240237 0.7361795670012135 9 274 346
0.8723203928363321 0.936355571711762 0.7372182439707896 9 274 350
0.8914595803544922 0.9179756451625554 0.7365815148177508 9 274 359
0.9082817122468771 0.8976955726774838 0.7342994081955089 9 275 368
0.9177630046965104 0.8900242388249702 0.7334360340385193 9 275 372
0.884794385077929 0.9096935833707137 0.7358332832947434 9 276 360
0.9703780484351252 0.8501678741198045 0.7242848007566389 9 276 393
1.0031115590035484 0.8217586488456886 0.7220165350552648 9 276 407
0.9793745306978998 0.8284136232530166 0.7256515144217742 9 277 401
1.0487065902452752 0.7540509978414981 0.7262333004722756 9 277 435
0.8753079212349888 0.9064025825122781 0.7343793402098178 9 278 359
0.9183097381569192 0.8693020740522812 0.7312682212244733 9 278 378
0.9995390466511429 0.8089266634652055 0.7183271501076011 9 279 410
0.8726608982821842 0.8973726462538877 0.7324237752300178 9 280 361
0.929500763256508 0.8451112609663596 0.7262149209472151 9 281 387
0.9885809406492945 1.4741432705127586 0.45381895443529685 9 282 247
0.9998249688312515 0.7758872168400024 0.721015555500404 9 282 420
0.8483671285539904 0.900989085016599 0.7312519837533208 9 283 355
0.8777605427356097 0.8696941594434223 0.731362887647969 9 283 370
1.0680532607718953 0.74363662814606 0.6987771933235813 9 284 440
0.9832765388300029 1.4688865976013477 0.44521556734053913 9 285 247
0.7826074835882546 0.9502958015590187 0.7327216729380951 9 285 327
1.002955404523236 0.7603879622978826 0.7158454106018192 9 285 425
0.8481911027469087 0.8800261507464893 0.7298967265955487 9 286 361
0.8897505139546609 0.8432247121829853 0.7270788089535909 9 286 380
0.9233401960331333 0.8108392070908093 0.7258444762574726 9 286 396
0.9343146866460097 0.8040487488797681 0.723944107866897 9 286 400
1.0070358864242224 1.4716126200979573 0.42558460361525396 9 287 251
0.9030821174889694 0.8212178671525795 0.7237359048251166 9 288 389
0.9323998131655591 0.7927835221545556 0.7227009130566503 9 288 403
0.9445687682329427 0.7802971849990016 0.7225434254987915 9 288 409
0.965892208015261 0.7660826793100923 0.7192183070636826 9 288 417
0.783445310002854 0.9192932124555864 0.7319347652200753 9 289 336
0.955029288008451 1.472002712921602 0.4344398071396329 9 290 241
0.8382798997496603 0.8591906997073542 0.7263623559943391 9 291 365
0.9058081317449025 0.7869424950172116 0.7266116150525178 9 291 400
0.9231266663824602 0.7805054461189669 0.7218134166419955 9 291 405
0.9859765056245986 0.7558662381121157 0.7049147230599917 9 291 423
0.7488765187946615 0.9444947092979908 0.7270353924641151 9 292 321
0.792065091034168 0.8944495553623075 0.7287320006232682 9 292 345
0.962746872216206 0.7566411972910085 0.7112369287175873 9 292 419
0.9943140525575085 0.7531547170281099 0.6991232204456637 9 292 425
0.9727224721177323 0.7513141891275306 0.7025286285749205 9 294 422
0.7904131591964585 0.8631329330855607 0.7326967194127258 9 295 354
0.8339680739621063 0.8264815735316194 0.7287536300320737 9 295 374
0.849316435887735 0.8072145571222484 0.7299545893516952 9 295 383
0.9170746232166402 0.7665227649814207 0.7171614298817327 9 295 408
0.742114609406239 0.9149731993728474 0.7293776846216031 9 296 328
0.8482660900480623 0.796957532083115 0.7314467961029044 9 296 386
0.8739813331719197 0.7896113161671102 0.723253130902932 9 296 393
0.7860760490440812 0.8565462660274867 0.7310188785445035 9 297 355
0.7443897591324362 0.909308309130414 0.7213110974194189 9 299 330
0.9114623723304016 0.758991686287828 0.7098076106015366 9 299 409
0.951498740567035 0.754328727408242 0.6940793842332206 9 299 417
0.746262466378113 0.9409903013949673 0.7041877840269756 9 300 321
0.7507011771114909 0.8871014475367485 0.7245922571658326 9 300 338
0.762940215653126 0.86621558129395 0.7278422097325492 9 300 347
0.7736490521795851 0.844489832404906 0.7321184703413315 9 300 356
0.7952803266568027 0.8297600608155915 0.7286535193869357 9 300 365
0.8163411537543102 0.8143659964433279 0.7257169534658221 9 300 374
0.6217237690665925 2.6581727440280356 0.04103349829020608 9 301 14
0.5820725295473934 1.9231302798217582 0.36486729023431064 9 301 84
0.746541593740488 0.9203212458601666 0.7063034042379135 9 302 327
0.7475862380616927 0.8744492202600075 0.721899820780514 9 303 341
0.8192207238643421 0.78727921744634 0.7263497659909136 9 303 383
0.8711194423061897 0.7579296941132446 0.7153926058866623 9 303 402
0.7609469034846807 0.8352021169563755 0.7292878748569591 9 304 356
0.8285221730864514 1.47430211068349 0.4256684473564909 9 305 215
0.8249937589437384 0.7626031843632135 0.7279131437134847 9 305 392
0.7660599452677019 0.8095972679819352 0.728559976199249 9 307 365
0.7470403768736207 0.8791645776977461 0.701336732297036 9 309 339
0.777742008696855 0.7885734855602362 0.7260346833308186 9 309 374
0.5866957223088035 1.9271079839991727 0.3217165482688056 9 310 86
0.7466834508010927 0.8243859100426117 0.7218892494949931 9 310 356
0.7936056763914872 0.7613780374686108 0.7273255116557998 9 310 386
0.7758442079543184 0.7777695097619716 0.7254077078049533 9 311 377
0.7437718289538271 0.8599494722593792 0.7016842776547633 9 312 344
0.7432238850517929 0.846515131619871 0.7046352859687104 9 313 348
0.7433221427648848 0.8336549179332767 0.7070698412382348 9 314 352
0.7428371035839243 0.7929312491856187 0.7219955965091027 9 315 365
0.7683202738749353 0.769117434010285 0.7204145886648259 9 315 378
0.743441301913421 0.8049308309647685 0.7103133543779525 9 317 361
0.7513912911419875 0.7818529479039794 0.7105692970850005 9 319 370
0.5792436139797382 1.9390397421448886 0.2754362152247478 9 320 84
0.7538186842951433 0.8100062300710693 0.6875473191759581 9 322 361
0.5779619671317225 1.9476834532116127 0.2586449497349341 9 323 83
0.7525693816423422 0.766024967346853 0.7017039739673904 9 324 375
0.9389341545055199 0.6475209854478702 0.4762287151837181 9 379 438
0.9220669868855635 0.6731391339680156 0.4689111559283985 9 380 427
0.9296011112288782 0.6481619046997318 0.47071340502745485 9 382 436
0.5939473155987058 0.2255268041959983 0.9012321350724799 9 383 593
0.8798209125821643 0.679810069294996 0.47649300537185346 9 384 418
0.8942465633147809 0.6591405664129706 0.4790229624396023 9 384 427
0.9292024015432823 0.6203815647498311 0.4789557491177092 9 384 445
0.9187131965697088 0.6264103864825975 0.47136960716406584 9 387 441
0.9271309718405876 0.6087880817409015 0.4723663918645151 9 388 448
0.8517166007330366 0.6702760081604138 0.4778238204044931 9 390 416
0.8930081704076418 0.634994477784047 0.47182841115268914 9 390 434
0.9428301080599986 0.5762720921821445 0.4735976470518515 9 390 461
0.8643421430937748 0.6366062434450896 0.4817567473415909 9 392 429
0.8952409679121422 0.6232361326061151 0.46991931568822487 9 392 438
0.9314370756063814 0.5739859943485947 0.4748898220511699 9 392 460
0.8498989645899704 0.6591779499662662 0.4746243022995533 9 393 419
0.9538260905277551 0.5503014721857353 0.4706135633055697 9 393 471
0.9226144049996163 0.5697893407866523 0.47572811572163287 9 394 460
0.8069337303096191 0.6883810349107371 0.47472919482229514 9 396 402
0.8896917145642771 0.5927176090233739 0.47302618521550177 9 397 447
0.9121708514869555 0.5644992296252087 0.4747851044483913 9 397 460
0.8155875256733058 0.6648807229984759 0.47562782375707147 9 398 411
0.8354631000750741 0.6475130436740875 0.47285180236539404 9 398 420
0.5823646820302929 0.2246873304045578 0.8760606316793782 9 398 588
0.8470805964029737 0.6259848848041087 0.4742401667947216 9 399 429
0.861670845158351 0.6057799786091611 0.4729736305066563 9 400 438
0.8972290256327213 0.5687114045598853 0.4714065010729238 9 400 456
0.9291509012778953 0.5437754993901075 0.46520548783114624 9 400 469
0.8944910991850263 0.5589102053583291 0.4753128085698466 9 401 459
0.8478113727178602 0.5992555882080739 0.4787197747830847 9 402 438
0.2560705664365325 0.1460634435680745 1.1239596809292793 9 402 633
0.8848382829581922 0.5571935256747966 0.4755858469071066 9 403 458
0.7768433740325045 0.6732924474391087 0.474977821497101 9 404 401
0.8021644398448617 0.6415065543989645 0.47695911240732647 9 404 416
0.840820866278273 0.5954937175798101 0.47852191989897697 9 404 438
0.8535980349375245 0.574475936691409 0.4755091454656937 9 406 447
0.8719117282521938 0.5565032137420292 0.4740061214081053 9 406 456
0.9484738702496505 0.481714938328648 0.46751868203086344 9 406 493
0.748532161082542 0.6844575511624633 0.47668486176211067 9 407 392
0.7609189546880062 0.6789322837824446 0.47176983152023744 9 407 396
0.8014718456147407 0.614242576792715 0.48303382675616824 9 407 425
0.811313236177172 0.6043945148762762 0.48233284130533116 9 407 430
0.8474763773853002 0.5684240881636949 0.47618308072615156 9 408 448
0.8648814934213047 0.5497261832728247 0.4722311558030565 9 409 457
0.8822899699144859 0.534126174616747 0.469900479087479 9 409 465
0.737824735009099 0.674880936417399 0.4791659643781483 9 410 393
0.7799771408066927 0.6232159115132138 0.4817241324678252 9 410 418
0.8208493672222679 0.5819038826683828 0.4790015529714655 9 410 439
0.7545127476192264 0.650858865435439 0.47888711508538506 9 411 404
0.2562866723852202 0.14413711463815937 1.1125375191361668 9 411 632
0.7764292961446477 0.6147151393177912 0.47893129974828597 9 413 420
0.7516688018394646 0.634020888183461 0.4806444792648348 9 414 409
0.7146316101424 0.6694409885351951 0.47762876123701603 9 416 390
0.7718973397707019 0.5975545059392421 0.4821096180232505 9 416 425
0.7924629982044125 0.5841609428989385 0.47622685961425426 9 416 433
0.8712005872810875 0.49715806218053205 0.47181741487528583 9 417 476
0.7220650999485216 0.6465852406893692 0.4796336173968596 9 418 399
0.5778116884539388 0.24987601033846546 0.8188867712964936 9 418 565
0.2550974912842414 0.14388908151516488 1.1008960734887359 9 420 629
0.7544634614969876 0.5906453347049105 0.4813674436921649 9 421 424
0.8059746144777669 0.5328450199344208 0.47781686267582213 9 422 453
0.669626072916216 0.6923420090384067 0.4709428872185273 9 423 373
0.6793647711186568 0.6714791841470203 0.4770237503421737 9 423 382
0.6945551774498286 0.6536444506512837 0.4774524897408394 9 423 391
0.7111814650158834 0.6364750860104724 0.4764739519260486 9 423 400
0.7185404862606128 0.6260032032541286 0.4778096317748979 9 423 405
0.7352316581114671 0.6087523884503622 0.4768361709440161 9 423 414
0.766424228706021 0.575765613065905 0.47547776708060985 9 423 431
0.7717377040278921 0.5586792204174971 0.4789453153430563 9 424 438
0.842275532987725 0.4972525270210845 0.46771515220260085 9 424 471
0.6905920739897924 0.6452165308857815 0.4787204761567816 9 425 393
0.5723274074330206 0.2505585406416947 0.8058886472458981 9 425 562
0.7419541816932609 0.5777448695162923 0.48125354697215483 9 426 426
0.8400683570282286 0.48780075249495347 0.4682923458869839 9 426 474
0.9549927236061366 0.3706025874139435 0.460468475435035 9 426 533
0.8483701957609164 0.46697851294198633 0.472013462833057 9 427 483
0.6637314358964916 0.6613582756395964 0.4775420924447302 9 428 382
0.7637468527783673 0.5431754619762686 0.480763439492474 9 428 442
0.7740074809163997 0.5339789823901684 0.479264124951742 9 428 447
0.7843006409127351 0.5247418114880871 0.4777672644397204 9 428 452
0.716765545228512 0.5979371741892472 0.47638105855846 9 429 414
0.2546320965156177 0.1463270196674245 1.0868951609067028 9 429 623
0.25220918890521027 0.1383273892658895 1.093625996352976 9 429 632
0.7352611216745211 0.5705097371956547 0.47712801251196213 9 430 427
0.7639529223243757 0.5344925129072389 0.4793730524422253 9 430 445
0.6441110952276111 0.6782779573597528 0.47084555300439623 9 431 372
0.8340567210324012 0.4606514429066738 0.47258468515655916 9 431 483
0.7916688765581952 0.5047505299455904 0.4716510950981223 9 432 460
0.8541843244867815 0.4355078616291157 0.4673188525699725 9 433 495
0.6715207228653335 0.6129786010932556 0.48260123525429655 9 434 400
0.6409759460062356 0.6495955544242419 0.4780110504243922 9 435 381
0.9248815098887013 0.36150496165114987 0.4566551837629036 9 435 532
0.6072972614270589 0.6901465465641118 0.47317564752486585 9 436 360
0.7990445336338476 0.48234165103235294 0.4671310562393094 9 436 469
0.5729740900616637 0.24707004169289953 0.7815360647714634 9 436 561
0.6493935705971422 0.6282724927237087 0.47895591847686836 9 437 390
0.7208159795221896 0.5483530436121868 0.4782958170749023 9 437 432
0.7606505527709282 0.5068689339925613 0.47594518938154384 9 437 454
0.8118378042349024 0.46330639746257296 0.46667196165978897 9 437 478
0.6650879870780373 0.6056358970812016 0.47877545444756775 9 438 401
0.25515334564411396 0.14616023932463346 1.0735627237211456 9 438 620
0.25380912728338867 0.1381191456104396 1.0797183157824 9 438 629
0.6953899708903502 0.568309115152607 0.4773887408582498 9 439 420
0.7311585062860875 0.5282678186333294 0.47705107566197524 9 439 441
0.7467589386121596 0.5111142461321505 0.4767034469118525 9 439 450
0.8214452805714807 0.44287176867675315 0.4660809776770638 9 439 487
0.8325687777197177 0.42351479247473534 0.4670746306293858 9 440 496
0.8468562830004798 0.40557948445767844 0.4681925813725474 9 440 505
0.7694307549710757 0.48526140905342446 0.4701383182651455 9 441 463
0.6919809774805803 0.5577368713877533 0.47685371568208335 9 442 423
0.8467449318037081 0.3949534359534628 0.4684579378446836 9 442 509
0.5688151650729969 0.24841892066995247 0.7692787093747042 9 442 558
0.5927811887473408 0.6708719965783041 0.47323279436813426 9 443 363
0.6006217520755346 0.6581194730488156 0.47246967754572244 9 444 369
0.6427409895290835 0.5979930144228931 0.48051567117953753 9 444 399
0.7945814914410987 0.43277287339376597 0.4757707383668255 9 444 487
0.571027055122424 0.23829759028431013 0.7694208451365374 9 444 564
0.6200579076362235 0.6182553561682599 0.4776044640807571 9 446 387
0.6569487081467633 0.5695326199885294 0.48208061933213675 9 446 412
0.8504436254566676 0.37248417904511166 0.4670205518213888 9 446 518
0.5740356851781938 0.6900088821742089 0.46150043070432023 9 447 352
0.25278786038177037 0.14587255008597527 1.0622291911623714 9 447 617
0.2505973259706261 0.13777422514662702 1.0692241892688956 9 447 626
0.24918114080857479 0.1299091808529506 1.0754835215297907 9 447 635
0.6054266327024975 0.6344498450982489 0.47135875357778834 9 448 378
0.6316472759318199 0.5991264180557143 0.47500598254631954 9 448 396
0.6360829343539215 0.5827207901028575 0.4825331717747421 9 448 403
0.8540826048111563 0.3560248512615505 0.4684773012429928 9 448 525
0.6950760158126752 0.5226281970772249 0.47462185469291196 9 449 436
0.5791493430017265 0.6664608060043173 0.4633948482027277 9 450 361
0.5969118869816844 0.642961546166091 0.4655854729511808 9 450 373
0.666690014074887 0.5361396576491333 0.48385855549651113 9 450 426
0.6990442018983012 0.5111480568267952 0.47597947544666463 9 450 441
0.7074871270440684 0.4993477034276855 0.47744096584766305 9 450 447
0.8415945298050465 0.3682557808354501 0.4631089493997975 9 450 518
0.5693258915419837 0.7035134331427819 0.44281853373653557 9 451 346
0.5695370452268105 0.694844187326832 0.44845150689187885 9 451 349
0.584975346449406 0.6526532868078229 0.4649039106178581 9 451 367
0.6088084249170546 0.6107294752366237 0.4747921635805399 9 451 387
0.6610320983053553 0.5511752624240877 0.47486679978438295 9 451 419
0.7411588185477569 0.4637975024872699 0.47231068491616157 9 451 466
0.7565473855837017 0.44688114943835083 0.47191013084102407 9 451 475
0.6078465096178907 0.6018661743327638 0.4782090164339796 9 452 390
0.6751428615050805 0.5185874131811494 0.48267093661534455 9 452 434
0.5936248941319675 0.6264393605702379 0.46933437265367917 9 453 378
0.622789818199273 0.5850353391733114 0.47483799459594933 9 453 399
0.6955639542695842 0.4936809340166809 0.48053233366382764 9 453 447
0.570069280723284 0.2354409961444816 0.7501785286576319 9 453 563
0.5693959867142181 0.22909708805956802 0.7549580440511138 9 453 567
0.5757203356048279 0.6403059819696939 0.4639586185072184 9 456 369
0.628598096302652 0.5631762197751653 0.47538547313902546 9 456 408
0.6618217061254077 0.5190807891861329 0.47960505200139814 9 456 431
0.2526976425731846 0.1438589590856738 1.0501817753835847 9 456 616
0.2515328870120177 0.1357640726055659 1.0565701059124049 9 456 625
0.24832509644476541 0.1278446173834319 1.064418418684085 9 456 634
0.6007201896210207 0.5965109400735218 0.47108747390310035 9 457 390
0.7396523518440958 0.4388154261907592 0.4705982074563799 9 457 475
0.770957294271327 0.4030982142901496 0.4706133491081441 9 457 494
0.5705337406877722 0.25718719413093677 0.7226940438547738 9 458 548
0.5672858812024365 0.2421883617656566 0.7354474359095327 9 458 557
0.6762432779533172 0.4888556864544522 0.4792795322462471 9 459 445
0.695712047972163 0.4739446903294923 0.47428698964533367 9 459 454
0.5709877619982154 0.6502693823297837 0.44772306867594636 9 460 364
0.6207447633915437 0.5580622521040579 0.47201651121023813 9 460 408
0.6300027536576054 0.539301500160536 0.4776368890481353 9 460 417
0.6403899647117294 0.5286419752894478 0.47681766438764406 9 460 423
0.6561160696490937 0.5077108575558881 0.47886422454835653 9 460 434
0.7055094994875304 0.4552254803237303 0.47620104190020207 9 460 463
0.597434509139647 0.5688631307701189 0.4699892834300714 9 464 399
0.252066378436148 0.14362265757825737 1.0371591128467785 9 465 613
0.24916287137265059 0.1354284568356287 1.0451678903050208 9 465 622
0.24793593801435299 0.1274974039836771 1.0516606803445248 9 465 631
0.570000495953429 0.7029162075653415 0.39187590363991043 9 466 345
0.5779754816098959 0.6030190758821878 0.4552087100498401 9 466 382
0.6065921026770281 0.5493555750604541 0.46982459447889324 9 466 408
0.5698406441492037 0.6789238647916531 0.40534646197424173 9 467 353
0.6164102789206426 0.5306687281959508 0.47181467053319515 9 467 417
0.6247441779191989 0.5119364642971524 0.4782531859918002 9 467 426
0.6409161032768544 0.493553940408044 0.4749660558523907 9 468 436
0.6520024784990767 0.476096046499398 0.4783180041191277 9 468 445
0.5695113007405909 0.6523112914199207 0.417526033148617 9 469 362
0.5670721358858156 0.6258948136713953 0.4380769344500062 9 469 371
0.5720110579239417 0.6149784276567584 0.4417820307287519 9 469 376
0.5758940919878686 0.5877003346365179 0.45784966092089263 9 469 387
0.5685228360382897 0.2243463141698826 0.7194489427117461 9 469 565
0.7286156069494598 1.0163015479127893 0.028840733474412072 9 470 290
0.5851675237800943 0.5685289845219166 0.460640389312992 9 470 396
0.6058018557946738 0.5249572482780389 0.4747227892903978 9 470 417
0.6704231656657273 0.448548923074223 0.4764544810439104 9 470 459
0.6830487357321755 0.44094558932575506 0.4716239905002597 9 470 464
0.5705693387596247 0.6864695276180238 0.37886714511132147 9 473 350
0.583086561300098 0.5486218911701051 0.46676400213514535 9 473 403
0.2500469513072834 0.14150214637581654 1.0264029824226033 9 474 612
0.24814176913841346 0.13333519489901485 1.0337892288293435 9 474 621
0.246061345259729 0.1253881568990023 1.0411618130479525 9 474 630
0.5739667025749726 0.6939593633397029 0.36379205635202116 9 475 348
0.6755859593429272 0.4288267483195536 0.46698005018134014 9 476 467
0.5665332778201542 0.24141122976470347 0.691210158986333 9 476 552
