2.233670396844319 0.14348952971644158 1.02106031079053 9 3 407
2.2107014377824714 0.13590947769497053 1.0190850622005456 9 3 411
2.193659553515432 0.11859970563150313 1.0185320774346993 9 3 416
2.1849103978230047 0.11308622877659058 1.0179847607353107 9 3 418
2.0133457724852644 0.14640036501788778 0.9962078355032864 9 3 434
2.0081097803336756 0.13352407310779002 0.9966281502454981 9 3 437
1.9794397223801141 0.12173247085556183 0.9943445896451109 9 3 443
1.919080406952335 0.135287463061327 0.9865398413127353 9 3 449
1.9125452259132327 0.129406858424999 0.9862686449070444 9 3 451
1.9006165555053127 0.12232897076874227 0.9854881285665247 9 3 454
1.8889738212934262 0.12062070043252104 0.9843202490491085 9 3 456
2.5424308901769104 1.0710411361950503 0.9788161572275187 9 4 203
1.8370246341528138 0.12946526242807743 0.9738198086109204 9 4 462
1.810666250805287 0.12947449815632917 0.9709085595968492 9 4 466
1.7355775049305766 0.12309115380175006 0.9631113337482079 9 4 479
2.2045792584592596 0.12197415292635672 1.0104786991102699 9 5 414
1.9900226170945339 0.1408560558245524 0.9856269624693215 9 5 438
2.188221005801692 0.14470705176117415 1.0024764226812648 9 6 412
1.7565746574365209 0.1363016153932879 0.9566162658031122 9 6 473
2.0933847349780956 0.11361534517262784 0.9858816015649567 9 8 429
2.1147244702232078 0.1207012286452116 0.9831920493160997 9 9 425
1.9480355287071598 0.12694751907358315 0.9654481301053142 9 9 446
1.8743201545221786 0.11344457370523564 0.9588055769397144 9 9 459
1.8508602833586787 0.12153817746332107 0.9557740774630195 9 9 461
1.7746131572309838 0.11972033436940688 0.9480037977983627 9 9 473
1.811608851417489 0.13157394669838762 0.9469740329243653 9 10 465
1.8234749982810592 0.13639666170788023 0.9317999206628175 9 14 462
1.7837066279902114 0.12607071406754633 0.9286760269701267 9 14 470
1.1662727322546074 1.233975045312424 0.7304861777354065 9 39 288
1.1702263914011442 1.2209026170722295 0.7191947639004805 9 44 292
1.1476624613783242 1.24468213171657 0.7119350133811989 9 46 287
1.122968833079683 1.1999813842421987 0.712804532172422 9 46 307
1.175129202681344 1.2271967436777904 0.7093150192612885 9 48 289
1.1535171801635498 1.216912315964466 0.7087188195476126 9 48 296
1.1663964722355835 1.2253220080466918 0.7065126538443891 9 49 291
1.1570611860298659 1.2010571838385902 0.7047284708996844 9 50 301
1.105335095226593 1.1968744964282947 0.6976882015249242 9 52 311
1.1663732442546846 1.2053238382177636 0.697551632170669 9 53 298
1.1030335865906493 1.1293807694375584 0.6957043725389773 9 54 335
1.1165762844432012 1.1368159645595861 0.6934903839618942 9 55 330
1.1188852240869371 1.1321575097279455 0.6739881853093035 9 63 331
1.1001144958946971 1.1273517533526909 0.6736204569353113 9 63 336
1.0950565339552791 1.123969407966606 0.6662252137494697 9 66 338
1.0889186035141245 1.085982935187992 0.6673877862650155 9 66 352
1.0882223090786696 1.0712009124155997 0.6629010094190061 9 68 357
1.0869199462912769 1.1103557188107491 0.6541747976133986 9 71 344
1.131253087250816 1.1399367184468874 0.6515258471672977 9 72 326
1.1070897557279356 1.1288772107410805 0.6514696005790832 9 72 334
1.080275219724702 1.0959490647294823 0.6446080568423285 9 75 350
1.0920896548370895 1.1071009092354243 0.6419461564060296 9 76 344
1.1236891537347646 1.134430234179829 0.6314493556798085 9 80 329
1.088361775879724 1.0939356305803596 0.6322778181135627 9 80 349
1.1052438354253453 1.1291999485265602 0.6289880851259619 9 81 334
1.080595496269197 1.0889613796483628 0.6223685253379615 9 84 352
1.1082857494624954 1.127307802660734 0.6189911948202325 9 85 334
1.0886455935877921 1.1111862659484746 0.6193776917771928 9 85 343
1.0755434579859848 1.082457624946196 0.6124965230927601 9 88 355
1.125722737485333 1.1357565446875801 0.6086085029938231 9 89 328
1.0922894140706063 1.10587847284262 0.609424467513503 9 89 344
2.466311405659529 1.347964801774392 0.5764269672948023 9 93 150
1.079296608829341 1.085823516979699 0.5998215787839905 9 93 353
1.1054684492472442 1.1281357967567551 0.5962793808260287 9 94 334
1.075882473664234 1.0966415988613476 0.5971934866291972 9 94 350
1.0843495918597361 1.079629308278781 0.5922323376094102 9 96 354
2.462605728366297 1.3715439442758477 0.5587993851930076 9 97 145
2.461865590699193 1.3585324950584052 0.5589746448081234 9 97 148
2.4665456257263774 1.3356112746320044 0.5591649124564809 9 97 153
1.12377927808781 1.1361640768430847 0.5856513504615397 9 98 328
1.098563896064629 1.122588833239858 0.5863449941898029 9 98 337
1.0792316556277766 1.1059723598700315 0.5768570557192882 9 102 346
1.0854179880738344 1.0723276714122383 0.57698207497397 9 102 356
2.4644925252408827 1.3285192736414695 0.5329970349974272 9 103 155
2.4693653715844572 1.2462617282242827 0.5335132027814373 9 103 173
2.4702879385712 1.251043245367843 0.5245229041816065 9 105 172
1.0789909782704485 1.0938526505142827 0.5693518013565491 9 105 350
2.4631706325711766 1.3427955829218936 0.5197593590012148 9 106 152
2.4741690477246054 1.2916009827949522 0.5152438477889787 9 107 163
2.4514007067279087 1.282780332294728 0.5160719735265549 9 107 166
1.111230070711843 1.1360863839743636 0.5629403687234261 9 107 330
1.098066295424399 1.1281149499980696 0.5634336217632331 9 107 335
1.0858680114798587 1.1197791558240786 0.5638954769686303 9 107 340
2.444076366847773 1.3556393939691782 0.5115960700553345 9 108 150
2.476329276377172 1.2503292490400744 0.5108915822462243 9 108 172
2.4567272637395687 1.231761414320292 0.5116749766183506 9 108 177
2.460376011018784 1.156433270996699 0.5118680986459724 9 108 193
2.483553221107527 1.3752433067462155 0.5056864524150121 9 109 144
2.495856276576179 1.3057968161217284 0.505474550059983 9 109 159
2.458675359166808 1.240895677608619 0.5026207151539569 9 110 175
2.460085545638388 1.1473991440540132 0.5028307326423477 9 110 195
2.4535090065917515 1.1158922930230493 0.5031753374521059 9 110 202
2.4800986481140086 1.313891131418482 0.49712596518469543 9 111 158
2.4492357348752907 1.2750555339978638 0.4984512815170755 9 111 168
2.440107130345652 1.226988413773211 0.49891995078216933 9 111 179
2.4605546428511245 1.2037206160142226 0.49814458616351864 9 111 183
2.4829252912566133 1.1843005958445616 0.4972836455657148 9 111 186
1.1160145008796865 1.1333254918659645 0.5524834462656593 9 111 330
1.0737698340605903 1.0992222577725381 0.5542575825268303 9 111 349
2.489857691827745 1.1733415428754195 0.4924493138178867 9 112 188
2.456337552266393 1.1154307015131875 0.493928460496346 9 112 202
2.451841225662004 1.0976535332903201 0.48955892190902395 9 113 206
2.4687584887073255 1.2532300536272354 0.48423475489113676 9 114 172
2.481459757638892 1.1710464638339095 0.4836570719339115 9 114 189
2.440190515366931 1.0819828406708818 0.48090893676507485 9 115 210
2.4405059687324524 1.0528652286529119 0.480869473028655 9 115 216
2.4610707651550383 1.3277312821395646 0.4757171346293326 9 116 156
2.48011284285971 1.1622585535678986 0.4745452956459304 9 116 191
2.471685047124158 1.1453939681721677 0.4749203219381163 9 116 195
2.460396347236769 1.138816144282726 0.47544817647921933 9 116 197
2.462404163400514 1.26439701037999 0.47106294455421094 9 117 170
2.430653290481849 1.0705368813289495 0.4721716643593534 9 117 213
1.0763454086462207 1.08814839468933 0.5388025579855811 9 117 352
2.454887028410954 1.315965477335911 0.46710870310491615 9 118 159
2.4417624118310064 1.2371377792122338 0.4675311311252316 9 118 177
2.4366297483793904 1.0348921930891606 0.46716933292838736 9 118 220
2.46228892907485 1.273973447707864 0.46211455197331697 9 119 168
2.4505870297982986 1.118060354098952 0.4621297310133142 9 119 202
2.4270906427395715 1.0573358638727224 0.4631229930306766 9 119 216
2.448582328681516 1.317665687432744 0.45855457029149027 9 120 159
2.4231923743903065 1.2234732499152072 0.4594866712405682 9 120 181
2.445575309950591 1.2043270377559372 0.4581992840132728 9 120 184
2.449525153411391 1.189396587157617 0.4579194581744732 9 120 187
2.4498055004105925 1.2770517725644273 0.4538268194547693 9 121 168
2.4289309196209317 1.1051808261533453 0.4540662198736113 9 121 206
2.4013996866907203 1.0843254345449103 0.4554727689832486 9 121 212
2.4208907057725177 1.0594199337013088 0.45426674631564223 9 121 216
1.0830394019055876 1.0869934842828397 0.5281336411981776 9 121 351
2.45015106126464 1.1708399187805778 0.44868449575247604 9 122 191
2.463911012830859 1.3332968824101281 0.44442351575880645 9 123 155
2.447581624675503 1.2960595126104302 0.44511919844611847 9 123 164
2.4434406990388577 1.2239201638341106 0.44487012338472265 9 123 180
2.400462334070352 1.099149550364022 0.44651950603674084 9 123 209
2.43455890911096 1.0556356564902118 0.4442439009037803 9 123 216
2.43400434783924 1.0362818170805301 0.4441447638217253 9 123 220
2.415538401768733 0.9879281161482197 0.4448890944105893 9 123 231
2.445530237459969 1.278597434370846 0.4406386416195234 9 124 168
2.443936873704925 1.1158448430814945 0.43950788241816996 9 124 203
1.0891523045795255 1.1105846185845172 0.5201708590632323 9 124 342
2.448460707096015 1.2323837347581537 0.4355921743172215 9 125 178
2.4599983528945053 1.1688879658486198 0.43436220714064644 9 125 191
2.4564661264778023 1.1413136125928718 0.4343496798079258 9 125 197
2.4025101786009215 1.1130914083450572 0.43741063300443817 9 125 206
2.4029700341936873 1.0069221061721148 0.4365039065772176 9 125 228
2.4311712405217327 0.963100668371636 0.43441929547778324 9 125 235
2.448015376171162 1.190849498700024 0.43071753354830633 9 126 187
2.4324648617030507 1.0663539456023845 0.4305670962257966 9 126 214
2.42881029881971 1.043097830013256 0.430585887952168 9 126 219
2.451539309049731 1.2870580884418588 0.4268695468199822 9 127 166
2.4464008439369698 1.2790520393825864 0.4271204372915647 9 127 168
2.440192671992314 1.2438637939654413 0.4271743247371291 9 127 176
2.464577224817206 1.2292880456233148 0.42090819375619565 9 128 178
2.4520706619404113 1.2042615731907855 0.4214647200473927 9 128 184
2.4395984137566495 1.1224149748074543 0.4214215435635169 9 128 202
2.40902501885943 1.1021956182967596 0.4232127090730333 9 128 208
2.4373273497503343 0.9563071871721063 0.4198237935493978 9 128 236
2.434742990564275 0.9420336560348398 0.41984308774416546 9 128 239
2.4684765650159126 1.2192683260325592 0.41596794401431836 9 129 180
2.470533693103508 1.1574230904776899 0.41513351572402024 9 129 193
2.451845296003142 1.200013615611343 0.4122931631420817 9 130 185
2.4596739278367683 1.1793020499023283 0.4115078843292845 9 130 189
2.4247568897249043 1.0980626040057886 0.41292510988568365 9 130 208
2.3906885016592 1.0212000977035833 0.40971769649666867 9 131 226
2.4132273752826294 0.9844888946496786 0.4076708459235794 9 131 232
2.46008300817606 1.3762715908593743 0.40492745307593914 9 132 146
2.4348060619617677 1.259814346452305 0.40516231322003454 9 132 173
2.442374370722273 1.1318485892798966 0.40289223624739745 9 132 200
2.445877629053837 1.239171209219578 0.39954506986537147 9 133 177
2.467713721955324 1.1920418845077814 0.3972782907740941 9 133 186
2.4651667832405244 1.1642392210337695 0.39706785315086823 9 133 192
2.448024042041565 1.0822528639175306 0.39715076215907047 9 133 210
2.433672256180075 1.2968176529687807 0.39676972068201055 9 134 165
2.4217499280335675 1.1186263301571873 0.3949836693966684 9 134 204
2.4332944832348318 1.062290790168529 0.39327758821707837 9 134 215
2.4107275180799776 1.0103238628782087 0.3941795867261813 9 134 227
1.0731163644967339 1.0821864509734525 0.4949572559050448 9 134 354
2.4315364572909526 1.2565763131255718 0.39180520956008363 9 135 174
2.430620557219508 1.0777898220969648 0.3890568774968683 9 135 212
2.4179043086942666 1.0523437545964662 0.38962273453524165 9 135 218
2.438708615228978 1.291685801455897 0.3873052368808605 9 136 166
2.435623617768942 1.278709521083028 0.3873301718116978 9 136 169
2.4133795551443624 1.0097005031158834 0.3846126935681243 9 136 227
2.4703511943397314 1.1921461123938597 0.3785732384393889 9 137 186
2.436927297316887 1.1388627148029649 0.38029538744632585 9 137 199
2.4241850238674405 1.1088315747673712 0.3807841328819179 9 137 206
2.4312145418845845 1.0730313855715448 0.3796102963981691 9 137 213
1.0733509621218005 1.1030492095936466 0.48746837902200457 9 137 347
2.450252963446291 1.2112504572719192 0.37589802031418074 9 138 183
2.4383665503261773 1.051524579607134 0.3739772875854461 9 138 217
2.4435604554407964 1.2639247856338196 0.3728383130890444 9 139 172
2.4485878834797545 1.136263847204127 0.36537302906194097 9 140 199
2.4230549180921206 1.0806430540971679 0.3664207938790278 9 140 212
2.451141401902516 1.0281881111126854 0.36304899621706016 9 140 221
2.4464080850203986 1.2545147796777592 0.36329714791548706 9 141 174
2.44593611815114 1.2128411960979604 0.36249198001714855 9 141 183
2.4460129486762154 1.1658918089745969 0.356895311344534 9 142 193
2.454468228656186 1.139838444869612 0.35561488589072376 9 142 198
2.419117619496002 1.0917167568495971 0.3576638238520535 9 142 210
1.075488691433317 1.0982524988243236 0.47154520138343853 9 143 348
0.624779495574576 0.6258937539687062 0.5009640412771329 9 143 620
2.430938360629404 1.179494711016102 0.3492655671385016 9 144 191
2.409800934735291 1.12815840189028 0.3500022855935157 9 144 203
0.611623924527481 0.618968962253752 0.49969248494470936 9 144 627
2.4521117059923676 1.1409486449540478 0.34182024235700065 9 145 198
1.074438277109929 1.0833588737343276 0.4660516870202491 9 145 353
0.6173408288872848 0.6384996469397897 0.4973448771987605 9 145 619
0.609772279074479 0.5962493425316455 0.49704977003408396 9 145 634
2.439765241951467 1.177640839820726 0.3391654011049626 9 146 191
2.419396338613018 1.1210769014676503 0.3396913544215683 9 146 204
0.6054604133479491 0.6254280013155387 0.4913083721045888 9 148 627
0.5955026730676278 0.6715360125551553 0.4845284831851601 9 152 617
0.5839373218819546 0.6699328263891418 0.4834433256362033 9 153 622
0.6052070776708584 0.6777697667761009 0.4792307357949013 9 154 611
0.5671538092098791 0.6623694318670981 0.48275651967236166 9 154 631
0.5603278682412328 0.6704720820484886 0.4771589375579086 9 157 631
0.5911246364762875 0.6874628909694254 0.46988962146521907 9 159 613
0.5720846660801422 0.6922861644270433 0.4678042989482261 9 161 619
0.6212994470237216 1.8412776240066309 0.5015515313881062 9 162 43
0.5974672275974675 0.6889372433875898 0.45352893954017426 9 166 609
0.6148538445274341 0.7001821810697026 0.43818640637908723 9 172 598
1.135166413125968 0.6948542263622213 0.3565593285765897 9 176 451
1.0331705610439261 0.7046585023327849 0.3711828935295262 9 176 471
1.0859971877910408 0.7006771859497105 0.36063719237350994 9 177 460
1.0743569078540836 0.6981080932069503 0.3531105616081551 9 180 463
1.00642489290636 0.6928306717055381 0.3597859191874316 9 181 480
1.0459754409635855 0.6914042763702155 0.3509313058678467 9 182 471
0.9885992910693786 0.6926268542424625 0.35081223070218737 9 185 484
1.0407202639133983 0.6982097446347202 0.33718418013107804 9 187 470
0.6499287075297593 0.6949542840302994 0.3932548888488886 9 189 584
1.2582499827139273 0.6972437686862625 0.2865121116295972 9 192 425
1.2725671511568188 0.6927718459811674 0.2602562427948377 9 199 423
0.9251270552441484 0.6898195620943053 0.3095251304836182 9 203 499
0.5717302679842377 1.7756932056787071 0.4265936016027656 9 218 101
1.091505789581252 0.6946703432761199 0.232710978876563 9 218 457
1.1100876602050862 0.6978185446396323 0.21959411980410481 9 221 452
1.0953685658940768 0.6937331199950156 0.21601303229524232 9 223 456
0.8736264690641944 0.6885533146111935 0.26296169612802706 9 223 511
0.8573921855952369 0.6866126996272421 0.26626689780512997 9 223 516
0.7755402248088239 0.6887149922118687 0.27595570736413294 9 226 539
0.5739405690895074 1.7764296288300843 0.4132031159084265 9 227 101
0.8048082326765629 0.6872922874738341 0.255839535947773 9 231 530
0.8376524985841804 0.6849935029582341 0.24540024942009803 9 232 521
0.5760031995581534 1.7878041949277366 0.4006993719847337 9 236 93
0.5754764199914528 1.7759052442847527 0.39969053519421943 9 236 102
0.8619908218945946 0.6878102985062315 0.2287958861223925 9 236 513
0.8170993845752414 0.688679644291748 0.22838029478890354 9 240 525
0.5807141821455808 1.8015120120751247 0.38923691275420313 9 244 83
0.7591354557304553 0.6846928868984266 0.23127348083888233 9 244 543
0.8272138696846696 0.690636323683351 0.2121889909724623 9 245 521
1.320989232552932 0.6364551186553915 0.053882686049053 9 253 424
1.299892235801034 0.6351303783580149 0.05929004420835704 9 253 428
0.8409450866383639 0.6910951505340115 0.18334854348010798 9 254 516
1.2249089300564273 0.6370327862273224 0.06510694374718362 9 257 441
1.1922013592112204 0.6379385117140584 0.07055218882370484 9 258 447
1.1515234737174305 0.6327593528111914 0.06730058017776908 9 262 456
1.1217977921683115 0.6332889684987761 0.07563447557789416 9 262 462
1.0828339504395919 0.6296823698132334 0.07940856515687678 9 264 471
1.1566724517100793 0.6272900340109631 0.05487317260475444 9 265 456
0.9892719750270904 0.6664462996253564 0.10383635116819312 9 266 483
1.0653696396360817 1.135782991552993 0.12992337672273413 9 269 334
1.38328173966759 1.026121618291297 0.020714584624029087 9 270 318
1.401653186305283 1.1853815201786875 0.0179219320424161 9 275 272
1.0629854367769562 0.6269918654158826 0.048244912048943545 9 275 475
1.3600068110825696 1.1249291933748538 0.015871773900366093 9 277 294
1.362663500653786 1.204436437082856 0.022009144361784916 9 278 271
0.5846161221927115 1.8213395744737544 0.3371080419359618 9 280 71
0.5857499489499882 1.8095505595799057 0.3336856964632467 9 281 80
0.9941943540145473 0.6276627593219763 0.0496690609821302 9 281 490
1.095841402711462 1.1534747909117922 0.08506351411930624 9 282 323
0.847123974616188 0.6297814405029405 0.0896732458498899 9 283 527
0.5762059003062567 1.6419442709235816 0.3061305556141321 9 286 197
1.0145824009446678 0.6348161347947292 0.027960053346577363 9 286 483
1.0032247954091855 0.6329257947497251 0.028068968957614904 9 287 486
0.9687502507622288 0.6288442814528985 0.03215771681848456 9 289 495
0.9876605580512592 0.6303346598957535 0.022991173620044325 9 290 490
0.5763923142472426 1.6594657856012216 0.30027954769320514 9 291 186
0.5755049535979044 1.606937494103304 0.2931331913692284 9 291 219
1.1591052894675213 1.1269794386827858 0.030747187137487586 9 292 321
0.5787780179253211 1.6448848629660937 0.2941100989588544 9 293 195
0.5775398244994459 1.6276180533724536 0.29204565529456333 9 293 206
1.227140339834788 1.2584634843921936 0.023934816495343236 9 293 271
0.9003253836755221 0.6310681012290957 0.03608237944371395 9 295 511
0.5740412107505447 1.6010323495647165 0.28261058896437957 9 297 223
1.1864529454340653 1.2465836826580843 0.020363405312166516 9 298 280
1.173429159682878 1.2394921675351331 0.023744097266064634 9 298 284
1.1725584788355052 1.2145644040047143 0.02035921793815476 9 298 292
0.5862049160056698 1.8210258438511602 0.30772893381341326 9 299 73
1.1084920116119863 1.1776285465921115 0.02767098059152784 9 301 313
1.0970745454968311 1.1610959507190919 0.029127983290013426 9 301 320
0.5775434566879795 1.656790162847037 0.2813076983043511 9 302 188
0.578694208509224 1.6422621505639023 0.2787124769437369 9 302 197
0.5769504859635679 1.6282536609805451 0.27720006616722737 9 302 206
0.5749323653450205 1.6157998940685305 0.27601786281496316 9 302 214
1.1656022160604973 1.2830061199545626 0.02077298059789412 9 302 271
0.8564418444639899 0.6306939608898692 0.029442198918922413 9 302 522
0.5810565946716972 1.809809917146822 0.3016805219860933 9 303 82
1.1215539091139461 1.209099783579735 0.021876083439669847 9 303 301
0.5757586362349227 1.6714900317322283 0.27754234558063573 9 306 179
1.1143067908036193 1.2766160697237119 0.02289093690224364 9 307 280
1.1103047273565279 1.2602121612091421 0.02176323426267368 9 307 286
1.0713083307322797 1.2047397479638153 0.024069047116924147 9 308 310
1.0404585476307053 1.1922638778527213 0.027347308141219218 9 310 319
0.5784322347818753 1.6603212866801877 0.26650279148180933 9 311 186
0.5793231761440575 1.6474393569071644 0.2641306528280948 9 311 194
0.5769165818794965 1.6384337391093269 0.2635713280512297 9 311 200
0.5751148262633436 1.6243535276864276 0.26198544607114893 9 311 209
1.0267285985482364 1.17472055844845 0.02663433526642267 9 311 327
0.5800918813138615 1.8215861463004666 0.2900119886593948 9 312 74
1.0556563186675059 1.257187687205497 0.026380934359219843 9 312 295
1.0781687755871068 1.3178616102231662 0.022145950940183456 9 314 271
0.5735507158945705 1.6102258460873164 0.25344221054871996 9 315 218
1.06076865166727 1.3075745202750082 0.024038624852229518 9 315 277
1.0392409621251528 1.2644961673998558 0.024996579914459027 9 315 295
1.0353070637280941 1.2545330644843795 0.024831645338548314 9 315 299
1.0626358299173302 1.3211905369185346 0.02271944366040768 9 316 272
1.0448763250304753 1.2940128099723571 0.024876391559472966 9 316 284
1.0454469163448954 1.276344258937264 0.021776018822182053 9 316 290
1.0132418228497333 1.2265298038621628 0.025600730532789218 9 316 312
1.0158398097272228 1.1982883563330802 0.0200185563517854 9 316 321
0.5827567214965168 1.824761564249409 0.2818241521575466 9 317 72
0.5802891667447614 1.6744853177972912 0.2563680774472337 9 318 177
1.0189851551837856 1.2619305973494348 0.023610410093251932 9 318 299
0.5788455583949459 1.6671265051342055 0.2523246337722301 9 320 182
0.5771511881982709 1.6533055853820275 0.25065791967418233 9 320 191
0.5735372864120122 1.6398156527089045 0.24977345858127686 9 320 200
0.5826620799112172 1.813276497538101 0.2737259521277111 9 321 81
1.0010098602913984 1.2700893127884498 0.02333539450462474 9 321 299
0.5717143967015218 1.6210483648187006 0.240458707680557 9 324 212
0.9918101045255132 1.324845654199808 0.02783508790165201 9 324 281
1.0035067909623652 1.347622848632879 0.0244699101811352 9 325 271
0.9857778719695991 1.316308569695491 0.025972604149294476 9 325 285
0.9673626453848796 1.2628092929898318 0.023937068521542204 9 325 307
0.9578578954060406 1.2417084103650238 0.02400312821603412 9 325 316
0.5842206589213584 1.835115730810501 0.26904283400501516 9 326 65
0.5778518438911683 1.6773654127580022 0.23926955242692804 9 329 176
0.5771091072703648 1.6634160137234941 0.23712080955861936 9 329 185
0.5772083447370989 1.6490741693609265 0.234570949556979 9 329 194
0.5758884432036008 1.6381241610167008 0.23317514714610282 9 329 201
0.5790453365082958 1.8239070798995982 0.26289085863008294 9 330 74
0.5719436605069849 1.6246689810974773 0.22719098311283797 9 332 210
0.912003473461487 1.2389948305074285 0.022545078229264104 9 332 325
0.5786806305258276 1.692970231928295 0.23495302281417507 9 333 166
0.9626562486883494 1.3639229748027564 0.01913773202005231 9 334 271
0.9432205824828268 1.3478258485461803 0.024095529910608038 9 334 280
0.9169994201462464 1.2974278991047472 0.025634439749364746 9 334 303
0.5861651476483606 1.8402177704125608 0.25511882482782366 9 335 62
0.5774597150634322 1.679602454089835 0.22626947077776166 9 337 175
0.5753834730957021 1.6660032024760967 0.2229313580954767 9 338 184
0.576170621030256 1.6531000822129347 0.2202444113577967 9 338 192
0.5770667633376848 1.638346779926645 0.21717377529576232 9 338 201
0.5809612934987876 1.8289815061603385 0.2489173946006401 9 339 71
0.912433431157327 1.34491307151194 0.022970834349383074 9 339 286
0.573974658525161 1.624582742562419 0.21068154253900573 9 341 210
0.8659445343822834 1.273229138602883 0.023776076777016764 9 341 321
0.9031818182121778 1.3876216930866665 0.02440208170697955 9 343 271
0.8985140326056358 1.3741541883244657 0.023835167093344323 9 343 277
0.8793487961108435 1.3358032626924705 0.024687995971384935 9 343 295
0.5830732950143697 1.841482138457295 0.2424946019758648 9 344 62
0.5721187548457562 1.596822854409973 0.20097171504550948 9 344 227
0.5810792198501572 1.817705749372744 0.2372586144338042 9 345 80
0.5781746850575568 1.6737793085280328 0.211212647980136 9 345 179
0.8586374497709046 1.321801335720635 0.025663549429073118 9 345 304
0.5748271919621408 1.688588837386251 0.21373713607818723 9 346 170
0.575637624218697 1.660213155712474 0.20625904212066098 9 347 188
0.575612989454189 1.645747895533114 0.20350176659092595 9 347 197
0.5838849834292978 1.834067342479684 0.2344120828661031 9 348 68
0.8607271734266426 1.3670582570516225 0.025803507554947425 9 348 286
0.8474484844469818 1.3500397448116837 0.025717712531116543 9 349 295
0.5752498882956552 1.6313167642077793 0.1956197299072857 9 350 206
0.8084653741510794 1.2890589759440685 0.02573882725470311 9 351 326
0.8561641017720247 1.4063647508905408 0.025393533781427946 9 352 271
0.8551248365731263 1.3919582795533652 0.0230247794694034 9 352 277
0.5693573039699222 1.6181891659177374 0.1903277889294115 9 353 215
0.570677213834186 1.6044023903514797 0.1870355096269114 9 353 223
0.5819414444039075 1.8228661848265093 0.22349454839089106 9 354 77
0.5757262800803533 1.6749626169993483 0.1969826854248038 9 354 179
0.8179332722968029 1.3406776994810847 0.02425651083861502 9 354 304
0.5754714954935465 1.693821526063822 0.19911239880459614 9 355 167
0.5740823821429868 1.6611795981632225 0.1915006409293354 9 356 188
0.5740180268870907 1.6466969009042587 0.188638633837017 9 356 197
0.7846242824445706 1.3012279890394682 0.026201596319943343 9 356 326
0.8161695297305385 1.3861345675012053 0.026703558534185823 9 357 286
0.8099371859269633 1.3667459511744409 0.023143362625337005 9 358 295
0.5727047645602967 1.6324890908454361 0.18108140650696747 9 359 206
0.5720096274882193 1.6195595147499409 0.17342566526311493 9 362 214
0.5754092948178458 1.680428801777183 0.18262745629932436 9 363 176
0.7709343604297343 1.362543270868266 0.027806478554379455 9 363 304
0.5765634125200767 1.6959000613117459 0.18356131439909995 9 364 166
0.75993656818507 1.3458695204547964 0.02700347471866138 9 364 313
0.5744671010133978 1.6681050793146517 0.17701951729226384 9 365 184
0.5716561094630159 1.654313521745715 0.17544671955729385 9 365 193
0.7457216857803817 1.3309210273896621 0.028048321500456108 9 365 322
0.7800434919795693 1.4110450883654726 0.02652744162096554 9 366 282
0.5696929028043944 1.6053035058190843 0.16255658897083725 9 367 223
0.767440366746655 1.395219549706468 0.026683686419301633 9 367 291
0.5712588971999659 1.6399562321774304 0.1673228285228252 9 368 202
0.7805891285179662 1.4341827772837488 0.024036320228709496 9 369 272
0.7438264415495413 1.3822121109488181 0.027900704826663736 9 370 301
0.568939358280592 1.6258711717736527 0.16007260280134145 9 371 211
0.5744502450095667 1.6907321428769146 0.1695792809049811 9 372 170
0.5692710233251177 1.614157510819341 0.15380773900238753 9 373 218
0.7222459071482268 1.37115118320591 0.028741381907736008 9 373 310
0.5709738380518689 1.6774522765984803 0.16487899532649908 9 374 179
0.5718397577591064 1.6629228187598162 0.16132298583547888 9 374 188
0.7132265598743437 1.3543057800816685 0.02708252198723826 9 374 319
0.7419864076728793 1.4293135321164945 0.027273559526489355 9 375 281
0.7321943074231139 1.4129445718029012 0.02610564189989384 9 376 290
0.6967238078934959 1.3318116538259883 0.025468700590126625 9 376 332
0.5723479376879929 1.6484185278288788 0.15259236831500705 9 377 197
0.5706103674348336 1.630732676065527 0.14955637414588874 9 377 208
0.7071923251478737 1.3783169391780417 0.028286540106363223 9 377 310
0.6701496841297431 1.2960726756560654 0.028155831750436455 9 377 353
0.7460241253746027 1.4592378020465087 0.024971820768036834 9 378 267
0.573828237282541 1.7100099061266976 0.16190713086834724 9 379 158
0.7065986484442524 1.4038373920271694 0.029624255110194286 9 379 299
0.571141349005942 1.6983237350484848 0.1571480515624597 9 381 166
0.6453168514235378 1.2887839941983619 0.027218959877175597 9 382 362
0.5722782949834231 1.684185574563706 0.14991728843677665 9 383 175
0.5690920969434644 1.6737618948590076 0.14914925930620526 9 383 182
0.6764696882261445 1.3725352808651672 0.028372164082454354 9 383 319
0.5692753432447241 1.6163757253885804 0.13433842923807304 9 384 217
0.7178776646528426 1.4504900633253652 0.023167181874638954 9 384 276
0.5707714369746804 1.6344635312727287 0.13586916593870368 9 385 206
0.6632695031162525 1.358557372099438 0.027265730523365006 9 385 328
0.5705467021354879 1.6591986332577084 0.13979994902036363 9 386 191
0.5729355759520383 1.6255809493819546 0.13095425782270853 9 386 211
0.6761400253239928 1.3975964289280263 0.027468679947641128 9 386 308
0.6396051455146243 1.3204458382325814 0.028174511894957677 9 386 350
0.6855691609554796 1.428864799182612 0.025417803248782844 9 388 292
0.642078396267107 1.349038515235695 0.026782647055691444 9 389 337
0.6294515319007866 1.3491199328772705 0.03098475550480373 9 390 340
0.6202605399164967 1.3197648314110384 0.02664299916130297 9 391 355
0.6606833893668079 1.4158978048260147 0.026184680169453856 9 392 303
0.6534748280623595 1.3994578690822024 0.026035321598262273 9 392 312
0.6280302866179254 1.3566016334025355 0.02904798142191467 9 392 337
0.6846538795730823 1.481108340070922 0.02695384002128276 9 393 268
0.6843712675100107 1.4684587336649466 0.024135660862811825 9 393 274
0.6742393233063232 1.4533399790008001 0.023598341281144908 9 394 283
0.6349040543104324 1.3887187699962635 0.02866311738075389 9 394 321
0.5148825611023714 1.1123127400426611 0.025481123530999183 9 394 471
0.59236169679763 1.2946493474250378 0.026260374410399967 9 395 373
0.5207748633245205 1.1534114446591102 0.02992109925803199 9 395 453
0.6432095133673269 1.6981549641789957 0.09144624465841167 9 397 159
0.6445393559364245 1.682725112595546 0.08708000805133409 9 397 168
0.65416216456928 1.4426792148830292 0.024917730782598402 9 397 292
0.4947949861602927 1.1068078018807208 0.02577730604228523 9 398 480
0.641542875781318 1.7168588999696577 0.0929866720868675 9 399 148
0.6003942459142894 1.351372948159132 0.02686430967706821 9 399 346
0.5819418376652344 1.3215780603377494 0.027238354454492963 9 400 364
0.631401606863892 1.4336925575203732 0.0260565013423093 9 401 301
0.6228664340238166 1.4206253415254995 0.027406931751823516 9 401 309
0.6047309862075654 1.3843350922143072 0.0282139363310836 9 401 330
0.5486975720046384 1.2601715126537623 0.027795416898562797 9 401 400
0.6457633212512742 1.4695461311556732 0.024995710406576777 9 402 281
0.6406211696298358 1.7369282269743702 0.09078734234792607 9 403 136
0.6384092400494928 1.7144644587656424 0.08648747422021352 9 403 150
0.6389270435371255 1.6994672153062271 0.08255482951565196 9 403 159
0.6085890468354107 1.4082791255197658 0.027704396791912833 9 403 318
0.541110792153911 1.251204646098178 0.025331382563382965 9 403 406
0.4967348398293916 1.170422205554328 0.029260887212886444 9 403 454
0.49239548065834104 1.151718009337158 0.02701048857251287 9 403 463
0.6181444924454949 1.462690915644348 0.029576900994491395 9 406 290
0.5426990126090929 1.2917073526235876 0.027996438080460817 9 406 388
0.6419954120252985 1.687512439617021 0.07027549216086992 9 407 166
0.6084623878191655 1.4483914024265472 0.029158150238951075 9 407 299
0.5199268689817603 1.2452229458648263 0.026656887200991353 9 407 415
0.5115231288492545 1.230406814908866 0.027526325925974815 9 407 424
0.4719112025091944 1.1471402927311727 0.028298100051419528 9 407 472
0.5765927647205158 1.3796930502528968 0.027247729683764432 9 408 339
0.5494131886069561 1.3233058003060876 0.027960072805114145 9 408 372
0.5619112809294359 1.3553864831766376 0.02705651508137774 9 409 354
0.554306693892133 1.3401691936843385 0.027394909623638997 9 409 363
0.4586230164076288 1.136710379064727 0.02865971193181105 9 409 481
0.45296601817821247 1.1193955522412742 0.027414911097913275 9 409 490
0.5779647434565334 1.4045623269473002 0.02850759514665757 9 410 327
0.42653044542692087 1.0635842457749938 0.02573619414594286 9 410 522
0.4024863635354914 1.0214622556967339 0.028307725905732495 9 410 548
0.6186082584264624 1.4849623490585737 0.024371538023039374 9 411 279
0.5814862399205398 1.4237170200093072 0.02721986472217064 9 412 317
0.4371202885509953 1.116873555397294 0.029108804836769475 9 412 497
0.39355813028692066 1.0097498688839828 0.026008169479270427 9 412 556
0.6011021812833213 1.46602504942752 0.025035766022711514 9 413 292
0.5696291274081509 1.4130168612168652 0.028964275926476546 9 413 325
0.4262504257846902 1.1072281982095857 0.02846485208785765 9 414 505
0.418260203741293 1.0952258087367257 0.02983497443087335 9 414 513
0.5215171841872694 1.320843845189391 0.028000806341441198 9 415 381
0.5140523880451614 1.3059062866686926 0.02833298036498677 9 415 390
0.4092529504594461 1.076272294833982 0.02790662438402769 9 415 524
0.5329737735076451 1.3527884276904705 0.027728650945764488 9 416 363
0.4839916379882697 1.2507892497917688 0.028886966496125543 9 416 424
0.4497496038169184 1.178286004842277 0.02938936610731946 9 416 467
0.43399058973913496 1.146751159076358 0.030090622379248755 9 416 486
0.4296302666692191 1.1260777191335434 0.02722060708038998 9 416 496
0.5518548304266264 1.4055530840910855 0.028676728946530616 9 417 333
0.5220950758292153 1.3400309434776438 0.028463969238990083 9 417 372
0.5366462041430681 1.3761626553774333 0.02756707727290386 9 418 351
0.437388099946068 1.16759368467804 0.029413687196073957 9 418 476
0.3693953865909716 1.0136314868271752 0.02781285060148586 9 418 565
0.5700046075655621 1.4618536824658546 0.028937952763049113 9 419 301
0.561880793347238 1.4475856228075195 0.029815155584073327 9 419 310
0.386849771850147 1.0535924671787793 0.026257543153586305 9 419 542
0.5497500771313389 1.4353096514536565 0.029411527869620646 9 421 319
0.488656320696643 1.3031249063567776 0.0295345211993272 9 421 399
0.37422638828007393 1.0443468211989162 0.026839703441659868 9 421 551
0.4029004878930499 1.1296192771681932 0.028766527946303633 9 423 505
0.3974849032811588 1.1128289813568268 0.02744000058449969 9 423 514
0.4975561258335379 1.3359343459836315 0.026975113007356555 9 424 381
0.48954532202604917 1.321887730521253 0.0278557992917412 9 424 390
0.3859127554683697 1.102611229868882 0.029322149269614073 9 424 523
0.536202057480936 1.442049293856417 0.030858410023829386 9 425 319
0.5072891389748218 1.3742803032742557 0.0295155950089111 9 425 360
0.47170013310082903 1.2951343313035748 0.028995700549115266 9 425 408
0.4651722609493032 1.2800893027307696 0.028760339557147074 9 425 417
0.4443447447535178 1.240394361649293 0.03021298086595048 9 425 442
0.4325821150553837 1.2089268052477316 0.02863290537472607 9 425 460
0.41305073169221884 1.1678606409145216 0.028976121558834667 9 425 485
0.40969575510517076 1.149252254719981 0.025970104560291807 9 425 494
0.522200154455799 1.413062427800636 0.02921816735949556 9 426 337
0.5138263426352083 1.3993008850462796 0.028382673585118035 9 427 346
0.41908445994027343 1.1998135831780932 0.029952263739268625 9 427 469
0.37357771360639713 1.0929075910300516 0.027743157180159184 9 427 532
0.538915102180564 1.4683340271292216 0.03030907468925248 9 428 305
0.5325918926335957 1.4537012664049946 0.03005947329740155 9 428 314
0.44978125493541643 1.2761147635804042 0.03055877472511459 9 428 424
0.3760126442014329 1.112662776769719 0.029593764844468184 9 428 523
0.363419680427822 1.0815248653176126 0.028561270410523365 9 428 541
0.4644911387626527 1.3194381942763007 0.029645484445447234 9 430 399
0.3516822658890806 1.0719474209595217 0.028787733362698575 9 430 550
0.383285302762161 1.1530245047248022 0.028201572759678273 9 432 503
0.37741541832084025 1.1373271791411137 0.02738730143649626 9 432 512
0.47171454575123617 1.3586296952374748 0.030090912414990845 9 433 378
0.46760241972076244 1.3425028879790983 0.028116317232530053 9 433 387
0.41552018988753014 1.2343335287017938 0.029355056735815177 9 433 455
0.4862756272971438 1.396656553056161 0.029903764645294872 9 434 355
0.449250267933473 1.31072475705364 0.02830477221171379 9 434 408
0.4218911618289033 1.257951020469335 0.030063335178058148 9 434 442
0.40790244706542444 1.2181170977757458 0.027439241083271892 9 434 465
0.3997693533029504 1.1978951209895925 0.026718983584140488 9 434 477
0.3933170931616937 1.1830100424707202 0.0264649838173312 9 434 486
0.38843358908623227 1.1712641502191499 0.02614117638204483 9 434 493
0.5038018237700946 1.4346908533407063 0.02796977175529436 9 435 331
0.49331268287130114 1.4245491685287535 0.02946373123551782 9 436 339
0.3536382738245416 1.1135055221776378 0.026967495337044345 9 436 532
0.5136883702847475 1.4801015169648455 0.03069348838042263 9 437 305
0.4411424362181856 1.3270497340889649 0.03173703792470883 9 437 403
0.436324732714799 1.3114972846844872 0.030312921680758054 9 437 412
0.3808215300946751 1.1807254675803431 0.027321127741140705 9 437 492
0.3562366972320037 1.1374414666298716 0.030053619809591647 9 437 521
0.39617936783799346 1.2282093298814147 0.029316947896758982 9 438 465
0.42016139307941547 1.2850603806156786 0.028757870132651853 9 439 430
0.4399457326574997 1.3462825989517713 0.030040069041923134 9 441 394
0.3657099074011134 1.17413160586398 0.026708386286681263 9 441 501
0.35746528415092305 1.1615669728658364 0.02818112535418782 9 441 510
0.4519199289953969 1.3810451810245503 0.030613872138944842 9 442 373
0.3950417486155423 1.25543404076372 0.029817213798867592 9 442 453
0.4682860613842197 1.4206571065539975 0.029896549412505413 9 443 348
0.37920243417146815 1.2227478124184534 0.028297637257024277 9 443 474
0.37491554410174577 1.2063106452091674 0.02626318329993782 9 443 483
0.47769160532792565 1.45026188012264 0.030615075785996204 9 444 330
0.3228926049748295 1.1031881610767371 0.02690157757056877 9 444 550
0.47278951604827757 1.4355244149639645 0.027509702922689172 9 445 339
0.4031189088679912 1.2980715501316031 0.031169632786612222 9 445 430
0.34247274232021685 1.153161860768781 0.027152136615927525 9 445 520
0.33619223024291367 1.1386314340249564 0.026871935869356323 9 445 529
0.42173280385655754 1.3402048840814418 0.02981627307664625 9 446 403
0.4149320109254634 1.3265960405897448 0.030118899793868836 9 446 412
0.3602987245091126 1.1996155101072963 0.027497654156183327 9 446 492
0.37875950292862237 1.2492902878964385 0.02839488060550366 9 447 462
0.43882820182683846 1.3988409274908271 0.030353063090441834 9 449 368
0.4226974926468189 1.3635960699064336 0.028308748908303594 9 450 391
0.34608609654632394 1.1926713906214301 0.026604658499426392 9 450 501
0.3380236193447923 1.180453364597919 0.0280996804186866 9 450 510
0.4276478395593436 1.3881509003358163 0.030447971840454224 9 451 377
0.3818754467111978 1.2828596948903672 0.028496039825346653 9 451 445
0.36201571688187517 1.244070322525975 0.027750534085749345 9 452 471
0.3559311508483243 1.2299389045320552 0.02744978356780614 9 452 480
0.3136807603893981 1.1414813332473963 0.02818682656660232 9 452 538
0.3059250744989285 1.128870732163582 0.02747083194147182 9 453 547
0.4470670545867448 1.451335533395988 0.03105546727288755 9 454 338
0.3179377610239249 1.159723753173909 0.027028356356609717 9 454 528
0.4105245788303763 1.3615693801668014 0.02589348947315262 9 455 396
0.4038495971217073 1.3482122933824223 0.026190517749484776 9 455 405
0.3898032744650002 1.3220574904542524 0.027392137631254587 9 455 423
0.36375757757372307 1.2786872126010578 0.02925190002131617 9 456 454
0.34418626703179855 1.2404611713208298 0.02851722112760302 9 457 480
0.4219891115891721 1.4126865628579 0.02810275555053654 9 458 366
0.4120490731832943 1.3820319068069915 0.02345292956240974 9 459 385
0.3526322485955018 1.268981620950667 0.027846947547907952 9 459 463
0.3215997248979757 1.202985570124213 0.02806114806528881 9 459 507
0.4117072104934504 1.4017625239093738 0.027716279525261456 9 460 375
0.3715595068485864 1.3175284754559669 0.02833274871643976 9 460 432
0.3656697007991839 1.303794679620422 0.02800981114538348 9 460 441
0.2981552435230337 1.1598876264097273 0.0264901347492128 9 461 537
0.41956107482532445 1.4329515872202148 0.028315115808988267 9 462 356
0.39269018088944274 1.3616675691358935 0.024215106834263533 9 462 402
0.3518875410848906 1.2965060788816263 0.029162940085932787 9 463 450
0.30722090751806674 1.1974003392057528 0.028200030334521342 9 463 516
0.3956524198246495 1.3830581773984918 0.02504848001350579 9 464 390
0.371741306198493 1.335210432827008 0.026112494444636702 9 464 423
0.3258433340792042 1.2375336541198116 0.026379536099683465 9 464 489
0.3328576222080716 1.2670109753210412 0.02706977991564896 9 466 472
0.32701117977709715 1.2533698737593424 0.02673477235881072 9 466 481
0.40599232787464923 1.423980246380598 0.025229612031609117 9 467 365
0.35077800426190886 1.315433782292051 0.028283472383704655 9 467 441
0.33749743549982636 1.2897692941126875 0.027314495628092406 9 468 459
0.30371624859196233 1.2202307503158285 0.028219133209495206 9 468 507
0.39513388847901443 1.4137705988110703 0.025590748987720957 9 469 374
0.28573740901986144 1.1860775023710641 0.025895897930833467 9 470 531
0.4005154205493541 1.4457239376683746 0.028281187126073082 9 471 355
0.3737048025516294 1.3804515977939964 0.025852450818963923 9 471 399
0.3350842047578302 1.3098804006274993 0.02784055180499434 9 472 450
0.2889555378859512 1.2156377828011982 0.02928791212544546 9 472 516
0.3856311059674521 1.4196685078022353 0.026477949285430125 9 473 374
0.3785645780604495 1.4074629807476844 0.02739939817275583 9 473 383
0.3538848868467245 1.3542071208461834 0.02728361874127372 9 473 420
0.3070169185260624 1.2526807726885136 0.026941158909125962 9 473 490
0.3853331663437032 1.4382624484259534 0.028915488485635965 9 475 364
0.3172956721623863 1.2885829470581345 0.027670356565866028 9 475 468
0.312901876906609 1.2739913784396382 0.026034742664267974 9 475 477
0.33187941580125035 1.3302529319799512 0.029162662168791154 9 476 441
