2.400847956110102 0.28648512809490567 1.02596251235757 9 3 367
2.4163703089605466 0.22422142255627553 1.0325506314799073 9 3 376
2.3931384574373 0.18514361726162631 1.0329924327261615 9 3 385
2.408565728827144 0.16329946495280812 1.0364216721678767 9 3 387
2.406852673202845 0.10972581123315805 1.0404026011804561 9 3 396
2.3666706133063147 0.1181254240059757 1.0352480525295367 9 3 399
2.3199317962945916 0.12541756313076924 1.0294454195879894 9 3 403
2.2770252914999864 0.1307826218405994 1.0242220961808925 9 3 407
2.1767174925607353 0.1246047945834623 1.0134690006717402 9 3 420
2.1311688035417022 0.1342659415580516 1.0076151405661713 9 3 424
2.0984947063975667 0.140889276291557 1.003439821369747 9 3 427
2.490935931862644 1.0846863442301518 0.9696486409247616 9 4 206
2.4775212015762493 1.0699228298003607 0.9693041950123262 9 4 210
2.494416136366863 1.0366949735832705 0.9737393077795071 9 4 216
2.492377848193607 1.0230866743824345 0.9745645055640513 9 4 219
2.45920172647209 1.0239060334629124 0.9708301905585379 9 4 221
2.4279226604485893 0.1139824603347439 1.0376272281337622 9 4 393
2.3516536071788736 0.11545784293359729 1.0243699433110995 9 5 401
2.141889278192306 0.14244621816366165 0.9905578399764652 9 7 421
2.3943460843178177 0.2767617756343739 0.7303670431238325 9 65 367
2.3665182196271246 0.2754638000388083 0.7248190125584159 9 66 370
2.346847434764557 0.2694263725708361 0.7196955671811099 9 67 373
2.397901235648723 0.2739483907562492 0.7158411589519458 9 68 367
2.4474810356291443 0.6790496560654797 0.6848520321827722 9 72 291
2.4601930063568513 0.7109312823191687 0.6416002898280564 9 81 284
2.45878593192088 0.9493581737109198 0.6268561165393177 9 83 238
2.4564874422294833 0.9401628660014578 0.6270568343969883 9 83 240
2.4596773513649306 1.038014678030999 0.6068236960215806 9 87 220
2.4756600029845393 1.0817113710717823 0.6013873328516984 9 88 210
2.4843624825753294 1.0648232456953313 0.5970929990942507 9 89 213
2.4436313947391723 1.1479531589253136 0.5870692613782762 9 91 198
2.4454377424252907 1.185855669306356 0.5554363691133372 9 98 190
2.424909912206008 1.163357482415508 0.5561155415192385 9 98 196
2.486569092781552 1.2909781264760807 0.5489806781704858 9 99 165
2.466919097357772 1.3576611775873042 0.5443733940819698 9 100 151
2.4597329304012407 1.2011598014445832 0.5460574496123659 9 100 186
2.440945717662403 1.1454151897324447 0.547043498478733 9 100 199
2.4529476877481615 1.1280224438973616 0.5469260129543739 9 100 202
2.468547559235808 1.3138454361143537 0.5271716267343988 9 104 161
2.4575025726095308 1.216304068474352 0.5281557376491431 9 104 183
2.4626391067681754 1.2428627194501782 0.5233750342892296 9 105 177
2.47686693532372 1.308094844484958 0.5181149603435012 9 106 162
2.4656018191391826 1.2833830958112789 0.518611887330968 9 106 168
2.4735668014172743 1.1185169522483898 0.5192198917130648 9 106 203
2.4205515563548756 0.8940324719555387 0.5221277184514589 9 106 252
2.4712657365982893 1.3412456586256225 0.5049192504133777 9 109 155
2.454196065315752 1.2592894638060852 0.5058003039458883 9 109 174
2.47949789033599 1.1885670987254127 0.5050804999411124 9 109 188
2.491173971155407 1.328631504344301 0.49977425954451604 9 110 157
2.459381528042724 1.3663586507831522 0.49215238050847 9 112 150
2.4635678902401055 1.4570660826996988 0.48758052860235823 9 113 129
2.468959897836561 1.3517662087674152 0.4829462681404465 9 114 153
2.4889958641732797 1.3209767914395747 0.4820379646562608 9 114 159
2.447500826629138 1.4301120486616987 0.47962171447135327 9 115 136
2.4589631975786577 1.3891227206738197 0.4790395810908271 9 115 145
2.4626294562113165 1.415164735850313 0.47017605668614804 9 117 139
2.4508165437858334 1.4260476326792304 0.46643749377389365 9 118 137
1.3034435050399598 0.6628677590448517 0.46950731978771293 9 134 434
0.6452730865429581 1.7772506000665933 0.5053135108383472 9 155 101
0.6196632593466994 1.596382870686834 0.502312286061698 9 155 225
0.6117819075039301 1.6705889823405102 0.5010163486565171 9 158 179
0.6201419575398461 1.7529126032115598 0.5014394436233561 9 159 121
0.606669795630325 1.6322022901157534 0.4987639493234675 9 159 205
0.5985657546884262 1.5887625469476538 0.4950876543531889 9 161 234
0.599122126092783 1.622003552373668 0.49471104322079484 9 162 213
1.7004585600721618 0.704242751153537 0.3322750350833666 9 162 361
0.6042467273114666 1.6576155489183517 0.4939323083340196 9 163 189
0.587134792747292 1.5699942493586863 0.4926464467843381 9 163 248
0.5893211273971011 1.610912661462504 0.49242058925671356 9 164 222
1.5903363970578994 0.699182631594478 0.3374177857384223 9 164 377
1.5665553300659811 0.7008069409328315 0.3366021707896617 9 165 380
0.5901679533833946 1.6477490918254356 0.4907641177951623 9 166 198
1.7088696051706824 0.7031666477552643 0.3154865265453652 9 166 360
1.6336819087891732 0.702724183803503 0.317031536989809 9 168 370
0.5836724132504598 1.7219339981724853 0.4902670173630764 9 169 148
0.5733329648090946 1.6020473028465627 0.48499735582960957 9 170 231
1.7094429562483306 0.7021561796943332 0.29954581796303803 9 170 360
0.5755069114478638 1.6383598768892038 0.48480623787180893 9 171 207
0.5730536247195052 1.6254240131055209 0.4830710840003303 9 172 216
0.5732075280342334 1.587942919128161 0.4813734165457744 9 172 240
0.5719602560268399 1.578791751531264 0.48112868229821104 9 172 246
1.070525404159843 1.0997242289504836 0.39381761991998504 9 172 354
0.5753660632206183 1.610873393658341 0.48061146864043625 9 173 225
1.6996991264145442 0.7028354729566015 0.2889701998052762 9 173 361
1.5008363185088913 0.7024708126143153 0.3155368602239713 9 173 389
1.489232843947872 0.6971482815824208 0.3168456272428287 9 173 392
1.4742968172901416 0.698522544331607 0.3189047939626543 9 173 394
1.4151292113970588 0.696280567085203 0.32671202549622164 9 173 404
1.3866712344600072 0.6951784150822655 0.33046600255900965 9 173 409
1.3696899771414057 0.6947034565240913 0.33271437023227246 9 173 412
0.566021463530385 1.5664740289342887 0.4783146420285189 9 174 255
1.6009728951367883 0.7084321662133279 0.2986191919461973 9 174 373
1.5426288682819531 0.7055578318572184 0.3063759848829176 9 174 382
0.5718097795154964 1.7120497355555397 0.4828528916464811 9 175 157
1.324879795776841 0.6893315862624165 0.3316789416519466 9 175 421
0.5707757075612502 1.6997013971116965 0.4809825211481422 9 176 166
1.6341221831887598 0.7055024713613989 0.28627642700156286 9 176 369
1.5965896859964221 0.7106042303777906 0.28790829089793246 9 177 373
1.709757966701387 0.7052488355457374 0.2678263103355546 9 178 359
1.5753397391343955 0.7014933149391327 0.28665573585501836 9 178 378
0.5696366882644823 1.6887822622520678 0.476298531314709 9 179 174
0.5687945271827259 1.6760263408873148 0.4757782827689322 9 179 183
0.5681113004830991 1.5993253196818102 0.4720235032548805 9 179 234
1.0731847996869142 1.0912295534179652 0.37426571257997715 9 179 356
1.4150310083104063 0.6991886236237783 0.30568241678973895 9 179 403
1.4567617604665573 0.7045166785202435 0.2963803743520108 9 180 395
0.5669960412612751 1.5855264384399066 0.46845040574242763 9 181 243
1.3542950937463867 0.6996274180598594 0.3074982941645692 9 181 413
1.7144890014458487 0.6971298001457549 0.250709594145096 9 182 360
1.570940994700557 0.7035021436788649 0.27224900191057205 9 182 378
1.4839916601896956 0.7030368752142291 0.2850683331545252 9 182 391
1.4214802342432857 0.7025310044300563 0.2942756622244106 9 182 401
1.399511499702054 0.7008476688972702 0.2974322753848757 9 182 405
0.5648468172244615 1.571905058708892 0.46499932793641163 9 183 252
1.5810348114838606 0.7058238992299204 0.2670756115770758 9 183 376
0.5536332854342239 0.6824856065935387 0.41920332360011003 9 183 635
0.5687972073747503 1.6646498534644902 0.46789459080992335 9 184 191
0.5696745601798225 1.7047926013189572 0.4685003610532485 9 185 163
0.5712536700138078 1.6902556897115149 0.46746089366444665 9 185 173
1.0783667784366275 1.1062637687322248 0.35807702229324295 9 185 350
1.6642846402383333 0.7078914948603054 0.23899010720514335 9 187 364
0.5663791435762465 1.6785898807036728 0.4632006342910777 9 188 182
1.7011501906230166 0.7040418805741142 0.22902568190410977 9 188 360
0.5650885941872836 1.6525729266700682 0.46043696568260517 9 189 200
0.5648817009208285 1.5912478504938505 0.4553814509512016 9 190 240
0.570028326384618 1.7037397518034094 0.45973737060767816 9 191 164
1.5185795950968763 0.7044683454399494 0.24654644391222647 9 191 385
1.5044389490250392 0.704974400290368 0.24886556999842074 9 191 387
1.4886924893201248 0.7022840047376082 0.25125381577499706 9 191 390
1.4630590560497425 0.7107707758939004 0.2559096596190622 9 191 392
1.4311324137538233 0.7023226690691935 0.2605732555432504 9 191 399
1.6305593955928979 0.7047473325118396 0.22452303758234304 9 192 369
1.5898678778813453 0.7074686952999956 0.23133857044087802 9 192 374
0.5534997884529935 0.6846413930735582 0.3993494838912138 9 192 633
0.5685350317790769 1.6913808201468037 0.456332398750121 9 193 173
0.5673426944701203 1.6713901921401109 0.45530410177081304 9 193 187
1.4523592209658487 0.7045766098133155 0.25000303515709565 9 193 395
1.5284151741077636 0.7060392829404183 0.23002101591679558 9 195 383
1.465453956177395 0.7039231264179155 0.2404776835491581 9 195 393
1.691849087979214 0.7080458388452817 0.19460966080177944 9 197 360
0.5685280922476905 1.6580992159795667 0.4468664433056032 9 198 196
1.5290601707402196 0.7047835112675476 0.2147445822897377 9 199 383
0.5666308131320331 1.7064818367577386 0.4474552229940545 9 200 163
1.6915794029702196 0.7076935482958742 0.18253330347907382 9 200 360
1.635099033155074 0.7050315444528599 0.19230343151942542 9 200 368
1.5808968953828066 0.7068713542517668 0.19810834677579847 9 201 375
0.5738225047867562 0.6815064479730697 0.3753756333543258 9 201 624
0.5671199473061624 1.6937245292218144 0.4435919481672127 9 202 172
0.5691730597484341 1.6802647058417866 0.4423023014952199 9 202 181
0.5671919323306476 1.6675478530882295 0.44178693911135847 9 202 190
1.6161682570375366 0.702481381100349 0.18368290988036995 9 203 371
1.5180110489261445 0.706514940582653 0.19794516596644074 9 204 384
1.6551523972276942 0.7056232941245344 0.16885436988258462 9 205 365
1.6143400382828381 0.7032380042276922 0.17619926499741945 9 205 371
1.546237974934795 0.7012904077701361 0.18859946730549704 9 205 381
0.5679290076423673 1.6543073949467806 0.43174663780496714 9 208 199
0.5549129425539632 0.6703021959404811 0.36209719178188493 9 208 634
0.5688837619288868 1.70952138657226 0.4341503362112973 9 209 161
0.5654191427913822 1.6916926460538089 0.4334895378823015 9 209 174
1.6872360685584535 0.7040806935731796 0.14659787476727437 9 209 361
1.574519587803372 0.713639836846907 0.1648997364523221 9 210 374
0.5657519680307461 1.678703746551492 0.42949613871116515 9 211 183
0.5709423662576976 0.673248802464459 0.35237814288862196 9 211 626
0.5646766398688143 1.6978597889602929 0.4282159495946596 9 213 170
1.6577013546596628 0.7024362704305638 0.131951092091035 9 214 365
0.5918589593193275 0.6764074677047192 0.33920250358811066 9 215 616
0.5539799461122076 0.6642437507434462 0.3458245142829418 9 215 635
0.5684791250343444 1.6651292499467698 0.418912728489486 9 217 192
0.56176838113869 0.669224825040472 0.34005023417845104 9 217 630
0.5682686941851123 1.6873241968862447 0.4192525290426331 9 218 177
1.7286695138536183 0.6871873875607739 0.09997401557204366 9 218 359
0.5689594964945566 0.6752172078506233 0.33444000502111404 9 219 625
0.5704491939003119 1.673739526815807 0.4146849900058048 9 220 186
0.591565617612912 0.6771188180440761 0.3252163052093398 9 221 615
0.5684902255575971 1.7062924585141876 0.4148335382190236 9 222 164
0.5765284877907964 0.6767507644082515 0.32600782488572355 9 222 621
0.572132410468795 1.6926364194330987 0.4114079300290987 9 223 173
1.7500214779865346 0.6393706314650247 0.06610900357641525 9 224 366
1.7949311854220036 0.6464745202801443 0.05273076627053763 9 225 359
1.734308910133928 0.6388668354500573 0.060926918226047566 9 226 368
0.5737422055136246 0.6785479791057285 0.3174180263237497 9 226 621
0.5736118014904236 1.6853986450154752 0.40139776804954663 9 229 178
0.5748096384375544 1.6777915816553026 0.39891771182467395 9 230 183
0.594267751370174 0.6790922945060016 0.303494062698879 9 230 612
0.573252194454712 0.6805763186092282 0.3083479553224436 9 230 620
0.5547353293760036 0.6545467239493004 0.3101323121508869 9 230 635
0.5706330231432608 1.7179469581473092 0.4020292780297738 9 231 156
0.5723253550468184 1.7048258291011391 0.39893723701139583 9 232 165
0.5705625561082379 0.6816894472060668 0.2973381687764687 9 235 620
0.5806556871830149 1.6918533959568312 0.386647170629108 9 238 173
0.5810692236131448 1.678422289437295 0.3836876802233261 9 239 182
0.5774663304749517 1.7216901833236393 0.38730824310586387 9 240 153
0.579088610423687 1.7085080498216714 0.38408404278830865 9 241 162
0.5829733180825872 1.7341558908768762 0.37663707517825434 9 247 144
0.582743403147093 1.6950138342096408 0.37257559000653784 9 247 171
0.5861736819677101 1.7507767385623896 0.3745589043858734 9 249 132
0.583949542659334 1.7270249582570412 0.3725885366152972 9 249 149
0.5815720389753994 1.714543407138829 0.3703280547658543 9 250 158
0.5807863626339825 1.6837863010229943 0.3656560822112002 9 251 179
0.5871107580416779 1.7212017611128827 0.3619080889141326 9 255 153
0.5858293406297428 1.7387572939259088 0.3626844816106244 9 256 141
0.5832389857918157 1.7014966895281531 0.3591750795092117 9 256 167
0.5837351291667343 1.7533648687388232 0.3618606067560129 9 258 131
0.5829885344953672 1.7150779618962027 0.3545808418207088 9 260 158
0.5853550814769168 1.7410633008934744 0.3492667956161458 9 265 140
0.5823350061282613 1.7286572834589575 0.3486269865954391 9 265 149
0.5820045571772623 1.702422122512703 0.3455620274162705 9 265 167
0.5832666031961844 1.7598744334620047 0.34907751245874435 9 267 127
0.5808588794159341 1.7205675641989573 0.34185889821349236 9 269 155
0.5826140284903737 1.692148402469929 0.3378329927091779 9 269 174
0.5835737330318675 1.7361610909999299 0.3399063765829215 9 271 144
1.0948201956601769 1.1553990687725066 0.11731474137215514 9 271 329
0.5808459470307326 1.7077790083865443 0.33242849272284675 9 274 164
0.5841689427689976 1.760630146735022 0.3351346725763825 9 276 127
0.58099759220734 1.7241988038018905 0.3282340485832334 9 278 153
0.5820081696610688 1.6944301163535922 0.3240121055962311 9 278 173
0.5818022742110682 1.748658920479867 0.3281094611296706 9 280 136
0.5819188871360581 1.711236526465009 0.31833786587061574 9 283 162
0.5812427761951713 1.7365166228071445 0.31571885459762306 9 287 145
0.5801543402286629 1.6984826826732329 0.3107716434991114 9 287 171
1.086830238097485 1.1584162699821436 0.07333613856748156 9 287 329
0.5820115838682879 1.7578703900851846 0.3168935835472645 9 288 130
0.5833260941235563 1.724636326963497 0.3118142195070228 9 288 153
1.089449228293108 1.1536246776070072 0.06297112259185655 9 290 330
0.5804661153125688 1.7181392973665437 0.30547358801166713 9 292 158
1.1234174641755093 1.1418459732346935 0.04115686687834608 9 293 328
1.0724362746862286 1.1434591183647422 0.058242644812225075 9 293 336
1.0264219345163377 0.7993904874032964 0.023754516489427502 9 293 444
1.0572358064959118 1.1295020368367834 0.058319356889413365 9 294 343
1.1298789706793582 1.1642682960890993 0.03620146368242505 9 295 320
0.5811227504352251 1.7459712612144092 0.30297125042346684 9 296 139
0.5799745753729624 1.7331807192761461 0.3014757994389017 9 296 148
0.5841728562555766 1.7612854002419245 0.30263300615226174 9 297 128
1.1797429624840148 1.2331734443613933 0.023495579196620264 9 297 291
1.1688769991529928 1.2094440873241183 0.023652608470146164 9 297 300
1.1636641490954658 1.1990676548883306 0.023876987298773855 9 297 304
0.7947593712311223 0.6217151896638726 0.06004688408307857 9 298 549
1.0899300086276011 1.1557823857131742 0.033420601807294004 9 300 329
1.0560586988504395 1.1135248051811886 0.03866732188880151 9 300 348
0.9549806609491991 0.7906933259260578 0.024705567574211162 9 300 462
0.5813393788707237 1.7493629929257755 0.2939450969972976 9 302 137
0.9062077675342857 0.7178398046777947 0.0243530042358735 9 302 493
1.0642176079358179 1.1470797466848999 0.032070388161954844 9 303 336
1.0982698941240694 1.201787437548116 0.02563381039549939 9 304 313
1.0810969042574157 1.1822560272607119 0.028630460051914497 9 304 322
1.0448857400410148 1.1227347004300583 0.032124033080746184 9 304 347
1.0430043775909192 1.0980582359512687 0.02898010632747794 9 304 355
0.582715345491268 1.737895452062692 0.2869385205677406 9 305 145
0.8322611969009603 0.6383013961650983 0.02884746240558811 9 305 533
0.8148451258492888 0.6224632869812665 0.032514716050749515 9 305 542
1.1187337726976334 1.2812403648161648 0.024842367205563542 9 306 284
1.1083890059569197 1.2585573141438844 0.024961755918042283 9 306 293
1.1022834664781014 1.2338567126365994 0.023269325055125245 9 306 302
0.9204015030035759 0.8195320902719503 0.022951400556742163 9 306 462
1.04116415996542 1.1466826494607791 0.025422205980801582 9 308 340
0.8933446201116124 0.8101472557255711 0.02215220677088281 9 309 471
0.7856137492098552 0.6270273250077265 0.031753385696589476 9 309 549
0.8592227840901772 0.7500680682686787 0.021900364099680658 9 310 496
0.5798809326756192 1.7561387082784568 0.281280447138986 9 311 133
1.0342408271097272 1.1813919657884542 0.02469196821673436 9 311 330
0.5802558663203089 1.706462319493187 0.26992264306257 9 313 167
0.5797343596230606 1.6929183795552676 0.26791891575835713 9 313 176
1.0469321384147103 1.23266001990382 0.022565379805254637 9 313 311
1.0301741507015612 1.2138925714766495 0.02565056786018649 9 313 320
1.006496177581974 1.1375801225848066 0.021942014177151692 9 313 349
0.5816362594905632 1.7475772475558806 0.27448032676839085 9 314 139
0.5784671753784842 1.7350191115846452 0.2735985891204241 9 314 148
0.5778578633166307 1.7233894655219306 0.27192786581902395 9 314 156
0.5785216696905895 1.6809608720741318 0.264772191629916 9 314 184
0.5831975400542841 1.770275718161719 0.27602136386406617 9 315 123
1.0563712657159976 1.3107286700576941 0.026110299933814862 9 315 283
1.0499129455745917 1.2874613225332854 0.024682910455153695 9 315 292
1.0459277259793642 1.2628697050272795 0.0221258356202223 9 315 301
0.985074813739178 1.1801344872399753 0.02539040107874646 9 317 339
0.5782320905446084 1.667261088715607 0.25597373446930605 9 318 193
0.5767560003008453 1.6598622859004635 0.2519408006221526 9 320 198
0.5764183160217272 1.6488027908637872 0.25020769906849283 9 320 205
0.5743979857590793 1.6364715686008977 0.2488965849916635 9 320 213
0.9868608530862855 1.2089570816845343 0.021079154147546797 9 320 329
0.5774362702497173 1.7107298013097518 0.2569702080078329 9 322 165
0.5787969528620193 1.6968345832350011 0.25408843446861196 9 322 174
0.5791084715063282 1.6829262793116335 0.25160469749791503 9 322 183
0.9888014329775638 1.2635315646580119 0.02399310743519667 9 322 310
0.9758363399318704 1.2439503877555178 0.02560988428471367 9 322 319
0.9647070021155615 1.2176457504071854 0.025383090814779075 9 322 330
0.948778023445563 1.1880139146491144 0.026421647378496504 9 322 343
0.5812261554551609 1.7585554535886356 0.2620541811513222 9 323 132
0.5797219521124745 1.7472632682847815 0.2607005559744805 9 323 140
0.5794146451188359 1.7342045041783747 0.2585862161257794 9 323 149
0.5810683986401695 1.7756769744495382 0.2634531443374132 9 324 120
0.9986850926462636 1.3296798127490987 0.02600804625436126 9 324 285
0.9900591616225356 1.3083622572883655 0.025666739188737298 9 324 294
0.9644570699755244 1.289295044228349 0.026826654202276368 9 326 305
0.9429041742594024 1.2173911561177544 0.022719093885391395 9 326 334
0.818803904490317 0.9310042305527485 0.021227263175171318 9 326 454
0.7418654169103989 0.7674966844339699 0.0227406561739808 9 326 523
0.7998403374995384 0.9174978916020746 0.023497606141700156 9 327 463
0.9423644886390139 1.2606019790269274 0.025025798247714226 9 328 319
0.7304702904136651 0.7684502932454729 0.02180308129779951 9 328 526
0.5793194388306043 1.695718538812406 0.2420812508380641 9 329 175
0.5785911289008485 1.6694455266994572 0.23773583970368306 9 329 192
0.5749918792684009 1.6560753182163184 0.23679658995769093 9 329 201
0.5740896206059471 1.6418676288402623 0.23464703533738773 9 329 210
0.9734635629105808 1.3404817674433844 0.02415009715529237 9 329 285
0.804096730211284 0.9723198194601971 0.02596928894196293 9 329 445
0.5831013604160442 1.7661531580540957 0.2514005773491259 9 330 127
0.5761508362567868 1.722166776311107 0.2447183776631247 9 331 158
0.9304594886339272 1.2804513593525981 0.02516760139775065 9 331 314
0.7545669789490295 0.8848627925586616 0.024640247633252566 9 331 485
0.5782700298185759 1.7541019312985267 0.247949439532548 9 332 136
0.577966345776088 1.741103534568604 0.24574373050337472 9 332 145
0.9473087511760263 1.3436480219975582 0.02442611887988211 9 333 288
0.5763442872749958 1.6859314602776294 0.233164400100911 9 334 182
0.7216642797289667 0.8525496396079082 0.023901077506975232 9 334 504
0.7665624637904496 0.9804666102128611 0.026279802425570598 9 335 452
0.7226744552028317 0.8848546549598504 0.026669445365851252 9 335 494
0.7061700763719682 0.8066221178626789 0.019132760296642903 9 335 522
0.8922314019204562 1.274628593572269 0.02362370353976362 9 337 323
0.879118152536692 1.2567691522069837 0.025701150126729022 9 337 332
0.5787822691590888 1.7087304108078962 0.22965022428993337 9 338 167
0.5787396447918105 1.6715698098159186 0.22281322572336976 9 338 191
0.5778621240291478 1.6574643950293777 0.22057137102158825 9 338 200
0.5732598545318801 1.6441838792158725 0.22000960808453496 9 338 209
0.712670568105269 0.8938657405637243 0.02442130586768032 9 338 494
0.5780427618679975 1.7719555529302875 0.24000702955473552 9 339 124
0.577718317558501 1.7330561449093786 0.2312850330553189 9 340 151
0.8823214426641668 1.3145995725580084 0.027283467234910264 9 340 310
0.5771127559987492 1.75945263860604 0.23483105289662132 9 341 133
0.5787233710026555 1.7462040756320873 0.23168169124451088 9 341 142
0.7261538087405025 0.9858865878854839 0.02548555984071932 9 342 461
0.6692329769957477 0.8746385805512195 0.028322291524518484 9 342 513
0.5772453004210745 1.6956621268016592 0.21947083295461078 9 343 176
0.6854435506682809 0.9000483726982285 0.023729333275857356 9 343 500
0.6644443973658838 0.8657752778243826 0.02345498604950924 9 344 517
0.8908720274533397 1.3835449999602512 0.02390174556524627 9 345 282
0.8487551127955106 1.3071957053105043 0.02460564950346189 9 346 319
0.575826898806149 1.7250792969430868 0.21899506352281933 9 347 157
0.5762018054302255 1.711469156527567 0.21621295262657075 9 347 166
0.5782894413015295 1.6848607341264208 0.21019596355895387 9 347 183
0.5765286170318138 1.6711011137400031 0.20829605325060901 9 347 192
0.5756102675910395 1.6569675823145358 0.20596474422850009 9 347 201
0.6879151700818349 0.9350396304904265 0.01897083342259076 9 347 488
0.5797429666395699 1.7726914753980887 0.224872731846874 9 348 124
0.5781831660528192 1.7397017349248625 0.21750063477690068 9 349 147
0.8442065544343267 1.343104058911487 0.025919089676557316 9 349 306
0.82827348640396 1.3277802270442542 0.029793068671681744 9 349 315
0.6825892135562583 0.9742707581519823 0.02370969284539437 9 349 477
0.5775984678443529 1.7660258369574915 0.22124174230703442 9 350 129
0.5782370388166908 1.752961034777357 0.2184127785614275 9 350 138
0.6336462771204603 0.8672270663572386 0.01882637366675388 9 351 526
0.6489170026875802 0.9439730223913911 0.02474854702518481 9 352 497
0.839971958993057 1.3828531361682201 0.02561039229613682 9 353 291
0.626911626333515 0.9096652731586837 0.025054543375501503 9 353 515
0.5769582831196285 1.6618666633140524 0.19424767682899513 9 354 198
0.5767907897269113 1.7286850820586308 0.20428062233687128 9 356 155
0.5771298252688551 1.7150654091592987 0.2013936155050271 9 356 164
0.5764397672109789 1.7014393349384123 0.19896124567227802 9 356 173
0.5765893429398237 1.687442411317323 0.19608236937778833 9 356 182
0.5786108233428854 1.7809729608648832 0.21072074562122978 9 358 119
0.579600364962725 1.7462204849185137 0.20323108795522232 9 358 143
0.8048252540674734 1.3764528330531616 0.027632671710474566 9 358 300
0.7958197515062952 1.3585269407207223 0.028020299225860912 9 358 309
0.6221603134049698 0.9414451578091165 0.02101480930048516 9 358 506
0.5789463544805471 1.7682154514011879 0.20633865537123242 9 359 128
0.628523665266063 0.9778364694299503 0.02308364088667514 9 359 492
0.8133462287819893 1.416315819112149 0.02710160813168505 9 360 282
0.8030541539173903 1.3991163981585255 0.025812655749238855 9 361 291
0.6000389594280445 0.9359265639513251 0.022406070168209058 9 361 515
0.5747034677577505 1.6899236991484756 0.185436715497376 9 363 181
0.5749413220527486 1.6741154351006529 0.18204908419615473 9 363 191
0.5757741855900312 1.659491687295154 0.17863586683321353 9 363 200
0.5765489809939669 1.7340104591981613 0.19037796242240967 9 365 152
0.576871643161798 1.720420064954354 0.18738522040718075 9 365 161
0.5777995633880448 1.7080343452225013 0.18436640065787713 9 365 169
0.5801577050786796 1.7542594415009196 0.19128577146150227 9 366 138
0.7707548093353982 1.3991941190766264 0.02631851284026998 9 367 297
0.762023051833576 1.3818131296440774 0.02669435743554871 9 367 306
0.5753752478381018 1.7809872707114662 0.19583185764244826 9 368 120
0.5787457589841166 1.7734843921510564 0.19267244583895837 9 368 125
0.5977890710378476 1.0236341983339963 0.02477182268104028 9 368 486
0.5899276814414667 1.0079857186927177 0.025110203675996257 9 368 494
0.7793726403823231 1.4329969137420244 0.024770180791965468 9 369 281
0.5592179906451501 0.970842364929806 0.024402519932568145 9 371 517
0.5759740279932153 1.7612607608750313 0.1847117755208212 9 372 134
0.5751199449142298 1.6967430748394043 0.17118977897851295 9 372 177
0.5765730005640982 1.685450784826696 0.16806556827916153 9 372 184
0.5728766071061769 1.6720138932726119 0.1669125533228485 9 372 193
0.5776911613919087 1.7421084114235232 0.17638531974487692 9 374 147
0.576134903152532 1.7288885701318426 0.17424851783527212 9 374 156
0.5754381677846044 1.7153552685312343 0.17163396667340947 9 374 165
0.5787282614422158 1.7713504450535722 0.1805905116261825 9 375 127
0.5791445218472544 1.7568597438872549 0.1755394610222355 9 376 137
0.7405478152741514 1.428936131618581 0.026024056306736876 9 376 290
0.7271433536850408 1.4143886481564631 0.029265871811191335 9 376 299
0.744609997474361 1.4543772394319117 0.027379943003126517 9 377 278
0.5306046978650055 1.013749358003508 0.026466324132138896 9 380 512
0.5744014471742049 1.705355920933777 0.15786644253031912 9 381 172
0.5716926855976756 1.6918938462809068 0.1561726938043122 9 381 181
0.5696413794280435 1.6797404687004494 0.15445064595739322 9 381 189
0.5736730098508739 1.6675903045788598 0.14975126669969469 9 381 196
0.7463193947630291 1.4979391592977969 0.02491722559763232 9 382 258
0.5769982012603613 1.744555560105598 0.16198529857694477 9 383 146
0.5744795876175396 1.731479840835707 0.16026984896562257 9 383 155
0.7307829772278044 1.4842963657203514 0.027239984493747538 9 383 267
0.7275934142942804 1.4658541213992673 0.02464152593023594 9 383 276
0.5759176070770373 1.7755129665251805 0.16784888207975357 9 384 125
0.7433665396656088 1.5205684859878457 0.027006480416597478 9 384 248
0.5760643988656705 1.762569182444102 0.16314881045270824 9 385 134
0.7083829020161841 1.4540916331065343 0.02699997778247254 9 385 285
0.7051464228493735 1.4355675444794496 0.024383209792151805 9 385 294
0.7509285614543635 1.556026969568388 0.02688694266625391 9 386 230
0.7428004461315652 1.5398475593519891 0.02723680444531018 9 386 239
0.5748782564965539 1.7183391960989454 0.14498987962791565 9 390 164
0.5703599068700155 1.7053277419719832 0.14424876771503226 9 390 173
0.5712730579393932 1.6910758184264925 0.1404671300404 9 390 182
0.5717046216806395 1.6798827304939485 0.13764181860185631 9 390 189
0.7148179180027774 1.5119181247426132 0.02382318614319545 9 391 257
0.6674911602838322 1.419719471621367 0.026329737178022117 9 391 309
0.5767470942409344 1.7499241790705307 0.1479765717656526 9 392 143
0.576081116502258 1.7365581661637732 0.1451782279473337 9 392 152
0.569867474996751 1.665994436665816 0.1317817709331629 9 392 198
0.7288986021743328 1.5611401501112248 0.025990906571193406 9 392 231
0.7047070009127044 1.5009451158795968 0.024205157666097876 9 392 264
0.6917031522561944 1.489107377586178 0.0280630610049889 9 392 272
0.5750206025774036 1.7794555776928538 0.15410958743194303 9 393 123
0.7133595132593271 1.5313254581495048 0.024738765935832907 9 393 248
0.5760924344120446 1.7664112429950394 0.1487870259337194 9 394 132
0.680308177432963 1.474670748962228 0.026138582604339433 9 394 281
0.5738539573900325 1.7236357401897295 0.13633774098729196 9 396 161
0.7022209710983996 1.5516546012298833 0.02664692061610685 9 397 240
0.5763025837017367 1.737172739021298 0.13309930801047654 9 399 152
0.6367144144271171 1.4365478248984096 0.02670799688710468 9 400 308
0.5748594048411029 1.7540507650174217 0.1344942742507379 9 401 141
0.6986913911788385 1.5749932790483148 0.02556615221071712 9 401 229
0.6754081774165891 1.5266491581150743 0.026082000864189325 9 401 257
0.6668051886363098 1.5115222367844692 0.026938643016499286 9 401 266
0.6607148811671775 1.4954034490269241 0.026228052218338904 9 401 275
0.5748033377208814 1.7847689209723248 0.14031062331865957 9 402 120
0.5749111063929536 1.771873165969558 0.13539597065122055 9 403 129
0.6458529793966217 1.7443841950497618 0.08907611259650405 9 404 141
0.6340760179582104 1.4735680991304276 0.028643935970169454 9 404 291
0.6629980211900923 1.5552084581634618 0.02914879339784482 9 406 245
0.6493239082767764 1.7760601051086056 0.0894768751677053 9 407 121
0.6401633529975995 1.759817547142157 0.09036768292390507 9 407 132
0.6137113448083625 1.4641395739953986 0.030931736324498194 9 407 300
0.6436942301724453 1.784645947272503 0.09098108243286263 9 409 116
0.6044531427312183 1.4498201245063473 0.0281841494215207 9 409 309
0.646015544394271 1.5455449625943913 0.02758329699899975 9 410 253
0.6410040465461848 1.5335804219432845 0.027297464069662603 9 410 260
0.6105060329887433 1.479890427264187 0.028307099319609952 9 411 293
0.6394933881278745 1.7462480678615622 0.07613538688827504 9 413 141
0.6503087242348711 1.8243087171292462 0.08827127190273099 9 414 90
0.6437891197430793 1.8380462023386892 0.09359749963134067 9 415 81
0.642813682943283 1.7715686619970166 0.07518996654300247 9 416 125
0.6566255355204337 1.855503672333574 0.08735230808514638 9 417 69
0.6469340756091669 1.814408421286751 0.08212198571276264 9 417 97
0.6468667890828388 1.7993490103730618 0.07641424579203004 9 418 107
0.6478054331655398 1.7853678178733308 0.07225305524164716 9 418 116
0.5806285383600521 1.4773036998740423 0.02981603128174304 9 418 301
0.5740922871905818 1.462311683204979 0.029582252263061992 9 418 310
0.6491246432254318 1.826557692884156 0.0803983411564988 9 419 89
0.6030215751743379 1.5229044041308792 0.02708659951272341 9 419 273
0.5924062713380684 1.5096948821254403 0.02961063974783107 9 419 282
0.5830488761791639 1.4960492888324182 0.029291552502188845 9 420 291
0.6566717795787771 1.8691402994198554 0.08366609238771394 9 421 60
0.5934821845707376 1.5267672661283986 0.027419080837292387 9 422 273
0.6487584563260835 1.8492765040035946 0.07931046241732842 9 423 74
0.5584134828767078 1.4698353227941512 0.030321123663387017 9 423 310
0.6516439624533239 1.9033389040738857 0.09022400215636894 9 424 36
0.6440249459121199 1.8366682631130118 0.07322470419323546 9 426 83
0.5583351298456767 1.4895004908139686 0.02761282349381422 9 427 300
0.6486929776171255 1.8773594549792798 0.07785775467000366 9 428 55
0.6481821026943934 1.8645143100605504 0.07468779721141194 9 428 64
0.5665361778346132 1.5206273533579278 0.029258745071403247 9 428 282
0.6481640606619605 1.892969389889962 0.08060237831008266 9 429 44
0.5557686151151902 1.5080715322167622 0.0301437991198632 9 429 291
0.6460708352884538 1.8521289799096008 0.06531518954956828 9 432 73
0.6411943300759585 1.7833147587392773 0.04558328422028435 9 434 119
0.5205283474171536 1.567004180420104 0.029310626980645793 9 449 267
0.5032426061020886 1.5615558546846335 0.02731512756316412 9 455 274
0.47184715098916685 1.6159272680580499 0.03163593573354717 9 473 249
