2.3721259467743097 0.2295830913229564 1.0397569429372098 9 3 391
2.366690090113223 0.1378940294558164 1.0459886188387355 9 3 407
2.339894848593622 0.13191852841541452 1.0433953361126107 9 3 411
2.3909511912375043 0.21091533819071384 1.0292447728969263 9 6 392
2.384811607379993 0.19104199338591976 1.030018146463108 9 6 396
2.403979562786713 0.13026782806838266 1.0365333880528114 9 6 404
2.504672984770924 1.0460644093317288 0.9766738211531572 9 7 225
2.4230472128532443 0.1356663642177589 1.0334447638181037 9 7 401
2.3342732316414163 0.134466679361799 1.0239414535705178 9 7 411
2.4125136550107813 0.14199232864001932 1.0223128292091885 9 9 401
2.323936199302953 0.12886864265866582 1.0139127467171214 9 9 413
2.5070741913761814 1.0514743205864308 0.9248000719314884 9 19 224
2.4209487657132667 0.6318047634818935 0.6671232135931374 9 79 313
2.416932823579205 0.655293226282144 0.6571358373342949 9 81 309
2.4247334384785315 0.6840178192791808 0.6471365370622963 9 83 303
2.4383582140949023 0.6670237119930349 0.6474997765745043 9 83 305
2.4245842283770513 0.6351325219170749 0.6386127854661507 9 85 312
2.4417545254454875 0.6707572724047322 0.6331706805245023 9 86 304
2.4218782026080663 0.6253863470436132 0.6340369769906312 9 86 314
2.4666591710259103 0.9983782012976139 0.6180982174570028 9 88 239
2.4369610207449584 0.7373644059685631 0.6225713287654809 9 88 292
2.4229600749140423 0.6356873182847915 0.6243273803182663 9 88 312
2.4653070695495365 1.0481917948099349 0.6082080853350595 9 90 229
2.412712301596637 0.7052049073934137 0.6138274156807212 9 90 300
2.4163494931025706 0.6331149975547379 0.6101163798735327 9 91 313
2.396166304567235 0.6153638958430263 0.6105720381084416 9 91 318
2.403913747903374 0.6006199303945234 0.6107069593853315 9 91 320
2.473632679463081 1.0847897178131045 0.5985221829285954 9 92 221
2.433346098854725 0.7013207417019209 0.6042194631440991 9 92 299
2.4315649450440726 0.685916864563425 0.6044501768887545 9 92 302
2.454666223412467 0.7242684210612917 0.5988965649818528 9 93 293
2.407150073447968 0.59886696599545 0.6011307858362942 9 93 320
2.450608788192208 1.1347956051035724 0.5891609133472095 9 94 212
2.437529900277083 0.6338642253591433 0.5906630247327022 9 95 311
2.4039935045079974 0.622162855840491 0.5865488343084085 9 96 316
2.433769337000141 0.7704242165764907 0.5797141120602479 9 97 286
2.423545695240561 0.6016470124410607 0.5816087604882423 9 97 318
2.4569657612265106 1.1002422695827718 0.566904708547531 9 99 219
2.437424993574111 0.7741765182472715 0.5701517126878902 9 99 285
2.438985624252109 0.7093622161815916 0.5706794603543069 9 99 297
2.410776704343328 0.6732778103455457 0.5668343169593938 9 100 306
2.426335624220674 0.6277476731575333 0.5668370447972061 9 100 313
2.412929419065207 0.7367670523878334 0.5615509718179901 9 101 294
2.4189880118759532 0.6530942031655098 0.562007174159749 9 101 309
2.443966434090367 1.1895160286510824 0.5530621695724824 9 102 201
2.4418296938814965 0.7776297227941553 0.5557998957237812 9 102 284
2.4094970065873946 0.7541329878444256 0.5520742134326129 9 103 291
2.4529010934088946 1.0633547226041022 0.5445245330796848 9 104 227
2.4474275730379222 0.8017749849910334 0.5460104590054963 9 104 279
2.427924313555696 0.6870027687479399 0.5471575635559887 9 104 302
2.3999520165156154 0.6508489828520667 0.5481508955955883 9 104 311
2.4085698404858347 0.6193350388626886 0.5480613162722138 9 104 316
2.42813462971068 0.7300635184189692 0.5421603396656285 9 105 294
2.425228855395282 0.6001514282851186 0.5428145495209532 9 105 318
2.4794879535367036 1.0604800272320154 0.5299261057995505 9 107 226
2.4343265750750076 0.7647874718874912 0.5322949700144645 9 107 287
2.42690447828922 0.7519433858599158 0.5325800851367083 9 107 290
2.396769764241825 0.6575885358691422 0.533860700478955 9 107 310
2.4314511583468836 0.9369506612577448 0.527248561104635 9 108 254
2.39018369802634 0.6002533106682508 0.5294250062686696 9 108 321
2.458988554923597 1.1057879381845819 0.5213553397839218 9 109 218
2.4181157398819906 0.7396511143924014 0.5233786212516736 9 109 293
2.420175972117442 0.7065047605733572 0.5233525532082384 9 109 299
2.435187276355877 0.6835031276744477 0.5228411407083039 9 109 302
2.4289077307046036 0.6589843500058794 0.5231053038634835 9 109 307
2.4217185926384737 0.9505869240058968 0.5183130715852127 9 110 252
2.484928758868753 1.0593006918753967 0.5111990772701721 9 111 226
2.456094004337958 0.7716890071253582 0.5123390240329789 9 111 284
2.3824057908194742 0.6093040010443536 0.5152376252886615 9 111 320
2.4438459644800097 1.1249531382945177 0.5082722615971953 9 112 215
2.4721962078523885 1.0779997775841452 0.5070839030425026 9 112 223
2.42509956965068 0.8160975474501166 0.508820677269488 9 112 278
2.4017729374653025 0.6494542798468892 0.5096551020329153 9 112 311
2.434632443257895 0.796457047997442 0.503651284576518 9 113 281
2.4622610600096633 1.1820028954231132 0.4985000983395168 9 114 202
2.4366912113174855 1.1320334488642028 0.4995108168429576 9 114 214
2.397912407850533 0.6892378363614085 0.5002553571015568 9 114 304
2.394999409607095 0.6250302869478268 0.5002448185896299 9 114 316
2.467149008604561 1.171407008000386 0.49371210462149373 9 115 204
2.4759545205366122 1.1451672817731184 0.49323861006247816 9 115 209
2.4009461993698267 0.7309012809046724 0.4954392772803411 9 115 296
2.4092558089368317 0.6180402987971982 0.4898679368740577 9 116 316
2.4195781063049395 0.8026096856981368 0.4852936287238402 9 117 281
2.459775584195767 1.1690967108812542 0.4803885429159921 9 118 205
2.4236012577970545 0.7904047533773095 0.48027126255716057 9 118 283
2.430174937922391 0.7503530736502813 0.4797423094093525 9 118 290
2.4087669251705646 0.7112179048762635 0.4806078431412826 9 118 299
2.40008345718547 0.6771752804226951 0.48086708682046375 9 118 306
2.4046796321053514 0.6586643383300157 0.48054523232052826 9 118 309
2.4207183751888754 0.6123867530081433 0.47951467994609687 9 118 316
2.44370657475839 1.243557492861449 0.47708324700065274 9 119 190
2.4235367868993447 0.774509361946395 0.47540280140870883 9 119 286
2.4048726291633633 0.7717135138687596 0.47157180476002636 9 120 288
2.408590927272235 0.5957260452482804 0.4702301024079205 9 120 320
2.4526351547594802 1.2694606935575155 0.467816165317987 9 121 184
2.419896908674163 0.7170011464705319 0.46558838117110113 9 121 297
2.4283777740986117 0.7348939873024531 0.4604188464627913 9 122 293
2.425892078664614 0.7251657028132281 0.46047959555639284 9 122 295
2.4229722272280405 0.6332815370234073 0.459909634329155 9 122 312
2.430715403471666 0.7175740627986162 0.4504259980247295 9 124 296
2.4073777551197955 0.7115991197119311 0.4517378326660523 9 124 299
2.4227052586798106 0.6553741064012943 0.44540663757688936 9 125 308
2.414531566300317 0.6091072779402786 0.44049963565305505 9 126 317
2.4065712915385955 0.7602432318695234 0.437827560107632 9 127 290
2.3979147960649136 0.677663883111457 0.43741349373207006 9 127 306
2.40047718817852 0.6435172999464243 0.43685459306142016 9 127 312
2.3863644846878063 0.6991389343804328 0.4287315018235316 9 129 303
2.363676826621687 0.6931401715530545 0.42053495040881095 9 131 306
1.0628752416708993 1.0854841301345823 0.3282044257518912 9 202 374
1.0685117874034784 1.1008160289991156 0.3255131626771093 9 203 368
1.0684530376900812 1.094193248369518 0.3168446836336972 9 206 370
1.0718606571792773 1.0978340879586246 0.30270926509537166 9 211 368
0.569288010325625 1.6116029541469323 0.4328285969345487 9 215 248
0.5684782658040411 1.5974611827395553 0.4303204145771768 9 216 257
0.5667806929465821 1.5850790600597537 0.4296784733439254 9 216 265
0.5702981939944719 1.6318855177756124 0.4296218276560593 9 218 235
1.073103288784672 1.0929294733578159 0.27990038517148963 9 219 369
1.068494316832569 1.0828596231071528 0.27724255531875946 9 220 373
0.5707393573011383 1.6224854226586414 0.41947877117151755 9 224 241
1.0662836501376467 1.086884659676539 0.26689275382566213 9 224 372
0.5699395648438368 1.60841827367306 0.4168790474209484 9 225 250
0.5691704641590106 1.5957529872730096 0.4159474541760572 9 225 258
0.5704053548508958 1.5805312392524251 0.41435992926217585 9 225 267
0.5689061948826409 1.6435381828076738 0.41707740563621487 9 227 228
1.0602867944735814 1.0837939953543911 0.2595545899166386 9 227 374
0.5700166750076016 1.6276182867216815 0.4123214575686498 9 229 238
1.0643622262712573 1.080745506000427 0.24716713276442293 9 231 374
0.5739568228199984 1.6422783180589424 0.4049976250129863 9 234 228
0.5714913930991528 1.612932296991738 0.4028114334464423 9 234 247
0.5709382921702741 1.598544665330224 0.4015878281332119 9 234 256
0.5703028308764145 1.583988444492319 0.4003674498458112 9 234 265
1.0676148805724663 1.0909176999969281 0.23329083106446735 9 236 370
0.5711948819627768 1.6291115166836527 0.39814031488583057 9 238 237
1.0659035959579466 1.0815406888295311 0.21579861321726734 9 242 373
0.5743467048745083 1.6487712855925554 0.39149718237365266 9 243 224
0.575375630228447 1.6134699371243524 0.387669932610343 9 243 246
0.5738402284621691 1.5993275944919283 0.38661654933853634 9 243 255
0.5799604242397485 1.633018067003034 0.3821621923643995 9 247 233
1.0604980357141036 1.0938380759087725 0.20421531441950558 9 247 370
0.5803518422368715 1.6185588409506018 0.3725107260420174 9 252 242
1.0656406602736266 1.0963670890405919 0.1860839289403025 9 253 368
1.0638239643265095 1.08768019009925 0.18274923855713937 9 254 371
1.0618145121745501 1.0850165991174356 0.16864277110641795 9 259 372
1.0616759665897781 1.078063412541543 0.1563399396919819 9 263 374
0.5795616732501885 1.674366494006169 0.32311235648747294 9 287 208
0.5815871468976137 1.6612602339992495 0.3206565029607966 9 287 216
0.579973606496083 1.6918017951168376 0.3109003567850289 9 296 197
0.58045032701009 1.6777471782890765 0.3086960954598368 9 296 206
0.5771284029732784 1.6645114270868797 0.30789012175516567 9 296 215
0.57720606771591 1.6517876548194625 0.3060137666232624 9 296 223
0.5808336698123785 1.692087565249357 0.2976668606638864 9 304 197
0.5799661365407873 1.678374281800221 0.2942426997843559 9 305 206
0.5784564954748327 1.6645961650851835 0.2926650277341191 9 305 215
0.5799469455856453 1.689758217902084 0.2828934362595549 9 313 199
0.5780954769414268 1.6762196811512675 0.2797526672311814 9 314 208
1.0052904394704905 1.1468483813060204 0.025644478494059708 9 318 361
1.0165275512709107 1.1713961329657634 0.02257602358422761 9 319 351
0.5787079234058811 1.6952645066843584 0.2694367442402263 9 322 196
0.5777716638479946 1.6815232057956602 0.26582623470294564 9 323 205
1.002018987690815 1.1606953290765423 0.01478751976842596 9 323 357
0.9566221181381618 1.1777532075802144 0.02397017393311951 9 327 360
0.5797957393340839 1.692275214161708 0.25855919568114044 9 328 198
0.969122570330974 1.2154043321706882 0.022776013198967493 9 328 345
0.5811136053499628 1.7061136778452517 0.2554654101151387 9 331 189
0.5769576889922269 1.6792074916552493 0.24735842887841986 9 334 207
0.9309060225304182 1.2010891738185125 0.018913251043813695 9 334 357
0.5801568043503383 1.6989936375179198 0.2445821942950016 9 337 194
0.9193083196959482 1.23655246848245 0.02184243661834595 9 337 347
0.7583194925120031 0.8841057906239314 0.023978800783779564 9 337 500
0.7476421621401043 0.8643726757649566 0.02478020051199592 9 337 509
0.7828586377967057 0.9336549049861669 0.020174553563196196 9 338 478
0.7343621780382522 0.8569636056380903 0.023472303650518 9 339 515
0.707335981464592 0.8235079900349953 0.02314723273941155 9 341 533
0.6974667830610506 0.803321819736726 0.023535407994632385 9 341 542
0.576390127641588 1.6861866559650696 0.23370821855713397 9 343 203
0.8778883575865177 1.2340350347160935 0.022551221077986905 9 343 356
0.7651310337937398 0.9964251612964716 0.02303491803921931 9 344 463
0.7593736252928507 0.9825501759818321 0.02286811304417058 9 344 469
0.711048421967444 0.8963004157506043 0.027128278030126296 9 344 510
0.8759200245477807 1.2573222986467212 0.019856358934217888 9 346 348
0.72132821278919 0.9180593790770539 0.021574006411531954 9 346 500
0.6575641043957151 0.815608224733509 0.024125184087227303 9 348 551
0.8447590150468041 1.2745477515805184 0.026164008681409334 9 350 348
0.6676795969005245 0.8642197621809056 0.023851504628033204 9 350 533
0.5767338509425961 1.6992113063063796 0.22083563654912142 9 352 195
0.8350845475404549 1.2554064326369923 0.021539742552810548 9 352 357
0.7369109520634368 1.0434360803167901 0.020649866008804585 9 353 455
0.716824741944857 1.0336994148276561 0.027566321094490975 9 353 464
0.6784641525943889 0.9301599201093929 0.024173941117606068 9 353 509
0.6840308480961053 0.9714327734584514 0.024696930130446382 9 355 494
0.6110143275103312 0.8074723944171684 0.024686195755524 9 355 569
0.7021153430419558 1.0215705757936693 0.02149389236222632 9 357 472
0.6214952778816479 0.8545870115641849 0.02424968984604381 9 357 551
0.8072200490814914 1.2976037725165104 0.024528735406930124 9 359 347
0.6149036800391974 0.8813241005244754 0.02748883473144781 9 359 545
0.5759347427071027 1.7077805237713972 0.2076468434331632 9 361 190
0.6969328703037437 1.0988936412903363 0.026842039874057644 9 362 447
0.6965190344315526 1.073078110982974 0.021774887177342217 9 362 456
0.6484615451498035 0.976863337552845 0.024088673753737355 9 362 503
0.6576643739467897 1.0128910405391747 0.0222594867771011 9 364 488
0.6500120327501004 0.9930814647591582 0.021706436069118817 9 364 497
0.582782605266849 0.8389425456938011 0.02093477694165302 9 364 569
0.6738126567272196 1.0659393733482834 0.02326617625865479 9 365 465
0.6823817116829582 1.1351164757690755 0.02630201978197433 9 368 438
0.5966973088475844 0.9557106863882444 0.02880467301502787 9 368 527
0.566218859705522 0.8581005726859023 0.022629749359765028 9 368 569
0.557290566643277 0.8398389027044113 0.022980916931477857 9 368 578
0.576517930708769 1.7129408705736033 0.19312270938008103 9 370 187
0.5652963799526687 0.8940628267388127 0.025708410461803277 9 370 558
0.6689718206290491 1.1426260198846698 0.02692477473206545 9 371 439
0.6631454511361454 1.1224221664801017 0.025398711699097687 9 371 448
0.6539703369623986 1.107799039470632 0.026637200119644766 9 371 456
0.6315352207846485 1.0391219271742922 0.022692668662671167 9 371 487
0.6228359452763796 1.015113730994051 0.02171843534906759 9 371 498
0.6120150709775655 0.999195982620162 0.023460435083355713 9 371 507
0.5665424220134129 0.9206897672240091 0.028320688606328526 9 371 549
0.6678006117463846 1.1701320530313188 0.0237697796964631 9 375 429
0.5759958559474609 1.7120000301562577 0.1811740373076015 9 377 188
0.5624025026509183 0.9694682079790455 0.02637548073784257 9 377 534
0.5328464677608123 0.9028180471723917 0.026191149433217653 9 377 567
0.590121087094051 1.0513718744131197 0.02604757834306426 9 379 496
0.540751503501484 0.9359470796417017 0.02482318553070373 9 379 553
0.6408990923753876 1.177101558981307 0.02650239639225571 9 380 434
0.6331894359668385 1.1592696824262778 0.026351607543328548 9 380 443
0.6275971058604217 1.1395807038310402 0.024755573239104933 9 380 452
0.5991394679161631 1.0793115115488403 0.025420843881397648 9 380 483
0.5439670341592568 0.9623381312906992 0.026682889830689893 9 380 543
0.6373022722729066 1.2055567724394156 0.02527065205249901 9 384 424
0.6275318950946787 1.189689983677925 0.02657643993529124 9 384 433
0.5421322134824126 1.0215614109913569 0.02677880564033397 9 386 523
0.5344826731616272 1.0038585240667428 0.026615524029548365 9 386 532
0.5068049638499486 0.947247345449536 0.027704143534059922 9 386 562
0.631876822868533 1.2322058983572153 0.024780916595188884 9 388 415
0.5636309878387473 1.0864539131845885 0.02606262898273115 9 388 492
0.511046328164685 0.9891719480009926 0.03046842394939331 9 388 546
0.603888034293116 1.1843747714251656 0.0257397206123553 9 389 442
0.5535671047407502 1.0711816732881942 0.02537296786544463 9 389 501
0.6016021992697456 1.2316319877636215 0.02872818980351588 9 393 424
0.5978908864879846 1.2117434767045556 0.02601851569315583 9 393 433
0.49295054103763525 0.9880393512963885 0.025774493027932333 9 394 553
0.5178584823914771 1.0565517481353792 0.02663754991110412 9 395 519
0.5104554786999613 1.0393624090371878 0.026449436248457858 9 395 528
0.5017600819237157 1.023624549787096 0.02727073210632458 9 395 537
0.4790533678910296 0.9812762909128407 0.02912252385559322 9 395 561
0.733937181358177 1.556995256363753 0.029628760335358217 9 396 250
0.6060006008543841 1.26987471488953 0.02645468860557565 9 397 407
0.5394281842025221 1.1214358115765952 0.02617689884095098 9 397 487
0.7364928277129941 1.5645218104001484 0.025666172623100003 9 398 246
0.5302953998714206 1.1059693103591224 0.025057413514336657 9 398 496
0.5811101386636529 1.2655893514677947 0.02749156264075736 9 402 416
0.5718573781248029 1.2507451031888155 0.028837757664290642 9 402 425
0.46585967973496845 1.0094537940496155 0.027113206990099226 9 402 556
0.4709969117100037 1.03131179981726 0.027439184002652994 9 403 546
0.5705764436139668 1.7009271106658335 0.13434427827524015 9 404 197
0.48778084255786525 1.0810586323183848 0.028312970057795317 9 404 521
0.4774216521311083 1.06802436321391 0.030698452237674756 9 404 530
0.5746764997694318 1.7143068120943077 0.13363260611901429 9 405 188
0.7006652300054249 1.546152335692951 0.0249707711877043 9 405 261
0.49985491557151707 1.1109702474482934 0.026914623146942596 9 405 505
0.5836364744902895 1.3038386381786329 0.026685765194374378 9 406 399
0.5470831968439767 1.2331466697652518 0.0291192475642299 9 406 440
0.5400862364950544 1.2167988934374816 0.028896597114151268 9 406 449
0.5097543877109187 1.1506859768602222 0.029093840154912787 9 406 486
0.6853430919157696 1.5333503214436437 0.025785638254056886 9 407 270
0.5218167707297504 1.1825940005116848 0.028220815217500084 9 407 469
0.5009084117565097 1.1357576247491195 0.02804403772000219 9 407 495
0.5584987245863815 1.2955549196872975 0.029680374709242674 9 410 410
0.5277437905899287 1.2265520556969958 0.02937608857979601 9 410 449
0.4739899032826732 1.1023778057713889 0.02795785189906974 9 410 518
0.5511876657655183 1.2796789346846351 0.027598063096094583 9 411 419
0.45781287644256796 1.0825982615515217 0.02975167682167612 9 411 532
0.4450851676457144 1.0484393990116558 0.028226985958142103 9 411 550
0.4497498008865457 1.0672197590339532 0.02819854598149063 9 412 541
0.5387665739281832 1.2747598458902554 0.028943594404407524 9 413 425
0.47757059939764956 1.1446072431071372 0.02796634742543702 9 414 500
0.6429991199156689 1.7537318890350384 0.0878446075519903 9 415 156
0.5593548735883385 1.331238237321132 0.027512247891327002 9 415 394
0.523954239152109 1.2649133587013195 0.030443884144879085 9 415 434
0.49286631901759126 1.1851069934206246 0.0275619645576195 9 415 478
0.4795463409855969 1.1751751132185646 0.030355715017016838 9 416 487
0.5290231484601305 1.2956954514962389 0.031223032911172455 9 417 419
0.643418183876139 1.7716728171733762 0.0865634368965994 9 418 145
0.5413028404515536 1.3229786319198193 0.027100791107661948 9 419 403
0.508397883792225 1.255675794179317 0.028395008674985567 9 419 443
0.4492773455998861 1.1266583093052815 0.028640964089340137 9 419 518
0.647244927423027 1.7935622294079285 0.08630452814379486 9 420 131
0.5327335998108402 1.3085570154491353 0.02613969259945259 9 420 412
0.4636972867482154 1.1673521561216846 0.02885502847039567 9 420 496
0.44204020563453184 1.1109206930789577 0.02657775005803753 9 420 527
0.6463319883030729 1.81084589000579 0.0894406989252986 9 421 120
0.6390741988957703 1.5433170995926826 0.02432485616679414 9 421 274
0.62679697899523 1.5303345453996158 0.02794702835688123 9 421 283
0.42975258770377667 1.1010265490681126 0.0288954354083224 9 421 536
0.5092488443626426 1.28491183514966 0.029201415625328964 9 422 430
0.4906594367389596 1.248909923459719 0.03045743447141236 9 422 452
0.6367529076435259 1.5619765963578103 0.024285584931095228 9 424 265
0.4702828977023794 1.2093728739876828 0.027663514142490353 9 424 476
0.6491359508990158 1.83248037179415 0.08613641400037475 9 425 106
0.6039982188285554 1.5041152896359578 0.025906220068941943 9 425 301
0.5911503302163593 1.4919586928837818 0.03012127319880986 9 425 310
0.47655686069604897 1.2394153644446293 0.029858768673829195 9 425 461
0.4002564651421672 1.0895082841100225 0.030358179028441734 9 427 553
0.4859978369571336 1.2820566842799608 0.029485149260652155 9 428 439
0.4299357340397154 1.155302430683347 0.028480067588715352 9 428 514
0.5096869503673307 1.3355889324125945 0.027859586017936477 9 429 407
0.4422843742997855 1.1916853333517077 0.028900509935989804 9 429 494
0.42036445287992574 1.1428241542126427 0.028689249607987133 9 429 523
0.6455099783680435 1.8197149712501903 0.07567045635089198 9 430 115
0.5904089159848875 1.5279070220446185 0.02991993866947773 9 430 292
0.635375741109427 1.7516602552012746 0.061515146084136774 9 431 159
0.48895624082790135 1.315401475123167 0.030548010998286523 9 431 423
0.4818479459353172 1.3008623762658038 0.030827594412388692 9 431 432
0.47059607823370364 1.2738253424844022 0.030189986474775443 9 431 448
0.40321773999066834 1.1158972165615288 0.02743915045323797 9 431 541
0.4455397190097543 1.2095448253854166 0.02563258654291123 9 432 485
0.6390118163395042 1.7610409370192375 0.058107603479026215 9 433 153
0.5831689265660386 1.521263725837075 0.024327067825109516 9 434 297
0.5712968796776988 1.5090312751752057 0.02806490112451121 9 434 306
0.4587786306181558 1.262822683406314 0.028129292228292857 9 434 457
0.5594660114650482 1.4969228624934945 0.027815923020810374 9 436 315
0.3828565446443657 1.1156270618957018 0.029277031230604544 9 436 550
0.5489116336381665 1.484380988003813 0.02871191807100737 9 437 324
0.4207506017386141 1.211237763831783 0.028728001899646527 9 438 494
0.3965442294400213 1.1717486836853708 0.032439613617176954 9 438 521
0.5295170414408467 1.4607755050511888 0.029923312881139363 9 439 341
0.39165746386769185 1.1547610317502381 0.028702498241281793 9 439 530
0.38237646209209075 1.1428101577983314 0.029011669202778867 9 440 539
0.3753917897692127 1.128523912936071 0.029286390294675613 9 440 548
0.422221458610638 1.2373380578051507 0.029069599219377462 9 441 482
0.6408027198867797 1.7794511621058036 0.045022770352129315 9 442 142
0.4390515507690892 1.2787789789820596 0.028377088266712036 9 442 457
0.5294802959475045 1.4997328537913925 0.027061034053051047 9 446 321
0.522667321410685 1.485797794568279 0.027329001928607544 9 446 330
0.38616902291924415 1.2026153965385868 0.031566913827319576 9 446 512
0.4043040428920355 1.2327257627401815 0.026907392961010634 9 447 491
0.38271736293231495 1.184582363435841 0.026622259546357885 9 447 521
0.6426869912258899 1.8389761855948599 0.049405081769867465 9 448 104
0.6437679653916408 1.8252324430716935 0.044812271182226526 9 448 113
0.5104297723971801 1.4747272680721581 0.027874105681312433 9 448 339
0.37107900357916157 1.175742969236925 0.029373567747795315 9 448 530
0.3639940540855717 1.1642428359957098 0.02854654778372745 9 449 538
0.35535216433601546 1.1525468888666204 0.030597849095796548 9 449 547
0.6420902890720642 1.8117504019896624 0.03824828876106645 9 450 122
0.40211974869662304 1.257167157417031 0.029377637798588818 9 450 481
0.4184013559492399 1.2954416639577637 0.0282223203925398 9 451 457
0.4032550456576931 1.2823519800255028 0.030117289745942966 9 453 469
0.3494771841017815 1.1584311803825766 0.02819192011984195 9 453 547
0.6272741180076575 1.7713585838047916 0.02834413155002613 9 454 149
0.6202880601728697 1.758034250273039 0.026998458698625938 9 455 158
0.6063690800199897 1.7295647746119314 0.027545919946473485 9 455 177
0.3722709673540223 1.226899641198416 0.029786235470587008 9 455 507
0.3651975836173772 1.213408753156262 0.028423741674079794 9 456 516
0.3578984054206793 1.2004654999436704 0.029293114711816504 9 456 525
0.6428113883129356 1.8477233967804851 0.03513517834822266 9 457 99
0.6062447223926754 1.7460946115295723 0.02678910462785855 9 458 167
0.34797140134359006 1.190049864822794 0.028748196982101404 9 458 534
0.6260269295021169 1.7894975290780801 0.024989743890119653 9 459 138
0.38143806045198736 1.275339672565656 0.03049845740890844 9 459 481
0.3774479356565241 1.2592452376121563 0.02830597941000823 9 459 490
0.6274834037623285 1.8082589435553091 0.025853689433106508 9 461 126
0.5887632767912641 1.7350057887145078 0.0291488290453652 9 461 176
0.5174077975557639 1.5771696496211791 0.028410982748052094 9 461 282
0.6106570618583087 1.7777214154891003 0.023919342527396248 9 463 147
0.5772863325170762 1.7213414475098698 0.02879649979826948 9 463 186
0.5983761695456631 1.7654206209983516 0.026383681212394094 9 464 156
0.351730082530773 1.2440852601763397 0.029124119432793805 9 465 508
0.34647813129246474 1.2293886156116898 0.02813574252595452 9 465 517
0.3405795929236425 1.2153466890187183 0.02777027049190739 9 465 526
0.6153863238944141 1.8100029788725356 0.024944692186854356 9 466 126
0.587223573086622 1.7563522752974061 0.027250747567768796 9 466 163
0.5744346212406375 1.7380991382684872 0.03015044328955052 9 466 176
0.5627222393158948 1.7101904094467366 0.029412756401447138 9 466 195
0.3270014192584847 1.1984102199994249 0.02969660035593702 9 466 540
0.36844032118444847 1.2841178113388234 0.026471596747167814 9 467 482
0.37504708967238465 1.3163489317634134 0.03003951657052273 9 468 464
0.3712520858881395 1.300689769649726 0.027778597132184113 9 468 473
0.5500141165730785 1.6988407468188798 0.028828550371625017 9 469 204
0.54452448695901 1.685639209975479 0.02844024335905604 9 469 213
0.3537083497022948 1.2785289566976776 0.028930763356546985 9 470 491
0.34332666607482254 1.2651834966864652 0.03176278394781851 9 470 502
0.559147334475831 1.727263611541935 0.027780399452683957 9 471 185
0.5281792056816883 1.675617462281658 0.028947498877115008 9 473 222
0.31915592232304146 1.226426027176439 0.030447983004966983 9 473 531
0.3316558698684896 1.2568600002293184 0.02961860719080356 9 474 511
0.32654993623541506 1.242480104551969 0.02859410410262786 9 474 520
0.3481067115334371 1.3021961942508518 0.028932439658677644 9 476 482
