2.4846890899859657 1.647182561468223 0.9626751224910761 9 3 248
2.4759919476097094 1.6160701219889972 0.9651901875345252 9 3 253
2.457845884728989 1.593331753645053 0.9686745343684895 9 3 256
2.4850447655380075 1.56845858758984 0.9659165574293564 9 3 262
2.482148780277658 1.5563603618924424 0.9668267002817426 9 3 264
2.50802151629575 1.5531206061162461 0.963349498137698 9 3 266
2.4948472493014444 1.5378776686479918 0.9658262764632015 9 3 268
2.4880008420121302 1.5134918356993556 0.9678017116666693 9 3 272
2.449009888930843 1.490951077873146 0.9741883948912766 9 3 274
2.4909789081563645 1.453285225084444 0.9699028505903902 9 3 283
2.4977361707806627 1.41644418947606 0.9704994851565467 9 3 290
2.480325455889658 1.3953923329451579 0.9738106489085971 9 3 293
2.4266248335325136 0.8613806526188871 1.003633580155265 9 3 393
2.4382317512072054 0.8171956133564018 1.0038600714829824 9 3 402
2.4616577483660937 0.7586538820641896 1.0030364395182438 9 3 414
2.448483294793056 0.7280005385669963 1.0061574842637955 9 3 420
2.454656617507481 0.6836246903808048 1.0071506519957953 9 3 429
2.4641646462380655 0.6492874124835493 1.0072585227672837 9 3 436
2.4466403000835046 0.6390432975105642 1.0101337295045851 9 3 438
2.4549187621433 0.5950649576290057 1.0108163359958788 9 3 447
2.453663947305569 0.5804032222351585 1.0116044891184992 9 3 450
2.4182720953241166 0.2687119380739028 1.0295767197494574 9 3 516
2.4269126319354526 0.7810115197260932 1.0022904170342442 9 4 409
2.4404479457981125 0.3171450293914815 1.0199186338274142 9 4 505
1.1493910270415946 0.09207472814587225 1.2115765892156716 9 4 630
2.4660304518132574 1.6199540550007336 0.9363872058909379 9 9 252
2.4695013001475146 1.5985579521586102 0.9368067327613694 9 9 256
2.4574345610963264 1.5501088220391206 0.9357169321200673 9 10 264
2.4756683517167857 1.505417625928981 0.9349488169343221 9 10 273
2.4663787476730334 1.4417475666266615 0.9391451214045112 9 10 284
2.4720134516093974 1.4102031241912647 0.9396883782958281 9 10 290
2.4743134790138126 1.3943046256773233 0.9400431730075833 9 10 293
2.487029607353395 1.2988903629150852 0.9423355898667551 9 10 311
2.462848279167415 1.2233723107066625 0.9492874496626118 9 10 324
2.4458574286180883 0.6748833964216345 0.975980396582115 9 10 430
2.4786033461264583 1.4785579752553075 0.93067439055849 9 11 278
2.4521150348574134 1.459949529696937 0.9355127105789045 9 11 280
2.500838128635584 1.3129965533689316 0.9346461581055627 9 11 309
2.4502665358279883 0.3204145330883339 0.9863169116906868 9 11 503
2.461477286187069 0.26271211842601183 0.987176741570706 9 11 515
2.4245077972501083 0.20142413101803813 0.99549537852635 9 11 529
2.419158236216287 0.16528548463871917 0.9979081926168969 9 11 537
2.465461573152729 1.6036117582710443 0.9220759202922935 9 12 255
2.4698504287405942 1.588119475592708 0.9220962237695525 9 12 258
2.463041611481138 1.5690766633334694 0.9239884030512411 9 12 261
2.494848963592569 1.3280589640347344 0.9298846301755583 9 12 306
2.5046434258875827 1.2974012364278635 0.9297550717302261 9 12 312
2.49650030336789 1.2846188410563655 0.9315718415756065 9 12 314
2.4914569364214905 1.2725895625587356 0.9328806957322422 9 12 316
2.4712394321519726 1.219579306933914 0.9383413601577242 9 12 325
2.430808804558257 0.29771342284028424 0.9856947059230682 9 12 508
2.4096847788431743 0.24385792800771366 0.9913318197630593 9 12 520
2.426823877085469 0.11755261022557562 0.9943497542975763 9 12 547
2.4119976759616573 0.11063136805925111 0.9969273440079491 9 12 549
1.8736952105660882 0.0868336987955377 1.0803540940384644 9 12 577
2.441891143843909 1.4463158049864884 0.927738771835293 9 13 282
2.45166415478551 0.7738177919630751 0.9564748943959873 9 13 410
2.4535215275529314 0.6835882922625742 0.9602460600253672 9 13 428
2.4101058607484425 0.21988777874302534 0.9878093022452162 9 13 525
2.417161670270154 0.18678267873122834 0.988208067531232 9 13 532
2.417842853194552 0.1683025208101132 0.9889339800805589 9 13 536
2.2878025437178446 0.08046727976162527 1.0129763841616841 9 13 560
2.488758686072456 1.6003504706095846 0.9084738942223898 9 14 257
2.47194686015272 1.572331131272941 0.9123658049382173 9 14 261
2.458213260307847 1.417879188793691 0.921504343045451 9 14 288
2.486647267958668 1.3811883730238894 0.9187303859717286 9 14 296
2.48793775594737 1.3649522009906767 0.9192644898207529 9 14 299
2.4528848357654995 0.31789418930991864 0.9721601827795023 9 14 503
2.4186291322683284 0.20882426000654453 0.9824446950828502 9 14 527
2.4113680526452232 0.09527090844159303 0.9887209478237066 9 14 552
2.458205180262481 1.5066493993712826 0.9124564120685648 9 15 272
2.491638430214741 1.3548700089148953 0.9141139258969799 9 15 301
2.4807299688364584 1.2483798374297868 0.9206897898377082 9 15 320
2.4206159709010255 0.6962922641480214 0.9553424585991428 9 15 425
2.4740202039798995 0.2677081150085696 0.9664811046001445 9 15 513
2.4317475625164953 0.1049277397260795 0.980564886982123 9 15 549
2.0969048576891405 0.09416683801796955 1.0337968814526768 9 15 564
2.479904434238645 1.5696302371260369 0.9010760476734139 9 16 262
2.469068345775844 1.5493249349862035 0.9037319287791272 9 16 265
2.4453424207803085 1.4421204326079617 0.9124294029923181 9 16 283
2.432038087325415 0.17307141945589044 0.972841481186185 9 16 534
1.8961704371275943 0.0904248688052175 1.0618496705300502 9 16 574
2.479436110714129 1.6550798404825167 0.8921003747927048 9 17 247
2.47234453095964 1.6071091388832743 0.8954578096242001 9 17 255
2.464399255979375 1.492056159786135 0.9020554201086257 9 17 275
2.4934953663152974 1.4164733633807614 0.9008811321179777 9 17 290
2.5025892064508577 1.368728694087249 0.9016299498540505 9 17 299
2.4755430790476227 1.2417394142640314 0.9118458779811576 9 17 321
2.4323249920474037 0.3172615193687398 0.9615485628862156 9 17 503
2.4551779690405837 0.29635878761011525 0.958847025937746 9 17 507
2.4195696555373676 0.12322259507977285 0.9725720916384069 9 17 545
2.4831695855017486 1.5938165536036992 0.8892157091650112 9 18 258
2.456836335586087 1.534724055294671 0.8962352123746156 9 18 267
2.4654971724693158 1.4535010376684443 0.8986152732657624 9 18 282
2.4837619189284013 1.347511159272633 0.9005928145249749 9 18 302
2.464793610417215 1.3045978793362982 0.9056652931200662 9 18 309
2.3792414940460507 0.08755969342727787 0.9762183314796162 9 18 554
2.1264458176214283 0.08645614462791962 1.0172317081853655 9 18 564
2.470278749078444 1.4382498798631405 0.893492725646122 9 19 285
2.467047932371984 1.387508354725908 0.8964010708093799 9 19 294
2.4588460693684473 1.2434979292441048 0.9044970504861383 9 19 320
2.503511737273132 1.5040814071538025 0.874684568909031 9 21 275
2.481071700925085 1.3968153595343453 0.883523246521988 9 21 293
2.490344384603121 1.3381265318504192 0.884769225644725 9 21 304
2.460141166542496 1.2925888880210499 0.8919659323480011 9 21 311
2.4483091854497014 1.2519485222777522 0.8958694115987089 9 21 318
2.426860783336933 0.26582382479543853 0.9370500926027922 9 23 513
2.4596136052628994 0.18596804788931065 0.9306661873954984 9 24 529
2.446198043382061 0.1782400853067635 0.9333373337415771 9 24 531
2.427143031888977 0.1666821223181666 0.9371595532741744 9 24 534
2.421429460505702 0.15815341662912463 0.9385513150754915 9 24 536
2.2149664010555252 0.08695915941103571 0.9773433255630571 9 24 559
2.4392963627338453 0.6122007693554109 0.9086681420119459 9 25 441
2.49371554229967 0.19042622014357768 0.9198746156703482 9 25 527
2.4098799269590363 0.14496320952162056 0.9365726278799288 9 25 539
2.4470271710197764 1.349742146819885 0.8662506154498169 9 26 300
2.4410846741312104 1.3373064708929474 0.8678974409253464 9 26 302
2.4474670126122526 1.2569655848884598 0.8707364387348835 9 26 317
2.4411887358447744 0.7371097511538469 0.897395042344143 9 26 416
2.444940039773006 0.12988017145905806 0.926603088365876 9 26 541
2.41426952155936 0.09739760700736844 0.9335437767375543 9 26 549
2.453464103645044 1.2964484661766567 0.8626956694553702 9 27 310
2.4535734993410205 0.6967311199415699 0.8923646848689053 9 27 424
2.455652787551068 0.5913037818551271 0.8972182952057643 9 27 445
2.3918966306656717 0.26606071856789626 0.9245241997466239 9 27 513
2.3523436639893918 0.0790239534020083 0.9407346606740463 9 27 555
2.4475519268762826 1.421859474762207 0.8524315802676917 9 28 287
2.439514999258602 1.3589461420717477 0.8569914716788761 9 28 298
2.4755307978675503 0.6818232923171008 0.8843482106038948 9 28 427
2.4281490297409416 0.2853096762254289 0.9125071427652276 9 28 508
2.4236445905132995 0.27625726109215853 0.9137568140068101 9 28 510
2.0177446766720286 0.09279326943082955 0.994859800828838 9 28 565
2.4485652459796583 1.3889184998039346 0.8487992326983613 9 29 293
2.450499354655622 0.7514872685209855 0.8804264696282076 9 29 413
2.425935614460725 0.22330043260855958 0.9113125928923034 9 29 521
2.4268197186876814 0.2090993336527649 0.9118668091358005 9 29 524
2.438555275029614 0.1841974937760642 0.911017243372416 9 29 529
2.420131872127504 0.13993983218089123 0.9165317635589642 9 29 539
2.4467417258109885 1.2839288625382907 0.8493260591012783 9 30 312
2.4262799556801995 0.26491233394254277 0.9044647356082297 9 30 512
2.42135031837901 0.0971829855833044 0.9138221908811242 9 30 548
2.4413177178252123 0.6740903622251022 0.8762289454604079 9 31 428
2.434934447713115 0.6287650171833742 0.879693444401791 9 31 437
2.4167853949328095 0.6135510082028404 0.8837681153365923 9 31 440
2.4263139223888808 0.1372628645137578 0.9062383381171563 9 31 539
2.4358385914466516 1.3692383849049532 0.8368063918099146 9 32 296
2.4395122136481056 1.2767895657304282 0.840860894640355 9 32 313
2.431090872314816 0.25330511983655424 0.8947538532047853 9 32 514
2.4143061711050215 0.09639185148896667 0.9058587827707876 9 32 548
2.4392046039479642 0.7592370458123874 0.8624822689899605 9 33 411
2.4182162623085763 0.6573163530388859 0.8716118892152468 9 33 431
2.4202140207207963 0.19705267881300859 0.8949353326536328 9 33 526
2.425204367651693 0.1636182427179277 0.8957331808393985 9 33 533
2.116877891181611 0.08724438483225638 0.9567079284994633 9 33 561
2.0139637485163737 0.08915647661288828 0.9756495650210701 9 33 565
2.4414929096834426 1.3266009211286454 0.8277468525690338 9 34 304
2.443588037474636 1.2667142591660525 0.8304585884638177 9 34 315
2.4156952378465677 0.6467360646361817 0.8677821208914572 9 34 433
2.442291210876064 1.3047865408049684 0.8236196109230142 9 35 308
2.4487900427779703 1.2842980291005497 0.8234653318395442 9 35 312
2.4301930434170504 1.2365138436688237 0.8294551711755025 9 35 320
2.387606667784891 0.8361546095747778 0.8583408498677614 9 35 395
2.4480457758941423 0.697622234129867 0.8541942500229689 9 35 423
2.3874917385901706 0.11148791435495042 0.8961461385769229 9 35 545
2.436746119384439 0.08544935522257457 0.8882382128063326 9 35 549
2.403183939830002 0.6007034647209736 0.8628642979352161 9 36 442
2.4400199801279236 0.2729593874416466 0.8730746304568084 9 36 509
2.3832945631374423 0.1943033466137225 0.8879611577814801 9 36 527
2.3828186684040187 0.1665540820160072 0.8895074639370735 9 36 533
2.3601837572179276 0.0828611949711836 0.8981921974418853 9 36 552
2.2095779304465424 0.08988151510402487 0.9263898472333232 9 36 556
2.436516373133775 0.7215794682100172 0.8452765985568441 9 37 418
2.4165921192108417 0.6752601163528744 0.8515326400440464 9 37 427
2.435698728112377 0.6355433486509318 0.849976001372136 9 37 435
2.3674788371380338 0.12180189575348632 0.8901495244823088 9 37 543
2.4299506382705633 0.6550097902050798 0.8451485242471971 9 38 431
2.348976481909859 0.19682949243403558 0.8851064272190985 9 38 527
2.329133330484685 0.19015742361626375 0.8892866634273724 9 38 529
2.3253743899533057 0.16788484325756836 0.8911948740651973 9 38 534
2.4144315271148398 0.7601887419493984 0.8376337363834353 9 39 410
2.4250398513271167 0.7353373380350133 0.8369006949935592 9 39 415
2.437856985754454 0.6901542240211936 0.8368254931080148 9 39 424
2.4147027245024786 0.6741805864824995 0.8421799375933565 9 39 427
2.417504262095153 0.28221676235128457 0.8625939831945281 9 39 507
2.283484814239981 0.08359957587979516 0.8992625488788792 9 39 554
1.207420406102914 2.09794472465013 0.9972203392732419 9 40 18
2.424233498229256 0.7140108583888101 0.8283368794736804 9 41 419
2.4266113574692207 0.6331906570834434 0.8322428286253504 9 41 435
2.421369728564248 0.6080239747727977 0.8346405756320607 9 41 440
2.405498069623129 0.5929248520994617 0.8385927172649096 9 41 443
2.433138801021405 0.2791250283230696 0.8501226497668224 9 41 507
2.321008790251597 0.19318081544301724 0.8769215119506408 9 41 528
2.183897330705448 0.14980651961646074 0.906349531099026 9 41 542
2.2840660852773254 0.11273717963857843 0.8885729528102093 9 41 547
2.435572339841035 0.6631706863581797 0.8239060673064046 9 42 429
2.4085997234329524 0.23785990560571213 0.8524444791441 9 42 516
2.157238948524423 0.08478794982330029 0.9108227945252236 9 42 558
2.4116195423853286 0.2739454177720687 0.840301846301537 9 44 508
2.38390636232866 0.2153689611361853 0.8491366409290608 9 44 521
2.2263057561629065 0.18054280533842804 0.8829288521849644 9 44 533
2.149818755495471 0.1522759611091148 0.899955696135216 9 44 542
2.416433139200067 0.6408820557516122 0.8141613073034011 9 45 433
2.429200556684919 0.6008145868084311 0.8137822826357592 9 45 441
2.40664250243608 0.2680213057049564 0.8320463419075306 9 46 509
2.4161177563438985 0.2384289235336623 0.8317520741503035 9 46 515
2.4135634860982167 0.7976566254566524 0.7960625301322696 9 47 402
2.403634169981146 0.7254308912615341 0.8021739707302348 9 47 416
2.424913368958359 0.6602449243025543 0.8014304098005134 9 47 429
2.122564074101345 0.15801915524071397 0.8922169686341057 9 47 541
1.560452712937289 1.9732573816747376 0.9025724463881674 9 48 105
2.4256804093045448 0.624284940199802 0.798325289444213 9 48 436
1.4874967008904987 1.969260989599381 0.9140780419193333 9 49 96
1.5822624560716703 1.9595335540311618 0.8947144323327614 9 49 111
1.2296989642681195 2.092423116574002 0.9576836278488318 9 50 26
1.4908830799000672 1.963176623346509 0.9097652137929376 9 50 98
1.286757359266168 2.087637580000247 0.9385283299482914 9 52 38
1.418636903135528 1.97166802126215 0.9168896261828878 9 52 86
1.5345228738518966 1.9603138028013154 0.8926357938897261 9 52 105
1.5574965291563005 1.956041242761931 0.8879446004202209 9 52 109
2.2780211424079964 0.21196602421602873 0.8339740938177672 9 52 523
1.4685701347163462 1.9739446352612904 0.9020890201164594 9 53 93
1.513138392077785 1.956915207270657 0.8934283366328115 9 53 103
1.449296620508937 1.9757295710998848 0.9022473737532289 9 54 90
1.5363249602650044 1.9361411897649747 0.8815332703428902 9 55 111
1.9397277581249273 0.12700142909271817 0.8994099467159565 9 55 554
1.502386768577293 1.9525721992013674 0.884021753828731 9 56 103
2.4009591914787456 0.644713168779937 0.7625527215110565 9 56 431
2.4032080236403885 0.23134426128047703 0.7865391398279266 9 56 515
2.0287306520595303 0.21005981512668725 0.8707053807772017 9 56 530
1.4576197397018125 1.9611413790712224 0.8894847708315194 9 57 95
2.4069047943908943 0.6189782745370788 0.7577495228367984 9 57 436
1.4498713062520867 1.9434717155983134 0.8883367984269644 9 58 98
1.625934767265543 1.9265506006244761 0.849803002638503 9 58 125
1.339402023926962 1.9766614173856398 0.9073940301853884 9 59 74
1.1996608210532236 2.074581792748293 0.9295267058153971 9 60 27
1.2092283332704088 2.07375145179879 0.9273969326583081 9 60 29
1.3855304915087316 1.9564014738694373 0.8943365573069362 9 60 86
2.3880456008107656 0.2487263855293006 0.7694025663882694 9 60 511
1.320020882949775 1.9606753369849095 0.9052609784999883 9 61 75
1.4665940423535195 1.9430656328374147 0.8726972397079081 9 61 101
1.501312598555312 1.9513628708166788 0.8642238722077582 9 61 104
1.6213124299298944 1.916588059605966 0.8388048106287302 9 61 127
1.221215282279544 2.009277406589911 0.9213669507448038 9 62 47
1.2317490995868994 1.9794026898395296 0.9207638433981064 9 62 56
1.3859165198984638 1.9451284911969982 0.88723394211441 9 62 89
2.419398859460567 0.5756687834167399 0.7323305507321174 9 62 444
1.4399456489879627 1.9456721925084017 0.8707661171663904 9 63 97
1.3576508028187089 1.951584384546623 0.8780706091098643 9 66 84
1.431135234833321 1.937965238166555 0.8614600599096222 9 66 98
1.3423964093733018 1.9552168509015795 0.877650296486423 9 67 81
1.3744149672074633 1.9460971636654993 0.8705630915083571 9 67 88
1.4526560968760385 1.9390667813829843 0.8522828730624715 9 67 101
1.2423206548224446 1.9631393189398825 0.8974367049824286 9 68 63
1.320763781087233 1.949985177308612 0.8793697697226149 9 68 79
1.2622319869413312 1.9529019373779848 0.8895897953829226 9 69 69
1.4423083305070237 1.9386025223533618 0.8468150605772399 9 69 100
2.395933541671648 0.6069720487753829 0.7003598829400153 9 69 437
1.2663210042935766 1.943943559572217 0.8854605381313346 9 70 72
1.396182078018759 1.9364301265954373 0.8542235524101115 9 70 94
1.478160307312864 1.9303355556995325 0.8345910178726104 9 70 107
1.1342958167451647 1.972330475194235 0.9123815899634858 9 71 42
1.2382128811573523 1.9502501695725025 0.8882511009944472 9 71 66
1.2165064100093221 1.9606363574738364 0.889274670189388 9 72 60
1.2784311156349486 1.9413893376749787 0.875191855212345 9 72 75
1.4030339591967236 1.9381165002216854 0.8445570461980502 9 72 95
1.2502925001504466 1.9479777350967302 0.8780282210132052 9 73 69
1.3279436718149293 1.9418334057123574 0.8590762226056057 9 73 83
2.4169618876920484 0.5690278524081152 0.6771250665369755 9 73 444
1.1873624735217572 1.953580841377191 0.8897401352100398 9 74 57
2.4176164710878876 0.6709183858447043 0.6599176977069576 9 75 424
1.2020526192368919 1.9537168916599104 0.8787645628639281 9 76 60
1.2657433284084292 1.944544809146747 0.8631805744429493 9 76 73
1.3077936506022263 1.9306998978714773 0.8534074739008166 9 76 83
2.4183026025443137 0.6548348071648967 0.655592384636966 9 76 427
1.2234457213365921 1.9408161798127517 0.8704990778068851 9 77 67
1.286533548565331 1.9342184354226024 0.8547947418038109 9 77 79
2.3935998510423158 0.6228174536813879 0.6588248158171046 9 77 433
2.384846657952487 0.5818889343276971 0.6637898904402464 9 77 441
1.0546958842592002 1.9765236282265324 0.9078852383790019 9 78 27
1.1569568201452103 1.9593653236317272 0.8826948693703498 9 78 51
2.385177792551053 0.5965768566243114 0.65757359805567 9 78 438
1.1739666744772044 1.9533018734221128 0.8714817294242347 9 80 56
2.4236475401510194 0.6841338396553537 0.6312776474143689 9 80 421
2.384116643156975 0.5954001013346342 0.647595710559585 9 80 438
1.090859029289598 1.9652491712390983 0.8853663168969923 9 82 38
2.3915533420719455 0.5686912501383243 0.6370900133731989 9 82 443
1.4167874946679948 1.929199060164197 0.7976471618089547 9 83 101
2.4088153439335303 0.6092977396455451 0.6245075711128468 9 83 435
0.9919462118629945 1.9663376955767724 0.9047511240396531 9 84 18
1.220961645345583 1.936854000340488 0.8454862130993621 9 84 69
1.2906873427416912 1.9310616337846545 0.8233783907770434 9 85 82
2.3958135705840036 0.6493611565926902 0.6147119407629177 9 85 427
2.4065648267235935 0.6132859827686771 0.6143215494600995 9 85 434
1.266018113523585 1.9321171074841716 0.8261408983878353 9 86 78
1.1620666743240604 1.9467677998160786 0.8496516206970413 9 87 57
2.3941066611361292 0.6794427299258812 0.6025289915402273 9 87 421
1.2028143685347026 1.9568518835754871 0.8341048787686864 9 88 62
2.3949874238043805 0.590747255619523 0.6032536081462037 9 88 438
2.395574818693245 0.6419602079527276 0.5941905451090487 9 89 428
1.1069679406869624 1.9449096064125195 0.8541231199024457 9 90 48
1.2172812680376648 1.9184653337921103 0.8253523687087883 9 90 74
2.4015089589473937 0.615516133738339 0.5891278717060467 9 90 433
2.412104309406467 0.589644770607042 0.5880274363269383 9 90 438
0.9165560581156285 0.09176404011777461 1.0391192261603106 9 90 633
1.2406469865693577 1.918799206543319 0.8150403493727204 9 91 78
1.280105666071938 1.9289890955043325 0.8032773531866271 9 91 82
1.3205029891336793 1.9347761055981079 0.7915673238965653 9 91 87
2.4000518331460943 0.6618376114674859 0.5809085256790651 9 91 424
1.1816022254446912 1.9533551977418186 0.8253611758638971 9 92 60
1.1936735315144948 1.9538361355939111 0.8219305781130617 9 92 62
1.0276017695615853 1.9535352675377233 0.8652176053828093 9 93 31
1.0596632097374206 1.9552846981321548 0.8560161525306096 9 93 37
1.090735233134704 1.9474100967233785 0.8477912592429228 9 93 45
1.2014563655035468 1.922499070706058 0.8182550107484396 9 93 71
2.4174850885244776 0.6349551972876581 0.5672456980311724 9 93 429
2.402290010330763 0.5826037141511413 0.5753353724997685 9 93 439
2.3918349763747773 0.5664653553568164 0.5741605009727009 9 94 442
0.9809003426330081 1.956473350352625 0.8714542332988549 9 95 21
1.1853148906423565 1.9420548887665576 0.8139447448034118 9 95 64
1.0591143577649504 1.941736058134174 0.8466002143401616 9 96 41
1.1143751075604695 1.948058848837459 0.8302082143914707 9 96 50
1.1244613588620744 1.9434213054571043 0.8276418685644151 9 96 53
1.0768984289389962 1.9445223678436723 0.8377080134178545 9 97 44
1.0156309203043854 1.9487588193005039 0.8516966869591209 9 98 31
0.9404696110571442 1.9382623033886675 0.8710645311591547 9 99 18
1.162463588091057 1.9373222956398553 0.8059952093956992 9 99 62
1.1023971749493702 1.9549502100690477 0.8186764963951372 9 100 47
1.2420764776301207 1.923409668297603 0.7798114771264397 9 100 79
2.389031050991528 0.6252071245878167 0.5385728430995169 9 100 430
0.9965204704658168 1.9518890486011373 0.8467077823500164 9 101 27
1.1317535977939657 1.9453718713730954 0.8070459876717978 9 101 55
1.1460823924860934 1.9395244643828702 0.803232029355835 9 101 59
2.391771464493238 0.6241053935847461 0.52705640746581 9 102 430
1.0190080510170958 1.9286984208791247 0.8347981495782584 9 103 38
1.2297923616309872 1.9389178946632013 0.7706982934508931 9 103 74
1.2339271303779382 1.9289448289670519 0.7702148408612892 9 103 77
0.9706924988567198 1.9491960788899227 0.8443312949265596 9 104 23
1.0965472608200335 1.9378999078669275 0.8071656576862913 9 104 51
1.1092720432634475 1.9394130462108157 0.8032049682373419 9 104 53
1.0299000215949448 1.9313291774464154 0.8242809205210024 9 105 40
1.1336265463314648 1.93394625046309 0.7925548386170971 9 105 59
1.078702404376163 1.9382970698249966 0.8052928394666947 9 106 48
1.2339766896115802 1.9101374382686727 0.7600016887627747 9 106 82
2.3926457406150945 0.6008050061201202 0.5068908607610579 9 106 434
0.9804135813727843 1.9446129976574695 0.8313945395326097 9 107 27
2.369231716961257 0.6365548840684829 0.5058747206969658 9 107 427
2.386809121159848 0.578620259456669 0.4995320564826762 9 108 438
1.0128268639952627 1.9493821911550557 0.8140099309492269 9 109 33
1.038147984435855 1.9337087310282715 0.8073630963203078 9 109 42
0.941098247623583 1.950821861135355 0.8293824060080914 9 111 18
1.4908078645852192 1.9066992015620374 0.655587851495212 9 112 121
0.9742281734610605 1.961205049538071 0.8111688337676211 9 113 23
1.029864680022885 1.9430460902213018 0.7949209098219008 9 113 39
2.3907328153333705 0.6071403651903675 0.4686955067952764 9 113 432
2.3994581577339096 0.5755440441484655 0.4684427347524589 9 113 438
0.9846866650607511 1.9551341422767494 0.8048149041458728 9 114 27
1.227122366122125 1.9141760514703905 0.7226698285984557 9 116 82
1.345063728055682 1.901145964790539 0.6855752752011295 9 116 103
2.3647764299235554 0.6103308066593885 0.460273315700819 9 116 431
2.3636169663684425 0.5887456941701065 0.45691216440522786 9 117 435
1.1946138340485637 1.931676110567392 0.7239627104559234 9 118 73
1.3731914397931182 1.9074911165587585 0.6675344787041464 9 118 106
2.3277234938050677 0.613914607491178 0.4610995232914765 9 118 430
1.0815805442618731 1.9375587957529248 0.7530199250054253 9 120 52
1.3240732654517413 1.899757960332713 0.6759549829998948 9 120 101
1.1890200879597632 1.9346972357120713 0.7138107159269482 9 121 72
1.3485849206746479 1.8994402955627692 0.6594809536624409 9 122 105
0.9408374149613994 1.952219225434577 0.784405147605203 9 124 21
1.0719687490916534 1.9381079789657336 0.7412792278479514 9 124 51
1.1974774926784864 1.9133843560187294 0.7009454698267886 9 124 79
1.0746016323358225 1.917353799859902 0.7346629962313681 9 126 57
1.1499222324980298 1.9193663283935711 0.7087649680004589 9 126 70
1.1944854140584236 1.9087558238205333 0.6944437660150355 9 126 80
1.324730530293678 1.9016516097037905 0.6463613892516755 9 127 102
1.054419163702989 1.9160753529550165 0.734241306725028 9 128 54
0.9021269915602588 1.9360157250203114 0.7816594873759614 9 129 18
1.0240906271961707 1.9299429896527276 0.7398522887563752 9 129 45
1.2032350557231128 1.9133508235187406 0.6791043725552856 9 129 81
1.2219018266010149 1.9178279955011877 0.6722406384197813 9 129 83
0.9255388377265521 1.9376161580841387 0.7698958528811025 9 130 23
1.0757773768048602 1.9179268251505266 0.7191780520782135 9 130 58
1.004250320541088 1.93223402765409 0.7392481493215906 9 131 41
1.044232371397048 1.919234405702296 0.7263528952429728 9 131 52
1.1858617048588769 1.9071450040169793 0.6777260023074256 9 131 80
1.2305476548825205 1.9222488454005746 0.6566710619800414 9 132 84
0.9114117136434838 1.9297367868202477 0.7615558270529972 9 134 23
1.0318367561418942 1.9328576524202152 0.7183742559601141 9 134 47
1.1366862288174402 1.9128407125870392 0.6827779607797547 9 134 71
1.1726506671531605 1.9090440726769546 0.6702980122906992 9 134 78
0.9996859686280437 1.9285058040071836 0.7265453701895418 9 135 42
1.0414093310567085 1.925000751314184 0.7119118283095873 9 135 51
0.8645125499477861 0.09084478224634585 0.9373700105434901 9 135 627
1.046949622014143 1.9271744304731195 0.7022061923880327 9 137 52
1.090805519763938 1.9361547072570136 0.6855350495026423 9 137 58
1.133693502798378 1.9176918407908046 0.6716613610849578 9 137 70
1.2301075555710097 1.917666072019209 0.6367738441892622 9 137 86
0.899368300254209 1.9352107728520225 0.7513926640993109 9 138 20
1.1626104566748994 1.9097891935380638 0.6579176740817746 9 138 77
1.0105162471879134 1.9208882065048778 0.7085349579634928 9 139 47
1.210811803110068 1.9156346394067685 0.6316857941344638 9 140 84
1.0144688073146877 1.926001940291243 0.699167129528159 9 141 47
1.1444896372383482 1.9122854310357562 0.6523874856052507 9 141 74
1.0629983375440397 1.9488421805844558 0.6753268500139538 9 142 51
1.1843461865474032 1.9161416350511906 0.6332587540495128 9 142 80
0.8972609497761819 1.92693459800718 0.7353244868768579 9 143 23
1.0217018295093698 1.9337447723625005 0.6882687886888725 9 143 47
1.1640353160592039 1.9111299742735552 0.6372313756745596 9 143 78
0.8937212798422052 1.9171868502094023 0.7340135457218933 9 144 25
1.0811516211663856 1.9229684894552692 0.6631929665089784 9 144 61
1.1446703749401965 1.910927817199903 0.6404800259391261 9 144 75
1.2181793071601228 1.9201058867297487 0.6120690800662465 9 144 85
1.3037939837402002 1.903365414637582 0.5772014070806942 9 145 102
1.0473394247815575 1.9322002221167671 0.6673619201473682 9 146 53
1.063703008065227 1.9324496758821033 0.6611402760526994 9 146 56
1.19254303079606 1.9169675497525456 0.6137723104174742 9 146 82
0.8879157062431606 1.9425175906496606 0.7232507876410407 9 147 18
0.9044724821194525 1.9372621853158045 0.7174374049351 9 147 23
1.144824480910641 1.9095425638753427 0.6285192956388205 9 147 76
1.156213626691817 1.9101203640242692 0.62008260590252 9 148 78
1.100794958486969 1.925832510926097 0.6358597466206184 9 149 65
0.8699383146192745 1.9300369646978586 0.7207057213223194 9 150 18
1.0060574166028355 1.9323656223446706 0.6678878522108687 9 150 46
1.0261158836836122 1.9195044986029306 0.6613511483387515 9 150 53
1.05042939989393 1.922889077945078 0.6477638062969707 9 151 57
1.3051176167657075 1.9049602398906982 0.550562053374237 9 151 103
1.023496853053229 1.927684962712489 0.6539372238105722 9 152 51
1.0737117796853954 1.9218236664559423 0.6309678056992174 9 153 62
1.0101447886253037 1.9232147881846489 0.6519458007231741 9 154 50
1.0415930255553687 1.9241314680793344 0.635579005276206 9 155 56
1.1618878614700847 1.9033478860842834 0.5899456524164941 9 155 82
0.8684644685585472 1.919567864200989 0.7010229002941242 9 156 22
1.0682003098358845 1.9205342942809307 0.6214464360918773 9 156 62
1.1320583376111792 1.921651304659598 0.5959265870166905 9 156 73
1.1556558760005595 1.9181926947214014 0.5827527803855534 9 157 78
0.8858045956526217 1.9249240741109508 0.6863984096814708 9 158 25
1.1892233373047414 1.9125364857114833 0.5656913125083607 9 158 85
0.9844690230375586 1.9281780441794378 0.642630224305428 9 159 45
1.0489599635604483 1.925473527070829 0.616857123106471 9 159 58
1.0781806140264454 1.9226480702155246 0.605336371528254 9 159 64
1.1370130790176298 1.9151618567762805 0.5823169753529484 9 159 76
0.8558337983468878 1.9282888749970726 0.6909933450368748 9 160 18
1.1672089037386832 1.9250876395218186 0.5649844328979532 9 160 79
1.2967232675275835 1.9166133403461367 0.5132755380417433 9 160 101
1.0306665889500433 1.917370442648342 0.6172338356272759 9 161 57
0.9694338487134162 1.919032434478332 0.638236395206138 9 162 45
1.000359339471415 1.9079579985132775 0.622812079949502 9 163 54
0.8604091106445526 1.9365998135587452 0.6739495342815184 9 164 18
1.0502419689751195 1.9145783354006984 0.5976568419788806 9 164 62
0.9945336571521841 1.917701047941256 0.6165154640504378 9 165 51
0.8617684057875488 1.9360408309203427 0.6662130350026 9 166 19
0.9510360092752281 1.913194505913578 0.6274645670063912 9 167 44
0.9805714733883937 1.9167578930669196 0.6147154189354446 9 167 49
1.0690285249136111 1.91926767118921 0.5773604074928717 9 167 65
0.8659333943356498 1.922233063289303 0.6586063435633874 9 168 24
1.0308625188647638 1.9161217950914426 0.5897289677269214 9 168 59
0.8574607533928365 1.9315701749231846 0.657596570251739 9 169 20
1.000253355932934 1.9221850050724778 0.5981022481216537 9 169 52
1.0669388379513634 1.9196455114215558 0.5701292928030802 9 169 65
0.9958020368036198 1.9341774651782107 0.58700376341643 9 172 49
1.0140930862887936 1.927930377274505 0.5797977592224984 9 172 54
0.8553554300148494 1.9311975608624643 0.6402980829440401 9 174 21
0.9738551789763543 1.9267404210035362 0.589414953157975 9 174 47
1.036744921190088 1.9140529264724586 0.5634880758798456 9 174 62
1.1495608002751139 1.926676051306686 0.5090311397358549 9 175 79
0.9948763782321346 1.9250358703676422 0.5725898903933713 9 176 52
1.0130599710144428 1.9101808742181534 0.5662012519754535 9 176 59
1.0670550687035827 1.9158154571205404 0.5337876426579862 9 178 68
0.9963597373769013 1.9219699637972534 0.5563774839755165 9 180 54
0.850694009949577 1.934713589370674 0.616190751769587 9 181 21
0.926614395680512 1.9115790404457331 0.5847077064673606 9 181 43
1.008818839312525 1.920316177441938 0.5469899349898141 9 181 57
1.0199249744573855 1.9164164171372113 0.5424397526840541 9 181 60
1.0825186818506092 1.9327005649708178 0.5043214763877469 9 183 68
1.0889296602231566 1.9288646821060542 0.5018423919022378 9 183 70
0.9512612482575344 1.9186620137610042 0.5611800824345147 9 184 47
1.0550419696076072 1.9255289916775116 0.5133678734662565 9 184 65
1.0691275606632988 1.928781351284071 0.5024530547732298 9 185 67
0.8089310731755446 1.9147303622746785 0.618876288441091 9 186 18
0.970507806660267 1.9198716322135767 0.5443759820544726 9 186 51
0.8520283165539051 1.9266116156150055 0.5941093903124852 9 187 25
0.9986516675321295 1.918385315468964 0.5276196767962863 9 187 57
1.0252894777068435 1.9149877325691724 0.511647819305941 9 188 63
1.0991477794724265 1.8811233488112635 0.4770411625580757 9 189 84
1.0427003896115061 1.91875245461268 0.49072770290213585 9 191 66
0.9388090010035506 1.9416843957596543 0.5328066095376967 9 192 41
0.9541964668085066 1.91284753607469 0.5288110047776505 9 192 51
0.9745926578163875 1.9168776984881948 0.5187736477164074 9 192 54
0.8218992964012943 1.92735975763986 0.5818964555435113 9 194 20
0.9741110511843512 1.9185768427416843 0.5107265777994857 9 194 54
0.9270691265688935 1.9185017937637123 0.5290821627367687 9 195 45
0.9636988818017485 1.9195681852928708 0.5115188115008862 9 195 52
0.9908599169711396 1.92574450472025 0.49378478131754544 9 196 56
0.8000371871774827 1.9188559114041068 0.5821276488721443 9 197 18
0.799667653748726 1.921872538332923 0.5707973863034637 9 200 18
0.9632229043666323 1.920252330054852 0.4913918978103069 9 200 53
0.8335993713596286 1.9177837705087182 0.5509529345992079 9 201 27
1.0019697364695264 1.9014130910769214 0.470564648265167 9 201 65
0.8236639407403201 1.9259815361155492 0.5510607775642623 9 202 23
0.7908435503747762 1.91722226910073 0.5644632591567569 9 203 18
0.9274867305721837 1.906637960440392 0.4983415630583461 9 203 50
0.8230331502781549 1.9304301781274615 0.5202109758818318 9 210 24
0.8018424510570121 1.9363453794813252 0.5264402967600544 9 211 18
0.8067940737355315 1.9260525262422499 0.5213225286006327 9 212 22
1.2889038957567815 1.4802168102949358 0.31906803868887623 9 214 204
1.0555042415250961 1.470381235112384 0.4282365436786988 9 217 180
1.1029306644915413 1.1162227974710563 0.4430259767705307 9 218 275
1.0211000237722219 1.461643944879838 0.439036028249987 9 219 178
0.7993110622056094 1.9324176962038224 0.49353144702129004 9 220 21
0.9721285206164865 1.4839476174695634 0.4539733422152942 9 221 166
0.982244739004758 1.4782406787448645 0.4452212096861703 9 222 169
1.012470721826499 1.4626872568845637 0.4310396072310845 9 222 177
1.0204558082843778 1.4649692471402787 0.40974032803360183 9 226 178
1.0565540543662524 1.467465026727012 0.38982854267092404 9 226 182
0.9372948250979762 1.464826834310502 0.4468399005499035 9 228 167
1.1453522092514627 1.4926504146076642 0.32940891029223485 9 228 187
0.9271452602326018 1.4829257495000023 0.4460388195170142 9 229 161
1.0735584671895586 1.0670830253058097 0.415136466411582 9 230 286
0.9359628153523225 1.4740707317182589 0.43016366620446944 9 232 165
0.965176330385694 1.4744954079788326 0.41386133174080975 9 232 169
1.0823106642808349 1.1040690658408698 0.3970875109567349 9 232 277
0.5769446268031819 0.11566266713757478 0.8045886702308109 9 233 629
1.0759847896657542 1.4858340293815557 0.34195745637590047 9 234 181
1.0689316082658802 1.0775795151496135 0.3954114588910209 9 235 283
1.0118040340220344 1.4819247179252963 0.36991321493101315 9 236 174
1.0685001834206953 1.0623820520741893 0.3934598903272306 9 236 287
1.0831848081997222 1.0474262793983493 0.3871424884652048 9 236 292
1.0703715267809069 1.0819951860381267 0.3855805894415707 9 237 282
0.9994478754977232 1.4844880114647314 0.3680346486270747 9 238 172
1.1185027818184916 1.5014902557982768 0.2979421947523324 9 238 183
1.048711709041331 1.4956293562231102 0.3296911179461097 9 240 176
1.1026905944029062 1.49444894659046 0.29885349104173686 9 240 183
1.0739919897007293 1.091124487735101 0.36528284771601793 9 241 280
1.071120873135723 1.0561989697231808 0.3545749664528026 9 245 289
1.0263661145545637 1.4994974360662805 0.3157052937014646 9 246 173
1.0019522467466033 1.5003037998183024 0.3168468680381924 9 249 170
1.063939417046057 1.4919767160539834 0.2811245864753853 9 249 180
1.090694856602854 1.4974624808305066 0.26444510306318936 9 249 182
1.059963657781732 1.072535796096111 0.3417278292755985 9 249 284
1.1163979476509027 1.4940672457596316 0.24497613496660842 9 250 186
1.0693424947384627 1.0522488498103937 0.3346444050606334 9 250 290
1.1928750062644196 1.493250641580842 0.19457705465549968 9 251 195
1.0236726691850384 1.5015144849679434 0.29041843007930357 9 252 173
1.0996864964073985 1.5081310015048284 0.24373524226750432 9 252 181
1.0675087647010444 1.0672688473159995 0.32497265214368554 9 252 286
0.9399294625844612 1.4970262303163795 0.3329138106929601 9 254 163
1.0750326242828683 1.5011886754484283 0.24576719947637748 9 255 180
1.1137682982512898 1.4781329345994259 0.2254489307076326 9 255 190
1.138955483680649 1.4820247424136608 0.20955901573874347 9 255 192
1.0067757308629055 1.5029479134233514 0.28262979941147837 9 256 171
1.0347525900825194 1.509882213608217 0.26454023150891426 9 256 173
0.5518892398349 0.09689193563216192 0.7608398771728787 9 256 635
0.9504254424811069 1.497338385326948 0.3092127906520876 9 258 165
1.03924803662972 1.4930022830489083 0.25056336844253413 9 259 178
1.065742947897913 1.0597237607540828 0.29209844539640395 9 260 288
1.1551251407346501 1.4844056068975842 0.1704641992351359 9 261 194
1.3544909013056645 1.5194391881317069 0.04115365935652582 9 261 207
1.0550157452079636 1.06454143934131 0.29366948898175527 9 261 286
0.8849495532777922 1.4979373895719208 0.3326482330903253 9 262 156
1.359625937205509 1.5125875255398837 0.033590726865998066 9 262 209
0.9620448875162075 1.4946889365016318 0.28048636679238914 9 263 168
1.3301422153967533 1.5188089876429727 0.04582994632392001 9 263 205
1.0451373922074982 1.494777663602742 0.22368121582415434 9 264 179
1.0863272059058962 1.4949967630004255 0.19768640323096154 9 264 184
1.3436602636661048 1.4484794611264398 0.04229394183767243 9 264 221
0.8789003029955249 1.5001885020455727 0.3234415710620835 9 265 155
1.0535040711252432 1.0916724195172118 0.2729771931279139 9 265 279
1.1065105647702589 1.4934847529220305 0.17563064888294466 9 266 187
1.3075559858826953 1.4954392429859935 0.04765425263317735 9 266 208
0.8731307717763379 1.5098376426551186 0.31720564537747165 9 267 152
0.9554105755998252 1.497468267523585 0.2665795165623026 9 267 167
1.037715729484571 1.5010519557118271 0.213577376503868 9 267 177
1.2315783748648113 1.5116036480740287 0.0884232231062616 9 267 197
1.3281082762922516 1.5247895615944362 0.02493197140053338 9 267 204
1.3216625457012858 1.45458149907431 0.03942681607053111 9 267 218
1.0665250273502336 1.0605099356754497 0.26037756072785934 9 267 288
0.8627763419709089 1.5049122056425932 0.3160858379836584 9 269 152
1.1035274115899036 1.498014997634398 0.16246366059252537 9 269 186
1.312149512951586 1.5376144092364759 0.02255405630782037 9 269 200
1.3110797851849718 1.4275588813583293 0.03434951960989263 9 270 223
0.8201121684412529 1.4996915370477892 0.3359963471212246 9 271 147
1.293791996756954 1.529855122696179 0.024898991100208434 9 271 200
1.2889827317472595 1.508407928820328 0.031228465526525362 9 271 204
0.7929836129243903 1.502594113267533 0.3490338924832419 9 272 142
0.866543992361108 1.5051830432722313 0.3008557195922017 9 272 153
1.0123445514113503 1.4951217034491857 0.20302561756212256 9 273 176
1.267831399736874 1.4382944011743581 0.04500777204837503 9 273 217
1.2920514550910585 1.3925308939158272 0.036125679239253916 9 273 229
0.9120742563457995 1.5054486047829414 0.26245606602730853 9 274 160
0.9935896031381852 1.4939066162627874 0.21085064732438896 9 274 174
1.0242435809149995 1.4936632486176302 0.19082344889673997 9 274 178
1.2590203085813 1.476956247711682 0.03968594748937848 9 274 208
1.261286087733181 1.535343783846197 0.024078762208719295 9 275 196
1.2715665473889692 1.3755524974693958 0.04162425796762914 9 275 231
1.280526251060207 1.337499335086677 0.04152465096799385 9 275 240
1.2871789715719006 1.3262057076840108 0.03887135043125656 9 275 243
0.9592730580788191 1.496902196635344 0.22381711316269537 9 276 169
0.8945429672262044 1.5051501716361755 0.2608640935851019 9 277 158
1.0444846515596018 1.4934058735638502 0.16341604000761167 9 277 181
1.2338910511865289 1.4714263171695552 0.04141351901358448 9 277 207
1.2651672386032418 1.3644384283817685 0.037093647647383765 9 277 233
0.7613407179690495 1.5016726649981902 0.3455039693822406 9 278 138
0.9882195156641105 1.4975521786291852 0.19540672241438295 9 278 173
1.2397497558342228 1.5405992726901734 0.02168490635777598 9 278 193
1.2385750864481686 1.4507967208294437 0.03626293416847637 9 278 212
1.2716444796454103 1.4187525259288347 0.019216183019560962 9 278 222
0.8004489632339429 1.5043286612771274 0.3149479470034169 9 279 144
0.9150421603464864 1.5022401212994563 0.23885509070353605 9 279 162
1.266674063944536 1.3242482008121486 0.031815458452980394 9 279 242
1.200467808134341 1.4895442149171418 0.04532299660782524 9 280 200
0.8282448194159262 1.507441180905858 0.287433377729468 9 281 148
0.9999778792914653 1.4973889940830918 0.17362463298741493 9 281 175
1.2112419329219692 1.472086151068089 0.035626548021038706 9 281 205
1.2131659329431068 1.4591005253521723 0.036349739564869976 9 281 208
1.2366518228789865 1.4280814043551897 0.025387086478887655 9 281 217
1.2401356708723454 1.4156939883502928 0.024969524225869177 9 281 220
1.049833399257654 1.4991847791184134 0.1350432397788912 9 282 181
1.1946183831686392 1.5435370932868593 0.030509430325319054 9 282 188
1.2294566744662805 1.3563525726346222 0.03617399756130535 9 282 232
1.2442331121989414 1.2712054278152154 0.03947281902098787 9 282 252
0.9620110930522547 1.4985860244886018 0.1897521425200046 9 283 170
1.2260672408748576 1.3736282566429945 0.03057576110367899 9 283 228
1.2108470278765877 1.326532953579707 0.04823682079070024 9 283 237
0.7948544223489216 1.5080481967687533 0.2972016309161398 9 284 143
0.8341467136074601 1.5131006784012304 0.26971924497177424 9 284 148
0.9246506228154145 1.5027956481634557 0.20985874575858543 9 284 164
1.1514689481853624 1.5316289535043714 0.05126633228561128 9 284 186
1.1849934799650979 1.488769491033118 0.03521538813715441 9 284 199
1.195676614996133 1.4386453695480232 0.03581915491729304 9 284 211
1.2183882601759186 1.3163009929742024 0.03957794483082888 9 284 240
1.2213496732448912 1.259000736038852 0.04655220714043984 9 284 253
0.9488964726758775 1.4889189760163402 0.18638955322532036 9 286 171
1.1819197241209973 1.3878538322990677 0.042893347894088274 9 286 221
1.1957112552342772 1.2680204384475795 0.0523763983258132 9 286 249
0.7280522487891967 1.5049949152610285 0.3309144377283235 9 287 133
0.9183489370138549 1.5010647190430317 0.20084246449210785 9 287 164
1.2018066011531885 1.2527640220115086 0.04550232473958271 9 287 253
0.7475783564324341 1.5034474949919894 0.313635791083672 9 288 137
0.8256202664909613 1.5144709756622223 0.25808818816717394 9 288 147
0.8761240919260358 1.5053971600831153 0.22471763299436565 9 288 157
1.1649053664283495 1.4902687144549873 0.028061803468447666 9 288 197
1.1670318468900733 1.4410011270279677 0.03442762717300818 9 288 208
1.1615331404041445 1.3842909717441483 0.04723267022113009 9 288 220
1.1752248458349916 1.3412168558872208 0.03952736894629427 9 289 231
0.7911501521360131 1.5059543572936773 0.2747263199108523 9 290 144
0.8621092975497646 1.502349431745515 0.2260315404703359 9 290 156
1.1643677986773384 1.46814361435776 0.021627384139870864 9 290 202
1.1502705175113777 1.420590032121801 0.03902647509213364 9 290 211
1.1435210713119444 1.3816880084137664 0.049938888289546624 9 290 219
0.5667761674584497 1.6102680219010863 0.4100906222583445 9 291 72
1.1309410734428633 1.548041576057292 0.026914877729056208 9 291 181
1.1383398462678636 1.5289924263565986 0.024817543323874425 9 291 186
1.1777587569468466 1.2539676571926999 0.04150954992399236 9 291 251
0.9374905919520451 1.498677990668744 0.16502871542827968 9 292 168
1.1496086746329413 1.340629111795466 0.042128999059479755 9 292 229
0.5702062681277527 1.583102975580749 0.40457108057614155 9 293 81
0.6496337557594403 1.5074340468861542 0.3610466625686135 9 293 119
0.7363634543678483 1.5147397058561487 0.2989822408169105 9 293 133
0.8124104769124805 1.5057336173208804 0.24705395608425684 9 293 148
1.1202914238528336 1.5070924015582747 0.030704996648582616 9 293 189
1.120608692964647 1.4665253719909426 0.03704046716314746 9 293 198
1.1602060619358012 1.4175137674927245 0.017166882815215168 9 293 213
1.1569004958055427 1.3040641932986994 0.03782796214356399 9 293 238
1.175660595753618 1.298108258596173 0.025621417372358124 9 293 241
1.1602901084023074 1.2568971866504266 0.043073651273550784 9 293 249
1.179911922986171 1.2156358025712857 0.03596977863184847 9 293 260
0.5772945794310285 1.63603823584735 0.38723278755881707 9 294 68
0.8423306906341728 1.5050451881731608 0.2217517706165102 9 294 153
1.103912236077891 1.4722369492497867 0.042778380341564226 9 294 195
1.1333069066434236 1.3655497126889309 0.039374020270134924 9 294 222
0.5826942275859186 1.6343025531189805 0.37988422088694485 9 295 70
0.7025630455196297 1.5086203492307952 0.3155801126848059 9 295 129
0.7708291180428346 1.50807168942681 0.2673985243950412 9 295 141
0.7986293976992755 1.502415861350059 0.24866146702246783 9 295 147
0.9355548813374504 1.4994730393402995 0.15232052031968912 9 295 168
1.098604077521158 1.5377333962171145 0.03080161672170756 9 295 180
1.102788772437107 1.4947038027706216 0.03484577629086738 9 295 190
1.1583426738121094 1.2964399862618547 0.02783149791192141 9 295 240
1.14144650032295 1.254834937200488 0.046550074711106726 9 295 248
1.1416255289567305 1.2461958494302328 0.04782951282785608 9 295 250
1.1520123600560752 1.2325565305971486 0.04270481999035458 9 295 254
1.1601956676802265 1.2136586274663885 0.03999408208815303 9 295 259
0.6800348960807701 1.5088375003813739 0.32745930300149406 9 296 125
0.7211967012519589 1.5143624345593718 0.29734611378417997 9 296 131
1.1231300577322747 1.3930291372196595 0.03192272832563625 9 296 215
0.5677890823394658 1.591704501682368 0.38980296937149483 9 297 79
0.7281984218405897 1.5122054882485585 0.2885800747613769 9 297 133
0.7724985712759411 1.5066805515362236 0.25793338180810355 9 297 142
0.9190723847706204 1.5037695631285568 0.154015952103856 9 297 165
0.9682890582288115 1.5024120272534416 0.1191847484362607 9 297 172
1.0888818364513024 1.4618741622698137 0.03993681593292697 9 297 196
1.1259114055317352 1.4126442254741014 0.02162933284502655 9 297 211
1.1284221972219846 1.3425009881974261 0.031333741286423855 9 297 227
0.6803306877091582 0.6979275311662639 0.45608893449820676 9 297 373
0.6868365730169745 1.5075682487327102 0.31474960812634256 9 298 127
0.835181699288386 1.5033727285984297 0.20940149187390755 9 298 153
1.0812782220752946 1.530257691202947 0.029070732376642372 9 298 180
1.088513845988453 1.3563893203831663 0.05248165921089609 9 298 220
1.1129665778750621 1.2882999061098652 0.04619624303945802 9 298 238
0.5712558784730852 1.6069802843308687 0.3772097162125876 9 299 76
0.8562087969506484 1.5007381076162514 0.1903128572308388 9 299 157
1.084060283243981 1.429464081605717 0.038611902923553654 9 299 203
1.0937752259133853 1.3372933029838618 0.04684559047152925 9 299 225
0.6714526817911168 1.5132330511790189 0.31676261752287416 9 300 123
0.6943367144708745 1.5066958531079253 0.3013686698998137 9 300 129
0.7629808583525755 1.510392189597455 0.25133520086957684 9 300 140
0.9083557151341319 1.495355132744562 0.14915818834307393 9 300 166
1.0626143246331674 1.4812970145193511 0.04042312824520522 9 300 189
1.0624329769797036 1.5264176938437317 0.028026754816725674 9 301 179
1.0627801222789575 1.5131670296122834 0.029976161378147292 9 301 182
1.067367866959748 1.3483063413000052 0.054035947838484644 9 301 220
1.0908979664989396 1.2805186451276476 0.04828998745886115 9 301 238
0.5825059423547891 1.655303390910965 0.349506519580407 9 302 66
1.0480069854099328 1.5415120954164117 0.030902375679518368 9 302 174
1.0673961313141591 1.427321947050591 0.03586637259256942 9 302 202
1.0684506682819508 1.4146344122327048 0.03721542266836231 9 302 205
0.6673017167259632 1.5125917934608188 0.3077461778765389 9 303 123
1.0966584092318317 1.2878044788879133 0.03285174346414643 9 303 237
0.5784811068065516 1.6355997582033301 0.3479333532380884 9 304 71
0.5773776300175761 1.6021649675183847 0.3543467002078722 9 304 80
0.6992179628424267 1.505433649886649 0.28158127677011824 9 304 131
0.7431073504994503 1.508015435856807 0.24909283879737698 9 304 138
1.0535039276638367 1.3953735706927073 0.04128018712585657 9 304 208
1.0871495815644001 1.2413727207193666 0.04253417609748178 9 304 247
1.0388750939993616 1.5428535217992576 0.022178722732230094 9 305 173
1.0378050032867432 1.4762651469547348 0.02914487514942321 9 306 188
1.026384329229454 1.4527948980150112 0.041508364351303895 9 306 192
1.0409644536507499 1.4383247143865572 0.03322614687840897 9 306 197
1.0471629975900838 1.3976834968619603 0.03552781935070071 9 306 207
1.0525906327820747 1.3568068346889621 0.03843632364537264 9 306 217
1.0730463475373622 1.3224748624972142 0.02918521443576494 9 306 227
0.6707810974087312 1.5143041576571588 0.28861487192742574 9 307 124
0.6793115280827635 1.5127653192816712 0.2825781282048483 9 307 126
0.7827701478152349 1.50071495938771 0.20824325310681635 9 307 147
0.8067022504987682 1.5038831823303016 0.19003925139310907 9 307 150
0.8248677059521765 1.5071684681827298 0.1760725209576619 9 307 152
1.0673268287306208 1.2816722531382845 0.03527846187833639 9 307 236
0.5726966759450283 1.612779628440488 0.3404452519281955 9 308 77
0.6606388189320618 1.515394551491931 0.29184284996150023 9 308 122
1.0265210269162903 1.4671262794806006 0.028978719583146795 9 308 189
1.011653204054745 1.4425538624462695 0.0392013647722087 9 309 193
1.0308296785370317 1.3525799050064742 0.040285140107720885 9 309 216
0.5759134213111505 1.6245538578441017 0.32820931082584726 9 310 75
0.6807594017108669 1.508535421051048 0.26982721594849735 9 310 128
0.9926755949360193 1.5026579866457601 0.03809980553372516 9 310 177
1.02718751763325 1.394433498289894 0.0308633715097395 9 310 206
1.0447649268497177 1.3119621832311652 0.031856774264171994 9 310 227
0.6303313859074846 1.5109511435184952 0.3030213399346309 9 311 118
0.8003220568094325 1.5026722444114378 0.17715535565959306 9 311 150
0.9980878785107994 1.5326641632738887 0.023922975697491466 9 311 171
0.9841056349463719 1.4774677653029924 0.03891845689419737 9 312 182
1.0128281348542816 1.423078103941429 0.02670121794384306 9 312 198
1.0141294923763298 1.3633901266364394 0.036001776186866064 9 312 212
0.5803179671673002 1.6457499618425036 0.3093828080865271 9 313 71
0.6715632419454043 1.5081904897054441 0.26434064349786945 9 313 127
0.6964224019738678 1.5177158605540582 0.24394857811384485 9 313 129
0.7113517692204634 1.505014933513113 0.2348846388962056 9 313 135
0.7571354515696842 1.5081177517503446 0.19982295466629063 9 313 142
0.8046784018135482 1.506789982777614 0.16420007440509554 9 313 150
0.9927891533302975 1.3964551871264406 0.04140775739145108 9 313 202
0.5772525697894859 1.6294375844424167 0.3105411959188096 9 314 75
0.9783191016890804 1.4928840130733365 0.030696320717974235 9 314 178
1.0039428521387093 1.33829127907041 0.03810191166131527 9 314 217
1.0146810774128192 1.3260970000055483 0.03208928901916752 9 314 221
0.7457940791980264 1.5060855776861013 0.20001529587063116 9 315 141
0.9626923246507613 1.5412511723633957 0.029178155593997168 9 315 165
0.5780213585368317 1.6026959534058447 0.3066515693267615 9 316 83
0.8317580680262915 1.5095737297596328 0.12952162334454909 9 316 154
0.9689458294466005 1.5631994032373826 0.01561155450070717 9 316 161
0.9313252407958741 1.5586908149883778 0.04016157498422834 9 317 157
0.9669062864247571 1.475483288398223 0.02751459649115029 9 317 181
0.966562694210116 1.458064352250339 0.03082657774216746 9 317 185
0.986065380001359 1.3399171249134672 0.03659262165151622 9 317 215
0.680994692427016 1.5184649680133375 0.23443451697934092 9 318 127
0.9579298997667323 1.492745018821915 0.026405355876719883 9 318 176
0.9553739745413352 1.4058881521043842 0.04362118852311858 9 318 196
0.9817938284286012 1.3807780301164239 0.027754046811335753 9 318 205
0.981572558878929 1.368387702067893 0.02514383648560825 9 319 208
0.6488387138519447 1.5125606426377525 0.2518581302683047 9 320 123
0.6713257599126492 1.5170627126500325 0.2336822010918005 9 320 126
0.9513593243703988 1.4474115421825626 0.029558847784992848 9 320 186
0.5729076448963499 1.6031045432763917 0.2905318546429678 9 321 83
0.7290049613360581 1.5110812613084847 0.18578312594584157 9 321 138
0.9468747470242005 1.428573118955112 0.03143607199777865 9 321 190
0.9570587355833513 1.3618446802556774 0.03537178782161643 9 321 207
0.9591471282752821 1.329311016958002 0.03952194157955913 9 321 215
0.7429540338820828 1.5014957569737426 0.17224549428212987 9 322 143
0.7593130398392167 1.5042250689245091 0.15902739892818052 9 322 145
0.7814216967749863 1.5064711031349043 0.14142025125389535 9 322 148
0.9401991691764127 1.4087266913092629 0.03523301388910349 9 322 194
0.552253759745031 0.1896290791809605 0.554091713640007 9 322 571
0.5740853298387469 1.657662215935928 0.27183203858180205 9 323 69
0.6063097889158815 1.5102493813948827 0.2729783085045008 9 323 116
0.650920477309074 1.5088784520824787 0.2383804846785782 9 323 125
0.9046213552672437 1.5510453010828216 0.03270376939959174 9 323 156
0.9277004543269003 1.4238576786330075 0.03738248237671016 9 323 189
0.9055994121378665 1.5181054271591377 0.03292829645668616 9 324 164
0.9173246114002107 1.512185933368962 0.024798656971322552 9 324 167
0.9403908861694523 1.3510904941975923 0.03557100959763071 9 324 208
0.8889323138291012 1.5642242742206476 0.03284785141057012 9 325 151
0.5739780540972377 1.6270797187832473 0.2651952811243621 9 326 78
0.7721860186104808 1.5034547056591883 0.1310471905238655 9 326 148
0.9035621623133194 1.4673197731968137 0.033874279289826115 9 326 176
0.6800000722789057 1.5094585171304142 0.198420784449163 9 327 131
0.9029802423423932 1.5058138517688597 0.022484299010081754 9 327 167
0.9157056647349564 1.3821242255810002 0.03477440639382068 9 327 198
0.9251766112917521 1.3452144827543717 0.03394847615237784 9 327 208
0.8597074574002113 1.5565317134343721 0.04275131742053162 9 328 149
0.894038319539654 1.4255314623303794 0.03923480942520241 9 328 185
0.620256567465036 1.5103447743262723 0.2372741442530233 9 329 120
0.89207247522771 1.5606192058227353 0.01135356208611138 9 329 153
0.8777118896217331 1.5303607939035933 0.028313489731321084 9 329 158
0.8901309636822963 1.466475146706887 0.02515265113174392 9 330 175
0.5522077661638791 0.20495268653740029 0.5259374473311169 9 330 562
0.9098330779826793 1.4021310227430637 0.01622294092259069 9 331 193
0.6917947257786556 1.5175198923142839 0.16578673535410138 9 332 132
0.8654725972245718 1.5334862792559212 0.022903172379777903 9 332 156
0.8832740024193795 1.5061015966408915 0.01359182381359858 9 332 165
0.8917568398159108 1.4475888001279984 0.017510321055510092 9 332 180
0.8830476679894073 1.4136005735292854 0.030774771405653656 9 332 187
0.8380907613212729 1.5591632641514885 0.03541977497006776 9 333 146
0.8661924536085652 1.455421939006631 0.026969088097800187 9 334 175
0.8396874977155517 1.5406679562503438 0.027862072871397636 9 335 151
0.8651166698663628 1.37286926067498 0.03829714724806843 9 335 195
0.7023904846192115 1.5161817664950101 0.13973255258204675 9 336 135
0.7073460592618708 1.5078328917100374 0.13723831623117322 9 336 138
0.7924846188714241 1.5442657699797293 0.06090045900831509 9 336 143
0.8461467814353278 1.5160235680600123 0.022318152061671315 9 336 158
0.5525557169284321 0.19619770259829783 0.5078812513239965 9 336 564
0.8669785975636575 1.487173635488106 0.005759639420852114 9 337 168
0.8518930328644574 1.45747731213682 0.02367265479750369 9 337 173
0.5892534158602176 1.513350465086956 0.22438632293115512 9 338 115
0.6352342654683101 1.5132058428280701 0.18659017055684957 9 338 124
0.8286538569646298 1.5275447535945004 0.024799096858501013 9 338 153
0.8558572685815458 1.414777509808895 0.02355071337795822 9 338 184
0.7034400353688794 1.5192033550798358 0.12487026697518289 9 339 135
0.8313040042281008 1.4799226907523442 0.0267138548842345 9 339 165
0.5771509722608323 1.6396306276840662 0.2022570239753385 9 340 79
0.8132573962078848 1.544301251671092 0.02468173691918718 9 340 147
0.5486874142107727 0.17846763764118356 0.5013631971386288 9 340 571
0.6144924485314045 1.5157004793723843 0.19044163414532767 9 341 120
0.8138078379496454 1.5621978928845983 0.01600080998268738 9 341 143
0.8224343507370788 1.4883834616708924 0.022795362148539278 9 341 162
0.5580397089339639 0.20990840868376703 0.48437968543951326 9 341 556
0.5577899392015027 0.18885423617293862 0.4885701640791299 9 341 565
0.8222230730533715 1.4765236091974603 0.02038111206904314 9 342 165
0.8204137777088112 1.4221101715615354 0.032216446079642136 9 342 178
0.5789545202000252 1.5142666405081948 0.20772256350592455 9 344 114
0.7969946795417318 1.5618319642338971 0.015569558032740627 9 344 141
0.5607279221639592 0.18587193822573556 0.4767413978209757 9 344 565
0.5776155278056085 1.6564583731906564 0.17741204778666342 9 345 76
0.5705122077879181 1.601287713408853 0.19396726710021683 9 345 89
0.8111589843699594 1.4678068929624684 0.016805497483173726 9 345 166
0.5599562259483879 0.20902759147278693 0.46962247582023875 9 345 555
0.6073825583074657 1.5153779878273015 0.17078405763266247 9 347 120
0.6374044977341962 1.5143191458658947 0.14552341025239146 9 347 126
0.78027408490258 1.5613877819430604 0.015264322244046058 9 347 139
0.7753130458390387 1.4963687875185703 0.03200971936724173 9 347 154
0.566443982787495 0.18436827305413195 0.4621628758887042 9 347 564
0.7698219978343175 1.5188759413543846 0.02276503047232814 9 349 148
0.5701996402661775 1.639923292686324 0.16545227717719024 9 350 80
0.5663413243151636 1.6176977132812351 0.17308503936893027 9 350 85
0.7868496569521062 1.4080012991530526 0.024961127485517487 9 350 178
0.7487854465867074 1.5556617771548211 0.024061083993250243 9 351 136
0.5680993281972713 0.20255616277738486 0.4436570524090344 9 351 555
0.7554377198467206 1.4752789317686932 0.029288528711673534 9 352 157
0.7730299929242106 1.4658940129282318 0.01595077594321359 9 352 162
0.5717149356285598 0.1792044656628895 0.4416944447252631 9 352 564
0.7374401079731381 1.5617939905250946 0.023101953054618152 9 353 133
0.5702429513196103 1.6439991497605027 0.14733185463754928 9 354 80
0.5698533158271948 1.6093344187837633 0.15450450479664846 9 354 89
0.7492470003362124 1.5011460365424965 0.020030008833287427 9 354 150
0.7460267202323385 1.536509856797438 0.011059768514244395 9 355 141
0.7460549566478383 1.4634764299560097 0.025479464216786152 9 355 159
0.5658711125128886 0.17652486029659642 0.43702606732887217 9 355 565
0.5791051375568932 1.5243333967718482 0.1546196630499348 9 356 114
0.7416403544967609 1.4301144617543626 0.026460143483874266 9 357 167
0.5683270659798032 0.21043720368316066 0.42125907358811343 9 357 550
0.5672623357040494 1.6110713889643704 0.1390785266205714 9 358 89
0.5623153887468966 0.1922447718133482 0.42671111931994465 9 358 558
0.7205768556526344 1.4822934049862033 0.025104029838488362 9 359 151
0.5658478955784916 0.19629817201646838 0.41237640145057086 9 361 555
0.6843002758866035 1.5683182440495953 0.025815585100804617 9 362 124
0.6913675438386109 1.5532358346359199 0.022560232947072212 9 362 129
0.6806619204506421 1.522511076217349 0.03364124505539201 9 363 135
0.7075015623370626 1.4688051210320958 0.02050994400318351 9 363 153
0.5651548629058285 0.16860860041294856 0.41162799603879585 9 363 566
0.6734415060331831 1.562169050521677 0.027364468076430448 9 364 124
0.692958124549117 1.4958482432814975 0.023330385583777202 9 364 144
0.5644360132652326 0.19876767534830775 0.3991423078302829 9 365 553
0.6537834538834106 1.5615082848710606 0.035846366751910885 9 366 121
0.6820454869468713 1.4900789520341093 0.024919362108192455 9 366 144
0.6932120289913306 1.4736709573006785 0.01818322795246541 9 366 150
0.5626113006487192 0.17927013664906277 0.40126528288907304 9 366 561
0.6773407419921786 1.53944808411643 0.014338510192021037 9 367 131
0.6684486590055958 1.4194309574315438 0.04705307967231742 9 367 160
0.5630183441841796 0.23627371065195246 0.382125048489667 9 368 537
0.5601804768605381 0.21009954373189454 0.39010018847132066 9 368 548
0.6590647954521436 1.5361042470726596 0.022230870371881872 9 369 129
0.5707422726271927 0.1648206029855701 0.3862754794278789 9 369 565
0.5657314104453559 0.1997447451203237 0.3800770222822658 9 370 551
0.6670608158756259 1.4563383161354977 0.022052177507632553 9 371 151
0.6361805495657382 1.5104715461533065 0.03454109709675013 9 372 132
0.6460245953226973 1.4821497179749121 0.031370605011689534 9 372 141
0.6254894578300472 1.5664305218826766 0.028073924029724306 9 373 116
0.6537967231819026 1.4336158749381904 0.029673734048634604 9 373 155
0.5636598949953981 0.23274498556142786 0.3643681734347908 9 373 537
0.6309136835764235 1.4741484330543106 0.03311254333675118 9 375 141
0.5640846963275943 0.1820177627539633 0.36743413596754304 9 375 557
0.6088433796908603 1.5701329371926471 0.019510946472828916 9 378 113
0.6002688237972369 1.5323176357453834 0.03561382714674188 9 378 121
0.6168489741892462 1.4900009341016847 0.029011097475301728 9 378 135
0.5720454052313049 0.1995955622451937 0.34541169483163214 9 378 548
0.5662841900354232 0.18405595076708703 0.3541338024659606 9 378 555
0.596773288087715 1.4706066483750841 0.038279673165931394 9 381 137
0.5772311603311862 1.561058465905322 0.0328402532491503 9 382 110
0.5714473190038745 0.23317083866622346 0.31666676909075653 9 384 533
0.7429642317859473 0.7163184159123324 0.04292041183073936 9 385 363
0.5651511688327147 1.5446127066819217 0.024968236373724917 9 387 113
0.5616039562325934 1.5226525842253396 0.03320381033335407 9 387 118
0.5737501547709782 1.4972484517469022 0.026988034195166488 9 387 127
0.5521008859717753 0.6618111795361468 0.2305318903011364 9 387 375
0.5579728192758391 0.6447885958581014 0.22856306564975637 9 387 381
0.5658794713157158 1.4931481208347557 0.026326740970906926 9 389 127
0.48209697781697547 1.8465446053778187 0.025740401754553055 9 390 18
0.5541147185597004 0.6729344801946656 0.21413518642252272 9 390 371
0.5671042749952269 0.23460811854293406 0.29433653207990185 9 391 531
0.5479577122639521 1.5281228214213818 0.02235537900924811 9 392 115
0.5386971467604094 1.5122119865920398 0.021269096577840818 9 395 118
0.5552325325273175 0.6630677387039992 0.19501341074871714 9 395 374
0.5526648805128422 0.5847521054314644 0.21510720824924778 9 395 401
0.5580001549865392 0.6220365927766712 0.197400148378871 9 396 388
0.5590889597065078 0.5787439853545018 0.20604017702356447 9 396 403
0.6918552477792961 0.7218196747988536 0.036889671750459874 9 397 359
0.5516334767021196 0.5751921463099838 0.20624928433199607 9 398 404
0.5452989804641473 0.5493763185987106 0.214455499808611 9 399 413
0.55004625655575 0.5545883245967053 0.2044735440800869 9 400 411
0.5626534788665079 0.23981756376680996 0.26332135055726824 9 400 527
0.5659294318437535 0.22099308366624804 0.26429204911072635 9 400 534
0.5568071644634345 0.6085967040382239 0.17717242177375914 9 402 392
0.5580651312379918 0.5337778480592622 0.19301326123176588 9 402 418
0.5548440629781894 0.5282156065480859 0.1975621806292691 9 402 420
0.5543087267846327 0.5169441885352009 0.20068583690670572 9 402 424
0.553203399628188 0.6699063887682263 0.1626696573704034 9 403 371
0.4214977752233995 1.7504861062528323 0.04008313869175262 9 405 31
0.5529561682413533 0.6427615754117852 0.160883278589268 9 405 380
0.5456329779727023 0.6015923486568704 0.17791109914294712 9 405 394
0.5537959417099039 0.5866116820996965 0.16475115287893183 9 407 399
0.5655664507466447 0.2471407419551388 0.23145756826668196 9 407 522
0.5636737866199135 0.21150055222578967 0.24169442026754795 9 407 536
0.5685612113974974 0.4040794315620026 0.1878460025124813 9 408 463
0.6369539698215092 0.7524972590906892 0.03119200243856257 9 409 347
0.5528831108926118 0.5627847669576687 0.1629933011892739 9 409 407
0.5486494521319536 0.5484870390445984 0.1707395587917433 9 409 412
0.5472569717192866 0.500361684854637 0.1834377420999096 9 409 429
0.5666658435915355 0.22136992040890713 0.22452709132013782 9 410 531
0.5466075112001954 0.5335178168492523 0.1681682881108535 9 411 417
0.5563533802960567 0.4707528330138137 0.17272622695504536 9 411 439
0.5544107559457798 0.4457905909112838 0.18063072277671033 9 411 448
0.550784718956373 0.564626660161169 0.1523298839841043 9 412 406
0.6264852767066174 0.7019086214230219 0.035925136445943195 9 413 362
0.5523332420827809 0.4311662969046804 0.17811783442231555 9 413 453
0.5522280712738521 0.5264344304002733 0.1515397327827448 9 414 419
0.5519045355623651 0.5007926104826597 0.15796740511644836 9 414 428
0.5560467920182248 0.4436736289063851 0.1630345670476323 9 415 448
0.5661808430243016 0.37578122056863833 0.16845042138961097 9 415 472
0.5633567102743715 0.21610445479013818 0.20945704036606516 9 415 532
0.6123524577686934 0.7480676796136603 0.02633297592551065 9 416 347
0.5569563488864495 0.46275490824326554 0.15338986397643195 9 416 441
0.5616388946426694 0.3595093222906932 0.17306129784290647 9 416 478
0.5578942320285951 0.41736438519555624 0.15911190498456507 9 417 457
0.5556047397649051 0.40104835011448775 0.1654629797273941 9 417 463
0.608977119420496 0.7279361860596238 0.02568515857468423 9 418 353
0.5926544191030836 0.7933224494694833 0.022921138380385342 9 419 332
0.5619651522901787 0.39076116732324695 0.15288184188070786 9 419 466
0.5607847794038012 0.3524402146779422 0.1633832655232761 9 419 480
0.5751500030132237 0.8126962581188963 0.02804729830850361 9 421 325
0.5818399109786494 0.7880384409550409 0.026793788414202213 9 421 333
0.5575189113740386 0.42091252750127434 0.14207978498827956 9 421 455
0.563916563642874 0.2562831833541772 0.17507375883310083 9 421 515
0.5827642247289178 0.7591269150757817 0.028296545738564216 9 422 342
0.5877537463320515 0.7088284764662189 0.035116419891107586 9 422 358
0.5951712183205244 0.640415519369288 0.043708178380386986 9 422 380
0.37113614637523495 1.6637513591760733 0.03335604475873777 9 423 46
0.3816014130933909 1.648217640862359 0.025760663215754542 9 423 53
0.5613644073659101 0.4786045488266293 0.11122337386064873 9 424 434
0.5609513414623253 0.36320230288724065 0.13990427982765175 9 424 475
0.5770503553184005 0.7292075678782042 0.028303656466774685 9 425 351
0.5575661597009216 0.41882393578129873 0.12578971229535862 9 425 455
0.5631779193425905 0.23512219003911916 0.16472013661703855 9 425 522
0.5695598345995769 0.7566464082987842 0.02526618275491721 9 426 342
0.5908838033458057 0.6766614153436309 0.021533302639780594 9 426 368
0.5875312355358291 0.6388854975523177 0.034511825191051004 9 426 380
0.5982267633609597 0.6020798811500332 0.031824244338309216 9 426 392
0.5513440001398529 0.39400311981543507 0.13451839446541958 9 426 464
0.5584027776232465 0.32409880321955886 0.1439703369141383 9 426 489
0.37015393094164617 1.6377736609341975 0.022924495854973248 9 427 54
0.565597880111844 0.7274513039720696 0.032321331920650564 9 427 351
0.5671467099216585 0.6991870035974508 0.033115433195754385 9 428 360
0.557379681948525 0.37809363750300484 0.12340958360637222 9 428 469
0.5537676088552688 0.3483420995412405 0.13476772698698247 9 428 480
0.5784119605629852 0.6686759220711793 0.023715205038988607 9 429 370
0.5927391776060418 0.5947914649698199 0.026179522693508872 9 429 394
0.5351303608673539 0.8108377980879062 0.03192505540014734 9 430 323
0.5411728315961835 0.8024502231056698 0.027294017627350176 9 430 326
0.5463582572480497 0.7747934562793042 0.028415865008263985 9 430 335
0.5784041187430109 0.6310923318617573 0.02856938810768561 9 430 382
0.3576020695222377 1.626204662038874 0.021801301080714097 9 431 55
0.5345026186628368 0.839403804596264 0.021006640968159518 9 431 314
0.5506768327860101 0.7469015819967638 0.026071675354154777 9 431 344
0.5530896652996757 0.7189662830197665 0.030358973144993584 9 431 353
0.590559474309156 0.5664226501696559 0.026665224998805526 9 431 403
0.6001003156201021 0.4808332786733456 0.032929548386614105 9 432 431
0.52354497893357 0.7926535142022959 0.036023033781954705 9 433 328
0.573894666108439 0.5961916968055236 0.02887175850478041 9 433 393
0.5945785365511245 0.5289749323401747 0.022543200832557675 9 433 415
0.5409259396654442 0.7201100737458666 0.030273331486054822 9 434 352
0.5588579764750419 0.6690768207930682 0.022941769867017348 9 434 369
0.5506482158556305 0.6867640842327477 0.023240434268560373 9 435 363
0.5499303385021124 0.640542962424924 0.03573894128870192 9 435 378
0.5543768536145672 0.6163742787154005 0.03682621843108058 9 435 386
0.576762737456384 0.537789836393374 0.031403847902923276 9 435 412
0.6044887405069772 0.43415012862838387 0.026283278912504926 9 435 446
0.5846725321291357 0.4855628798956203 0.02672325060652181 9 437 429
0.5021936740006445 0.8353482990791896 0.027060303042973688 9 438 313
0.5170075333448358 0.7691362665361182 0.027057329118372664 9 438 335
0.5195790772629401 0.7570708588275317 0.027202662186513127 9 438 339
0.5660824207151482 0.5882807547378788 0.017227054701917544 9 438 395
0.557391286380003 0.5730736376072495 0.031020137085804755 9 438 400
0.5888090778106745 0.452010727538655 0.02607370259118147 9 438 440
0.32868219174419866 1.5991690661879372 0.025645270192363956 9 439 57
0.5003944876436179 0.80666927194837 0.03198302090188232 9 439 322
0.5207592242873686 0.704542193756168 0.03481731234115548 9 439 356
0.5752685510027966 0.4882582171568959 0.027797692054665646 9 439 428
0.514299353149068 0.7405173533746497 0.028544699824317288 9 440 344
0.5334476766923275 0.586551797806828 0.03723533149830116 9 442 395
0.5726815713490221 0.481101641418552 0.019148512994942024 9 442 430
0.6058196924704611 0.3387261199114281 0.017637367406589277 9 442 477
0.3116098151930944 1.593788632917934 0.028958287497151014 9 443 55
0.4869218517264964 0.800692043858312 0.031239163638417722 9 443 323
0.5874541821617583 0.4140784999368524 0.014887306375267917 9 443 452
0.5968517812114809 0.38634620408281 0.011181210341990155 9 443 461
0.5936670188768498 0.3751123223551722 0.017780776285199362 9 443 465
0.5051406308008026 0.7110486983748958 0.028899319285531355 9 444 353
0.5155003860921612 0.675513302164138 0.026089229887121146 9 444 365
0.5212309450772283 0.6486261352500667 0.026413097472502756 9 444 374
0.5471380678156406 0.5499472715754778 0.021935122658122364 9 444 407
0.5999973382094652 0.31827629119069667 0.0206781116399144 9 444 484
0.47426469251275205 0.8321628365234024 0.02888381388672534 9 445 312
0.48443622311420187 0.7877028321470994 0.02860830858338792 9 445 327
0.49461861990207834 0.7431918447918343 0.02833341739214168 9 445 342
0.5006815380961436 0.6951637176492845 0.033778015671814376 9 445 358
0.5852536679040572 0.36363174299956647 0.021551328783813606 9 445 469
0.5910598412899377 0.3158714084092663 0.022748521332383254 9 446 485
0.485908788818179 0.7203869041093323 0.03560357983965323 9 447 349
0.5200581404079994 0.569927167515922 0.03497395935789127 9 447 400
0.2839971780618039 1.6213660223014315 0.03195169451262836 9 448 41
0.29075000371618154 1.5961841175845015 0.030624093731966173 9 448 50
0.4811173054013733 0.7745202618564891 0.022580894383871453 9 448 331
0.5625165641029399 0.4348648481060109 0.016071014987510512 9 448 445
0.464092365333971 0.8112773714774778 0.028522033616341425 9 449 318
0.501372389428199 0.6461034238178053 0.028060718260543016 9 449 374
0.5112153769207437 0.5869344965773413 0.03204134235795042 9 449 394
0.5212755462778034 0.5397332630865181 0.03260990168465705 9 449 410
0.4730890424995082 0.7454915062063489 0.030820356768480828 9 450 340
0.50486153685363 0.6191149264348836 0.026613476174781603 9 450 383
0.5630179210131712 0.4046142531434017 0.014465082481621261 9 450 455
0.5847507799681406 0.2831919950600629 0.02083831696599714 9 450 496
0.2791111988067263 1.6126536925148702 0.026815488041292745 9 451 43
0.5014675451349722 0.5920488762335467 0.03336945380633116 9 451 392
0.5241500925330997 0.5212440721194382 0.025203041292351847 9 451 416
0.5494121620152421 0.43186061767913275 0.0189001804269342 9 451 446
0.28561606999490263 1.5813069121065504 0.022987606112297332 9 452 54
0.47373985587122514 0.7180534820016877 0.02845734980747916 9 452 349
0.47076139984659027 0.6996890984110948 0.03689285174273893 9 452 355
0.4946819080635636 0.6359651132737896 0.02533899232178638 9 452 377
0.5402412517625983 0.464246318774882 0.016728816622452403 9 452 435
0.5674492730226963 0.3365892069768628 0.018266501893904108 9 452 478
0.2874260442936508 1.5558224466104074 0.023197844335102857 9 453 62
0.5034370287977465 0.56492965914112 0.02937316797908407 9 453 401
0.5204714060573392 0.49146543319436237 0.028612259112767324 9 453 426
0.527804045585597 0.47643958613197707 0.023855701877998126 9 453 431
0.5577997957391663 0.3776883973950877 0.014347242999940057 9 453 464
0.4591304263895595 0.7429134485637652 0.030428644451656384 9 454 340
0.4729867142050601 0.6875775739578627 0.028621947055239794 9 454 359
0.48416127719793955 0.670627121318792 0.019757699633081494 9 454 365
0.5330720939955329 0.4379176352735036 0.02338513479233395 9 454 444
0.550597688640859 0.40407073779310154 0.011426723612534051 9 454 455
0.5632004485167907 0.29655863365249724 0.025087865268671683 9 454 492
0.27052317587462027 1.6012206638968944 0.022484338470976084 9 455 45
0.4502126332111991 0.7806852376095696 0.026586788228561975 9 455 327
0.49551980418912644 0.5906574413007347 0.02309440170219368 9 455 392
0.5044693857815359 0.5583302049320109 0.021006186771242774 9 455 403
0.5388739367656266 0.4194563299664261 0.01689762907886072 9 455 450
0.5610816435065165 0.3217024436449638 0.016423343872022045 9 455 483
0.4759296017162198 0.6784648801563651 0.01863644366520356 9 456 362
0.48494529821246934 0.6522489176149564 0.014815299296335072 9 456 371
0.5100040489009159 0.5314592391517012 0.017097589577164563 9 456 412
0.44168901917334336 0.7578970926773702 0.034169336654908955 9 457 334
0.5127089003225609 0.5017845840740154 0.017361278544699932 9 457 422
0.5444545540714387 0.36890091155161064 0.01481754811987157 9 457 467
0.26305582567526953 1.5438753201370048 0.03378673989001557 9 458 60
0.42917023708396007 0.8158195800928967 0.029270732745692474 9 458 314
0.5385407165993836 0.36362612739122224 0.018940635875007494 9 458 469
0.4859212637860528 0.6128035433840131 0.010872144931417527 9 459 384
0.4829353069689719 0.5979750565594798 0.018537490949588786 9 459 389
0.5231754664525461 0.4508275846602334 0.009495845944857528 9 459 439
0.5344703451654644 0.37219933238017666 0.017097795810077532 9 459 466
0.2489014327726764 1.573542369732826 0.034224156171380304 9 460 48
0.4203641940717826 0.8138575908627124 0.031708050895833395 9 460 314
0.4671164617058956 0.6265008623884541 0.025631430884491824 9 460 379
0.4842450199742052 0.5365354653613323 0.02921514689105198 9 460 410
0.4367934414833201 0.7327677521970859 0.02932017035524792 9 461 342
0.4397761044835722 0.7123816130800429 0.031235470420376554 9 461 349
0.4618782184728971 0.6406383699110312 0.0237513460810308 9 461 374
0.5047665402803541 0.47456437591135514 0.01656860645355862 9 461 431
0.5096733981609802 0.44834640459409336 0.01771918385755411 9 461 440
0.5418431742214458 0.3357581968181538 0.009057414170564382 9 461 478
0.48618195895800365 0.509793976084755 0.025293128125000397 9 462 419
0.515263573095817 0.39887833506647263 0.019938581120549248 9 462 457
0.43997727603134096 0.7002306845557392 0.02548741808768651 9 463 353
0.41614448729655984 0.7857517339473072 0.026963330516362127 9 464 323
0.23200089339138463 1.5591923844965443 0.03281978859815626 9 466 49
0.48181558831923677 0.4855000941729682 0.019642307674253123 9 466 427
0.23579378866021972 1.5470033305852662 0.027106491278996003 9 467 54
0.4077605093928882 0.7868863379271158 0.01940198726713116 9 468 322
0.4308212929915718 0.7071821838414382 0.012754820647343568 9 468 350
0.45230316596822284 0.6032253139750012 0.014852319645623169 9 468 386
0.4526270810935529 0.5858751416474531 0.01928757556491445 9 468 392
0.47798911372439434 0.476377524022757 0.01807074235985673 9 468 430
0.5043030710723588 0.3719118918324902 0.014257517213930981 9 468 466
0.5059816651410938 0.3577040253922964 0.016119143201978492 9 468 471
0.43555798117965283 0.6809186656536912 0.00969462092419171 9 469 359
0.45020126716786835 0.5426531418582985 0.02998849584929708 9 469 407
0.484735911263916 0.42172430914127934 0.02043746872409624 9 469 449
0.5044264953803872 0.33250019613717996 0.020665429392400014 9 469 480
0.4197470411095243 0.7321081697821865 0.010787914707701685 9 470 341
0.42080968199098523 0.7144917384413523 0.014393097197042959 9 470 347
0.443417934138401 0.5736824745786898 0.025419788016582956 9 470 396
0.46311414733975154 0.4907428407122387 0.023874118452707593 9 470 425
0.24530696154609066 1.42039635051888 0.03311251061409348 9 471 95
0.2460125569410907 1.4076256070240787 0.03581552014274414 9 471 99
0.40306980337318654 0.7590241388013361 0.019836024663846263 9 471 331
0.43745570560587654 0.6134559984414351 0.017340855831355917 9 471 382
0.4461389012514869 0.5222614110094866 0.03203489537519166 9 471 414
0.46980033015418643 0.4364715127203118 0.02627049130840886 9 471 444
0.4787337421803435 0.4103237211161102 0.022336852587269806 9 471 453
0.4859488191405732 0.39539168685756176 0.017418354645169165 9 471 458
0.49711437738894904 0.3272372699022613 0.022487904363548417 9 471 482
0.5014792900517149 0.3099107067404374 0.021846951065394693 9 471 488
0.509668609041241 0.2998677993083584 0.014320381085358935 9 471 491
0.25167919306702125 1.383479309357878 0.031091445666628914 9 472 108
0.4397895623574888 0.6394473914520118 0.002600375095139551 9 472 373
0.49261986229121746 0.3632309526466131 0.013588463930923833 9 472 469
0.39941175329626466 0.7493575577927475 0.018357271902950334 9 473 334
0.48654232290912836 0.3499846475089059 0.02060987913679657 9 473 474
0.42257611569620757 0.6524082919409113 0.011902991842471788 9 474 368
0.42858385218022077 0.5865329421765889 0.022946712274965142 9 474 391
0.45734125793571345 0.464168725305911 0.021003935181721944 9 474 434
0.3993505412331071 0.7197462585379376 0.017998302003473743 9 475 344
0.40759131177725694 0.706172420880341 0.011316478798142793 9 475 349
0.41965867436215953 0.643280909438843 0.013785365818607342 9 475 371
0.46172533373120994 0.4270904353456023 0.021523468307090843 9 475 447
0.2126652328022306 1.5227909042922931 0.02383621483240006 9 476 57
0.23858949451436895 1.3823638834651748 0.03067074960259797 9 476 106
0.4081061080091095 0.665314406631889 0.017878798449418642 9 476 363
