2.483071672672697 0.9052446561460592 1.0766772207214679 9 3 251
2.461377186796433 0.8836108376776377 1.0755752236361515 9 3 257
2.451878861250081 0.8624137303374066 1.076056920582592 9 3 262
2.495265394885447 0.8202324100715055 1.0852870634828031 9 3 267
2.4966415229316095 0.7992253396300655 1.0871972207488692 9 3 271
2.475815007336883 0.7769384114374078 1.0862641921434404 9 3 277
2.488256984440041 1.174186143543963 1.0510708273150422 9 4 194
2.5000093874120584 1.1618895399377098 1.053618389228901 9 4 196
2.5120386931998238 1.1169258962503668 1.058866288473412 9 4 205
2.49448952963736 1.094009750881606 1.0584283088597903 9 4 211
2.511199760156912 1.0654404293283077 1.0629545643799696 9 4 216
2.5049673012859213 1.0435983446286121 1.063916522068965 9 4 221
2.497570481650445 1.0028416660900001 1.066267882224116 9 4 230
2.4774709607847187 0.9369559895658137 1.0646683814090872 9 5 245
2.493878986270093 0.8864670517578157 1.0708857820802937 9 5 254
2.486617561993299 0.8791912320189679 1.070529488698018 9 5 256
2.5032606452162884 1.1659179801518937 1.045295978598615 9 6 195
2.492028283077109 1.1460281547431088 1.0454447565422853 9 6 200
2.496604961981887 1.0033724068139958 1.0574725315804148 9 6 230
2.463442413982755 0.9566161554321952 1.0569522596701029 9 6 242
2.4825038726396107 0.8355542347065876 1.0691133394595063 9 6 265
2.4941893375120787 0.8207809689081971 1.0718022867362433 9 6 267
2.507472758510357 0.7949501223926361 1.075583584907992 9 6 271
2.5131682904927843 1.1310289425204183 1.0451162873670643 9 7 202
2.4768761880154284 1.118331785718605 1.0372871821895882 9 8 207
2.492748588339817 1.0526626501185485 1.044463345091194 9 8 220
2.45729703032702 0.9492393025924286 1.0481467831351197 9 8 244
2.4890361590698045 0.8984326419236306 1.05615123034345 9 8 252
2.511123613834463 1.1411947868500651 1.0355519471265404 9 9 200
2.5091554494969586 1.0188939130740626 1.0448621066651098 9 9 226
2.534287438979321 1.125558710298072 1.0353666652637519 9 10 202
2.4804130141576453 1.0756003661168927 1.0325921771326434 9 10 216
2.522384610377947 1.0001841000383984 1.0436086739130621 9 10 229
2.5150407116031257 0.9879968441121356 1.0436469126180692 9 10 232
2.5025520587328938 0.9727771804746944 1.0389258082388002 9 11 236
2.476844474911147 0.8981677139856614 1.0415176682757903 9 11 253
2.490527379566814 0.9229918787493165 1.0368999787543298 9 12 247
2.5198977287949176 1.1113157941457301 1.021820325886872 9 13 206
2.497118413501367 1.0756290443623064 1.0217945444607983 9 13 215
2.4939477420005782 1.0386082284062481 1.0242074250411128 9 13 223
2.5021169530043124 1.0264250941955493 1.0260999709157792 9 13 225
2.498057260613086 0.9450835735128024 1.0317481184617792 9 13 242
2.5021837406586513 1.1353318305646338 1.0093791915747174 9 15 202
2.517919923020626 1.1121783952565731 1.0129263454396842 9 15 206
2.496933007357928 1.0138838879789558 1.017756248184946 9 15 228
2.471116449083442 0.7997019172151678 1.030600717449934 9 15 273
2.4960786166209568 1.0288204272026484 1.0078897418872375 9 17 225
2.470175583583208 0.7484896743314591 1.0253048085384837 9 17 283
2.4972301163193955 1.042950145867229 1.002666888261728 9 18 222
2.475789989271218 0.823469120657423 1.016047841019123 9 18 268
2.4754024484843606 0.9289686798826614 1.0040341581888244 9 19 247
2.4842674174414476 0.9158706668666539 1.005951979859746 9 19 249
2.468469736678622 0.7854857337457479 1.0134886299788595 9 19 276
2.459489973700116 0.7582538077980976 1.0144319077310784 9 19 282
2.496092404270577 0.9016628633921675 1.003847472988344 9 20 251
2.5018450419628473 0.8541115334438463 1.0078340626165254 9 20 260
2.4669052523331985 0.832244829094263 0.9966583471610668 9 22 267
2.4651075625367973 0.8074762142608725 0.9981797389129909 9 22 272
2.4615511966439176 0.7936041489348244 0.9898202701462131 9 24 275
2.470785977362303 1.0427172420223085 0.9652594967330594 9 26 224
2.492247335739226 1.1723043181039177 0.9545693308275618 9 27 195
2.5102884859791774 1.1305299729687297 0.9504810435561977 9 29 203
2.4882984490425075 1.0423010569857436 0.9540168142881776 9 29 223
2.5206833904063113 1.155870644459548 0.9455411540867301 9 30 197
2.290309603785594 0.12849936782835525 0.9888160127699082 9 30 411
2.4627449257658216 1.0364394344865862 0.9389231670685101 9 32 226
2.4426574508788055 0.9661159862990947 0.9414284857009075 9 32 242
2.3020883743257277 0.15002050164463832 0.9791264444097316 9 32 406
2.3544686128780743 0.2822498803644551 0.9710664075894504 9 33 378
2.3465301529580422 0.13747012303125228 0.9792484052878507 9 33 403
2.4856749966931604 1.0960516112525083 0.9286967548895642 9 34 212
2.5064144927518965 1.1465770919778255 0.9231728775074977 9 35 200
2.439040693877562 0.9966437006009741 0.9261925747085223 9 35 236
2.46928611361988 1.0917885105690108 0.9188475701290509 9 36 214
2.4772461465611895 1.0466298417311213 0.9222301203147346 9 36 223
2.4938310022468273 1.0655036212478892 0.9181910795374868 9 37 218
2.4755670298937904 1.1183655148724267 0.9091978704986864 9 38 208
2.470990656393543 1.0296749176448068 0.9139582238522138 9 38 227
2.492888137496328 1.192524629634292 0.902075749908114 9 39 191
2.4929642455546905 1.1833119850860245 0.9026104798919249 9 39 193
2.505572651014082 1.1333904867849929 0.9065263838816401 9 39 203
2.4835307414466703 1.0545945015085119 0.9092051955644869 9 39 221
2.426505272607338 1.0680559079033325 0.8908052540894726 9 42 222
2.478886400329082 1.1041638281367043 0.8842760268774068 9 44 211
2.492404539155327 1.1426870736708532 0.8788949705305533 9 45 202
2.4644755449029665 1.0850018895697782 0.8798616248919695 9 45 216
2.4904249541853756 1.1575410360375185 0.8692902367360457 9 47 199
2.4912756108676746 1.2082642294316517 0.8624240537435683 9 48 188
2.477980192008011 1.1795821220947258 0.862944198133148 9 48 195
2.4576477773043903 1.1393922684751412 0.8506161497199693 9 51 205
2.4833317146227363 1.2020123516345531 0.8406439650260341 9 53 190
2.4969599023740705 1.1708752541865466 0.8386359157425857 9 54 196
2.480434272295354 1.1567431577035023 0.8382634337801504 9 54 200
2.495004813291402 1.1950871470924604 0.8243454395129254 9 57 191
2.486765044896636 1.169459103918358 0.8250092245406413 9 57 197
2.420682908293619 0.7118179120811778 0.6314115835786006 9 102 294
2.4706050934414066 1.0378004466979645 0.6041762593022085 9 107 227
2.467502038720285 1.0682993122832731 0.5993814265823976 9 108 221
2.4185312713960343 0.7234453050258849 0.5932267298839514 9 110 292
2.459515997981981 1.1623981619511392 0.5807480998054749 9 112 202
2.4703326970448862 1.1451610340623797 0.5806044989304517 9 112 205
2.431869773506008 0.7282850691643401 0.5737748885993487 9 114 290
1.0679560050904306 1.102920047411573 0.36733290622600695 9 205 367
1.1272007674760065 1.1341294531656696 0.356998212579157 9 206 346
1.077461998086106 1.080644402759866 0.3505562610623241 9 210 372
1.0745825457061933 1.094224999242594 0.3272775829390769 9 219 368
1.0784302623521107 1.0822464094107205 0.3256289270830528 9 219 371
1.0714709875674566 1.0855960376683862 0.30224214284271467 9 228 371
0.565508791023712 1.5767078870240039 0.4436444941869616 9 229 274
1.07197885771277 1.0944514177294309 0.2917803125586688 9 232 368
0.5675441426998731 1.579286881804192 0.4293124292217465 9 238 272
1.062602907755447 1.0864886500742204 0.26793357179743926 9 241 372
1.0596099429048431 1.0848188871659998 0.2600447626271352 9 244 373
0.5682434512312757 1.5857420128955624 0.4155518398772289 9 247 268
1.0564364157691097 1.0863639889099623 0.2497210640489172 9 248 373
1.065841713158476 1.092774058353681 0.23409695572276018 9 253 369
1.0699882683591933 1.0802447424173103 0.226082246951412 9 255 372
0.5704661315284674 1.5866532117540686 0.4007832829986093 9 256 267
1.068822528634443 1.077259118724367 0.21463613042784357 9 259 373
1.058034983059767 1.083734906912023 0.2095442512981105 9 262 373
0.573247477569652 1.6071786720951655 0.3895844538900518 9 264 254
0.5705921727180523 1.593366060970928 0.3886788604895255 9 264 263
1.0631401105133982 1.096033437911717 0.19256079359052025 9 268 368
1.0598081348398747 1.0851619891082769 0.19215490490384673 9 268 372
0.5780813288104849 1.615479065318162 0.3748397313970046 9 273 248
0.5787533997025451 1.6203430705988349 0.3639579226287313 9 280 245
0.5811310579048823 1.609702212772734 0.3586426216332663 9 282 251
0.741750354398294 0.6177906811498142 0.08783321091230956 9 316 582
0.7169966779390153 0.6258305938670703 0.09214119647702868 9 318 588
0.7544518384173247 0.615148486622493 0.07154874058766136 9 320 578
1.1621123935180544 1.2304580602913235 0.0247265211883394 9 321 308
1.150474964914359 1.2073949228447338 0.025077596949853342 9 321 317
0.7280130155101915 0.611444904394375 0.06615043425140521 9 325 587
0.7005369716954298 0.6117901828656178 0.07059696121537984 9 327 596
0.7535956938425613 0.6157370291033541 0.046053229574083754 9 329 577
1.1054925661503971 1.2605158104652294 0.023480736220351517 9 330 307
1.0926170918554086 1.2391549132649078 0.024585333556353728 9 330 316
0.7667835787899002 0.6218521824799621 0.03640542681010217 9 331 571
0.7270179387632216 0.6136633583940789 0.04983769686667139 9 331 586
0.6990966225801932 0.6129591919936241 0.04611334417802526 9 336 595
0.7469433768523926 0.6283613326891702 0.027674126281818978 9 337 575
1.0491926694558822 1.2901993519651063 0.024113525645495515 9 339 306
1.0417680305067 1.2672060665769753 0.022844257492652398 9 339 315
0.724828388070878 0.6239261049384903 0.026813523555442864 9 340 583
0.7120161921056689 0.617154734599652 0.030575108775522164 9 340 589
0.8954179449413744 0.9902772344139011 0.023958781151352526 9 341 433
0.8879663061597822 0.9796454518692297 0.024936975022272878 9 341 438
0.7174896609103191 0.6321526575167509 0.02263899217148757 9 343 583
0.8834352802300236 1.047714210050359 0.025268230011504134 9 346 418
0.8349234182817686 0.9632335144603728 0.026143383930606667 9 347 456
0.8251698345624403 0.9418411293406767 0.026050756643204664 9 347 465
0.9903883412924968 1.3180343715537064 0.0274871342405687 9 348 306
0.9896664771140669 1.3042337020063162 0.02517762251813649 9 348 311
0.8120179364563291 0.9233054024667743 0.02509727826904329 9 348 474
0.8113519969837115 0.9137388409918404 0.023563160242995984 9 348 477
0.8603002379028646 1.0360926407675484 0.021362577771226632 9 350 427
0.8484235852902664 1.0166750689648798 0.02250471881769278 9 350 436
0.8416778506272098 0.9930070483781175 0.02074857846398248 9 350 445
0.795769955561435 0.9143856905998786 0.024485111205887256 9 350 481
0.8464219162548687 1.0776709348571438 0.024144998498144665 9 354 417
0.7948280512026422 1.0026884206755313 0.025633391785968018 9 356 454
0.7904274018881985 0.9775316680075767 0.02254949696621289 9 356 463
0.7443824625355633 0.8821706674336705 0.023134420840349224 9 356 505
0.9487174911932583 1.337713016129614 0.02421751041208875 9 357 306
0.7790251313867891 0.9582912906529029 0.02085751971463412 9 357 472
0.7338244268960594 0.8720668881735167 0.020188502940249542 9 358 511
0.8381976735930414 1.1376643226088596 0.026003854518114378 9 359 399
0.8282509127010362 1.1179517622647444 0.026303926533477795 9 359 408
0.8142811957809648 1.0738526526153394 0.023468103358559422 9 359 426
0.8013443983216255 1.0564212080331674 0.025486983453638423 9 359 435
0.7821138943721393 1.0162582406480547 0.025659950113912977 9 359 453
0.7072739869044138 0.8692204911313377 0.0255202540021775 9 360 520
0.9246614911500792 1.346419394603089 0.02559661528328272 9 361 307
0.7299382673756618 0.9256670425129286 0.024491818778909158 9 361 496
0.803510924793791 1.1088435983651763 0.024531002827426707 9 363 417
0.7614839039996808 1.0050730788060713 0.021659627737632747 9 363 462
0.6935165787116528 0.8560382537911646 0.02081259626207943 9 363 528
0.742935641615647 0.9900557002462202 0.023998196599498756 9 364 472
0.7217848297500407 0.94609157176406 0.024220634747336267 9 364 492
0.6958451967820183 0.880353847176838 0.022093876342843766 9 364 520
0.710070006872265 0.9282291311693633 0.02304672872658775 9 365 501
0.6792038176067667 0.8744542580879824 0.022876364703954044 9 366 527
0.6958493949223572 0.9127885240707723 0.02086211464937393 9 367 510
0.8046771759556663 1.1746785396533022 0.024521415810340397 9 368 394
0.7920270019456199 1.1577825956666379 0.026592557480936252 9 368 403
0.7704380256944232 1.1068231520568752 0.02555433606797719 9 368 426
0.7555166635814413 1.0649902594949898 0.023470160173388765 9 368 444
0.7436966891226282 1.0476961677479177 0.025093903316864008 9 368 453
0.7293080964398815 1.0048756783303876 0.022571301711211023 9 368 471
0.8839758626918492 1.3657516171843018 0.02660151758422291 9 369 307
0.7147098630674551 1.0021273791643097 0.020724392800380742 9 371 476
0.7668105600795503 1.1555748552400216 0.027141121732651596 9 372 410
0.7220935568173656 1.038394839143198 0.022482040782958124 9 372 462
0.6733193422933164 0.9348027089720597 0.01993580417084506 9 373 510
0.7803341830761614 1.1909160709211433 0.023489642334265648 9 374 394
0.6755284444916844 0.9832113247543128 0.02665140218153139 9 374 494
0.7460884191612162 1.1507420669797472 0.027902239364040238 9 375 417
0.6514734302816481 0.928599745866036 0.023374668368320806 9 375 519
0.7832244130593646 1.2275729224022958 0.024974327853462652 9 376 380
0.6631386507723821 0.9732954337875728 0.025109743835068588 9 376 501
0.7280709605299899 1.1215023424779427 0.024834022802337152 9 377 432
0.7228893772824383 1.111233444536753 0.024990339833051656 9 377 437
0.7106901942311548 1.095198745826123 0.027108784470994296 9 377 446
0.7108471657902503 1.0832972417133417 0.02447841602190537 9 377 450
0.6974729404612482 1.0681631395129654 0.024834912860429936 9 378 459
0.7013234919831676 1.1025745834973961 0.025560921553685167 9 380 446
0.6784986719542052 1.0492093117231343 0.024478771673245636 9 380 471
0.8285774761119682 1.3945554596602876 0.027950443575575523 9 381 306
0.7403894790960015 1.1933698822254974 0.024833952870925824 9 381 403
0.6341060340448057 0.9737594021427499 0.023605367110782982 9 382 510
0.7430473764726088 1.229412671495121 0.026613273277754423 9 383 389
0.7186183117948788 1.1841930402367498 0.02561883384789987 9 384 412
0.6928149156651098 1.1432013415951607 0.028644536593732894 9 384 434
0.7506317530079428 1.2771965097624933 0.02878988733751975 9 385 369
0.7454987585306365 1.2568827713574555 0.02668900821829645 9 385 378
0.6368331090690144 1.0131333482352771 0.023651189712147414 9 385 496
0.6688730756237433 1.1032842583951508 0.023763653960644393 9 387 455
0.6735038367283722 1.1329983939831394 0.023410508386792706 9 389 443
0.650497426486907 1.0934777724506768 0.025478259016544325 9 389 464
0.7080706711993263 1.22896091691256 0.026190463556263754 9 390 398
0.7948102888831448 1.4080680422934588 0.02282743915443186 9 391 307
0.6753407266308196 1.1672568664288598 0.025508990311697954 9 391 430
0.6536782644398711 1.1243260472629528 0.026162499404552175 9 391 452
0.6034914776417353 1.0187970594049442 0.026292621217473888 9 391 505
0.7143982483896829 1.2559076609330777 0.024517220985767363 9 392 386
0.7018095325228181 1.2410687612807922 0.02721194252036474 9 392 395
0.7329745723620877 1.2978965971248142 0.02276618843739686 9 393 365
0.6925516392478344 1.2238491858972902 0.02537971524336169 9 393 404
0.6808083476263704 1.2086603826907796 0.027592743589389235 9 393 413
0.717549654815962 1.2846186792263734 0.024845928852037513 9 394 374
0.6127469047365227 1.0587391081110082 0.02381026069755776 9 394 488
0.774068895483558 1.4179440708248525 0.02571846156555324 9 395 307
0.6381374139294266 1.1720615819712952 0.028292210581916 9 398 439
0.5847141838336818 1.0540883204272282 0.02706506027540989 9 398 499
0.5661854651184635 1.0325875683414134 0.028868479374384526 9 399 513
0.6278999328023332 1.1559980190925117 0.024939161224192263 9 400 448
0.6850637643898392 1.2824726918407863 0.0240164492897168 9 401 383
0.6734921955750799 1.2675950520505537 0.026278382520334542 9 401 392
0.6615254209798902 1.2530260660945265 0.026508454573213713 9 402 401
0.6274866472957104 1.1855677862007772 0.027535329907888872 9 402 437
0.6861208189476085 1.3189565272338064 0.027575383564849343 9 403 368
0.5821911633499345 1.0868324709920132 0.024449894380712767 9 403 488
0.6121091317597339 1.1976347085590735 0.029070701153907974 9 406 437
0.5769842771700318 1.1270900497660667 0.02763025530079799 9 407 475
0.5578266648937378 1.0851067154780205 0.02723147360157263 9 407 497
0.5476651192981458 1.0700605068840963 0.026501363862810656 9 408 506
0.6609608432088507 1.3077054626648936 0.024020629707498964 9 409 379
0.6157564600575862 1.220125734176431 0.025876122637093713 9 409 427
0.5955547199676938 1.1901224778216395 0.028944325619596145 9 409 445
0.7182408922824352 1.4624061127677987 0.030158262359234467 9 410 299
0.6344697465888318 1.281401845166441 0.026754958651625804 9 411 397
0.6194168392941979 1.2475604732166192 0.026218811787962037 9 411 415
0.7254857663471569 1.476864118285245 0.02550411540043207 9 412 291
0.5603629320614181 1.1255764063334257 0.024523527951214596 9 412 481
0.7206247123286122 1.4943212849469338 0.030160444137329767 9 413 284
0.601606771903073 1.2384214574885075 0.028765756879978177 9 413 424
0.5834185933857774 1.222486085635132 0.029899538783739743 9 415 436
0.7157778280099445 1.5178419800723084 0.032013318315400996 9 416 274
0.5539145083921178 1.1550555519322736 0.02632084951313063 9 416 472
0.5375995657300956 1.122722484391222 0.026813035640683713 9 416 490
0.5290093092231991 1.1067447057443427 0.025112940184742416 9 417 499
0.6971964650620994 1.4850705170459322 0.0292333919140082 9 418 293
0.572823057714946 1.235618042695282 0.030046112472104203 9 419 434
0.596604861237677 1.2857740592730846 0.027913648764378074 9 420 406
0.5894852721556403 1.2716644078067705 0.028128431191300818 9 420 414
0.7173109143433024 1.5300089764436349 0.023372595036079247 9 421 268
0.5301080614989483 1.1530219210654948 0.027483917838328153 9 421 481
0.727749465788726 1.5636906791403844 0.024219863302608724 9 422 250
0.6969826468573551 1.508700964789875 0.026689223196293854 9 422 282
0.680302958944945 1.4776399286632074 0.027706184477670703 9 422 300
0.5763102548460497 1.2595776189005363 0.02776090981468249 9 422 423
0.7151998975412169 1.5537972659206494 0.02629633818732302 9 423 257
0.5179085551747837 1.1408710474242985 0.026578332682643868 9 423 490
0.5770538306019095 1.2830251844163119 0.029082661225899753 9 424 413
0.5387591200013528 1.2161139373476884 0.03041661365267645 9 425 453
0.5269061256212597 1.1786790778243719 0.02714244498978724 9 425 472
0.679977337828401 1.4969905909620023 0.02426649304786821 9 426 291
0.5410530962018584 1.2386011864671953 0.030745323525068202 9 427 443
0.5487670204828501 1.2588695579582185 0.029684055507363416 9 428 432
0.5083250545532366 1.172753232552055 0.029332392830376475 9 428 481
0.6877025891334787 1.5600644613434085 0.02807413669458958 9 430 259
0.683339307175255 1.5434671269250297 0.026096662721883268 9 430 268
0.6710357778544996 1.5300103313236502 0.027253283788924998 9 431 277
0.6692331650769094 1.520477879498001 0.025720728962485895 9 431 282
0.5484472653186199 1.2850768066156295 0.03042251143285679 9 431 421
0.6903430369888136 1.5772051318244873 0.02694250412954524 9 432 250
0.49287841291278134 1.1640252029441205 0.02706228865320548 9 432 490
0.5290851578301836 1.252653541446284 0.028366020116501578 9 433 441
0.4920791478647535 1.189209379768669 0.023702721260631998 9 437 480
0.4782576956668919 1.177667863695674 0.028432704157963506 9 437 490
0.512936369791908 1.2701236571123395 0.029692839775464774 9 439 439
0.6433840268797624 1.5434631963774064 0.027754870326029746 9 440 276
0.5029484529712804 1.2779105827855446 0.029337278934097544 9 443 439
0.621192976179265 1.5349295013668114 0.030039044607438115 9 444 285
0.45542510003863035 1.1767859109721683 0.026775358970201002 9 444 499
0.6492979359633291 1.790949911532905 0.08323685769876255 9 445 135
0.4684165769612 1.220238586929943 0.02722124874204379 9 446 476
0.43709833376328144 1.206147668813673 0.027561302433783075 9 453 494
0.44476661407108686 1.2389333191522796 0.028387731145818162 9 455 477
0.4181417059060263 1.2191647025687216 0.02689176822994832 9 461 496
0.4210994819156436 1.2396514218493895 0.029160267679255947 9 462 486
0.6438483940144334 1.785765256875154 0.05164519042456028 9 463 140
0.4322822157701296 1.279284563290009 0.03010062316382034 9 464 464
0.4248643704146945 1.2877198893580846 0.029492775744772715 9 468 463
0.4145943465069599 1.263460170000959 0.02861942796216066 9 468 478
