2.4481928787044724 0.6380818836684891 1.0711544784645146 9 2 600
2.45359929878905 0.6050533847689339 1.0768301751182898 9 2 609
2.4460073068162593 0.5781481917467435 1.08285267080704 9 2 616
1.8720233087140175 1.9514342208415645 0.8832885784812143 9 3 263
2.4759435648507933 1.495596585084142 0.8995044812381283 9 3 411
2.4571358998644284 1.439645658301057 0.9124527997512675 9 3 420
2.4721821047143058 1.4304328609617942 0.9124456048492222 9 3 423
2.4673795405515766 1.412768402966457 0.9163997032701954 9 3 426
2.480160133079271 1.3973906808208756 0.9178420042491464 9 3 430
2.473588093785633 1.3689876493728177 0.9240642692363332 9 3 435
2.4786064067824154 1.3557045655404265 0.9260200941265997 9 3 438
2.4983979709983406 1.3431888505896399 0.9260868335290289 9 3 442
2.497337396370521 1.3275569021863107 0.9292099034845502 9 3 445
2.4848768742043723 1.2926907915371493 0.9373660192637114 9 3 451
2.4582128836693413 0.9805920318039825 1.0003667168046975 9 3 516
2.4891817716912343 0.9493659757029176 1.002703954343128 9 3 525
2.501063826545767 0.921940437919897 1.006562826419774 9 3 532
2.484314465703743 0.9050035655132185 1.0117860290946556 9 3 535
2.4720770572043205 0.8851136111273228 1.0170435928660964 9 3 539
2.4694325028097106 0.8718624166287825 1.019896830160603 9 3 542
2.461193295865629 0.8574480410083768 1.0236328167123947 9 3 545
2.4737929638384633 0.8519121900173872 1.023208899273116 9 3 547
2.47139502694043 0.8306342209248161 1.0275724956821817 9 3 552
2.450810636844887 0.8098899246064516 1.0339781041183196 9 3 556
2.457099727304931 0.7908695714803435 1.0368844301823064 9 3 561
2.464583167507624 0.7681401586108123 1.0403612830777091 9 3 567
2.458454869991889 0.7390703020533904 1.0466591154378322 9 3 574
2.4736377363881754 0.7219964208019267 1.0481434670938476 9 3 579
2.484382163047025 0.6962804336715093 1.0518086058363636 9 3 586
2.4615545459235957 0.673165660697883 1.0589333416836548 9 3 591
1.2461468892172662 2.07468803851378 0.9298396641473043 9 4 136
1.4517646799361739 2.0219358424763407 0.9154929847307277 9 4 185
1.478309583549546 2.020290127854036 0.912645939571964 9 4 190
1.6217340813386953 1.9921582059984506 0.9009695761211208 9 4 219
1.6621962844854998 1.9772472584119019 0.8990191002650818 9 4 228
1.6822578024778974 1.9834322651552183 0.8954363118167098 9 4 230
1.6934810317800473 1.9761280262144802 0.8955056541492208 9 4 233
1.714448843933698 1.9713898450192573 0.89391913059475 9 4 237
1.719236458339453 1.9584586710701015 0.8958395798508618 9 4 240
1.76083195829571 1.9762647081517342 0.8874512686959168 9 4 243
2.469839120778959 1.3009076303843299 0.9330433383958562 9 4 448
2.4912803541502258 1.176900914936422 0.9543768191744448 9 4 475
2.491770146695399 1.162779473994916 0.9570388560311353 9 4 478
2.4855619906399204 1.0631128322437173 0.9769790888579859 9 4 499
2.48581102139657 1.035967322059666 0.982178840045019 9 4 505
0.9441687130802643 2.1138902730468003 0.9550244334754717 9 5 59
0.9704584671946912 2.1125931023965183 0.9521078618081542 9 5 66
0.9911515545831577 2.108243344869226 0.9504563009052556 9 5 72
1.0516254970774797 2.1128908837877107 0.9422706551021335 9 5 86
1.185618859681942 2.104491517833628 0.9277514762571061 9 5 118
1.2240754747949851 2.0830004840094185 0.927276524154983 9 5 130
2.4652749859473526 1.4729864456945947 0.8957673729153905 9 5 414
2.462668655829754 0.81397097322785 1.0236027760673079 9 5 555
2.481658182617891 0.7567780560971311 1.032381774471787 9 5 570
2.476227007900506 0.7477453396184751 1.0347840177104382 9 5 572
2.458050440251924 0.6623423059147011 1.0534997914213995 9 5 593
2.4683632807178375 0.6143670142727693 1.061540582318549 9 5 606
1.7350917065669291 1.9659507710350224 0.8841962141655124 9 6 241
2.4918786566288293 1.3173356233291735 0.9181018288948226 9 6 446
2.453054004615395 0.778248587260007 1.0276082841254195 9 6 563
2.5027262666464556 0.7112392659096114 1.0345833442063368 9 6 582
1.1410344376856545 2.1124262555144635 0.9245470715766906 9 7 107
2.476538617093138 1.4232432184020762 0.8947266707933876 9 7 424
2.486715459794258 1.2992525113926432 0.9176801469337035 9 7 449
2.473554834591095 1.2694479184017478 0.925118450935146 9 7 454
2.4836777211741263 1.248514953506281 0.9279592088970912 9 7 459
1.0121640960787204 2.1118199742179895 0.9371635476011732 9 8 77
1.7574561708137644 1.967325424764124 0.872804604578712 9 8 244
2.4857408440773368 1.1186841598757158 0.9486350005485557 9 8 486
2.445811453269628 0.7823981534664379 1.0195424072173815 9 8 561
2.487500461924184 0.6359205714894705 1.0430798882241383 9 8 600
2.4234308083220046 0.5969282489061911 1.0586941663617797 9 8 608
0.9601009077871436 2.1065440641911106 0.9413768155408385 9 9 65
0.9736235918752014 2.109065140984252 0.939180890734204 9 9 68
1.573480238947904 1.976651146827355 0.8898761302867249 9 9 214
1.7303635962522246 1.9731233121817888 0.8708554274117597 9 9 239
2.50336463411853 1.3958816997563441 0.8874011970644475 9 9 431
2.495808762531643 1.260667080240308 0.9149814958166357 9 9 457
2.502574740921317 1.0715717378451564 0.9513738706351332 9 9 497
2.4658803071412088 0.966820198792564 0.9766162532468036 9 9 518
2.492818334066924 0.7740604243330075 1.0111953249506178 9 9 565
2.4698680186733952 0.7057602823429409 1.0275313198824438 9 9 581
2.4690951954294666 1.4119849276002634 0.8838712897329356 9 10 425
2.4973738010072433 1.356177581650782 0.8913204040819364 9 10 438
2.4845410554690948 1.2309290322604887 0.9177262025718415 9 10 462
2.492570965653836 1.209353273705985 0.92097470389905 9 10 467
2.4589085302780584 1.117307781596413 0.9434571207873834 9 10 484
2.456678509474524 0.8353971162038496 0.9995072461608274 9 10 548
2.437445419371384 0.7863274289829303 1.0116561635190027 9 10 559
2.4629905863592616 0.7270208191579625 1.0201445637744382 9 10 575
2.5012531912186997 0.6390943514440139 1.0326797317599725 9 10 599
2.5074219836303504 1.2677512710393544 0.9029385110134466 9 11 456
2.5009777289613213 1.2014352050385126 0.9169412028600618 9 11 469
2.466107072433382 0.7104355253208832 1.0189688524733738 9 11 579
2.4228510578478537 0.5892373279126663 1.048597885441624 9 11 609
1.3626063680021088 1.9828564560686757 0.9039763065092368 9 12 176
1.547157143440622 1.9693839733464675 0.8827503584887645 9 12 211
2.482139215953837 1.3635233848853932 0.882496079297685 9 12 435
2.487383041430743 1.3195762901877846 0.8905864375436466 9 12 444
2.4797793652813 1.2076156148168273 0.9139140516045796 9 12 466
2.4751150785985185 0.9393772221261417 0.9680467769263096 9 12 524
2.484280923337002 0.9199085932145675 0.9707441115217783 9 12 529
2.4481703302623794 0.7900422139564506 1.0013388806083006 9 12 558
2.454689906867351 0.6720444019986123 1.024041116934654 9 12 588
0.9446621681985075 2.098703688522415 0.931722784288221 9 13 63
1.079469181523966 2.0762938561774478 0.918569303814941 9 13 100
1.3149238009997624 1.987980953976099 0.9054506683544251 9 13 166
2.5125545022130664 1.282551833040778 0.8900781906993297 9 13 453
2.488370083858602 1.1804489982932158 0.9137077680034553 9 13 472
2.496575759235058 1.023982936826819 0.9439935839592479 9 13 506
2.47270558072708 0.8986495390294418 0.9722380384414583 9 13 533
2.4675261541665883 0.7319533939403203 1.0063262151129533 9 13 573
2.4912762198153926 0.6336784070970106 1.0229144110226915 9 13 599
1.1356747727224192 2.009031279503341 0.9212217501068193 9 14 125
1.3417178046922356 1.983619675699781 0.8990977706276433 9 14 172
1.511929252619612 1.9589995262684365 0.8815514791254383 9 14 207
2.4951852739767393 0.8812256683757003 0.9685173783356744 9 14 538
2.460459333434765 0.7818278790339308 0.9931168459919061 9 14 560
2.4789523546484786 0.7047737138234486 1.0061829223996008 9 14 580
2.4794340466964253 0.6851021618196541 1.0100790963465083 9 14 585
2.4638095191365226 0.663107259933652 1.0165722314439387 9 14 590
2.467635795645173 0.621356629236902 1.0244707308688832 9 14 601
2.4294173042080116 0.5973136456636046 1.034363108711526 9 14 606
2.4431543595651712 0.5804597971696894 1.0359396977123747 9 14 611
2.47472641946039 1.1308427545143171 0.9165048544194077 9 15 481
2.461889617886075 1.0119420946159674 0.9422572355469289 9 15 506
2.4837217494755173 0.8560873352452893 0.9708518825228029 9 15 543
2.485312136849257 0.7325438408698536 0.9956166628985221 9 15 573
1.441546216895035 1.9638205003126044 0.8821975030583321 9 16 194
2.48156998352948 0.9758937283292213 0.9425663752262556 9 16 515
0.9424976977694854 2.048367011662464 0.9290470321769935 9 17 72
0.9802281539787834 2.0294589991592495 0.9277658569674436 9 17 85
1.3105544212345621 1.9789985904781526 0.8930820610713838 9 17 167
1.4792623721532683 1.961668196753744 0.8736465598461802 9 17 201
1.4921487313900659 1.951750913879239 0.8739144703698525 9 17 205
2.486100608669851 1.1704640524121244 0.8979123552555537 9 17 473
2.4735302454726646 0.6999629727777301 0.9955711563385552 9 17 580
1.2535403549236328 1.9777250684067962 0.8974784453462923 9 18 156
1.5264921969874659 1.9451108237985142 0.8666350122021363 9 18 212
2.466071827405897 0.7332804354961681 0.9856587564312279 9 18 571
0.9872000688603573 1.991284355175277 0.9280235547507563 9 19 94
1.2795846804902302 1.9574098414438261 0.894409685465068 9 19 165
2.4813038191518513 1.1379529734449427 0.896168138187107 9 19 479
2.4473323297737917 1.0758400029328918 0.9136589323305816 9 19 490
2.469096380593685 0.946945574088836 0.9371499215634185 9 19 520
2.4461232175015484 0.6155739467799366 1.0084968187638033 9 19 600
1.0664069824694093 2.008240029990462 0.910124495223012 9 20 110
1.3965919735036645 1.9586414310760265 0.8741043535087609 9 20 187
1.447596830502835 1.9592516673345877 0.8668314832053613 9 20 196
2.472506323290853 0.6998488631704232 0.9833729422221685 9 20 579
2.4640345809646975 0.582562337258563 1.0087876251316816 9 20 609
1.2224963427726123 1.9715287122435554 0.8922373320407672 9 21 151
1.5382932662125772 1.9450206576249724 0.8530674532469101 9 21 214
2.5031721594502465 1.2857431879170218 0.8533549610016065 9 21 450
2.466332510051226 1.2225013769413755 0.871685498103415 9 21 460
2.4840836559358284 0.7816623665937446 0.960627430051282 9 21 559
0.8704109529454394 2.0134757461391946 0.9301627786152066 9 22 60
1.0756500652525776 1.9721329742279583 0.9094721220118451 9 22 119
1.4149266921216554 1.9607082319159832 0.8634106431870685 9 22 190
2.4638771425470125 1.1912887934633445 0.8739409681136305 9 22 466
2.473908538825372 1.0389140237411416 0.9042540334713272 9 22 499
2.4590393737560357 1.002953150023475 0.9138690320795505 9 22 506
2.4558153930536237 0.8836637988910774 0.9391817655952039 9 22 533
0.9404159823546769 1.9951487462104187 0.9207282017228405 9 23 82
2.473097423470521 1.159497551838044 0.8746882965014665 9 23 473
2.4391223594550233 0.5791832615638388 1.0010004618810324 9 23 608
0.905612430268153 2.006495019585605 0.9201427559041511 9 24 71
1.321621876673119 1.9651944561196553 0.8683127325385273 9 24 172
1.4391735205088008 1.9406099319418035 0.8563805939360408 9 24 198
2.480233709607516 1.1177215863503782 0.8778600446228102 9 24 482
2.4751269558210462 0.6128837966317249 0.9846759362588403 9 24 600
1.0020582336336403 1.9932326008779377 0.9055510920441847 9 25 98
1.1625435230631007 1.9752611807538687 0.8857860786320506 9 25 138
1.3542202677149455 1.9498049970362934 0.8630218985050178 9 25 181
2.461543775444821 1.2067082516687677 0.8572781302188135 9 25 462
2.4757274109490712 1.0822365248892445 0.8814601695527053 9 25 489
2.4539880154193523 0.7341603244284323 0.9580966064442472 9 25 568
0.8920922562002949 1.9994545556050105 0.9171649743128726 9 26 69
1.1150927560548962 1.9791506680736304 0.8884348869483761 9 26 127
1.185797681162364 1.9590969745350042 0.8822108732683879 9 26 146
1.2707422907345955 1.9663648627795292 0.8680882460368428 9 26 162
1.346101395760473 1.9636767438111447 0.8574951282453169 9 26 177
1.383608087819149 1.9522868228060752 0.8543528516849953 9 26 186
1.420772407307754 1.9395372400697872 0.8515493965196971 9 26 195
1.4486499122565726 1.9444906722432709 0.8463703728975885 9 26 199
2.4825371537231122 1.2228221442389258 0.8461423567950975 9 26 460
2.4916359372850367 0.772543568855462 0.9402067724955221 9 26 560
2.4631980840002274 1.1758890464816278 0.8543570412582001 9 27 468
1.1344963064917875 1.9707545596975486 0.8802918523806036 9 28 133
1.399587439305872 1.952076221551291 0.8443031973210825 9 28 189
2.4885623545257407 1.222761551919195 0.8359122926863277 9 28 460
2.4760190054693494 1.0882415117940702 0.8665489702002658 9 28 487
2.458875667393632 0.9868193587094177 0.8908068702145074 9 28 508
2.456339739706315 0.7755390642997132 0.9363368005736217 9 28 557
2.4625036671687126 0.6877212184964057 0.9541725568201993 9 28 579
1.4037457893682819 1.9343263741744616 0.843604779734097 9 29 193
2.4719894674422527 1.1717867172901841 0.8446840957854556 9 29 469
0.9482473598576324 1.9837969147151684 0.8989991405441037 9 30 87
1.0913273479709336 1.968540807199862 0.8803216637979169 9 30 124
1.2628514737438223 1.9590798727809444 0.8560288432509431 9 30 162
1.3292611421510243 1.9582279580101418 0.8460175548788827 9 30 175
2.4748460476604808 1.157087279992305 0.8427841706326267 9 30 472
2.4643062189348566 0.976904475524016 0.8832281912044915 9 30 510
2.4707231598431183 0.7675062716439892 0.9273644669864709 9 30 559
2.485124110468478 1.2133111699543342 0.8243984743059009 9 31 461
2.479374906595825 1.0857965902541848 0.8528806600802331 9 31 487
2.4538769423161595 0.9506566316431705 0.8860712874088896 9 31 515
2.4564070716788065 0.6279180146468417 0.9555141746871316 9 31 593
2.4389265334694605 0.9946274285575564 0.8744306214929816 9 32 504
2.4347779755624708 0.9225994588091049 0.8907292401699162 9 32 520
2.4668150699123648 0.7477466129504091 0.923716990433261 9 32 563
2.486624565188514 1.1771103112278736 0.822648892760571 9 33 468
2.4728863215831285 1.1530760332044483 0.8300577769543068 9 33 472
2.4622711256679564 1.1113172412994308 0.8408417969441623 9 33 480
2.4913376061822814 1.0918394170533798 0.8405112668193719 9 33 486
2.4672445094748108 0.9921449593458043 0.8660600130818807 9 33 506
2.4598993880752857 0.8710066717649643 0.8936483616403472 9 33 533
2.456753049792959 0.7323883871354134 0.924388978930874 9 33 566
2.475648136995441 0.6872397136565128 0.9312623415562468 9 33 578
2.432373032134819 0.8464695740243181 0.8990246034698254 9 34 537
2.4492947349968515 0.5959934990136375 0.9512126561083265 9 34 600
0.9785962056388584 1.969819159195937 0.8738736088214312 9 37 98
1.1542702893914845 1.959916955988871 0.8474281008628428 9 37 140
1.2374437393220805 1.961046278479757 0.8336169406783576 9 37 157
1.160984046225453 1.9572241412673952 0.8433129045394306 9 38 142
2.453499042778317 1.1507590563955272 0.810434371396158 9 38 470
1.1068184919424753 1.9700973062114762 0.8457890039862892 9 39 128
1.1463733619168404 1.962489592272902 0.8409328236312645 9 39 138
1.2356294311322993 1.954241641396911 0.8279800954948879 9 39 158
1.3158751613463457 1.9465756512601837 0.8163909966388018 9 39 175
2.472769544929534 0.9818640948734123 0.8403494051874627 9 39 507
2.4748332479146615 0.9195251892275633 0.8539491693881862 9 39 521
2.443523812231341 0.8555045101215532 0.8734578369874877 9 39 534
2.4548488593140094 0.8366345139504012 0.8758005232360283 9 39 539
0.9420261257408262 1.955144969467101 0.8731249151763436 9 40 92
1.173117878872137 1.9611169756173361 0.8331541350462095 9 40 144
2.4848037536948344 1.0959639881034215 0.8081715267029701 9 40 483
2.459098390243203 1.01807818935841 0.8299587191928509 9 40 498
2.4818681699911687 0.9968072653097131 0.8309291388165536 9 40 504
2.4574096009090947 0.954036450911342 0.8446224016259152 9 40 512
2.466716719158615 0.9030617610177413 0.8545136185814592 9 40 524
2.4629705041898386 0.8846486965693081 0.8592747285209781 9 40 528
2.466600752266356 0.7996679089243891 0.8777513996710893 9 40 548
2.4860850441611153 0.774087268479896 0.8802388283049627 9 40 555
0.9362732341407212 1.9696017414967666 0.8675002079208436 9 41 88
1.053353043900752 1.959953800885688 0.8499429296461515 9 41 118
2.45032924374601 1.1318811226689554 0.8012097647852282 9 41 473
2.46305844516027 1.0739512821442205 0.8121264104960872 9 41 486
2.468982021903888 1.0428773326727634 0.818134608130001 9 41 493
2.4703688069511966 0.824614235119576 0.8671148875604273 9 41 542
2.473857005686342 0.7620938548692667 0.8806240929952317 9 41 557
2.4514227863819644 0.7496145700619988 0.8872190008716733 9 41 559
2.449761300227841 0.720700733705247 0.8940185265768273 9 41 566
2.4470871322312218 0.7080899929137686 0.8973127048531809 9 41 569
1.0988343197843096 1.9673907632705654 0.8370318301751366 9 42 127
1.134197353610503 1.9659362123926247 0.8313521807731145 9 42 135
1.1672369785508099 1.9716647418337743 0.824441083839409 9 42 141
1.1880572193650336 1.9680668339650746 0.8217178305528121 9 42 146
1.2082675284486104 1.9469256362681566 0.8230700104708469 9 42 154
1.243548018663607 1.9474409356943445 0.816958413889033 9 42 161
1.2964791488038647 1.9491209488275651 0.8075838938567799 9 42 171
2.468604107359846 0.9999459851812424 0.8233067781720138 9 42 502
2.4329099580815043 0.8708364076966133 0.8586023470921136 9 42 529
1.1101396525068692 1.959643848434684 0.833280669716527 9 43 131
2.460696508998041 1.1233154823873948 0.7920366353974 9 43 475
2.496570276398958 1.0343669281827215 0.8061110746407806 9 43 496
2.460506238920244 0.8672578211637361 0.850276401959218 9 43 531
2.448207159181349 0.7382042446952851 0.8817198416048222 9 43 561
1.027734616855305 1.967407446401739 0.8421486220724389 9 44 111
2.4781164065575236 1.018632036111946 0.8082297565463432 9 44 498
2.465679448388731 0.9875752506578843 0.8174660350642707 9 44 504
2.471506087827178 0.9124909523247942 0.8335973083208145 9 44 521
2.461631756341842 0.7025499093359205 0.8832201826621275 9 44 570
2.47700128220851 0.6647137334437168 0.8892018313388387 9 44 580
0.9052771226030223 1.9674652637834065 0.8599627279591966 9 45 81
0.9317324295743983 1.955320665640226 0.8581404826119176 9 45 90
1.0052229725536161 1.9608490306836992 0.8440801654193643 9 45 107
1.2231781452901933 1.9480824272531048 0.809063750946486 9 45 157
2.4445047595722196 1.0496777388315426 0.8023380702488221 9 45 489
2.459628825187698 0.8907374425858059 0.8361292529843877 9 45 525
2.461655693243272 0.7754079992574063 0.862206217018499 9 45 552
1.041888926155404 1.9592194104244978 0.834561684755876 9 46 116
1.1007811493455963 1.9553126825622504 0.8251265377637921 9 46 130
2.4869236094597587 1.032700280166475 0.7941821281912432 9 46 495
2.467778121289696 0.7378127379809195 0.8653935753484067 9 46 561
1.0048884434243743 1.961623902425837 0.8370347129963365 9 47 107
1.155905336436929 1.96617600024867 0.8092729074259913 9 47 140
2.4739505881283983 0.9316772467998038 0.8151441017876201 9 47 516
2.4769749788605915 0.9234577778447919 0.8165080616709421 9 47 518
2.471083540307358 0.724704899980191 0.8634664075177445 9 47 564
2.4523369586646915 0.6848988227866588 0.8759781810589377 9 47 573
2.452646316855821 0.9792188758836735 0.8033466186852908 9 48 504
2.4453315151445767 0.8488792904914952 0.8348831334313804 9 48 533
2.4453607874196566 0.8359869987621367 0.837868308690937 9 48 536
2.4517690965023418 0.8245212411308347 0.8393854309612915 9 48 539
2.4710900982265334 0.7110548647426153 0.8622599117010649 9 48 567
2.4522815512974927 0.6200132146399983 0.8867301339198963 9 48 589
0.9740318546341009 1.966061425661928 0.8345927053221021 9 49 99
0.9837067188897348 1.957023941073522 0.8349591440354702 9 49 103
1.0123892401334775 1.9615989683730612 0.8287404230349353 9 49 109
1.1417697206758504 1.9560494143950318 0.8067875582335738 9 49 139
2.462049976761662 1.083265984147645 0.7728351475148217 9 49 482
2.4355598694002527 0.959871041956257 0.8063311799887918 9 49 507
2.4466594849126704 0.8826780158978286 0.8223139496054955 9 49 525
2.441925789709815 0.7999383815052549 0.8424331401120841 9 49 544
2.463008872143636 0.6398943150458133 0.8759168721674959 9 49 584
2.474830185656449 1.0244536638776045 0.7795622456168576 9 50 495
2.463713032586889 0.9935279309262715 0.7888061738729268 9 50 501
2.430284571874008 0.9393385491652027 0.8075294139374641 9 50 511
2.4619932761274126 0.7689451037508439 0.8416288483372464 9 50 552
2.47714703134608 0.7425093473238095 0.8450661093041819 9 50 559
2.445693406836713 0.700008063982997 0.8606988927053113 9 50 568
2.4527429258966102 0.693078242643175 0.8610427566884362 9 50 570
1.0363604063446028 1.9550561884008681 0.8189022743830668 9 51 116
1.068257598044358 1.9510490774186862 0.8140225511316493 9 51 124
1.0890612576100949 1.9600523443999158 0.8081128927220795 9 51 127
2.4511878367976525 0.8593790079175556 0.8179459148082118 9 51 530
2.443429289735046 0.7850164834293969 0.8368184068541087 9 51 547
2.471675159194713 0.5833390970186991 0.8790084713966994 9 51 598
2.45645601791283 0.8944240883807373 0.8042144030703072 9 52 522
2.4687319116376374 0.8796338859026751 0.805442979349729 9 52 526
2.455090022384361 0.8416217338549572 0.8169105211164603 9 52 534
2.464129306200535 0.813410262962671 0.8218974966969316 9 52 541
2.4832750546280633 0.7242986963384362 0.8393795635516259 9 52 563
2.457638460503089 0.6549418463762264 0.8604403141062545 9 52 579
1.00904304218792 1.9596834268021373 0.8157870469714729 9 53 109
1.0672172803057423 1.9562941111805827 0.8058098123024021 9 53 123
2.453279477697084 0.6972826153337384 0.8469001610528114 9 53 568
0.9744191911698628 1.9588687392726658 0.8189281691860937 9 54 101
2.4299838618248097 0.9523305924489516 0.7862875103511135 9 54 507
2.445401472260734 0.9382869081067033 0.786745288714557 9 54 511
2.430236317432401 0.6800234291589614 0.8509319123866549 9 54 571
0.8966644693906607 1.9518546723275099 0.831754625443909 9 55 83
0.9212048794730292 1.9532657842178214 0.826801476979802 9 55 89
1.0748636253166823 1.9502667035196608 0.7986102466189099 9 55 126
2.435902109245471 0.7783380276909444 0.822086745084748 9 55 547
2.4643231016284295 0.70463331948725 0.83431949071103 9 55 566
2.457606093890766 0.6709687656298762 0.8436124569052592 9 55 574
0.9349774275022185 1.9564480899516807 0.8200293175619743 9 56 92
1.0314471758854327 1.9626666815088663 0.8002553297048127 9 56 114
2.4410907383689526 0.8990149868069401 0.7877672416581476 9 56 519
2.4360622310172495 0.7644921061779754 0.8209324774083747 9 56 550
2.4522494473401997 0.7383456562118729 0.8241252347663491 9 56 557
2.44493055612098 0.6837689249861232 0.8385811130129286 9 56 570
2.461301785578544 0.6500599306471336 0.843549878916903 9 56 579
0.9868092261426664 1.9496994497897329 0.8083250068747443 9 57 106
1.0657611241735798 1.956621060171416 0.7915842448141224 9 57 123
2.4365569517318058 0.8702670306046184 0.7909746248193735 9 57 525
2.4513263690749447 0.8171362769097127 0.8009268926687576 9 57 538
2.4361250489605406 0.7926653389106931 0.8097125928409991 9 57 543
0.942237853925233 1.9622315543711895 0.8103725258313321 9 58 93
0.9569558954500954 1.9546584199223176 0.8093687428846232 9 58 98
0.970461187199555 1.9452719049362652 0.8090359324045899 9 58 103
0.9983141134872553 1.954321777030474 0.8014932462996124 9 58 108
2.440435595729718 0.6125899106976497 0.8478738765742904 9 58 587
2.4025435978366985 0.8685987792200278 0.7888733691408595 9 59 523
2.4369484679617712 0.7987345133469501 0.7991332200526332 9 59 541
2.456848865720229 0.7561155168397552 0.8056027558257955 9 59 552
2.4495422694068916 0.7380345594633557 0.811399846125468 9 59 556
2.4475904806634254 0.6882948739587338 0.8238299469418413 9 59 568
2.443481854633296 0.6700639679984609 0.8246621645466389 9 60 572
2.453778636542885 0.603782953861578 0.838774598841078 9 60 589
2.4242400057199465 0.8105729811848059 0.7897440877887125 9 61 537
2.4677148261061346 0.705360018534293 0.80688693607851 9 61 564
2.43693547788315 0.7905798281833666 0.7876255990951267 9 62 542
2.455817861108892 0.7730706990381612 0.788177299725479 9 62 547
2.464036406625905 0.7534762556262815 0.7913528459695796 9 62 552
2.4591811093097657 0.7191179535684902 0.8007379243030995 9 62 560
2.4302917980330707 0.6639416144049328 0.8156061499253879 9 63 572
2.4349518334399916 0.6207524268535174 0.8253057271809433 9 63 583
0.9066514590008241 1.9677816738848168 0.7918547889029085 9 65 84
0.9149056337715422 1.9571837771736798 0.7928125118667864 9 65 88
2.4314935307532766 0.7309590812975492 0.789951036073691 9 65 555
2.440427528602693 0.6507179203057137 0.8080450141608335 9 65 575
2.438706785252638 0.6027406034969213 0.8202933374943869 9 65 587
0.8703588776363347 1.9557063049800736 0.7988021718558456 9 66 77
0.8883174210118554 1.9648011909899836 0.7928762173331461 9 66 80
2.299266049818945 0.8277521696081692 0.7883346846285796 9 66 525
2.474700404109757 0.6831912214825401 0.7885624772176512 9 66 568
0.9176568883234126 1.9569192145549774 0.7853863229380795 9 67 89
2.426314022445222 0.6180199308494355 0.8102889688193683 9 67 582
1.0541057936388938 1.9536593477462567 0.7545119501925505 9 68 122
2.2640269894658607 0.8215012761128453 0.7884134347958164 9 68 524
2.421005754995535 0.7584619683873303 0.7717716623513828 9 68 547
2.457727963219509 0.6654654035278822 0.7875135658454825 9 68 571
2.4415981203928814 0.6068765200829339 0.8055503951759292 9 68 585
0.8673030263166224 1.953668287391065 0.7897288581237181 9 69 77
2.2881914800349428 0.7844402401225952 0.7883733421819862 9 69 534
0.9176935534647892 1.9536049403193745 0.7757639266877032 9 70 90
1.0418660977548566 1.9395297779486365 0.7532850656586814 9 70 122
1.0918345852870537 1.9453108157120864 0.7413452619528769 9 70 132
1.0999932942152535 1.9384418419665896 0.7413713669053834 9 70 135
2.4270366452186285 0.715212943657417 0.7724123744301191 9 70 557
1.0271946038872193 1.9327851225346036 0.7544327375072513 9 71 120
2.380064883560503 0.7248066375905232 0.770955310248392 9 72 552
2.262611182236327 0.8359456448748301 0.7632188703682827 9 73 519
2.251908051923073 0.8251515776560177 0.7682711789120529 9 73 521
2.264162220983419 0.774482720728159 0.7786081522582382 9 73 534
2.4590136600683983 0.675196611344045 0.7622900300327675 9 73 567
2.453166249077679 0.6660648910507887 0.7658776147487105 9 73 569
0.886091035783757 1.9567048115889443 0.7677605694428213 9 74 82
0.9289471876827851 1.9442176028659865 0.7617291649717215 9 74 95
1.0502166025577742 1.9409958846393263 0.736416718120048 9 74 124
2.2669181574795543 0.8107736199051017 0.7643556198996604 9 74 525
2.4375915585942156 0.6259026848169044 0.7750349390010917 9 74 578
0.861711577379751 1.955901373990963 0.76978007917189 9 75 76
0.9039544341801897 1.960380668655584 0.7594579403345944 9 75 86
1.0138888074806565 1.9293084689532245 0.7436083752359768 9 75 118
2.265010767968117 0.7967562889962654 0.7639940372571377 9 75 528
2.308346113280485 0.7280579073751178 0.7722957996779864 9 75 547
2.454344718751849 0.6553095333472786 0.7593612187901037 9 75 571
2.2650919883231078 0.7547615864584507 0.7704609305661327 9 76 538
2.444860544438607 0.5882435096207269 0.7742642699419572 9 76 587
2.261050493290215 0.7975716643407678 0.7558841006753627 9 77 527
2.3780973418700175 0.70557254238983 0.7540296205840971 9 77 555
2.460617000266984 0.6493938386561069 0.7504674208396134 9 77 572
2.445301892323109 0.6027968889011223 0.7659379049925733 9 77 583
2.25888138812692 0.7429801937906145 0.7662035543027554 9 78 540
2.3066097614760563 0.7158364878338328 0.7627100330888751 9 78 549
2.424415905006515 0.6957239017263138 0.7418645029353951 9 78 559
2.4339767891427018 0.6849225211245962 0.7425630354143812 9 78 562
2.446876701010791 0.5817288343274841 0.7666080736524046 9 78 588
1.0166786100695842 1.9462494331375573 0.7239232287423332 9 79 116
1.0471350361140663 1.9343286497268963 0.7202527552858222 9 79 125
1.0849977951292826 1.941562196456893 0.7099188384216476 9 79 132
1.0027327253764937 1.9457509764805685 0.7234876072828677 9 80 113
1.0539621974107871 1.9326867724049794 0.711676348473805 9 81 127
0.8704682074536807 1.9525919890946373 0.7408769980019392 9 83 80
0.9111721437876099 1.9428840442585178 0.7341387364116005 9 83 92
1.057540658909348 1.926992464330214 0.7048564740691323 9 83 129
1.1457744577064455 1.9310327262637195 0.6835864389765478 9 83 147
2.280322098697937 0.7247300070250745 0.7443386443256972 9 83 544
0.8869614848849996 1.9544797250838626 0.733060834931134 9 84 84
2.261179572896123 0.7278852115397492 0.7435070234606526 9 84 542
2.4546173809521696 0.6428331106487148 0.7216178851200107 9 84 571
0.9989229353655391 1.9438958511205602 0.7063834127805432 9 85 113
1.0609320451757598 1.9321767687176026 0.6951400736003435 9 85 129
2.296744750986126 0.7090831945255204 0.7359079067349459 9 85 548
2.436370827362225 0.6551068637644829 0.7179750898782757 9 85 567
1.0188151642919032 1.9475047912751464 0.6970598724814469 9 86 117
1.0815012855374013 1.9240727730947986 0.6887235937495305 9 86 135
2.4236956311458284 0.5794149984546967 0.7366845589033785 9 86 585
0.8689852563284926 1.9480371366627252 0.7283608187162054 9 87 81
0.9990329424816107 1.9452643248830266 0.6985590125208009 9 87 113
2.4542459567944723 0.6262958028872909 0.7123696510289292 9 87 574
0.8824295477371009 1.9455525064260977 0.722321024003835 9 88 85
2.248436212938038 0.7527181974566387 0.7222115905085558 9 88 534
1.0467133292761643 1.9280321788617447 0.6844335222124804 9 89 127
1.0871038235485284 1.9378952552749455 0.6721439375699284 9 89 134
1.1072402758931819 1.9393870192187737 0.666947574303836 9 89 138
2.424913686212826 0.5872542083821348 0.7207471421695126 9 89 582
0.9129769669446881 1.9561060092157314 0.705004694382681 9 90 91
1.0276510613612684 1.9441448520308504 0.6808075926635109 9 90 120
1.1691392006019297 1.9324212433080932 0.6501251454806967 9 90 152
2.420004239833516 0.6994467565657538 0.68679801004536 9 90 554
0.8462483285420344 1.947265638868776 0.7163472772945305 9 92 76
0.8729702138406052 1.9352498473013096 0.7131681314315719 9 92 85
1.1858673365987547 1.9293589897302819 0.638912265292593 9 92 156
2.4312039698837946 0.6735135439739393 0.6818995359455008 9 92 560
0.8682878815285286 1.9405622472020103 0.7092840225785559 9 93 83
1.0425121846196745 1.9368011198521518 0.6639781986965737 9 94 125
0.8501953778599738 1.9450405299405653 0.7018102463933518 9 96 78
0.9803179181009292 1.9385340077258197 0.667515946454232 9 97 111
1.0141049024537396 1.9367622618529856 0.6595600698925952 9 97 119
1.0252993492882387 1.9339400656630326 0.6575494587506566 9 97 122
1.0641631093259358 1.9487381806926902 0.6397818170343997 9 98 128
1.1027472763299864 1.9327152529490497 0.6345701960811658 9 98 139
2.4376950907905703 0.7168712525230229 0.6400048291227712 9 98 548
1.0171178982552556 1.9248126124387221 0.6545242745652786 9 99 122
1.0810707350889124 1.9300082295953525 0.6368654325517772 9 99 135
2.4662689501589403 0.6989922313956574 0.6330398802865129 9 99 553
2.4436329166182444 0.6159895273383379 0.6621649583279814 9 99 572
0.8950933577074252 1.9387159623361243 0.6778558697155206 9 100 91
2.4578622087259463 0.6581093794863593 0.6419424152173909 9 100 562
2.4501496472904485 0.6278242535672188 0.6524739231128505 9 100 569
2.432874856705418 0.6049290782011801 0.6633512755007952 9 100 574
0.859601957859041 1.9344702244623004 0.6845013506821106 9 101 83
0.9850667727699154 1.9359230920984696 0.6519295300099799 9 101 113
2.0763570590871123 0.7335125021207698 0.713565960753971 9 101 526
0.9738971769415403 1.933354782317978 0.6517404699354913 9 102 111
1.0374203846691215 1.9406337672274947 0.6332854938864986 9 102 124
1.0807888463587165 1.9311846359078855 0.6247942080379856 9 102 135
2.450757411376519 0.6752328068560279 0.6293701323214781 9 102 557
0.8672015282625998 1.929983992900373 0.6765956232778393 9 103 86
1.0445965650050064 1.9330395577128954 0.6297003149631597 9 103 127
2.4271895481050327 0.7338538845135912 0.6139371487710112 9 103 542
2.4391195169106865 0.6219894802677528 0.6428312140487511 9 103 569
1.0581605993572372 1.9332103763961852 0.622204984382517 9 104 130
2.4408836910265177 0.6373681465313134 0.6332371298644589 9 104 565
2.4281261465616844 0.5783375665663035 0.6535084727031297 9 104 579
0.999925162567564 1.9405354232468026 0.631449338577549 9 105 116
2.444375651787 0.7126039438209173 0.6059012551244394 9 105 547
2.409055870439345 0.7436666927370115 0.6014085378224643 9 106 538
2.4473586853963347 0.6271405544362587 0.6249776383606794 9 106 567
1.0071356754487493 1.9395795126781517 0.6220834501866139 9 107 118
1.0685845687808568 1.9304028308673242 0.6084199011524745 9 107 133
1.082383119630724 1.9356559423386441 0.6032298069436126 9 107 135
2.431004943420606 0.6904370268378829 0.6061919129994914 9 107 551
2.4468763845960915 0.6717843098552744 0.6073867432605606 9 107 556
2.4362868201282004 0.5872075502021282 0.6347379637447306 9 107 576
0.8494826381088687 1.9425466757073417 0.6594671743288776 9 108 80
2.447584249046649 0.7612751192134086 0.5763182250858065 9 108 535
0.8569063564445596 1.9313400984537856 0.6570977184226094 9 109 84
0.8814106822324252 1.9377444125873247 0.6486388039802153 9 109 89
2.449965677101269 0.7252926529564873 0.5812657976535881 9 109 543
2.44173789724268 0.7151784362856326 0.5864332092135488 9 109 545
2.4344432996236076 0.6293104688734081 0.6134863123018399 9 109 565
2.425060449161005 0.5828916050164775 0.6295730863379063 9 109 576
1.010913583050799 1.9347719724286598 0.6107909462529937 9 110 120
1.025734026286079 1.931181025606778 0.6039066007499317 9 111 124
2.4534882544001966 0.6501820556886413 0.5925985472307715 9 111 560
0.8505675266443256 1.9303291829216902 0.6481407919935559 9 112 83
1.1355587798709377 1.9261362276304983 0.5714139851549107 9 112 148
1.1701661676421207 1.9137796478756304 0.5655962143222677 9 112 157
2.4261917189922984 0.769298302106913 0.5600332312667753 9 112 531
0.9696539786354976 1.923519032940838 0.6137250082622594 9 113 113
1.0530873753011882 1.9204122422316074 0.5916885869111668 9 113 132
2.4455468384377896 0.7940320872559691 0.5424342728353281 9 113 526
0.9770892285558861 1.9224191149334908 0.6081379850170041 9 114 115
1.0114432676007201 1.9206854102888118 0.5991463168844039 9 114 123
2.429877668313211 0.6975208961676574 0.570473167790178 9 114 547
2.443173830732343 0.6654976856740589 0.5763199836998604 9 114 555
2.437233583528055 0.6434571532494245 0.5845207216775559 9 114 560
0.8287951237852367 1.935324408548611 0.6416865547729413 9 115 77
2.4411098186189064 0.7636175223267315 0.5427225234491605 9 115 532
2.427603613731378 0.74782203162083 0.5511975795676644 9 115 535
2.4393436335739187 0.633936070681225 0.5819302692565476 9 115 562
0.8739412570007787 1.932662930415671 0.626185973541425 9 116 89
1.0282301195527412 1.9257215905802516 0.5850742358001884 9 116 126
2.4372819356155033 0.7972262615429315 0.5287352042369167 9 116 524
2.4166817305396644 0.7183016630014383 0.5581486513884952 9 116 541
2.4465611146846213 0.6802684446561177 0.5611794103034022 9 116 551
2.4120146854086766 0.6119998365665177 0.5913042982626875 9 116 566
2.416302671788482 0.5798025125356865 0.5997505859185055 9 116 574
0.8459114548389204 1.9163351559042026 0.6352501325925719 9 117 85
0.9679535266676846 1.9353266587263596 0.5951802670507476 9 117 111
1.0645883265447051 1.9136010516366728 0.5745061710381787 9 117 136
2.428667454355378 0.7762165998361032 0.5324484421853537 9 117 528
2.438924356915742 0.7457549476618803 0.5337326802198276 9 118 535
2.4147419378548154 0.7238388882357956 0.5471927479437421 9 118 539
0.8765089895432454 1.9386510102171963 0.6124086715947918 9 119 89
1.0211611747154241 1.9301005825138593 0.5738083006905983 9 119 124
1.0687283182900291 1.9253748897164573 0.5616946069327633 9 119 135
2.4297109660244094 0.7120515442947124 0.5415646832110934 9 119 542
2.43035589056264 0.6648675271443447 0.5556689053142925 9 119 553
0.8405277552729564 1.9395479853281592 0.6186695179341573 9 120 80
0.9698101600584421 1.9282328832870088 0.5850868412509289 9 120 113
2.446208070098797 0.7047761175457768 0.534094939435756 9 120 544
2.4267098476276927 0.8198737126381885 0.4996246868732116 9 121 517
2.433327548189846 0.8030964593845188 0.5028353044756912 9 121 521
2.434527052351354 0.7807956561621903 0.5092906516674244 9 121 526
2.4407963669396655 0.7286699620460756 0.5233813247104377 9 121 538
2.413594723326449 0.6636397036641662 0.551046020628008 9 121 552
2.449587274788525 0.6351753704125791 0.5493615561379077 9 121 560
2.4152152754922955 0.5928774253828287 0.5721587504325665 9 121 569
0.8556253009510064 1.9285617881800534 0.6102104983627984 9 122 86
1.0143061739438048 1.929007348120297 0.5641220116565829 9 122 123
1.0259107450089742 1.9320461271087483 0.5598314995489334 9 122 125
2.4336761483444147 0.6868325350153551 0.5332342498263097 9 122 547
2.4496560838509374 0.625277309765741 0.5474445152266272 9 122 562
2.437579859186253 0.6110023187861175 0.5553102531020124 9 122 565
0.9951775106865617 1.928384339394174 0.5658776778403478 9 123 119
1.1298480708598158 1.9186403000594847 0.5296530081012785 9 123 149
1.1675282205095017 1.9267950958066924 0.5161758242267775 9 123 155
2.4312882609907196 0.799926476264176 0.4942311299849318 9 123 521
2.4315928878419317 0.7909454678065727 0.49690057663068377 9 123 523
2.443914942503297 0.7264017813693627 0.5131342982705023 9 123 538
2.442568856604212 0.6312574235201502 0.5427460620360415 9 123 560
0.8267178490887162 1.9342406892833366 0.6094204842078925 9 124 78
0.841379455112405 1.9326437098072193 0.6056192814108434 9 124 82
0.9761855991719106 1.9276077391135964 0.5676958705142605 9 124 115
1.0644036652735027 1.9227605989239303 0.5433567072969878 9 124 135
2.4222478588501506 0.5770860272676694 0.5604609624463349 9 124 572
2.447627759719749 0.6891677849434564 0.5134746436908777 9 125 546
0.8589385454677585 1.9365577907393023 0.5917073947792906 9 126 86
2.4361829357657117 0.7831936104481776 0.4826596530231396 9 126 524
2.407515614567288 0.7463985196224809 0.5025672926713707 9 126 531
2.439621326339241 0.6777585925838772 0.5143640655029009 9 126 548
2.429528279848813 0.6419420537663905 0.5284683963091557 9 126 556
2.445388118813146 0.606212808369369 0.5348613128401049 9 126 565
2.429212872813398 0.8397685911103012 0.46199895655225554 9 127 511
2.4277771660386773 0.8164605915584997 0.46968552261079877 9 127 516
2.422722405106053 0.6865415623571127 0.5116528755552393 9 127 545
2.4410836153961393 0.5791571394240987 0.5396305555157144 9 127 571
2.4117787350372506 0.7355830043873366 0.49460273901796237 9 128 533
0.935521441425873 1.929324578535553 0.5595206707118878 9 129 106
0.9490608519290848 1.9242262073437235 0.557044322066591 9 129 110
2.4273717598354647 0.8090505394532999 0.4618231069122605 9 129 517
2.4041071957416693 0.7592997225116362 0.484428706676433 9 129 527
2.4347980721494418 0.6640469166224205 0.505064398459027 9 129 550
2.43131478202235 0.6506450200147569 0.5103160114288622 9 129 553
2.4390923311634722 0.6220151997435299 0.516953987178171 9 129 560
0.8210441548196701 1.9368634407871155 0.5878585263850216 9 130 77
1.0004652039173934 1.927883984845816 0.5363845280009172 9 130 121
1.019525821190424 1.9229356285947143 0.5321733558239023 9 130 126
1.0689979306151265 1.931523967038971 0.51449821746617 9 130 135
2.439999550011322 0.5787331126958231 0.5253249398295463 9 130 570
1.0036673490330195 1.920955759056469 0.5335497653599708 9 131 123
2.4309272849453323 0.6519684597851348 0.5000163914049497 9 131 552
2.412957008313361 0.6028900188740006 0.5209841170443799 9 131 563
0.8400393975780549 1.9316437515496898 0.5761679518095424 9 132 83
0.9449893231087527 1.9208748577961337 0.5474727077162299 9 132 110
1.0302919105286943 1.9142955580340097 0.5234605752567987 9 132 130
1.0614151569547754 1.9350853686843759 0.5073503142037017 9 132 133
2.413436890807745 0.7883916593820199 0.45711724100481277 9 132 520
2.408724883978798 0.751558646546443 0.470231604451965 9 132 528
2.413671671424348 0.7171009811304621 0.47963821524692785 9 132 536
0.9535092590465997 1.921222740788987 0.5407757037197409 9 133 112
2.41993489502142 0.797417777419022 0.44710047373390815 9 133 518
2.4263379677561487 0.6612521918032006 0.4884331474519449 9 133 549
2.417883208458451 0.630088874787143 0.5009440341330282 9 133 556
0.8285724479192067 1.9465853915697573 0.5635127300994989 9 135 78
0.9867795448174919 1.9193128448254801 0.5230581938258319 9 135 120
2.4361438838631413 0.8256496533900543 0.4226518654440752 9 135 512
2.4356562846955803 0.8162797359884203 0.42580388610796893 9 135 514
2.422121287492526 0.6749780431525708 0.47525945519913493 9 135 545
2.4151637472513627 0.6652280668534892 0.4805447286660688 9 135 547
1.0650406629595945 1.9358365163137508 0.48922834964772766 9 136 134
2.430595824671051 0.7954270858147708 0.42883859764219423 9 136 518
2.4149261768487076 0.7786056315010447 0.4391416400653836 9 136 521
2.4099641041899553 0.7372836710546468 0.4539704515419023 9 136 530
2.4187762827270394 0.5865074272584012 0.4946889478462798 9 137 565
0.933358424580905 1.9328097326639084 0.5233675580930055 9 138 106
2.440730757771933 0.8224621197403249 0.4064252078975037 9 138 512
2.4469107500062175 0.8098180261378902 0.40856385294685804 9 138 515
2.427492314258801 0.7920000643292917 0.4204632517635867 9 138 518
2.4301110071839727 0.6806386461522113 0.45566663166354715 9 138 543
2.434950423730027 0.668330669272874 0.4581200266083383 9 138 546
2.4152385574802135 0.6224186893541142 0.4792018566314725 9 138 556
2.4101701971316576 0.6132497808080654 0.48376956786531966 9 138 558
1.0178598381758153 1.9261699386417739 0.4946778781611175 9 139 126
2.42549192366352 0.7448466053407566 0.43116783166616246 9 139 528
2.4058634321826977 0.7190090000535535 0.4457899643272518 9 139 533
2.4074903732693893 0.6411085789991685 0.4705645039552966 9 139 551
0.8487539226779011 1.9452669168939254 0.5382934592973342 9 140 84
0.9770614822416932 1.9216345224040214 0.5050288447804046 9 140 118
1.0393054337324337 1.9246930259521304 0.4799655099623399 9 141 131
2.4392001222840753 0.8132930664966903 0.3939935745184586 9 141 513
2.438459034224181 0.7625342022114631 0.4108242919420195 9 141 524
0.9533354708324835 1.9329660501931882 0.5007842903757806 9 142 111
0.9783540964619453 1.930472272825737 0.4935306326672595 9 142 117
1.009359601411604 1.9056095437852298 0.49168284969410947 9 142 128
2.4170091065842714 0.621052366864098 0.45889517865838436 9 142 555
0.8360081640653112 1.9351708187537828 0.5340328945288964 9 143 83
0.9135446710784407 1.9271920782176486 0.511512836831522 9 143 103
0.990245520948754 1.9288179595499573 0.4861025252858937 9 143 120
2.4202008918537334 0.8019027260627407 0.3932611648230544 9 143 514
2.4322094890068398 0.7721683861637803 0.3991533803186835 9 143 521
2.404746430315788 0.6998906667902195 0.4318495566655478 9 143 536
2.4118773021733384 0.6574483584352426 0.44350639337416875 9 143 546
2.411599552042747 0.6061017399854234 0.4604967191155982 9 143 558
2.4265763783392442 0.5785861081561616 0.46469602950073763 9 143 565
0.8033780154842134 1.9288871817227173 0.5428566341209027 9 144 76
0.8226797655547009 1.9282389091361891 0.5367782549673971 9 144 81
0.9374704843523503 1.9308863694339258 0.49848145340318784 9 144 108
2.423364505263138 0.7105025372635903 0.41712289208476694 9 144 534
2.4209124093744037 0.635788294550811 0.4425978731001097 9 144 551
2.410582826506405 0.7515459244131509 0.4025032802645718 9 145 524
2.4072539982651366 0.6798973411055653 0.4273380649275511 9 145 540
0.9164586456589343 1.9216364316408487 0.5003411554192239 9 146 105
2.3935365243626046 0.7290296276932723 0.41036331663855163 9 146 528
2.404386763427266 0.6261663678942209 0.4409938182410067 9 146 552
2.4237114604043257 0.5821455901134626 0.44926626198601793 9 146 563
2.4165991335439454 0.5728584095055109 0.45469727635569246 9 146 565
0.8091080167912241 1.929315665947736 0.5254183312329376 9 148 78
2.3876732360637085 0.676731162148995 0.41941548061054945 9 148 539
2.408492400643407 0.7319556289575655 0.3887484917914681 9 149 527
2.3325770150845053 0.6535517825205605 0.4404817186337828 9 149 542
2.35465379216347 0.6021235961214471 0.45037293426597147 9 149 555
0.8054820358698946 1.928438970328512 0.5074855730867942 9 153 78
2.205693515448501 0.614533032558446 0.457516381427461 9 157 544
2.22079691989796 0.5791748127012905 0.45961225353921886 9 158 553
2.2579074068968246 0.5480626653478932 0.4573945647752604 9 158 562
2.1974588991130384 0.5496107557186445 0.4684468801327881 9 160 559
2.1208907831901707 0.5689261977910911 0.45574503995273075 9 167 549
2.1458229532532807 0.5412272544914671 0.45650563831430313 9 167 557
2.0992663874596067 0.565786537163479 0.4505927523496076 9 170 548
2.098744322394507 0.5503438025844193 0.4563518885163822 9 170 552
2.0891653669828685 0.5147446945679569 0.4586978629487919 9 173 560
2.010415209967161 0.5607604409761066 0.4577409399918495 9 176 544
1.8929746730801416 0.6597464983419032 0.4571173608200123 9 178 512
1.9868149662482395 0.5387511637834841 0.4610963698359489 9 179 548
2.0188523541367105 0.5243550821968731 0.4540249439079531 9 179 553
2.027913979480292 0.5130120271545585 0.4500763680490887 9 180 556
1.6547282383430653 0.6389601169826982 0.4641698820726363 9 200 498
1.310539829588748 1.4818400867966717 0.27144583469241357 9 201 262
1.2399107989248348 1.4927260881815991 0.28349998722598735 9 204 249
1.1242120647310565 1.4923288871646379 0.32949634298526953 9 205 230
1.135116250217698 1.4916217012169584 0.31610540885186444 9 207 232
1.151739505987475 1.4806653326648558 0.31323883818812925 9 207 237
1.207494257664408 1.4863795541706106 0.2817653360256296 9 208 245
1.2898290765343854 1.4902821274514804 0.2437700292852325 9 208 257
1.6210375111536772 0.6096752107578625 0.45622319186194105 9 208 502
1.1006873474293126 1.4967451558890266 0.3203421257423291 9 209 225
1.115203603946871 1.494395943043607 0.3103968234228287 9 210 228
1.1483592190887755 1.492714289274583 0.29629736279046615 9 210 234
1.2879585416095995 1.483267247695823 0.23790325341973184 9 210 258
1.2748862404951213 1.4832644228099503 0.23896841982558126 9 211 256
1.0543624433522718 1.505286838499206 0.3243299477490502 9 212 215
1.1225869992727353 1.4957325897612685 0.2975745275688497 9 212 229
1.212174738295751 1.4897133475479758 0.25974720509013305 9 212 245
1.3290654255372887 1.488025035010553 0.202945625439527 9 213 263
0.99614573329541 1.4909175027046777 0.3479456254156643 9 214 207
1.0725064158119344 1.496755709692581 0.3108601387899066 9 214 220
1.2944413717384715 1.4770843768578485 0.21829395223566883 9 214 260
1.0563312447963413 1.4971839667005593 0.31362720750341655 9 215 217
1.1149372654178429 1.4940488307682114 0.2882164051591829 9 215 228
0.9468543338969235 1.497993214870549 0.35059517349651315 9 218 196
1.0038169470435014 1.498578851037914 0.324042042103444 9 218 207
1.2396402204952264 1.4904792901099222 0.21853991531702532 9 218 249
1.0754194894157048 1.499494863858747 0.28611077650438865 9 219 220
1.0866873669608068 1.4994725545796252 0.2808939571406488 9 219 222
1.1425692186511243 1.4923608987136165 0.25797593225566384 9 219 233
1.1706847467948402 1.485468174575162 0.247844017230763 9 219 239
1.255143415503935 1.4922923939525827 0.2057910119377222 9 219 251
0.9170273208722699 1.5079596500744763 0.3518205236536518 9 220 188
0.9320876521669754 1.508360804992507 0.344635414691961 9 220 191
1.0030561395289208 1.5030593706129038 0.3138214696561963 9 220 206
1.1006327149690278 1.491554959445144 0.27323885856634744 9 220 226
0.9464823454756413 1.5030658788725342 0.3359262811564978 9 221 195
1.085383202925603 1.498328969203535 0.2729580034116903 9 221 222
1.1690987708630027 1.4890952392908416 0.23771565831494978 9 221 238
1.2051427388297389 1.49321461783263 0.21910457244533998 9 221 243
0.9534163663224637 1.5052888234399724 0.3231852160736157 9 223 196
0.8766001761063309 1.491733008125488 0.3611033726878623 9 224 183
1.1421063071815731 1.491701948567122 0.23530847692490697 9 224 233
1.0458103097746154 1.498089327106002 0.2737217843802795 9 225 215
0.8739926556357325 1.4993164913999575 0.3508134239969565 9 226 181
0.911337318092512 1.5133507103248363 0.32691350207975134 9 226 186
1.0591361557146681 1.5001834108794838 0.26196210990521385 9 226 217
0.9572654913554228 1.5047151540688481 0.3043620874230053 9 227 197
1.0144955394043222 1.4994499833805526 0.27917476776563177 9 227 209
1.1269851059840748 1.4888343879025057 0.2297827005412647 9 227 231
1.1553452089470397 1.4873464887970207 0.2168160924587006 9 227 236
0.8020781510451236 1.4907961387379558 0.38085770019601095 9 228 167
0.8867001559003462 1.5081821436923575 0.3325282470529569 9 228 182
0.9417741648288209 1.5045430249481822 0.3075650387330333 9 228 194
0.9697597013576558 1.502049441948115 0.29515981771184086 9 228 200
1.0681290461760364 1.5033418365395306 0.24719011437950722 9 228 218
0.857552241066541 1.507390581412112 0.3427713830739534 9 229 176
0.8722324417076057 1.5081279125554246 0.33534537268655185 9 229 179
0.8950980748355151 1.5072031933948993 0.32468139024630616 9 229 184
1.0200487829855904 1.4896576666215604 0.27184646183781114 9 229 212
1.0785811452987804 1.4974489903426962 0.24012544777776945 9 229 221
1.1155038251469365 1.4890793010001377 0.22589957158679486 9 229 229
0.7863306901834863 1.5031223742324382 0.37509337032591006 9 230 161
0.8325609483172864 1.5004467167965125 0.3537928576236766 9 230 172
0.9144905234689293 1.5124391153684096 0.30873523619251064 9 230 187
0.9691177084071743 1.501699441626473 0.28687557625103444 9 230 200
0.9958874016145951 1.5025382933814533 0.26460059514471124 9 232 205
0.7099439914509831 1.4927737489849555 0.4051768510786582 9 233 145
0.7464133378457523 1.4924330064395992 0.38737755167899346 9 233 154
0.8365427362577398 1.5007147146187152 0.3393666093442056 9 233 173
1.0723262448753144 1.486789340952815 0.22945744863207285 9 233 222
1.0861502671103394 1.0711583086784693 0.40588368657760143 9 233 317
0.9663657495358207 1.504633076877697 0.26932616527559294 9 234 199
1.0139780245091543 1.4995736970664264 0.24803153912190812 9 234 209
0.8582935416730777 1.504836008661625 0.31844638045244245 9 235 177
0.8823816752683395 1.500334742761814 0.3084879888300842 9 235 183
0.9001702941405705 1.5037906949367583 0.29812631816112645 9 235 186
0.9180739210235698 1.5070738208573875 0.2877842328764466 9 235 189
1.0862642827140703 1.0822601389462716 0.39275500753941817 9 235 314
0.6993896593683937 1.495856479428377 0.39742269228193994 9 236 142
0.7587553596145682 1.5031341740371131 0.36459773901400894 9 236 155
1.0356378466689629 1.5046678460512901 0.22592305442297045 9 236 212
0.7143316652179403 1.5047874904232357 0.38207736615937526 9 237 144
0.812343659076826 1.5201376560234245 0.32617529648089794 9 237 164
0.9221872116847871 1.511684502289802 0.27497676984877595 9 237 189
0.8867522451477965 1.5056201414240251 0.29112375500885546 9 238 183
1.0055454538141024 1.4970738994063568 0.2352526050026682 9 238 208
1.0423637826757162 1.485366050282117 0.22199218823806555 9 238 217
1.0812206591365334 1.0775790008701005 0.3809319354904923 9 239 314
0.7899321569869344 1.520869241843068 0.3246966085698779 9 240 159
0.8278905339297595 1.5133496087812444 0.3088504747480967 9 240 169
0.9360393472803867 1.500896379456603 0.2596608848550681 9 240 194
1.0980697039816754 1.0593215399137614 0.3764951264328289 9 240 321
0.8814361414084861 1.5058188317635182 0.2807986012899901 9 241 182
0.9571590357499735 1.5119408289842613 0.23950392505287899 9 241 196
0.7605795272729967 1.517648994870069 0.3328593286213941 9 242 153
0.7928962161599151 1.5199894516985446 0.31528768054251466 9 242 160
1.0840268232707373 1.0780065432921422 0.3669020532850662 9 242 314
1.091041206071444 1.0465055351384298 0.3775980103072474 9 242 323
0.8623684791591266 1.5063378626038793 0.281689136240737 9 243 178
0.9578846535333698 1.5078589978221486 0.2319969210061854 9 243 197
0.9897904119484462 1.4928122813997422 0.22247087233611884 9 243 206
1.0825041569187133 1.052908194193399 0.3749356801307264 9 243 320
0.7160221315200421 1.5150607671649958 0.34879272712779885 9 244 143
0.8091820745482667 1.5139785290309353 0.3012980542167114 9 244 165
0.8223713600354499 1.513576431176697 0.2946874270626183 9 244 168
1.0826169953515352 1.104572966045122 0.3471814824809969 9 244 307
0.8421829007040855 1.5205698205677614 0.27700166954789784 9 245 171
0.9538886002393485 1.5093594632381855 0.22435289222452548 9 245 196
0.8245568374752414 1.5166692917513958 0.2836450761532603 9 246 168
0.756437658554248 1.5098212336328367 0.31805209956610137 9 247 154
0.8123882897014516 1.5135607598817682 0.28715376973452567 9 247 166
0.8465616509265783 1.515791536512014 0.2683062878011786 9 247 173
0.9359401939376024 1.5020440297994655 0.2280261486802091 9 247 194
0.7406908944779156 1.5166946917537938 0.31900013827896934 9 248 149
1.0758762031360973 1.0947696114727186 0.3383233492222246 9 248 308
0.7720200570535243 1.5137406327038496 0.29978844781326486 9 249 157
0.815239874899067 1.5022512707117985 0.28238774934831334 9 249 169
0.8546424411788769 1.5098631395287265 0.2581466321156811 9 249 176
0.8980274438250873 1.4996105798395165 0.24008622829498583 9 249 187
1.07343909636092 1.0607885018493834 0.3511188523135038 9 249 316
0.7856674483802379 1.5046150376157708 0.2926425946752482 9 250 162
0.8677225471965648 1.5088646727430115 0.2473531153993611 9 250 179
0.8841325585539821 1.5109029214549508 0.23774365408425102 9 250 182
0.7564817547393654 1.5064881529775096 0.30303117770985155 9 251 155
1.0769032655342388 1.1064613700853714 0.31962505167696076 9 251 305
1.0656988718718365 1.0832988580128629 0.3363580545958387 9 251 309
1.0816656795095028 1.060786563133398 0.3383866919795744 9 251 317
0.8388259160809461 1.513980798681529 0.2515500009528291 9 252 172
1.0839374214902908 1.1009898437268502 0.30126087828819315 9 255 307
0.8361368241735398 1.5074761492805069 0.2342174898431031 9 257 173
0.854091309492534 1.5173432222954297 0.21088347768928317 9 259 175
0.8761325903626198 1.504766305757089 0.20482528018804147 9 259 182
0.863125109313825 1.5118527123947216 0.2040825108910731 9 260 178
1.0788589644899635 1.104113197075017 0.28084330179923 9 260 305
1.0748641739872016 1.0851981161806026 0.2920994441908775 9 260 309
1.081140347459884 1.072240596294694 0.2905320031868108 9 261 313
0.8494518392215644 1.514124189311401 0.18809037574144405 9 265 175
0.7935850331916667 1.5041922660297087 0.21986179364280667 9 266 165
1.07143343521185 1.0802065233611398 0.2659487646809984 9 267 309
0.8139483084758703 1.5071489884961626 0.19807359696617954 9 268 169
0.8371643210916861 1.5172680530873093 0.17993742310469574 9 268 172
0.8521742473282257 1.502663094245473 0.17405360565493422 9 269 178
0.7668659529165518 1.5063564452890614 0.21208295415489542 9 271 159
0.8235890413163616 1.5136991745639647 0.17588741770949534 9 271 170
0.8776197757007749 1.5000267887787664 0.13308335186760556 9 275 184
0.9510641592328 1.5278630693308721 0.0763072801531679 9 275 193
0.7601263506619902 1.5161257902029242 0.18909090268916184 9 276 156
0.7963182805738767 1.5005616120054859 0.1757331217299023 9 276 167
0.9491342174787964 1.536927305725901 0.06800104177164545 9 276 191
0.9880537889486605 1.5488976107208654 0.03920158960889508 9 276 196
0.7435279146100231 1.5182031918244991 0.18894754676417302 9 278 152
0.8272063972273671 1.5043392828002173 0.14659976584481282 9 278 173
0.9108637501923669 1.5249323639658063 0.08683372169562942 9 278 186
0.9821081220259713 1.5598756355129855 0.02713065340434495 9 278 193
0.9959103895167463 1.5405691492834848 0.028755388377338376 9 278 199
0.8572169105679985 1.5057238324512836 0.123531636983925 9 279 179
0.8702395028977543 1.5090767327505537 0.11411863526614519 9 279 181
0.7515374324503694 1.5234439039079706 0.1726617509389916 9 280 153
0.7700464995743728 1.5085075920127777 0.16925990898327092 9 280 160
0.9817398409085611 1.532374716051387 0.03126558579005123 9 280 198
1.0074454184379398 1.4923153163340097 0.03637130632349361 9 280 210
0.5763337333781671 1.6459749219789321 0.21020259318851076 9 281 87
0.5781607012944969 1.6317961949632407 0.21634992617597404 9 281 90
0.5744653157989323 1.5873289048507075 0.24125395124610005 9 281 97
0.7918987615205604 1.5078288582209853 0.15207423394550634 9 281 165
0.637373020701111 1.5175369052665153 0.23090823397787008 9 283 127
0.7245725815480348 1.513383897691276 0.18059820972756602 9 283 149
0.7957295530092647 1.5076767122039094 0.1407344945480684 9 283 166
0.9325207496784866 1.5487568293047065 0.03737071756047006 9 283 186
0.5739115151478137 1.656542124249969 0.19339306140751988 9 284 85
0.675219004731691 1.509999716110857 0.20771159841675124 9 284 138
0.8621070772384956 1.5338770929211245 0.08258259206398089 9 284 175
0.9541611531830632 1.5493285120356455 0.019047914309830327 9 284 190
0.9724600842250366 1.5075908716404391 0.02949849754906686 9 284 201
1.0038344656665827 1.4732589974610453 0.028240454832588746 9 284 213
0.6461529231723075 1.5147092363858974 0.21857743472350366 9 285 130
0.9058304222967928 1.5596713273239502 0.03796901399276709 9 285 179
0.615678055544695 1.521622978574472 0.22926854967624655 9 286 121
0.9068289706541006 1.5500049005564165 0.03742804049545012 9 286 181
0.9161104419743025 1.548841027767271 0.0323843746319159 9 286 183
0.950524754793062 1.5241139284936087 0.024260124041501463 9 286 194
0.6610438517548309 1.5196390758211922 0.19837650796274953 9 287 133
0.6924992408611939 1.5177681858683774 0.18013815881519424 9 287 141
0.7284731952805203 1.514782144091853 0.15971977581790897 9 287 150
0.9782351915023557 1.4813619527177053 0.024552570233674853 9 287 207
0.699707408258722 1.5063017098319391 0.17729508641773695 9 288 145
0.736116119783315 1.5139350221403731 0.15099467256137888 9 288 152
0.7748248986820709 1.5067763226713216 0.13099517049170117 9 288 162
0.9365019768659286 1.510368020274294 0.030002987368915157 9 288 194
0.6235800660062929 1.5238248978420317 0.2105721798385276 9 289 123
0.8944965182885294 1.565330673903392 0.022142346221650788 9 289 176
0.9718512069503438 1.4915434389526567 0.013116904832672693 9 289 204
0.9716730915328962 1.4436938526384546 0.038245151977149616 9 289 213
1.0086848443620424 1.4305312510629726 0.022349476976597504 9 289 222
0.5640530356373705 1.607094245793631 0.19940769286383464 9 290 92
0.6601511736130812 1.5149826716897508 0.1883461936169013 9 290 134
0.734049905698609 1.507115368278317 0.14681899864647807 9 290 153
0.8396399370679184 1.5491534568354788 0.05954185509111665 9 290 168
0.565710799701696 1.6563066836620344 0.16822287387911405 9 291 84
0.7132066383680074 1.498187205269783 0.1599255263342907 9 291 150
0.8804136912629053 1.561733122694332 0.022808751490553503 9 291 174
0.6068336083653207 1.5135399171561628 0.21358058266531854 9 292 121
0.6926417973055823 1.5100810951837456 0.16198919574278503 9 292 143
0.9188337665801978 1.4986993245710287 0.027187908462495303 9 292 193
0.9952915083943161 1.413413149259039 0.024587222405412223 9 292 223
0.679341473652719 1.5096882602281259 0.16606395869276436 9 293 140
0.8840728289098077 1.544232022313047 0.019852545254045006 9 293 178
1.0109289725528443 1.3507846021565424 0.042946026562373785 9 293 238
0.6228361869756808 1.5208164454070294 0.191178289464895 9 294 124
0.830263991750108 1.5621361569605672 0.03913753849352397 9 294 164
0.9929337959623425 1.3655077717550912 0.041459303874389786 9 294 232
0.5716783834113414 1.6406767977174617 0.15526816408670885 9 295 89
0.5930366142347749 1.522891767873123 0.20451979921532515 9 295 116
0.8577560640751536 1.5437027668139593 0.02676274846182669 9 295 173
0.8950611171511416 1.5073095784021435 0.022646804441144752 9 295 187
0.9145125680167201 1.4949362920206992 0.016985913005735043 9 295 193
0.9283555245146053 1.4502534542216123 0.03205549768952287 9 295 204
0.9677298263523006 1.4247981583682292 0.020814170573622448 9 295 216
1.024348905853758 1.3467387151603423 0.026717190623793297 9 295 241
0.6870503335173075 1.5157843375507345 0.14463502478941614 9 296 141
0.9416651075204858 1.4474383268321778 0.02020067594997066 9 296 207
0.9822911933982106 1.3513134099129926 0.045846052861892916 9 296 233
0.8746427765640057 1.5134422084571393 0.022390574209887548 9 297 182
0.9070394626766902 1.471764765337947 0.024155762539842085 9 297 196
0.9673166744855886 1.3783819432964324 0.03592138144373269 9 297 225
0.9763761901025809 1.3661690704025882 0.03671384850374371 9 297 229
0.5860384611714358 1.7263659861478566 0.08687806491074235 9 298 79
0.8270150102081626 1.5489782370406489 0.028692465406264134 9 298 166
0.95474197770329 1.4130192090466998 0.020376311157903837 9 298 216
0.640755652123157 1.5161625291619076 0.16053853780221639 9 299 130
0.6699661300721955 1.5169954936834742 0.14141723824341534 9 299 137
0.803983296482071 1.561610865357372 0.03171301694267892 9 299 159
0.8321445630389974 1.527678685523898 0.031990775957391415 9 299 171
0.8474792430394906 1.5228054305097936 0.0248134751642628 9 299 175
0.8678143666405873 1.4852585174176234 0.03204133146209531 9 299 186
0.8839189814653121 1.4806262562091073 0.02424202981209067 9 299 190
0.7079398234971703 1.5067107949796106 0.11812957907482424 9 300 148
0.9131858303919627 1.4258330373689732 0.0301317277895623 9 300 206
0.9723047692810496 1.3425771212697528 0.03718228970931259 9 300 233
0.5927702051927024 1.5214748350365965 0.17974156991273738 9 301 117
0.6547661464881287 1.5091797300077001 0.1464744346600142 9 301 135
0.7992569623318402 1.562539050642352 0.024494182804752906 9 301 158
0.8951948899106559 1.4448614221247782 0.02647556816140928 9 301 199
0.9400881614755017 1.3997073783077925 0.022031077944842714 9 301 216
0.9344041117498594 1.369208979716581 0.042220000308702765 9 301 221
0.9510325172834739 1.3539808552106174 0.039762570336229874 9 301 227
0.5632296110655362 1.6112586681817913 0.14571735985418388 9 302 93
0.8488531806167856 1.4981486111204392 0.0225406690603438 9 302 180
0.6000263930076801 1.7236227513497546 0.05617662956182845 9 303 84
0.611678257236594 1.5169654782945798 0.1612770812771176 9 303 123
0.6235202404612343 1.5116873657573753 0.15646980438886038 9 303 127
0.8242382793722498 1.5257717341967691 0.018538097563027156 9 303 170
0.8225013653249569 1.5075198205092746 0.029615503702635326 9 303 173
0.918714102297246 1.4004891549137721 0.025528560425091662 9 303 212
0.9360777832598646 1.3507527768472738 0.0413750237167676 9 303 225
0.5668691075501047 1.607308772722527 0.13668487026650133 9 304 95
0.7487867388775711 1.5589610341138194 0.044623865138923025 9 304 148
0.8698298471546544 1.4409618771663815 0.030299469307278448 9 304 195
0.8825993129617775 1.4328853638540995 0.02639786116684828 9 304 199
0.9255880624444743 1.3613393796551363 0.03751631023495605 9 304 221
0.828554450582633 1.482559261746982 0.02957368959436657 9 305 179
0.9231931822361354 1.3393540424196597 0.04135500757971222 9 306 225
0.8332234581369826 1.472174892988352 0.02245661012477851 9 307 182
0.8982986384823863 1.3716168835092715 0.03506537679597299 9 307 214
0.7446152323684343 1.5559559190863719 0.02978810695736911 9 308 148
0.7701461278813866 1.5479955249708137 0.017311869158492144 9 308 155
0.8136347083779565 1.510285262259869 0.00942327490318351 9 308 171
0.8865730013142241 1.3910040639893235 0.027197424877734244 9 308 208
0.5920100186786851 1.7360223826107308 0.02630723340905483 9 309 81
0.6047462303347202 1.7201264236185554 0.021910582826394798 9 310 87
0.570879311034834 1.5132238553392716 0.1596347099718396 9 310 114
0.7440700426984073 1.5452244612587012 0.02645360154744214 9 310 150
0.7567971248725265 1.5329921473603758 0.02478421174192391 9 310 155
0.7751524210770555 1.5054090505944566 0.027910042084509756 9 310 164
0.8198155488074839 1.453456649378118 0.02707537314195485 9 310 183
0.8460297698735406 1.4388783993991128 0.017727433495561717 9 310 191
0.5876479798397898 0.16320462292232085 0.8998985245350988 9 310 630
0.5832477675697363 1.7239908956484362 0.029349730121638773 9 311 81
0.5929669372737412 1.685132051481809 0.039842021428028174 9 312 90
0.6957373416658148 1.5641750246175943 0.03382749131648488 9 313 136
0.8065674464253454 1.4402008668545243 0.028792861854500362 9 313 183
0.8546794971723739 1.4118487370916728 0.01230623601145342 9 313 198
0.856454680753983 1.3981944241601307 0.018778427253042462 9 313 201
0.8533652069766209 1.3698763597841535 0.03676232517812461 9 313 206
0.5866685805921269 1.7079685626996604 0.02179668137397983 9 314 85
0.8249603403439338 1.412973886626376 0.026839501845380642 9 314 192
0.5884466886799048 1.681121482025882 0.030995312691595833 9 315 90
0.6452788137748917 1.5601014680211278 0.0607937848392206 9 315 125
0.7894526446184313 1.4383958542298094 0.026876258673904863 9 316 180
0.6700860243826092 1.5444051718439389 0.043395923549802706 9 317 134
0.7222050179456627 1.5057093005022661 0.02975417721604634 9 317 153
0.748960376578905 1.4941969732542133 0.01800490019535994 9 317 161
0.6316401692820395 1.560377031085974 0.05594027382781519 9 318 122
0.6693423591980274 1.5664939110986333 0.026583631769908633 9 318 130
0.6950991560646003 1.5496225318164103 0.018525650370347257 9 318 139
0.7131254956145194 1.5229704734438365 0.016528305982866254 9 319 148
0.717655636607013 1.5066226933684495 0.022753223935737754 9 319 152
0.7382327319162978 1.4825154349774066 0.022361987077560208 9 319 161
0.7604515582589331 1.4600294689960394 0.019913294866512388 9 319 170
0.781457566587624 1.4202856622119837 0.028164972503494923 9 319 182
0.5826220208175867 0.16538745265617272 0.8824417890641775 9 319 624
0.5516279855839731 1.688499324890438 0.028431934783525126 9 320 80
0.5646879538450378 1.6729571565157348 0.028314860462019142 9 320 86
0.7931741355791906 1.3867718146474404 0.03444943594311889 9 320 191
0.6549277372087315 1.5718460606905644 0.019127954289408278 9 321 126
0.6673348083904183 1.5545611820619625 0.020459021227573482 9 321 132
0.7506606989945994 1.4497355310037334 0.022924040088966535 9 321 170
0.5499699460219456 1.6635007501904648 0.034566913778748765 9 322 84
0.6773677983339819 1.5182161684848055 0.029640993451915065 9 322 141
0.7742281343708182 1.4133907343373509 0.022646539531842036 9 322 182
0.7263575164858813 1.4491374158593167 0.03058960655869991 9 323 165
0.7118015850899639 1.4484461210849155 0.036412930389271736 9 324 162
0.6599797832156642 1.5362627607448927 0.01704102411587116 9 325 134
0.7211682383672466 1.4334936143052412 0.03375620901364096 9 325 167
0.6233318910660408 1.5661247255397013 0.02071998818782439 9 326 120
0.6477725111173411 1.5325700936141482 0.01826458371570827 9 327 132
0.7627274721741812 1.3719640979609133 0.030735397771262996 9 327 188
0.6640294588426132 1.4937826567009134 0.024682746509673947 9 328 143
0.6811985099201086 1.4774124961183768 0.02207097250705692 9 328 150
0.7284905255011598 1.4117339686128987 0.026961437048141246 9 328 173
0.5808877205446497 0.1516264054763583 0.8717078102452845 9 328 630
0.7514117865525825 1.3656312800465336 0.032936926058156235 9 329 187
0.600433047337773 1.5540005389589826 0.025181797768363268 9 330 117
0.6270091307624734 1.5234697127614008 0.024153749249268053 9 330 129
0.6421286339686223 1.4940307745834427 0.030695488347808775 9 330 138
0.42734094752145113 1.7595874218542953 0.023265188509146606 9 331 36
0.5317428634261481 1.637590540298382 0.020381732178950118 9 331 85
0.6870174760420498 1.4539069459362792 0.017419993947138668 9 331 156
1.0067060267074628 1.0473087323231562 0.028152318115439945 9 331 301
0.711559376707753 1.4147939659072222 0.018131968307303126 9 332 169
0.6055363555321873 1.5129887962956958 0.03168873437141939 9 333 126
0.6341322411889048 1.512848157551345 0.011044164934487899 9 333 133
0.685438647688756 1.437086741625969 0.018984168457965245 9 333 159
0.6707287200014398 1.4462772396584227 0.0194097644311797 9 334 154
0.5141704140659252 1.631272622963995 0.01809542892825755 9 335 82
0.5786190664295058 1.5437685874100453 0.023471193320696804 9 335 114
0.7080230505632721 1.4067135159859616 0.011111229583690374 9 335 170
0.5570187147494978 1.552732861064185 0.02919723258000917 9 336 107
0.5866675994407471 1.5335102406958534 0.019022853154106345 9 336 118
0.9834215178149324 1.0226228095695364 0.03530959524188848 9 336 303
0.6390899967775138 1.440577783981577 0.03175126980754528 9 337 148
0.6501780274582011 1.4332359057446116 0.028021785505564445 9 337 152
0.6995403957457067 1.4029969904104882 0.009944298832974319 9 337 169
0.6986271301514431 1.3764079927872626 0.02664196247523276 9 337 174
0.5813389557936224 0.15325356091090725 0.8501339331987966 9 337 624
0.40552151143953774 1.7202617702984493 0.030362411866138084 9 338 37
0.6622729273828403 1.422197046255979 0.02103267294688882 9 338 157
0.6155469172517514 1.470305984437058 0.021718969054783654 9 339 137
0.621800768531628 1.4516119120445217 0.02842005233086109 9 339 142
0.6761147467090549 1.387256566248196 0.027202712601376078 9 339 167
0.996451973507285 1.008132643283278 0.019758613824315097 9 339 308
0.9781818305890988 1.0094052822500492 0.027638477149101837 9 340 305
0.6293987120646962 1.4305871675923112 0.026127342572568546 9 341 148
0.6596265902963043 1.3949150193934057 0.020586042220418266 9 342 162
0.5504570977768445 1.4992098981520703 0.029238463014741534 9 344 116
0.5579067326178905 1.4932921972779256 0.02726049541851605 9 344 119
0.6107347800617678 1.4402916284652 0.020023651315902224 9 344 142
0.6455573282545626 1.394559121300735 0.021895475920750584 9 344 159
0.52714378441092 1.5215973804777128 0.028399817076389944 9 345 106
0.5870407797032582 1.4579391978716745 0.022340709678274173 9 345 133
0.6211942266062018 1.4276965466065576 0.015149407804548431 9 345 147
0.5370622216906041 1.4980184535263774 0.03079572758304505 9 346 113
0.6229184728542347 1.389248573425547 0.028191366798203 9 347 155
0.5547308847733186 1.4699083070839736 0.025447192905303284 9 348 123
0.5650991523592236 1.4464537695294823 0.03211406995014432 9 348 130
0.9074089934935481 1.0042312885446327 0.04547966789935498 9 348 295
0.5186259212567088 1.5010947935243284 0.02902118452131308 9 349 108
0.5646711851113174 1.4305906083910673 0.03768062318626075 9 349 133
0.5310246380650789 1.4869310203958601 0.02368504633327717 9 350 114
0.5529985048433793 1.442672286748276 0.029813410658142026 9 351 128
0.8948854018382364 1.003411777370135 0.04125030133403307 9 351 293
0.3744985630297656 1.6474792986114464 0.03470125755291642 9 352 42
0.5091567751240744 1.489505749052105 0.02968179376388269 9 352 108
0.5445710748695813 1.43919684043584 0.019907679190759087 9 355 127
0.5599300496307728 1.4070156759798786 0.028305253956489196 9 355 137
0.5813002604587656 1.4035043515044534 0.013772452315362393 9 355 143
0.3678253847693903 1.6339017851536564 0.0303006549501168 9 356 43
0.8767651579148432 0.9769049043654465 0.03394922313893112 9 359 296
0.5213067716387174 1.4210910527614804 0.026616349342978518 9 360 125
0.4683673852223219 1.4908640060458849 0.019278596871752374 9 361 98
0.33937404864717724 1.6060338687448397 0.03918188808128331 9 363 40
0.4961115838351391 1.4463827653464507 0.016523979898377394 9 363 114
0.8649202673167986 0.968045494235806 0.029980903246216384 9 363 296
0.5108610044995403 1.4093294553914024 0.024086523430058238 9 364 125
0.5194840595914441 1.400224586980339 0.02304176089411336 9 364 129
0.45144818637595774 1.468927581854596 0.0241406304777394 9 366 98
0.4646669521564586 1.461872586288926 0.01798827931545932 9 366 103
0.4672577577819824 1.4438891925344401 0.027673219585793163 9 366 107
0.8570448821095475 0.9580558285610317 0.028505396033306374 9 366 297
0.4816782654209141 1.4176595604293933 0.02851824709067685 9 367 116
0.43932839781895106 1.4626923521674007 0.028970544167012946 9 368 96
0.4790806522396134 1.4048005212463521 0.02992773668399229 9 369 118
0.48526887631800475 1.3986065049090732 0.024313084160086262 9 370 121
0.4265295286417916 1.4415320824031275 0.03075364878491582 9 373 97
0.42968495455078826 1.4265457529865893 0.029025877077003326 9 375 101
0.41803135961312554 1.4218004122506374 0.028380879840900874 9 378 99
0.4056532380065113 1.4157389652948877 0.029410508858521034 9 381 97
0.4028536507955639 1.4023228751408516 0.03194009831130007 9 383 99
0.5702931921064869 0.15255434722035088 0.7382274633985286 9 387 599
0.558216273324911 0.21553478643976365 0.6941721883035202 9 391 554
0.554054361945967 0.21707957606981199 0.6611744125060663 9 404 547
0.5515392389133739 0.2043189552940669 0.6645620919557814 9 407 554
0.5561775957606876 0.18767329075483458 0.6725024075918897 9 407 565
0.5617808335421995 0.16111169868347452 0.6868636184376289 9 407 583
0.5525718008797068 0.199943427531855 0.6500406687671856 9 413 554
0.5629102124952323 0.14301759285276816 0.6801910775287429 9 414 592
0.5545704680657144 0.18413259100612706 0.6515939398337897 9 416 563
0.5629002408730892 0.5774048581589656 0.3414746101596262 9 417 362
0.5634149560478894 0.6132939275609729 0.3060418583330895 9 419 348
0.5635328917908474 0.6000431239472702 0.3160658867931829 9 419 353
0.5550867798286941 0.18487425409309788 0.6420282750174711 9 419 561
0.5527506600376966 0.19481045593961827 0.6338484392200227 9 420 554
0.17948184547082946 1.4518137187002682 0.03166662372392781 9 421 24
0.5620950642224445 0.6279953526211345 0.28835532177033185 9 421 342
0.5667630699794959 0.5533458078778424 0.33747496144357614 9 422 371
0.559948726918642 0.1464109649090377 0.6555223351366086 9 423 585
0.24665831651666936 0.1363208660472977 0.9744375422440751 9 423 631
0.5540370933859865 0.17822329623275623 0.6338996061853309 9 424 563
0.5567352069430302 0.16473046518453183 0.6416868211876906 9 424 572
0.5602433388175503 0.6252710032174595 0.27673078916554106 9 425 342
0.5681134231375493 0.5521863894108642 0.3257689583611658 9 425 371
0.5647979513539153 0.5864575200154102 0.29855546559536195 9 426 357
0.5526875637655254 0.19574307454222284 0.6128877469296481 9 427 550
0.16097415558687012 1.426340286782772 0.03902104900568748 9 428 23
0.5549962262949975 0.6325076592453385 0.26456433949097424 9 428 338
0.5592868436822416 0.5990854191384224 0.2864821661066619 9 428 351
0.15570842850645017 1.4296783228513257 0.03290582891216509 9 430 21
0.2284559676734661 1.3385007284408823 0.026494139906613867 9 431 64
0.5572631864954154 0.5653407370461828 0.30358554470658383 9 431 363
0.5663269848467957 0.5307038882092416 0.32178073045413136 9 431 378
0.5625011941124892 0.5141766623277976 0.3350409838230888 9 432 384
0.5588942706374933 0.1453646286100604 0.6317997055154824 9 432 581
0.2449720666168801 0.1379484822834906 0.9590886087189698 9 432 624
0.5578376670287777 0.16371019214600746 0.6153801998871025 9 433 568
0.5648371864927376 0.1310740381223927 0.6341985264446064 9 433 590
0.5582402319834633 0.6063877921575851 0.2582233212138114 9 434 347
0.5601661132530358 0.5418894564692489 0.3077884330827678 9 434 372
0.2145693687404875 1.3286180394715739 0.026311410785934797 9 436 62
0.5510371018538236 0.19837316551968465 0.5857485591310919 9 436 544
0.14439479610136752 1.4149912434000549 0.025267872289834514 9 437 21
0.17245841726834144 1.3560982762955083 0.039121981455283894 9 438 42
0.5602278747920769 0.5099602917251274 0.31815931179602863 9 438 384
0.13912275484891312 1.4056645374855339 0.02945408775060354 9 439 21
0.5575412895416665 0.5715481594391124 0.2672319202969611 9 439 359
0.5637254812376551 0.46765765637805684 0.3449978875673607 9 439 402
0.5486245582807247 0.1823321768951759 0.5922107283038266 9 439 553
0.5621703586455813 0.5493925501236844 0.2764348667288641 9 440 368
0.5601241505203949 0.5259741714597601 0.29763340224671975 9 440 377
0.558511863792349 0.5180299988529697 0.3057903281167158 9 440 380
0.5472499260070486 0.21127503005618953 0.5671204348573542 9 440 534
0.5565146404632151 0.1666354874090954 0.5906834486946627 9 441 562
0.5652530738492164 0.13625190993304326 0.6062434984168497 9 441 582
0.5630372980049034 0.12850061155279668 0.61196573641048 9 442 587
0.5618267690298442 0.4953679098979226 0.3093181611261433 9 443 389
0.2026121973451357 1.3098006090665124 0.018348831392114517 9 444 63
0.559453366145229 0.6018279464128136 0.22042351670430937 9 444 347
0.5567194099961448 0.4719823406174765 0.3301767139179226 9 444 398
0.18876791405685467 1.3105974904052702 0.02800316320627272 9 445 58
0.5477574558316052 0.19955112781808282 0.5608099613488917 9 445 539
0.5495726045719076 0.18539183250557134 0.5705525121544319 9 445 548
0.1776122729012719 1.3222448317877136 0.02587403118958509 9 446 52
0.5511368165545889 0.6593511998100031 0.1735574093098624 9 446 325
0.5562059153655484 0.6357537760733538 0.18764579014907667 9 446 334
0.5531857610507942 0.5900698126249926 0.2286960340102473 9 446 350
0.5540265629032095 0.5796750822202525 0.23639631005370854 9 446 354
0.5576864643662511 0.5567994415113974 0.24740301502490425 9 447 363
0.5601946763432009 0.5473319027107602 0.25255991013910983 9 447 367
0.5551503588546536 0.1742608520991249 0.5676489501852737 9 447 554
0.16003366820481024 1.338448357516259 0.022437480506825924 9 448 43
0.1924425208720819 1.3056776238053855 0.014694932354226697 9 448 61
0.5599942906871681 0.4495182408474694 0.3302048057474565 9 448 407
0.5576345741983891 0.1446850022155851 0.5865093852936198 9 448 573
0.14966452414705 1.3398452173845952 0.028046425438198685 9 449 39
0.5616145716857381 0.5287790906433892 0.2585063344536309 9 449 374
0.5608513780211355 0.5060660108842183 0.27829614952111426 9 449 383
0.5482790460934499 0.21250750016995312 0.5370090788962789 9 449 529
0.5585220703564858 0.46171396949171184 0.3140440351227183 9 450 401
0.5605970875629183 0.4325035831496031 0.33624426798389284 9 450 414
0.5567364014833474 0.15809776618337967 0.5702031144075741 9 450 563
0.5589392121520474 0.12982983647826374 0.5914752019105984 9 450 582
0.24078409394821987 0.12692795808763568 0.9400369302306142 9 450 627
0.1621109521822136 1.3189279059092758 0.02311690773740782 9 451 48
0.55926901430211 0.49216778813804013 0.28383821178703705 9 451 388
0.5481823450269955 0.18631064187501511 0.5496625197890774 9 452 544
0.14231161266011194 1.3295082703439032 0.0269870364056497 9 453 39
0.15488199444444029 1.311747480945942 0.02817401408312792 9 453 47
0.5533414826029637 0.6056945537505403 0.18663854159576698 9 453 343
0.5550231411613415 0.5817123947342335 0.20504669715881518 9 453 352
0.5494134606078763 0.17459242395923957 0.5550806247858825 9 453 551
0.17311023647121415 1.2962204625039073 0.016774817600822445 9 454 57
0.5531998054424593 0.6596545050406648 0.1368970248705268 9 454 324
0.552070021495067 0.644440271543999 0.15103079559668275 9 454 329
0.5580538123640044 0.5272114052738283 0.24373733234381922 9 454 373
0.5610482893842226 0.4099647311906452 0.3397551812548767 9 454 423
0.5607635268286738 0.39686294848631737 0.3511677130374906 9 454 429
0.5470185914156189 0.19427939408045503 0.5379325649941711 9 454 538
0.14734535617466693 1.315237731612134 0.024628586954560383 9 455 44
0.18329732346898353 1.2690915795777902 0.02405640811758003 9 455 66
0.5518253755531055 0.5554398568738342 0.2226214846226462 9 455 361
0.5564130821659308 0.4888824398157235 0.27409100279337784 9 455 388
0.5522514745819982 0.1689694625619509 0.5473563206860885 9 456 553
0.5510696797556469 0.1583815647578588 0.5576896514930305 9 456 560
0.5524494303670565 0.6144856553357336 0.16328888729311508 9 457 339
0.550278463728559 0.5885700122903612 0.18785283194598668 9 457 348
0.5606378452320236 0.13869725543692535 0.5607462551886689 9 457 572
0.5931430288164025 0.7086693046364567 0.03283300743255335 9 458 314
0.5477804201127898 0.19754284019504165 0.5215798625073169 9 458 534
0.5574923236114837 0.4651119388388623 0.2774938583219424 9 459 397
0.5580021151405472 0.4442083847622152 0.2948894387407561 9 459 406
0.5614573030756542 0.42447242365742893 0.30797862395272446 9 459 415
0.5580516231577629 0.12417200634158643 0.5699148252575363 9 459 581
0.24609729844092 0.13762542150550777 0.908160517914339 9 459 608
0.15287128619113743 1.2728853899919863 0.032478126546075625 9 460 55
0.17175067465419325 1.2523338517460612 0.02895281182676568 9 460 66
0.5511074206664962 0.5873168056747635 0.17540234536124988 9 460 348
0.5523296678897958 0.1520824293827291 0.5492162756068008 9 460 562
0.5566041364030195 0.14565904741660018 0.5499441997562224 9 460 566
0.5485181360877176 0.171479300418234 0.5336146559191621 9 461 549
0.5503921853093883 0.6054198399186757 0.1520512127030078 9 462 341
0.5499670292159431 0.5748802764926662 0.17901306096009262 9 462 352
0.5508371153247629 0.559097042545015 0.1917128616592294 9 462 358
0.5557639845979522 0.5294229678182498 0.21186204946829923 9 462 370
0.5602303570296282 0.3890892185547592 0.32848374434892325 9 462 430
0.596939535997657 0.6795696681576573 0.030373108424256667 9 463 323
0.5501756179790946 0.5908598237605345 0.16066364939412248 9 463 346
0.5634427544889178 0.36969202718891214 0.3379161039552392 9 463 439
0.5457750093875905 0.17944632776045955 0.5234357978779891 9 463 543
0.1258165812855926 1.303623197784775 0.018657544599366638 9 464 40
0.5592629313871684 0.5346062379352934 0.19509207364732095 9 464 368
0.5592164736807631 0.13617575939808535 0.5426379941517816 9 464 570
0.5559897830646547 0.5048107688510373 0.2207234064525665 9 465 379
0.5592857019861617 0.4810169540212721 0.23776491110918885 9 465 389
0.555857499268944 0.4584615290531773 0.2614165892105331 9 465 398
0.14535089036195414 1.2598984001463491 0.025624798989093867 9 466 56
0.15861694813945348 1.2388564736939516 0.02885472280328183 9 466 65
0.5813426889623325 0.7054146249533816 0.01153652081134382 9 466 312
0.5462497199456481 0.20930569104672103 0.4870394597769977 9 466 523
0.1255205730982356 1.2847436368801377 0.022139656845711064 9 467 44
0.5563949501593399 0.5610237768997326 0.1625856997165196 9 467 357
0.5580096335481395 0.4160784328237322 0.288252345836965 9 467 416
0.5554367627345481 0.3934297153042159 0.3111427990462321 9 467 426
0.5479503331069548 0.19697785915116572 0.49260922789970474 9 467 530
0.5866202449054564 0.678440173968472 0.01977361936761568 9 468 321
0.5559836963340913 0.43547878584589655 0.2695692242697496 9 468 407
0.5608773864914055 0.326643969590249 0.3599491266939201 9 468 458
0.23674602979276327 0.1165969304960161 0.919896596678309 9 468 629
0.1608916796858193 1.226107595397821 0.024064118235634036 9 469 69
0.5619787841617714 0.35466146249124725 0.3301787206872959 9 469 444
0.5597260827579458 0.3481349470168394 0.3385667598879287 9 469 447
0.5524471280101861 0.15092577858557565 0.5215333079487692 9 469 558
0.6000503549691885 0.6524930696840725 0.017750408019384656 9 470 331
0.5569379541847681 0.46987719677951 0.2299949124922982 9 470 392
0.5582142501568609 0.13589055586843102 0.524945858162903 9 470 567
0.5553653466018638 0.505978260869148 0.1956162890843791 9 471 377
0.5580014688474504 0.3845499646657537 0.30063021324839934 9 471 429
0.1354680804874001 1.2528000982642615 0.016521610846966794 9 472 55
0.16108782176021252 1.2197808688412664 0.015991816200991993 9 472 71
0.57168730369858 0.6849656448054326 0.012524132781968955 9 472 316
0.5847999962429254 0.6630685199662705 0.016714354788335495 9 472 325
0.5593832132415345 0.4765672787441548 0.21298801572965576 9 472 389
0.5601408436796768 0.3691092146772642 0.30803608590096676 9 472 436
0.549170777518893 0.17843557465158733 0.4911132974860132 9 472 539
0.549142814216361 0.16422857225551257 0.5038296559179595 9 472 548
0.5988188530104072 0.6380355176451609 0.01793415844534496 9 473 335
0.554628803034484 0.5173102305493092 0.1779632420031123 9 473 372
0.5566617951979486 0.507689138133052 0.18418859709231739 9 473 376
0.5542103498300845 0.42710926903920593 0.2592196476134423 9 473 409
0.11051957505448451 1.2728002192578476 0.018974452012721077 9 474 42
0.11572812315975434 1.2507694826851836 0.03261646484415781 9 474 48
0.5568074560109121 0.48196407857320656 0.20290241706993317 9 474 386
0.5575656621171667 0.4458618758812543 0.234428424848389 9 474 401
0.12224016613991462 1.2502886900650876 0.020904018687090353 9 475 51
0.13715799922811067 1.2333254058389471 0.018532177028637964 9 475 60
0.5635112832242442 0.6700806041727649 0.02138384860849296 9 475 319
0.583538523245311 0.6094413338585395 0.052303231144269935 9 475 342
0.5586072867781647 0.38837577954627783 0.2809001307327921 9 475 426
0.56200051767017 0.3036449415997692 0.35319738833074354 9 475 467
0.5569177406938203 0.21201590626181632 0.44173558866255935 9 475 517
0.5553840274574968 0.4093502965936427 0.26184503874705056 9 476 416
0.5566383142513424 0.35301037654147266 0.31124669136464655 9 476 442
0.561945648086422 0.1958278986672054 0.44692586668909895 9 476 526
0.5500888902384559 0.14394287361753866 0.5078674882709555 9 476 559
0.09467924810968087 1.268880669708095 0.02791422438331237 9 477 37
