2.48189827472968 1.7890796135707805 0.938698027510086 9 3 253
2.4476222134475742 1.6504884456000084 0.9498021125839322 9 3 275
2.455590347637596 1.6191774522985418 0.950024371366128 9 3 281
2.4730691829087563 1.5851967195328436 0.9489804403990185 9 3 288
2.529583266103012 1.4325266939483758 0.947493952544832 9 3 318
2.4532536431297594 1.3203779632314392 0.9635507858186347 9 3 335
2.4474473240864087 1.2868028838478638 0.9658774361722131 9 3 341
2.4476786340370005 1.0603292929362893 0.9758383227858052 9 3 384
2.4282471719429983 1.0369168340555974 0.9796992316739046 9 3 388
2.478498906872562 0.9869354203212516 0.9745922784170808 9 3 399
2.4322397383909697 0.8303650634925817 0.9882336023125982 9 3 429
2.4327092276814497 0.8155067680690622 0.9888209958039222 9 3 432
2.4367347705577633 0.7910133641251043 0.9893161168796469 9 3 437
2.4547510084408835 0.7722717820741993 0.9875214607229663 9 3 441
2.455518405520885 0.7475668888159842 0.9885000443140388 9 3 446
2.4526931541081085 0.7326419389363674 0.9895698339215973 9 3 449
2.4487594577785776 0.7177351890116795 0.9908001225630989 9 3 452
2.455751577338801 0.7032728958041632 0.9904208591128647 9 3 455
2.4560361999473788 0.693478502438122 0.9908116786430337 9 3 457
2.427398338479868 0.31150572510111074 1.0118360041309251 9 3 538
2.4219119719865043 0.2983617357405337 1.0132144464707737 9 3 541
2.51740227347194 1.4517452822639512 0.9433762074908782 9 4 314
2.4438097961893397 0.6487221104322585 0.9899312181701303 9 4 466
1.0666740216659547 2.087390554649859 1.1251670902080595 9 5 23
1.124328719409196 2.0990140748545985 1.1160863238579286 9 5 32
1.1405523389215042 2.0958901541415482 1.1138180409976322 9 5 36
1.1631465476945446 2.0893860034964185 1.1107557095251157 9 5 42
1.191314057119897 2.082633557038797 1.1068771366429018 9 5 49
1.2141530093315258 2.079498933782637 1.103627254839135 9 5 54
1.2435559522589337 2.085213734103552 1.0990057731862706 9 5 58
2.472573896649222 1.6079430742282719 0.9379707604039418 9 5 284
2.4785443203486066 1.5758206630673959 0.938526003947673 9 5 290
2.462084296427217 1.5538901519690265 0.9419537697570157 9 5 293
2.452603498619598 1.5175262825013842 0.9449931717446605 9 5 299
2.4922755304118303 1.4785582067828082 0.940852461182315 9 5 308
2.4196013550658035 1.296435386574153 0.9598145759508225 9 5 338
2.465145712497361 1.247383547073225 0.955254626289632 9 5 349
2.452291185345621 0.6872902347855345 0.9822986952753492 9 5 458
2.419509734466744 0.28778068266514045 1.0050943715473988 9 5 543
1.52370226437918 2.0627772257136336 1.0545971191186023 9 6 108
2.4794602043913585 1.4527668695981553 0.9389087465099881 9 6 312
2.4986182515234603 1.407773076618899 0.9380725253897146 9 6 321
2.4423285892124307 1.2265621705908272 0.9547119483559983 9 6 352
2.469362136181268 1.120333135302225 0.9554660073470294 9 6 373
2.475340048573306 1.1054970011701015 0.9552411304709809 9 6 376
2.4485389674701 0.9209087405090052 0.9676122924262309 9 6 411
2.4606549653142356 0.6136840822138435 0.9796983342177894 9 6 473
2.4314291525944265 0.313144236509886 0.9976800703264986 9 6 537
1.1487885159885645 2.0921198746668646 1.1061868983996597 9 7 39
2.4702700150557195 1.356637309538215 0.9396741671975994 9 7 329
2.4598639091698287 1.1554240948198726 0.9504303729725023 9 7 366
1.0723507249082718 2.087071829340175 1.1148073917513748 9 8 25
1.52113472205005 2.0859878934660845 1.0462497692169077 9 8 103
2.4762763417595073 1.5811255946691898 0.9234581523658376 9 8 289
2.4377630075360135 1.1881867124318588 0.9474219776339818 9 8 359
2.4426647955304803 1.1732443637350392 0.9473600046778665 9 8 362
2.4681859247944535 1.0513606017130872 0.9490654282562518 9 8 386
2.454617938929486 0.8195782385742707 0.9618021674926724 9 8 431
2.4608873704005183 0.7949423423767238 0.9619770435892065 9 8 436
1.3434198620000068 2.0765402218697844 1.0702679658241117 9 9 78
2.4692718580293054 1.5282860732122172 0.9219174698778181 9 9 298
2.502297037080817 1.458937167656276 0.9200362613323556 9 9 312
2.5093957512827534 1.4439908170966258 0.9196337489886894 9 9 315
2.4772127960190353 1.3417041693037794 0.9293451623353739 9 9 332
2.469520520031362 1.30719102963032 0.9321331504648105 9 9 338
1.0576720203816115 2.1046659314603646 1.1098913360785214 9 10 18
2.4765862764964375 1.402046460154997 0.9216293124750439 9 10 321
2.4785098922655857 1.325488603559298 0.9249090346799134 9 10 335
2.4984652146719206 1.2643231206298378 0.9246591530803951 9 10 347
2.4745089217738077 1.2377126000340488 0.9296365086348659 9 10 351
2.436534327187089 1.0721278610133367 0.9432961527284105 9 10 381
2.397658708142121 0.2675315057957236 0.9869733759537107 9 10 547
1.4989303698656604 2.0828587659886257 1.0383189777834636 9 11 101
2.4643281096552716 1.008158678934976 0.9371003027701519 9 11 394
2.4561597306109704 0.9196095143705258 0.9425588757924841 9 11 411
2.4474847874090537 0.3073778845325862 0.9727796959880975 9 11 537
2.437754544148668 0.28528910556812115 0.9753515187703409 9 11 542
1.2244078603348527 2.0853882030648014 1.0779573479385824 9 12 56
1.4264147668724658 2.0708347905628974 1.0465698690626346 9 12 93
2.4676657603336176 1.3501696192040125 0.9154573618799857 9 12 330
2.4575031817250634 1.2824737606966594 0.9202874686478937 9 12 342
2.443262393911886 0.9638828734958699 0.937685399281549 9 12 402
2.448368002905341 0.6682879948804458 0.9509185439724926 9 12 461
1.4768432845463875 2.0880685170613456 1.033931475868439 9 13 97
2.45567427712299 1.2657240446212437 0.9164171100570788 9 13 345
2.475992721798599 1.237501274316145 0.9145118558247547 9 13 351
2.4658452935163018 1.208550744987106 0.9175248004035013 9 13 356
2.4548393317329396 1.105546230932808 0.9242217571463338 9 13 375
2.449712376684242 0.8977090898122391 0.9349967416623104 9 13 415
1.2217039017723634 2.0936445553358487 1.0711207403081975 9 14 54
2.49159184666518 1.229608351534838 0.9073847029711217 9 14 353
2.444993069380363 0.841093983585883 0.9336765052190928 9 14 426
2.447967472982579 0.30935510306720226 0.9588616368689911 9 14 536
1.1626953783336358 2.0859856073675185 1.0776822472376177 9 15 45
1.2326261662617441 2.077438583880655 1.0666802696081314 9 15 60
1.365271254919438 2.0887019135454907 1.0444750215975276 9 15 80
1.416724605704613 2.07117020135429 1.036926995004273 9 15 92
1.4824090728629642 2.0750141769858463 1.0260155200906502 9 15 101
1.4928940949103144 2.0681681293621588 1.0246366544694292 9 15 104
2.4174941337555946 1.251999861370967 0.9133802977951935 9 15 346
2.4626824783580994 1.2075544837432703 0.9081644872852008 9 15 356
2.4509398966578595 1.0991027986623019 0.9153577527384629 9 15 376
2.4494789769809233 0.7655924420578484 0.9318210973157727 9 15 441
2.4114940491556283 0.2707071580932492 0.9620984765454185 9 15 545
1.195357096929838 2.0960776454837715 1.0684456179293158 9 16 49
1.2573186882989156 2.0800047111063993 1.0590243692504888 9 16 64
1.3429514835849319 2.0867647585110807 1.0445833792509616 9 16 77
1.5219966432502092 2.069712785573161 1.0159184986142418 9 16 108
2.4267763367867663 1.1316822496790218 0.912830579952288 9 16 369
2.437146711670273 1.1123845361682105 0.9120680247111148 9 16 373
2.43621928952436 1.0859941250738538 0.9135147349361368 9 16 378
2.486344827184308 0.7216872135711276 0.9231173222967423 9 16 450
2.464633369580628 0.2921199328811822 0.9477560161416405 9 16 539
1.1044832649007768 2.098347050161174 1.0800240543342892 9 17 31
1.125798314178366 2.0788945440808257 1.0774412406053753 9 17 40
1.1980001710497776 2.0695487545817013 1.0658982982525833 9 17 56
1.5417013621618438 2.069394509396011 1.0087600600227369 9 17 111
2.462638255446988 1.3871943524529367 0.889347265378875 9 17 323
2.4216186950962086 1.2525736460584924 0.9028190941982823 9 17 346
2.453013489797679 1.1892257511249105 0.9007292501855146 9 17 359
2.435381984451373 1.0698783320482832 0.9095577785147094 9 17 381
2.4554273793780554 0.9996829514962395 0.9096932922027401 9 17 395
2.462446242578239 0.984963456354869 0.9092535896240042 9 17 398
1.3446660926299177 2.0853418493701295 1.037087982564183 9 18 78
1.3605042863668704 2.0745070402123993 1.0349703513725639 9 18 83
1.4452692240544143 2.079813721768133 1.0204853872127373 9 18 95
2.462775559919976 1.3540532750034557 0.8859190040207874 9 18 329
2.457597613445065 1.3144320773367568 0.8887605212781358 9 18 336
2.4067532667888445 1.1329990542990123 0.9063244751864653 9 18 368
2.4662987937222707 0.6205886734896001 0.9218488085436053 9 18 470
2.4656918344116106 1.3271485029447105 0.8817238268574188 9 19 334
2.4172626902266545 1.0509506722895985 0.9037795924766928 9 19 384
2.4418988716618997 0.9455820862592954 0.904896280157982 9 19 405
1.040789966106656 2.1001641291220676 1.0809258613879495 9 20 18
1.1055330204770677 2.098051508859614 1.0699761467651205 9 20 32
1.2080537660757262 2.088604816705755 1.0529457256583399 9 20 54
1.3150066067915462 2.0831226058587733 1.0349579753424183 9 20 74
1.3760594195783296 2.0784057607840225 1.0247701277377832 9 20 85
1.3955673734665561 2.078720026345679 1.0214227594463159 9 20 88
1.4394823566356982 2.072927248463227 1.0142160294432299 9 20 96
1.4889893048339786 2.0836468486360173 1.0052194966350831 9 20 101
2.4762193043067726 1.3515897645823403 0.8736361722443873 9 20 330
2.448737039354864 0.9977523029471379 0.8962187750511071 9 20 395
2.4580138268753853 0.9057081532706908 0.899288093545519 9 20 413
2.443119755409215 0.8787106970637266 0.9031965721395667 9 20 418
2.4467204452499356 0.8688375907078716 0.9030808269941929 9 20 420
2.4511887734693767 0.5947068694973218 0.916177241161741 9 20 475
2.397878820759578 0.2995969167881576 0.940201434944305 9 20 538
2.4337471995765276 0.28693733076291694 0.9347160393779438 9 20 540
1.5075351099785763 2.0876606089724303 0.9979399188272098 9 21 103
2.481416980722721 1.2045784645958535 0.8751417693999839 9 21 357
2.477824451974623 1.1930596966163163 0.876347490109525 9 21 359
2.458751111807186 0.9518379186075947 0.8919217849061162 9 21 404
1.1646633986630661 2.08162544403324 1.053922761092636 9 22 48
2.4807678009241965 1.3027245294383776 0.8651692109635478 9 22 339
2.445627209282451 1.278589253140988 0.872515223663698 9 22 342
1.0992816790677387 2.079395986216061 1.0620984115776748 9 23 36
1.14399226242103 2.0785842250991045 1.0543022761807337 9 23 45
1.1800014907604726 2.082106372135594 1.0478074435668319 9 23 51
1.3001613622076933 2.074857362625953 1.0271173406793537 9 23 74
1.4288017727649938 2.072672216844246 1.0046786740150293 9 23 95
2.4771178060480503 1.1224375563719986 0.8700386715590349 9 23 372
2.4264235071623825 0.750085757625161 0.8981806008223361 9 23 443
2.4681867061901497 0.696875211448748 0.8936107782004105 9 23 454
1.0870139393333456 2.0947522799887546 1.0601602492507345 9 24 30
1.1682944489439109 2.0822025049079267 1.0464417380920616 9 24 49
2.4765634929365423 1.318113553062108 0.8549156516057457 9 24 336
2.4665904798131506 1.233712633206225 0.8610761640312203 9 24 351
2.46152568269713 1.2109977031839678 0.8631551232524896 9 24 355
2.439991041982593 1.0527007955204968 0.875209775714613 9 24 384
2.4554154510131765 0.651152703534191 0.8934018869953957 9 24 463
2.4532009585587944 0.6214988397788725 0.895338343547655 9 24 469
2.4220842860630096 0.27072117330075607 0.9191150254854549 9 24 543
2.4311790674314517 0.2605535036974791 0.9180365594185511 9 24 545
1.0341251675825462 2.099449582661908 1.0660457141873398 9 25 18
1.4965310042113336 2.0835906924545378 0.9844115874291156 9 25 103
2.4718443216189594 1.1210313184730318 0.8609906625149835 9 25 372
2.4299627457337847 1.0982490082024148 0.8696556106927884 9 25 375
2.424467230139427 0.8090026217072046 0.8858163793064711 9 25 431
2.4386933961704496 0.7445849431019262 0.8866601245751428 9 25 444
1.2542594886015586 2.0824848806891763 1.0241212863693185 9 26 65
1.4396107330140495 2.0688946897069425 0.9915019340232387 9 26 98
2.4733183860595673 1.2020277029064412 0.8514077675223715 9 26 357
2.4855459155020316 1.1880146979787258 0.8499493614517526 9 26 360
2.457516390773254 1.0599066511555746 0.8617640007686621 9 26 383
2.457231954921183 1.0440066521949298 0.8626558039189522 9 26 386
2.458779690044228 1.033670615540341 0.862923896451806 9 26 388
2.4381723650938323 0.27651515378174973 0.9066617131428241 9 26 541
1.0632240801272224 2.089946090563168 1.054813611580907 9 27 27
1.1067221495134536 2.1018065811011573 1.0462919606138466 9 27 33
1.266042659179326 2.0836245646938103 1.0183616524975228 9 27 67
1.2907064771705188 2.0802266201786423 1.0140689281292732 9 27 72
1.30624293424788 2.0829390090782227 1.0111063607852087 9 27 74
1.3182763028801725 2.069659991014343 1.0096308848256177 9 27 79
2.484781435216474 1.171341105835233 0.8458851758669682 9 27 363
2.4673368628992245 1.1251160608983417 0.851511265519226 9 27 371
2.419733512855979 0.6192854879606411 0.8870856254590974 9 27 469
2.4915463650792278 1.1505775634511086 0.8406697787039821 9 28 367
2.4666205873161267 0.8875088695577471 0.8593418320557326 9 28 416
2.4518225003635252 0.28733693387287695 0.894245916450144 9 28 538
1.036212272040672 2.105319770976516 1.0524013462412634 9 29 18
1.3354468157729973 2.079489252413601 0.9986056944864491 9 29 80
1.3731870585368746 2.079713815787789 0.9916326729737628 9 29 86
1.3953955274696495 2.0773172505762103 0.9876659984094485 9 29 90
1.4194313964628962 2.080470799656413 0.9830623690573426 9 29 93
2.443803317287326 0.9365888262330915 0.8559358208797786 9 29 406
2.484477816141599 0.7343212116164406 0.859363445863052 9 29 446
2.4065867958258256 0.6033030921913511 0.8808095055737571 9 29 472
2.415326563915664 0.2761505538660357 0.8968755061442687 9 29 541
2.448284670797449 1.1964474390591042 0.8360043811748091 9 30 357
1.0186879630881198 2.092144960744782 1.0498941989416788 9 31 18
1.0405722211362067 2.0908775232378676 1.045860209954409 9 31 23
1.0827907402464014 2.0817247065541524 1.0384456375432842 9 31 34
1.2476747443025926 2.0777367886297458 1.0077472341331672 9 31 66
1.3334512585880276 2.075348976562092 0.9917943754759063 9 31 81
1.4126865535936899 2.0774827202204578 0.9768201914358906 9 31 93
1.547173414884397 2.0700872526137095 0.9520082719379239 9 31 114
2.416501470051734 0.8357700434316921 0.856663025207874 9 31 425
2.4573687189716917 0.6667089846281419 0.8582673623570631 9 31 459
1.1853284609523969 2.0863336559692742 1.015478663248254 9 32 53
2.4183124148158064 0.9999707866161792 0.842364987908719 9 32 393
2.4507875442617495 0.7919374633596694 0.8477106668836177 9 32 434
2.438039041440181 0.7658430279355457 0.8515612973894271 9 32 439
2.4483811589789894 0.7209709623729382 0.8520834356551821 9 32 448
1.0486841632759558 2.1039250055065395 1.0370490777711598 9 33 22
1.1441460815361735 2.0882813610067243 1.0197253620607727 9 33 45
1.346840813390842 2.0868628343145414 0.9811739212197729 9 33 81
2.4172352534345474 0.8960866216719414 0.8433799887542839 9 33 413
2.4308064365244286 0.8512169497445706 0.8432882447386482 9 33 422
2.4561356311705005 0.62058269551174 0.8512839123999996 9 33 468
1.162889252116462 2.0831876793340696 1.0129725683394355 9 34 50
1.2993161704789453 2.0752826992270177 0.9872040635765106 9 34 76
1.8103506572520889 1.9728621039567902 0.8947558731601654 9 34 166
2.432448036030075 1.0537218125136358 0.8266988144148023 9 34 383
2.415826873990722 1.03029987754352 0.8312035901530436 9 34 387
2.4124114746799936 1.014141361956931 0.8327645117289834 9 34 390
2.4073742012123827 0.9874552465434585 0.8352264905675891 9 34 395
2.4278279215989844 0.6493265239845456 0.8502290590598743 9 34 462
2.4530809355758514 0.6050247528125872 0.8478578185762123 9 34 471
2.4161132447593445 0.28548510322184795 0.8728516891560106 9 34 538
2.3987650130056855 0.2733706063917548 0.8768630359416374 9 34 541
1.7134392193701924 2.0147191169641214 0.9067381381100216 9 35 147
2.4130052876905936 1.0980534644161706 0.8229385470026636 9 35 374
2.4380149977704773 0.949115195726062 0.8264926953297176 9 35 403
2.3999868566935834 0.8325692495312744 0.840428984558119 9 35 425
2.4257268295632324 0.773642145875008 0.8387664819751697 9 35 437
2.394343220142236 0.7618643096109727 0.8455086412596409 9 35 439
1.1798512442023077 2.081550864569349 1.0028086721235658 9 36 54
1.2401193273172115 2.0809484996745775 0.991077481984966 9 36 65
1.2717834868839375 2.083071093859843 0.9847755634837465 9 36 70
1.3428656946171782 2.082156922508224 0.9709509695394828 9 36 82
2.412351893018624 0.9251685042671025 0.8278600392535999 9 36 407
2.4320136143941706 0.8858708710502314 0.8262529701592529 9 36 415
2.441435264417417 0.6632450926637605 0.8370539682941708 9 36 459
2.4032500394312617 0.2480475474494308 0.868082527178311 9 36 546
1.695647709603171 1.9858153049086509 0.9032827307650716 9 37 151
1.8016138672824886 1.9445214398202761 0.8847929034299773 9 37 171
2.4188547558333613 1.103761606562536 0.8114082960752753 9 37 373
2.422484914344319 1.093711138001745 0.8112686094830361 9 37 375
2.403364096417599 1.0171197833066947 0.8194098888031944 9 37 389
2.4239905853149346 0.9571411361744002 0.818780396663833 9 37 401
2.408539783046213 0.8576986834155131 0.8275059913468774 9 37 420
2.430335738846364 0.7931245852670716 0.8269091196784364 9 37 433
2.4046280130342597 0.721342974101878 0.8360715035410412 9 37 447
1.3042439413335836 2.0870109195903668 0.9708039880195168 9 38 75
2.4214921121430075 1.040303308455302 0.8094876362201012 9 38 385
2.4349588230327903 0.978963082005256 0.810348128939972 9 38 397
2.4240257106979572 0.9671817429420939 0.8131946098640942 9 38 399
2.4298461722630744 0.6369059087933571 0.831053501552059 9 38 464
1.113925063413053 2.086298833762295 1.0051702556406792 9 39 41
1.1949581860510394 2.083432023816534 0.9891398923260776 9 39 57
2.4517863820074677 1.007082944697944 0.8003196766443238 9 39 392
2.445851317589854 0.95887935502905 0.8042999970421115 9 39 401
2.4467933031739486 0.8962744956263191 0.8077405111854417 9 39 413
2.4042469222170326 0.8615061521340471 0.8182597824188599 9 39 419
2.43793639678617 0.7417447534156658 0.818467867287965 9 39 443
2.4483266468120286 0.7219524558440205 0.8175383411251227 9 39 447
2.441920580851987 0.6713925870253452 0.8217493812585073 9 39 457
2.4321548609627213 0.6214122873720035 0.8265983399708823 9 39 467
2.3807235115806424 0.2891733087491205 0.8561359242444726 9 39 537
2.396069222703837 0.24149421194513698 0.8558323381970049 9 39 547
1.2416375552238053 2.0814674662828323 0.9763019567536821 9 40 66
2.4108074076305286 0.8207775231731166 0.814365831151639 9 40 427
2.4485233762962486 0.7062014003683641 0.8134552286530566 9 40 450
2.458848205909238 0.6109805822189853 0.8169325432564384 9 40 469
1.1360589669806531 2.0726552552876205 0.9946235737758061 9 41 49
1.6782824949078985 1.9538476142168082 0.8915361898896847 9 41 156
2.421417992337225 1.02875069545117 0.7950400773240129 9 41 387
2.447365013717151 0.9687926879499309 0.7932959434466248 9 41 399
2.4245672689137994 0.877769489004119 0.8032720097741272 9 41 416
2.39483052006723 0.7888141937253113 0.8145351489535911 9 41 433
2.4303584274734638 0.5904034485214555 0.8189812323496021 9 41 473
1.0865965500061912 2.0916466192924954 1.0001523536122066 9 42 35
1.2802340234493437 2.0861191040756637 0.9608693460411238 9 42 72
1.364230769355629 2.0665955495057613 0.9448421007845564 9 42 90
1.691994895801975 1.9326834758492275 0.8857170684088621 9 42 162
1.7152953768457397 1.9208579536056196 0.8816503195454396 9 42 167
2.444990654990095 0.8999754467152559 0.7927759606021824 9 42 412
2.4265998350874085 0.7750049418687468 0.8039305626945124 9 42 436
2.4665977813923714 0.7311391141127666 0.7983435653475437 9 42 445
1.0401072540283516 2.0740876230502994 1.0073788011935148 9 43 30
2.4234462170146727 1.0072329829659485 0.7857750354593107 9 43 391
2.4356114646285416 0.9929731721259029 0.7841167133518846 9 43 394
2.425243330366177 0.8408411387960842 0.7953138208464113 9 43 423
2.443558385809756 0.7143637637440148 0.7990708248334489 9 43 448
2.413527482235412 0.6981975890405449 0.8062236516618372 9 43 451
2.407118372063076 0.6730670807956878 0.8090413289950175 9 43 456
1.0489518079492104 2.0907830773541822 1.0012131889084301 9 44 28
1.1165317631601246 2.08496090953009 0.987526410066225 9 44 43
1.2037205037013878 2.069115255468593 0.9703679733712584 9 44 63
1.46316230495934 2.0676291215331726 0.9165730174898343 9 44 105
2.4562673855034456 0.9845881807228296 0.7752440083891563 9 44 396
2.4509264009629614 0.9469249364907275 0.7786113026877224 9 44 403
2.4213707693970212 0.933197046043452 0.7855728026440765 9 44 405
2.4126149037874853 0.7832751271264546 0.7963795518749127 9 44 434
2.4217398096563914 0.7432285852412326 0.7968852778524389 9 44 442
2.4488782311197883 0.6533443815880685 0.796637638446157 9 44 460
2.4221936030097484 0.6031988999041421 0.8051861861087775 9 44 470
2.4034753523891417 0.2452563431294943 0.8305334443380314 9 44 545
1.1315208845140647 2.0897427598299076 0.980643197869043 9 45 45
1.1838879311794286 2.089062852956572 0.9697257083963458 9 45 55
2.4057317639662577 0.9000255156341159 0.7857996188062465 9 45 411
2.428818526841419 0.8093054724599005 0.7864435883578516 9 45 429
2.3886590930291542 0.7662006064445459 0.797448992685209 9 45 437
1.0116617327652968 2.0973524222620066 1.0019623053367375 9 46 19
1.0681806561825768 2.084362383969565 0.9908351593017588 9 46 34
1.0786907777280152 2.0848829968213396 0.9885875981463259 9 46 36
1.5663569783964046 1.9501365760829974 0.8939553459449466 9 46 144
1.6112366600891703 1.9285161104559982 0.8858065197726234 9 46 154
2.40467453341506 0.8891584668402458 0.7816640469059064 9 46 413
2.4420072452443264 0.6922736980119932 0.7857542790986151 9 46 452
2.446493719617278 0.6620977552755376 0.7866416458447086 9 46 458
2.4215992934715938 0.24134714673514734 0.817452289610716 9 46 545
1.1023808920801244 2.0930718990456443 0.9796444516953022 9 47 39
1.3196160478993448 2.075124540639854 0.9345980402651455 9 47 82
1.4035628164035603 2.0711708246450575 0.9170082874373913 9 47 96
2.402577877291554 0.8782039941765409 0.7777579670782201 9 47 415
2.388846425103021 0.8360583479840524 0.7832521283167584 9 47 423
2.4496723907180096 0.6262899503062113 0.7831600759086186 9 47 465
1.0169249057142316 2.099959676949046 0.9940507192477758 9 48 20
1.1828530997730886 2.0825101397839783 0.9596171289587273 9 48 57
1.2949579124063075 2.0803455980772902 0.9357605558371711 9 48 77
2.35608940681617 0.7578169563500025 0.7900944989782407 9 48 438
2.415991935482511 0.6852458067680584 0.7817429139348612 9 48 453
1.276838768194847 2.0767008902822988 0.9361299786288046 9 49 75
2.3684268052956683 0.7279596190098707 0.784375746496678 9 49 444
2.4313937274043567 0.659890114384499 0.7750190646879547 9 49 458
0.9970762051137994 2.0927582017254527 0.9921436031046194 9 50 18
1.0647023166491458 2.0937438967235753 0.977396306186614 9 50 32
1.1172716752027452 2.0830461787119017 0.9666473730647727 9 50 45
1.5033574741268199 1.962044102717023 0.8903501869801991 9 50 134
1.555240562592064 1.9415403382571172 0.8803618163536834 9 50 145
2.348262645821999 0.8466045824386197 0.7764305515902035 9 50 420
2.325932009747662 0.7551484627755902 0.7869833611884374 9 50 438
1.009135425337938 2.084061635919638 0.9867439321786526 9 51 23
1.367446591533986 2.0584950504552677 0.9099681014581783 9 51 94
2.4006881754278737 0.6132973993359631 0.7746568234600977 9 51 467
2.4209627348276253 0.5835955746246012 0.7720860497337353 9 51 473
2.304193679867385 0.8570360656151352 0.7755740095821482 9 52 417
2.327331868563247 0.7245108321292367 0.7788475449142408 9 52 444
2.38622297427035 0.6969522225853068 0.7676123588974012 9 52 450
2.425412391066092 0.6428036449275751 0.7623979844045181 9 52 461
1.131265353614021 2.0761762433488897 0.9534766800866871 9 53 50
2.2703740135587513 0.7798896264527382 0.7830836529263883 9 53 432
2.4188337609602186 0.626391342957183 0.7548956518399689 9 54 464
0.9877384837521839 2.089736866935268 0.9778447469780158 9 55 18
1.0334036042011927 2.0845717026934736 0.9678967739623615 9 55 29
1.476428543791073 1.9536791898903023 0.8765870476274011 9 55 133
1.4976394323608306 1.9574695039292016 0.8715677952455559 9 55 135
1.5371852516830993 1.939004983444206 0.863853804067324 9 55 144
2.2788828194823463 0.8336445107886934 0.7680502444029687 9 55 421
2.2562656521899616 0.7731390098655255 0.7770379909130422 9 55 433
1.0768134075119407 2.0850007918426376 0.9546352466661802 9 56 38
1.5042452643368018 1.934736707149409 0.8633682778814272 9 57 141
2.2749396154599992 0.8323996579728152 0.759270331482841 9 57 421
2.2465266688844294 0.7327960523611197 0.7722527891854646 9 57 441
2.248818411980423 0.8004412279368518 0.7624869870469078 9 58 427
2.238874117445051 0.7608842605217702 0.7673691478161593 9 58 435
1.4693091433892134 1.9428535709548846 0.8627171763084577 9 59 135
1.4833068240591611 1.937469221850297 0.859831467096398 9 59 138
2.2678982531137226 0.8309086484225534 0.7512172754565724 9 59 421
2.4293737463031237 0.6181526856566588 0.7278742805298428 9 59 465
2.3928240868899597 0.5881068504475633 0.7383212542506088 9 59 471
0.9706879783100071 2.079876508204089 0.9658155798536964 9 60 18
1.1625895504825947 2.0694354863231057 0.9217642224744376 9 60 59
1.450679320367366 1.9412952673444663 0.8631044040744923 9 60 133
2.439823159131436 0.6530430954666173 0.7180548653725143 9 60 458
2.3546176407554418 0.6756528975703618 0.7314431046515367 9 61 453
2.3984709444253305 0.5817570829318045 0.7274237466835363 9 61 472
1.1523498535211538 2.003493027970586 0.9213663277097466 9 62 73
1.1718348297738075 2.0011596032985866 0.91691700126249 9 62 77
0.9775939233690152 2.0820829704534445 0.9507037192349106 9 64 20
1.0229840367999015 2.0848625652575405 0.9396368637329066 9 64 29
1.1143082524451238 2.010758390351285 0.9192502469550717 9 65 65
1.3592546288695315 1.9325799122290355 0.8655060996075314 9 65 123
2.2139910639023572 0.8278447196058131 0.725235446323375 9 67 420
2.216824763232279 0.8084982391674481 0.7258837768263896 9 67 424
2.2335987613363284 0.7754318663788542 0.7240743704594925 9 67 431
2.413344462173919 0.6480610811354688 0.6889503171042334 9 67 458
0.990392860161124 2.0812384668063078 0.9341625010187662 9 68 24
1.2305321092129704 1.9498741293675392 0.8842086704578952 9 68 100
1.1806281585100908 1.9454224488141678 0.8931512487791082 9 69 93
1.2099271937148879 1.9491539641277031 0.8856287763448543 9 69 97
1.3612646242434598 1.9323929086053324 0.8493015067458185 9 69 124
1.079240672175546 1.988001942958441 0.911778085988371 9 70 65
1.0783678747282286 1.9758165246454489 0.9093454437523845 9 71 68
1.2866193684628633 1.947147181483241 0.8590892865927214 9 71 110
1.1795681227904282 1.9386329532281545 0.8829064240881246 9 72 95
2.3925367688231516 0.6142367445867195 0.6709192967007347 9 72 464
2.3888552350729473 0.6041759693780707 0.6725683119176921 9 72 466
1.1660414858523072 1.9595300811365626 0.8811720611795145 9 73 88
2.4330228400725527 0.6444736234009197 0.6533276634585958 9 73 458
2.405823396894351 0.6288268819386225 0.6613711402805427 9 73 461
2.4210623993843194 0.6532099439593626 0.6453483197862452 9 75 456
2.4202806013038645 0.5964390762764331 0.6444901126648754 9 76 467
0.9090469710775448 2.0268525422122448 0.9285967231150223 9 77 22
1.0956538942961873 1.952879158456438 0.885326097834352 9 77 78
2.396149869932762 0.701951412363015 0.6326271660854448 9 78 446
2.419790065988549 0.6602197761001344 0.6190140705970504 9 80 454
2.437764480994476 0.5936484198797815 0.6192117855639341 9 80 467
2.396928733900829 0.5727741413369413 0.6264537515316098 9 81 471
1.2033892800265402 1.933640681891279 0.8398286774900051 9 82 102
2.4150752828404745 0.7053398276595327 0.6063442095695362 9 82 445
1.1811936820352835 1.9360469338960842 0.8418838458972118 9 83 98
2.384463300652539 0.6728915547021352 0.611821891617422 9 83 451
2.4190436191654463 0.6017760955295562 0.6078588701426164 9 83 465
2.3920010130904155 0.6930083900584139 0.6029941021880197 9 84 447
2.403859370021926 0.5655223217605824 0.6095134723780716 9 84 472
0.8582224785294534 1.9974749845138648 0.9182876241669107 9 85 20
0.8713734930208703 1.975370881363933 0.9131235328428805 9 86 29
1.147489827811417 1.9400301190035611 0.8396160144320253 9 86 92
2.400695316199626 0.6610979527731693 0.5925257253146167 9 86 453
2.377173697049062 0.6497486620987608 0.5946598926104417 9 87 455
2.4127420135372932 0.5785523136788611 0.5903174179670788 9 87 469
1.0234778010111887 1.9524549135199254 0.8658728287539557 9 88 67
0.9824561654517372 1.9510135672632494 0.8670787761694425 9 91 60
1.1767168898718308 1.9352082257608965 0.8130465873540763 9 91 99
2.455658696658495 0.7276875949127034 0.5450744149815545 9 91 440
2.4153948415754876 0.7050480154219922 0.5583345127462095 9 91 444
2.4042310194401537 0.5961914925540798 0.5701690028271145 9 91 465
1.0827423609589908 1.9312076399482592 0.8364784499582721 9 92 84
2.3817783232952365 0.6774251689767821 0.5647930535035932 9 92 449
2.35832480263064 0.6410927755078799 0.5744135021294464 9 92 456
2.3634902906097564 0.6660625007785375 0.565658582318381 9 93 451
1.0387045612618553 1.9368624298325976 0.8414960210657605 9 94 75
1.141403145583753 1.9381345285180618 0.8116368126116409 9 94 93
2.407425061667067 0.7029227779809145 0.5446603203483532 9 94 444
2.371875386784339 0.6502219778149114 0.5592206554093925 9 94 454
2.354692335914245 0.6295624417053497 0.5658693421391463 9 94 458
2.369762109214265 0.6144362418543547 0.562725660857644 9 94 461
2.3634463583323244 0.5991721490731742 0.5657894702368372 9 94 464
1.070503440032567 1.9246425174121777 0.8296417119109002 9 95 84
1.5018109941351105 1.9077287225540753 0.7053067447859587 9 95 152
2.375344400540018 0.6856858280419739 0.5500215244246228 9 95 447
0.9916667261645937 1.9395972260778511 0.8443857346326057 9 97 66
2.405819012930563 0.6957772905080007 0.5295218331457806 9 97 445
2.3923890652620257 0.6486177211126004 0.5373563883283526 9 97 454
1.0052689693596712 1.9268139265453097 0.83788783556627 9 98 72
1.0163370403425245 1.9272522125586549 0.8345685124825448 9 98 74
2.367740854267916 0.6065991714263032 0.542768464357338 9 98 462
2.3938913664802515 0.7203159438180774 0.5202066373329491 9 99 440
2.392402318392 0.671973442243652 0.5138561396825434 9 101 449
2.3890088410929753 0.5737878752710042 0.5231189968451215 9 101 468
2.3765208460776286 0.603866603627479 0.5190031171858518 9 102 462
0.9593712415207989 1.93946854828187 0.8330478640105979 9 103 61
0.9897826059446468 1.9273075316398975 0.8247942141272406 9 103 70
2.372963536176436 0.7380121577276675 0.5033434062495836 9 103 436
2.404586180237286 0.6972375660023198 0.4971462116369967 9 103 444
2.3893250800107664 0.6387393846132468 0.5013472328718734 9 104 455
2.368061942449846 0.622993386689741 0.5092183087342472 9 104 458
1.0471806734101246 1.949113173327576 0.7980975098347682 9 105 76
1.488182713936185 1.9067081839481101 0.6655489057960333 9 105 152
2.386855566333013 0.6849382865700375 0.4927228278534118 9 105 446
2.3669120461900595 0.5966353061270867 0.5064475028197117 9 105 463
0.9517267702797263 1.936067943422036 0.8251927065641369 9 106 61
2.388593891660387 0.7264088222555951 0.48315646715543725 9 106 438
2.388906539117504 0.7053570385719683 0.4848725425998065 9 106 442
2.399835520364072 0.6584459170610251 0.4855189256897453 9 106 451
1.4441026225047446 1.9152368945947256 0.6697183425627988 9 107 145
2.4051590525318804 0.6421693506251303 0.47978987632179115 9 107 454
2.3887176273786275 0.6315157776312653 0.48584699198211034 9 107 456
1.4685955744628854 1.897129028461515 0.6592339076271628 9 108 152
2.393209174722479 0.7254006697348747 0.4708121675931125 9 108 438
2.3935475941584947 0.7042838303952982 0.47254352932507193 9 108 442
1.3779910557273616 1.9041212953796225 0.6828266925737854 9 109 139
2.3962827569298506 0.5834468620339129 0.4767442597730486 9 109 465
0.8809088511086873 1.9446993930788499 0.8328653620105906 9 110 45
0.916529313641874 1.9429867097475153 0.8217032236760784 9 110 53
2.37065229670228 0.6137569743603897 0.47675355247262063 9 110 459
1.251876940609403 1.9244892261622808 0.7127700054370856 9 111 117
2.402299301954832 0.7506202301531452 0.44910806085938093 9 111 433
2.374084678164453 0.6286387947860252 0.46889809652910763 9 111 456
1.1947629894506635 1.9040629064719137 0.7288614294557629 9 112 113
1.349843657120494 1.8979508771878129 0.6796034549311323 9 112 137
2.359282450049367 0.6953869811487 0.4622559356978455 9 112 443
1.227307508526263 1.913878305779075 0.7135157716743491 9 113 116
2.356445852067747 0.5653823770158241 0.46929672691414726 9 113 468
2.385383418069907 0.7161434306056856 0.4409472204436249 9 114 439
2.32686206136749 0.6312433259670537 0.4675655200279194 9 114 455
2.3344611694015747 0.6210607938746566 0.46601186109676107 9 114 457
2.378784853619485 0.6836022988812592 0.4404788736963523 9 115 445
2.3203742442382365 0.5592343593607524 0.4707627896279011 9 115 469
1.0309756990011973 1.9340143493441309 0.7640224953403998 9 116 79
2.3929321619745836 0.6992670520463243 0.4288746941451236 9 116 442
1.1613594832805285 1.9243836998957347 0.7181580673849386 9 117 104
2.396878385904655 0.6881418944909734 0.4230023395383391 9 117 444
2.3770796063290245 0.6717442738658633 0.4310301527621392 9 117 447
2.3326882286044643 0.6499362919064819 0.4476671043652103 9 117 451
1.040143641396158 1.9260789047996694 0.7542781415296778 9 118 83
1.0645899499752245 1.9319699507991324 0.7456270463695238 9 118 86
1.1991358319820191 1.9208776592182772 0.701997190595695 9 118 111
2.3858535784292556 0.755811892704854 0.40925326312657884 9 119 431
2.3929432241169035 0.724035565301346 0.40981140921326764 9 119 437
2.275125820770949 0.5719290042665528 0.463110646688249 9 119 466
1.0094476236350491 1.9376379136082247 0.7560234623144027 9 120 75
2.3271136934362184 0.6582184890083401 0.4323509147475615 9 120 449
2.2621762081842953 0.6315810582683464 0.45659454209014294 9 120 454
2.2031022670672136 0.6104469040060719 0.4731203658701858 9 121 458
1.0186744159045584 1.921592065775373 0.7469841369211546 9 122 81
1.0589586260225343 1.93128639146776 0.7324219318369658 9 122 86
1.220995169946037 1.9079268569211252 0.6796699762241336 9 122 118
2.3786830607215315 0.7423885939455886 0.3903840764420474 9 123 433
0.9915697552455041 1.927295479302093 0.7482776635390507 9 124 75
1.0603741388148944 1.9298953126391003 0.7244577823021201 9 124 87
1.0748513328710838 1.9237010348048509 0.7200814788973253 9 124 91
1.2047371607681425 1.9163534280982017 0.6762709821662534 9 124 114
1.3421135501259442 1.906868216936342 0.630095524518727 9 124 136
2.376087600298663 0.7685049245768953 0.3831605853415765 9 124 428
2.1690138260409912 0.5839209649918041 0.4715161552338636 9 124 463
1.3554376291231436 1.8925739668129997 0.6225424398869688 9 125 141
1.148731490540556 1.9098530602101196 0.688128584254121 9 126 107
0.9879080718889859 1.927176705874448 0.7384678818970289 9 127 75
1.3396466263511062 1.8895788070342154 0.6153003809600927 9 128 140
2.1347873326226265 0.5910338366625892 0.46192119245142926 9 128 461
1.0120579917859764 1.9144447868389967 0.7237853085792068 9 129 83
2.1214819239332487 0.6290378260978068 0.45774269664614975 9 129 453
2.1278466342121694 0.5807396226802655 0.46017006843904396 9 129 463
1.225311055412897 1.9137339399704545 0.640541547965221 9 131 119
1.368824170260452 1.8960569833642875 0.5912609656794239 9 131 143
0.8452781733258352 1.9356808166962796 0.7699899196058648 9 132 45
1.121854619899739 1.9132757300601622 0.6733818058023838 9 132 103
2.086911941775134 0.5362996176874527 0.4635826539391462 9 132 472
2.0786365854324664 0.5223705662472871 0.46790412493193223 9 132 475
1.0164760177416357 1.9172510383555745 0.7068492385077632 9 133 84
1.1565806791571567 1.9080796960815825 0.6574435567033792 9 133 110
1.1863226014647004 1.9110842605636436 0.6464679250426115 9 133 114
1.3652650022768138 1.9001104962874775 0.5832938653793678 9 133 142
2.051709858284338 0.5832118189019647 0.4664911147241865 9 133 462
2.0897429220536403 0.5072313808521363 0.46031662314604804 9 133 478
1.3237568611838597 1.9075710074456915 0.5931062433870447 9 134 135
1.0479083965773384 1.9175405452222547 0.6878196111577977 9 135 90
1.3017526086270164 1.9081392324342 0.5966664344696437 9 135 132
0.9992153215193729 1.92765344914552 0.7006960785868277 9 136 79
1.0787912198041874 1.9157333801671748 0.6728714457963919 9 136 96
1.035020667499972 1.9181040566176435 0.684742774206172 9 137 88
1.318838232322849 1.9161998027195528 0.5809205951083702 9 137 133
1.3539020092186944 1.9055472918504552 0.5691395441184606 9 137 140
1.1900127367932425 1.9133546778469976 0.6242733041769872 9 138 115
0.8369281958893782 1.927507559223315 0.7493987724114282 9 139 47
1.0548058633105695 1.913456374100197 0.6701640190256666 9 139 93
1.050913593794789 1.920918480413797 0.6630326506440669 9 141 91
1.073069389394922 1.9029409030298856 0.656586203735036 9 141 99
0.96545692499453 1.919206353120373 0.6914044927764048 9 142 76
1.0049578673978825 1.9250298117555755 0.6759615059771279 9 142 82
1.1450366395797715 1.9075627903358638 0.6251134584373952 9 142 110
1.1646102888401952 1.9035007191124582 0.6181748695160338 9 142 114
1.3463037623149638 1.8950542541378539 0.5507610167537365 9 142 142
1.3907304255532433 1.889190132861512 0.5346676356269819 9 142 149
1.3957751424610194 1.8833514903220339 0.5288159595531412 9 143 151
0.9708822122865086 1.9137730294977273 0.6785831129885075 9 145 79
1.059016140960228 1.9306808345544006 0.6432035567269307 9 145 91
1.2924045850626782 1.9006267127568912 0.5573093758776477 9 145 134
1.391862370970399 1.8921541373509894 0.5202542618239159 9 145 149
1.0428458954230428 1.9211676827385928 0.6385384887938479 9 148 91
1.0658413847824857 1.9220576611762246 0.6255421455593135 9 149 95
1.1328761841011217 1.9138469639544837 0.6003358202183795 9 149 108
1.3231947322482864 1.896110935832263 0.5236963046680541 9 150 140
0.9600160027764333 1.919159763945804 0.6593989509082424 9 151 77
1.1275117196607538 1.907281721370329 0.5948751059753363 9 151 109
1.1433575629112012 1.9096449605453785 0.5883975327836057 9 151 111
1.185974548302534 1.9170617198772362 0.570862683766089 9 151 116
1.2826919655905331 1.8943737170600414 0.5352992889188184 9 151 135
1.302183420801407 1.8976192092005155 0.5272951907548672 9 151 137
1.3542097153432064 1.902277082011976 0.506359561696454 9 151 143
0.8470985935589523 1.9413806334018644 0.6977607459222048 9 152 49
1.1138603906990097 1.9072379410190483 0.5961345257672004 9 152 107
1.0107201601480584 1.9098338171885374 0.6326479689549012 9 153 89
1.0648177825206322 1.9249279281996463 0.6095599868807162 9 153 95
0.9686545428961579 1.9120163322321033 0.6452494227470683 9 154 81
1.2812517113728972 1.9194916674572657 0.5198509045644946 9 154 130
1.0954776544505382 1.909829179933771 0.5908434072014568 9 155 104
1.1752372410179126 1.9221187118645489 0.5575620033182753 9 155 114
0.8347527302253015 1.931721070268729 0.6856346210061635 9 157 50
0.9638803001888576 1.9194959529477797 0.6347698836754256 9 157 79
0.991619733820722 1.9201143709426036 0.6234861371001601 9 157 84
1.0452181511520344 1.9322025968298608 0.5964504649811054 9 158 91
0.9677353870453902 1.930625140442624 0.6164039108078566 9 161 78
0.9854687225707572 1.9285744891391212 0.6053781502019633 9 162 82
1.0418476539114097 1.9289858639583741 0.5819902684144833 9 162 92
1.0550864113955363 1.9258689382268068 0.5768597718052768 9 162 95
1.0995247752003832 1.9199495534858586 0.5549537425634354 9 163 104
0.9740675555424292 1.9276741592617666 0.594422178279535 9 166 81
0.9922442095767865 1.9162077162687077 0.5880669969365326 9 166 87
1.055282002610978 1.91208301017848 0.5619477197117921 9 166 99
1.1370697837777446 1.9092285058020222 0.5277737312255464 9 166 113
1.0098699565480072 1.9178462157330776 0.5764155264147768 9 167 90
0.8278658348306249 1.9299104959783069 0.6447851530241046 9 169 52
0.9404987891499776 1.9207595003705502 0.5976691080900546 9 169 77
0.9685886557996175 1.926213144904641 0.5850217268150457 9 169 81
1.0119764107575406 1.9126562678963803 0.5680351682929573 9 169 92
1.0040228415757328 1.9170907285533492 0.5628343812784267 9 171 90
1.0625208514058524 1.9141362423880626 0.5337562679018689 9 172 101
0.9468854201444041 1.9212890198359485 0.5791115310382232 9 173 79
0.8215473332150334 1.9376759907423735 0.6280642302388272 9 174 50
1.0782677130197655 1.9142811027942868 0.518481824717394 9 174 104
0.9608959123047396 1.9216056117583025 0.5649858970914288 9 175 82
1.0599547263425395 1.9149803626131772 0.5222233242277208 9 175 101
1.019946820613082 1.9263321244320815 0.5302052487858965 9 177 92
0.9474535012455108 1.9180687584929146 0.559367539427135 9 178 81
1.0333182052107 1.9066117754971041 0.5224822446663698 9 178 99
0.965581893301755 1.920599197850675 0.5469472363061826 9 179 84
1.0689769116283692 1.9354057486387952 0.4946088669460479 9 180 99
0.9426461117237874 1.9214207969160322 0.5491105232873554 9 181 80
1.0018944485175616 1.92496285768602 0.521915890375944 9 181 90
0.9316229567354435 1.9273231553800891 0.5453715462738462 9 183 77
1.0497728511419246 1.9157042303395688 0.4887106717472347 9 184 101
0.8091690968976273 1.9260683271762802 0.593803660791329 9 185 53
0.9391067234334074 1.9268048043483006 0.53396552938053 9 185 79
0.9993740105017992 1.9180581142139579 0.5073395549741819 9 185 92
0.8141373617854826 1.925388971062389 0.5802230482498765 9 188 55
0.924983481259593 1.9226126144265558 0.5289245637074056 9 188 78
0.9310091991459197 1.9166102723020946 0.5187761980740304 9 190 81
0.9848221595621636 1.9168974964169068 0.4892749239908156 9 191 91
0.9376595027213313 1.9153292495085206 0.5076593529923679 9 192 83
0.9096043122479187 1.9193253530283485 0.5164186651073277 9 193 77
0.7929807789449839 1.918484018272237 0.5337341646930454 9 203 56
1.305083271365599 1.484456820387672 0.20118945664980314 9 231 235
1.0801419119358338 1.104037703790568 0.38340272335555037 9 231 305
1.2378428739268026 1.4782118909878774 0.22993148041983447 9 233 230
1.0600420017418444 1.0868953526000678 0.3887105062714338 9 233 308
1.2498543676875509 1.4798637089179487 0.21312800830801093 9 235 231
1.0752401382152639 1.0565600090500937 0.3719107341239458 9 236 317
1.1851209956958701 1.4826462156918991 0.23985228552718119 9 237 224
1.068780945912727 1.0358190159266836 0.3744773743188605 9 237 322
1.2337173300077833 1.478312859815292 0.20784641475078547 9 238 230
1.0794380534031707 1.0769065542522078 0.35780376016148097 9 238 312
1.097377903806045 1.4897398324042848 0.2797059806403621 9 239 213
1.1322040904120572 1.4942114785329683 0.2542638227557601 9 240 216
1.074714486844667 1.0833819196150167 0.35087399554354604 9 240 310
0.9793038872847071 1.4955158657664627 0.3205850166336559 9 245 198
1.0558505338556885 1.488936870338756 0.2764825666082862 9 245 209
0.9682835107851131 1.4989096077671427 0.317777556017375 9 247 196
0.9091707724263256 1.4956231644466311 0.34916532772942865 9 248 189
1.0535086711775565 1.4977699503435244 0.26271502445876616 9 248 207
1.0680771980800605 1.0816748318258207 0.3201488637619059 9 248 310
1.0560566606106498 1.0668010713754792 0.32968379194107666 9 248 313
0.9660885445137861 1.498746868763884 0.31030883384160846 9 249 196
0.974719056897664 1.491417007161503 0.30188018189473675 9 250 199
1.450089574057745 1.2968412694873188 0.04722974228717303 9 250 287
0.9019369105781616 1.5012430257528024 0.3397902198100964 9 251 187
0.7728914861322294 1.4782733720890202 0.4134189925569358 9 253 174
0.7397815631704023 1.481315454213942 0.429154052090718 9 254 168
1.4057101179995537 1.254358958369194 0.05944256371319834 9 254 293
0.8916422926920995 1.4975880080764308 0.3295060884439702 9 255 187
1.07965285876336 1.1047320636947382 0.27833784332292755 9 255 305
0.7134854365839096 1.4920886641296627 0.435723927240252 9 256 161
0.9740006626531834 1.498255318633672 0.274431843204366 9 256 198
0.7157852867699515 1.4830383727214216 0.4319104196278434 9 257 164
0.8910671461387998 1.4983444726399595 0.32114036348142116 9 257 187
1.0582601305116162 1.0635168746233707 0.2893094852202869 9 257 314
0.9342774700489223 1.498487420467703 0.2900165448639931 9 258 193
0.6920914502880937 1.4839878230355539 0.43871458407516184 9 259 160
0.7193221039255273 1.482713688720756 0.4219787719316259 9 259 165
1.353357638352454 1.252498272685039 0.06548935327000915 9 259 290
1.0631067065884687 1.0765459881131278 0.27523864260530173 9 259 311
0.6760545306622285 1.4925345141970714 0.4434646418932471 9 260 155
0.6654390463757323 1.4934926970045725 0.4461375539203476 9 261 153
0.7182829404874562 1.4832376548465007 0.41470926449828105 9 261 165
1.3777165871801835 1.2369053256339706 0.04224730750223271 9 261 295
1.0681286215287575 1.081877019205354 0.2622255892998824 9 261 310
0.7755703576023154 1.492612425927913 0.3731532053314721 9 262 172
0.8483285108957885 1.5052070593037368 0.3209881085431814 9 263 180
1.3724392432260455 1.2354648054112056 0.035115406194443644 9 263 295
1.0705309136459304 1.0667626269429562 0.2542013174751623 9 263 314
1.0654179055273727 1.089089578742838 0.24914902099376368 9 264 308
0.8585540228512536 1.5042904828902017 0.3060871084483501 9 265 182
0.8847104294976917 1.5031749422580192 0.289623504857472 9 265 186
1.365075065633361 1.2286828258189488 0.03022365803789029 9 265 296
0.8199984131218474 1.5060773676149382 0.32611181829086733 9 266 176
0.5999490666755944 1.5281146030148147 0.459280597623289 9 267 132
0.6425173336709176 1.4893441899283815 0.43857919645311827 9 267 151
1.0658764924960362 1.097244328669171 0.23380435822768164 9 267 306
0.6609706723176534 1.491276090570314 0.4225686028631923 9 268 154
0.7808634711389877 1.5032124588366664 0.34333355256654796 9 268 171
1.0720444274328862 1.0671516584499043 0.2258122840122596 9 269 314
0.8220256189560913 1.5056512685385575 0.3079026299576726 9 270 177
0.6592890656148007 1.481107484117448 0.413837223374677 9 271 157
0.7349988436555475 1.5034846593544924 0.3606734775621736 9 271 164
1.0561825348461096 1.0827668887432773 0.2104522189545599 9 274 309
0.6613772498445403 1.4928957311637645 0.39095772924526706 9 276 155
0.750679381253091 1.5132382920715837 0.3239866007832932 9 277 165
0.6768191348823882 1.50869517605926 0.366000049454142 9 279 154
0.7398212718641795 1.5114911157314679 0.3232447202541633 9 279 164
0.7111976127928301 1.5167787090139386 0.3374179166497131 9 280 158
0.5602528557424789 0.16920061265901976 0.6794735502125585 9 280 625
0.5645776074677238 0.14887166146565423 0.6801891690295474 9 280 634
0.6888600098354358 1.519936480919138 0.3356745183968126 9 284 154
0.7334797191226203 1.510606530774286 0.306879780010757 9 284 164
0.5586602514000303 0.16899349215631865 0.669083660976725 9 284 624
0.568057615098654 0.14535437436771337 0.6611370775741425 9 286 633
0.6536856560702065 1.5178345509694355 0.34408350552984124 9 288 149
0.5604510681211368 0.16692014754323936 0.6537038699446133 9 289 623
0.7003989837489837 1.5085601706102214 0.305125261970562 9 290 160
0.5683752999291376 0.14715986241673384 0.6430118670143752 9 292 630
0.5657821190221495 0.14362258168117403 0.6277364759345612 9 298 630
0.5643874074060502 0.1532117433721505 0.6119241030169112 9 303 624
0.821830609969034 1.506083923461869 0.15286301797550572 9 305 182
0.6846230787295418 1.5125844431250555 0.2484521934621846 9 306 159
0.7151924114038026 1.509115700150506 0.226522885486381 9 306 165
0.5661594014724174 0.13105927291482877 0.6058638034022683 9 306 633
0.7550106067205884 1.5072302199068264 0.19299961199161997 9 307 172
0.9440816903090412 1.558656137431903 0.03761550706292205 9 308 187
0.5655798910693404 0.15554181606900563 0.5954170084738696 9 308 621
0.955466141649145 1.53464956968114 0.02884466794707219 9 309 194
0.7525044243409107 1.5088518432797082 0.17219437608628518 9 312 172
0.92454701894028 1.5409146060009833 0.035846577702717486 9 312 189
0.6202278250403697 1.5196162461310403 0.2658124618937008 9 313 147
0.6833821512345983 1.5125788357538226 0.2193465916917472 9 313 160
0.7965910664144322 1.508183659788588 0.13440895990319346 9 313 179
0.8466468792749273 1.5301119251686002 0.09207893427140568 9 313 181
0.6445237520849747 1.5226052660261058 0.2383258435975817 9 315 151
0.561263248975411 0.14963986226476722 0.578354848556615 9 315 622
0.5634037668231335 0.13160552519234958 0.5803523294819931 9 315 630
0.7364148949464662 1.5133519784268952 0.16555091784203735 9 316 169
0.9032762830828156 1.5529747067654625 0.02971885482720671 9 316 184
0.9181858978554647 1.4783664368173421 0.033371669003145144 9 316 203
0.9319191441817956 1.45964709524287 0.02663335943345091 9 316 209
1.1012221037194576 0.836021142197557 0.02293956043584089 9 316 372
0.9372922891333342 1.4238859199079763 0.024763776741915766 9 317 218
0.95034031479006 1.4174211005846682 0.016043737342086972 9 317 221
0.627460306039336 1.520602420946387 0.2391174321989331 9 318 149
0.9017229260595665 1.5138569972162166 0.028911573950735736 9 318 193
0.9274324809846499 1.3808612018689939 0.036131859167495506 9 318 227
1.086252026756162 0.8335020706493117 0.024954339177804652 9 318 372
0.6394836836988647 1.5142770495897921 0.2268690075353641 9 319 153
0.8855845047734223 1.5531141000282642 0.02842512589079904 9 319 182
0.8891761374278944 1.494294350388746 0.03765009243373152 9 319 196
0.9071155968470308 1.4653140141919856 0.02967742826265929 9 319 205
0.9300663127837472 1.3910947927794988 0.027058818341727298 9 319 225
0.8852014800541932 1.5273067038872583 0.029045900892535226 9 320 188
0.9021284849483509 1.4416532471844492 0.033437460148855624 9 320 210
0.915802928118598 1.4230063814194376 0.026633256862883314 9 320 216
0.5605239520058563 0.14611415497903923 0.5641299686229011 9 320 622
0.7319201785018723 1.5097500832762856 0.14719092789140387 9 321 170
0.8992410656582814 1.3811471988585666 0.04318017423065457 9 321 224
0.5961051423032622 1.52042332458399 0.24669834604802632 9 322 144
0.67022180854942 1.5060538560552352 0.19168122968844892 9 322 161
0.7007191678431846 1.5103296678648812 0.16694229024434692 9 322 165
0.7425650224463087 1.5050180502323582 0.13530237566190273 9 322 173
0.8490073637232514 1.5545716941627112 0.04181828781509789 9 322 177
0.8743852103027694 1.5439572253837217 0.024154227783806936 9 322 183
0.8752298105860292 1.5183612342626756 0.028770770557750902 9 322 189
0.8130712165388019 1.5415170738206005 0.06783146937880091 9 323 175
0.8758432603731512 1.463330936680067 0.034729605252486806 9 323 202
0.881577849079719 1.4280815358803491 0.03751992968573803 9 323 211
1.0367811249441141 0.8372793269161302 0.037903456261955126 9 323 369
0.8602950351077534 1.5114684483818084 0.027146956767773567 9 325 189
0.9008335061510759 1.333141764657924 0.032240825005745766 9 325 236
0.605392017325207 1.5071365616904426 0.22531180832973985 9 326 150
0.8622979696109208 1.4575135658382337 0.03190066858383456 9 326 202
0.845440927514808 1.5125632138657406 0.028865784853491894 9 327 187
0.8519124951808048 1.4396681907005475 0.03899762037776955 9 327 205
0.8681961923976567 1.3851740897072236 0.037461533067430164 9 327 220
0.8743487319368448 1.367325764730286 0.03630639018326676 9 327 225
1.015421334126164 0.8256352478977057 0.037587559013575245 9 327 371
0.5570013456441962 0.168308506759709 0.5402837123943663 9 327 610
0.6213669727938163 1.515845846855338 0.20223185588141646 9 328 151
0.6745641309835637 1.5090924796371685 0.16116319867499396 9 328 162
0.8445412403359669 1.542845018270147 0.01830009746544592 9 328 180
0.6539841619585611 1.5195620691911986 0.17099657407589963 9 329 156
0.8231510345601598 1.5777940885449002 0.023123101924199307 9 329 169
0.8271675153555984 1.5114974132096608 0.033896610988646714 9 329 185
0.8508164101235618 1.491181916093375 0.019230419034452106 9 329 193
0.8607642976929035 1.3573783216138906 0.03949810704405965 9 329 226
0.5582857104153911 0.1465745292477365 0.537480069669482 9 329 619
0.5655753090892237 0.12424436743170342 0.536350657734237 9 329 628
0.5922472877085168 1.5121549001161654 0.21780470568616916 9 330 147
0.8253048646070236 1.498246115378508 0.03331527027938108 9 330 188
0.8311921145179313 1.4467304489000254 0.03948970688618969 9 330 201
0.8386794352971592 1.417308824568208 0.039698554121767815 9 330 209
0.8596561564305651 1.4200241825611517 0.022253163915293417 9 330 211
0.6548275533575418 1.5176263710025837 0.16189333549741192 9 331 157
0.6762476391911123 1.4964531592352963 0.1491056601149996 9 331 166
0.8130746154946427 1.5383628324284495 0.029779412276242923 9 331 177
0.819487827371238 1.453314377716347 0.04267416875874419 9 331 198
0.8505116864605777 1.340854961566361 0.04153175401386955 9 331 229
0.8254874435590711 1.402987589680464 0.043698778891382295 9 332 211
0.8040854578732874 1.5640860100257903 0.02179500686380087 9 333 170
0.5633574212896193 0.11535696006305585 0.527272249693778 9 333 631
0.7999055313089745 1.4940870246874987 0.03532130947079781 9 334 186
0.5533932717169951 0.17757264598350342 0.5188440871740482 9 334 604
0.7997849908817083 1.5713566303241238 0.013929570895671484 9 335 168
0.7910406921165034 1.5273328721003498 0.030562765050144325 9 335 177
0.7987408167720211 1.4813985357114836 0.034152872119070476 9 335 189
0.6047906158691632 1.5146200681239972 0.177012167396277 9 337 150
0.6201405184700106 1.5137365440615844 0.1645584670124962 9 337 153
0.6630807564086618 1.5076648109554152 0.13050044260048987 9 337 162
0.8729787297037981 1.0989065709982029 0.04618194426261324 9 337 292
0.5560947917051524 0.15441742171350925 0.5119394744776925 9 337 613
0.788274043742583 1.4896097811126021 0.02642877397457566 9 338 186
0.5597132537222145 0.17246687847930442 0.5017847958951083 9 338 604
0.5651949207794269 0.14155292357384353 0.5039760683942559 9 338 617
0.5621684098646367 0.13157419357968314 0.5086477909240906 9 338 622
0.5733480043071983 1.5242610473926645 0.1922748604899176 9 339 142
0.804566091506224 1.3584553390761072 0.03666804868471374 9 339 220
0.5851896472415927 1.5144643678903846 0.18027393368217304 9 340 147
0.7662940522294388 1.5447193603291014 0.022922646347322884 9 340 170
0.7699948592005041 1.5301769418007891 0.023025874635265176 9 340 174
0.7540738018646436 1.5755789208277124 0.021488078889943196 9 341 161
0.7485112948236439 1.5507326597743933 0.0315901631508273 9 341 166
0.773492867980587 1.4369983217350841 0.03570617479378235 9 341 197
0.8567867457361178 1.0941249882942663 0.04144855496994615 9 341 292
0.9117203945967545 0.8674341439134673 0.04056167964615476 9 342 355
0.5935945144449668 1.5226934135428642 0.1583782610822988 9 343 147
0.8323302267982315 1.1095569577610147 0.04897914239094381 9 343 286
0.768651804387261 1.4359169082701857 0.025547801451682117 9 344 197
0.7331661833734282 1.5645193629687242 0.02213461412255735 9 345 161
0.7501208252340779 1.4793013024599073 0.026745298061917833 9 345 184
0.7640223426817045 1.4138646689865535 0.024721343014131758 9 346 202
0.7574540847582352 1.377764113386332 0.03836024035192076 9 346 210
0.8393531227290627 1.0621310502497034 0.039262410593942976 9 346 299
0.5950504019304945 1.522864847637113 0.1394902296777183 9 347 148
0.5988942821111274 1.5139439718903138 0.13821234085689804 9 347 151
0.7603080796567259 1.3960143720575557 0.027056690910073566 9 347 206
0.8453684089568902 1.0524917529040978 0.031507020420117327 9 347 302
0.7114898844156596 1.5570598253072148 0.02299279244876229 9 349 160
0.7203611800933953 1.5006072197481792 0.028108557307675586 9 349 175
0.7303027065856806 1.4615417293858188 0.02838586081670913 9 349 186
0.7341390112616357 1.4433824198405036 0.02918829462569117 9 349 191
0.7124459900324815 1.5209911932099383 0.02551231340620097 9 350 169
0.7382220246115596 1.438190021873511 0.022049667543398765 9 350 193
0.8139588908792792 1.0851207021903204 0.036707115787480316 9 350 291
0.6989244377517339 1.5541804048412033 0.024857786653802005 9 351 159
0.6359967849430064 1.5479311207384248 0.07602531072458829 9 352 150
0.709498488367593 1.4636167904196806 0.02673706028786338 9 353 183
0.7977015523752504 1.0801787678286714 0.03761288251984274 9 353 291
0.8047669656717316 1.0370637585929432 0.04131655926345701 9 353 303
0.8068676760274216 1.0226683028970107 0.04277782795723417 9 353 307
0.7096558240376525 1.4278197953419802 0.03001713236535375 9 354 192
0.6998238080088646 1.4956621950043467 0.018256461743838548 9 355 174
0.6139586240285189 1.5593200378361498 0.07420153049905642 9 356 144
0.669016192569506 1.5663001605553042 0.02422311565199675 9 356 152
0.6980209047669759 1.458444307376063 0.02362074354634558 9 356 183
0.7808023398645514 1.075025214990729 0.03933764499031045 9 356 291
0.6675201700009772 1.5126916944305677 0.03316956751892386 9 357 165
0.6728107593045676 1.4796795446535047 0.03614562652319675 9 357 174
0.7581785355184618 1.0940306847585026 0.04544475889076027 9 358 284
0.6770577267245153 1.4114806358171617 0.038779840263022614 9 359 192
0.6406006939851128 1.5534086143047903 0.03335492122121675 9 360 151
0.682789745281954 1.4515668644701099 0.019590263985128198 9 360 183
0.6548731253951703 1.5233497177802748 0.02292269997877483 9 361 161
0.6193415392091985 1.6008270778309368 0.03178727688282579 9 362 136
0.6258979273754874 1.581139043236551 0.03054126133784152 9 362 142
0.7653826612319838 1.048218407040182 0.03085981783293157 9 362 297
0.6434215092201709 1.5170054064573115 0.02518603848876877 9 363 161
0.6603887804925042 1.407856684427562 0.03568146908132985 9 363 191
0.6282340168674287 1.5648633521793918 0.018070713346203027 9 365 147
0.6252328517153607 1.5463885596829294 0.025175013767534615 9 365 151
0.6162466268434683 1.5773319014251415 0.02123071215398542 9 366 142
0.6348178243827025 1.4771477646207285 0.028230947217301683 9 366 170
0.6367712579033011 1.4664488111924205 0.029005624676721853 9 366 173
0.6352194596628475 1.403542218159563 0.03605887878664049 9 368 189
0.6175172246843634 1.4206259897432605 0.04350032111028801 9 369 182
0.5896209103647871 1.5891949766189046 0.023836617230260426 9 370 135
0.6002412472010963 1.5324193697541573 0.02776310891904976 9 370 151
0.5960932491734103 1.4950984830901652 0.03125045674730864 9 372 160
0.602511661134665 1.4638741358395 0.03288752119918281 9 372 169
0.6095719527266541 1.433129377599836 0.03381338660189437 9 372 178
0.5881014165639997 1.4910352825192894 0.030314933293372093 9 374 160
0.5944962836164749 1.4599179430501223 0.03195716838044649 9 374 169
0.5795385204480556 1.529416393848614 0.02423498286546799 9 375 149
0.6919845654818149 1.0337275176778773 0.04057184411921089 9 375 295
0.5818263908717407 1.4731233510311585 0.026570643464343346 9 377 164
0.5890475821449268 1.438781035554598 0.02824458089408166 9 377 174
0.6780179640781407 1.029504323123553 0.045451582315953365 9 377 295
0.5899703104609164 1.4517960481249168 0.019473905364589594 9 378 171
0.6809071674744684 1.0557218690670598 0.03160085568470716 9 378 288
0.6935032795653875 1.0092048976150432 0.031214447290758063 9 378 302
0.5531618463285062 1.4820737703775781 0.04215139969862913 9 379 157
0.5807008915951173 1.447018135442934 0.020068580829038174 9 380 171
0.6625522887700508 1.0570160534002726 0.03938625265658402 9 380 286
0.5585630689572749 1.4407222566040432 0.038078570083697194 9 381 169
0.6627874821308035 0.9933020482422859 0.04124398717094313 9 383 304
0.5264327514471878 1.525010931713254 0.033854824074695644 9 384 142
0.532482987268025 1.4982783187806605 0.03477008458704356 9 384 150
0.5357664010912169 1.4665003659236313 0.03501405337452401 9 385 159
0.6391169496589515 1.0356333267584326 0.03955971868953334 9 386 290
0.5244376683615919 1.479246125663694 0.033536225042364975 9 387 154
0.650766767327009 1.018197080128471 0.02804999851805068 9 387 296
0.5125896780134245 1.5217242210223096 0.02962872532581451 9 388 141
0.5258796390765745 1.4624748875564035 0.027173278970909598 9 389 159
0.5285689241058313 1.4489673286402562 0.0280020751879555 9 389 163
0.6214046666738575 1.0547688081525388 0.038129052956859866 9 389 283
0.6125884862137989 1.051979195079046 0.03831619101035022 9 391 283
0.5023337373491321 1.501702435661243 0.02637737952968 9 392 145
0.49764033852167544 1.427286771247144 0.041174116881171674 9 394 164
0.4648155194836783 1.4617123007161086 0.033202573631600396 9 401 150
0.5503509563860667 0.6573522298702946 0.1434880842849191 9 405 401
0.5490039284516286 0.636708507528367 0.15044406387763565 9 405 408
0.37955533804871733 1.6733665014623589 0.04122086658137425 9 406 77
0.5453708772529993 0.5916011409156923 0.14969135469791373 9 409 423
0.3669081129679801 1.6665918493303904 0.03364286237989056 9 411 77
0.5475433775672027 0.5558936586861057 0.14463171856449808 9 412 435
0.6115264914937553 0.6824402967618306 0.033184311192232085 9 414 393
0.5554600265544201 0.5716663192460041 0.11917629254275552 9 415 429
0.5526030503896586 0.5572822719879715 0.12622117102617847 9 415 434
0.5401948919423969 0.5462819144050112 0.1424991857616975 9 415 438
0.612241398134945 0.6378396008810108 0.03575662636267829 9 416 407
0.6096215644318326 0.5884521576539339 0.052338169115622835 9 416 423
0.5811700455064102 0.7324625829975191 0.03352061730428302 9 418 376
0.5996159322616612 0.7025005857047472 0.022095236575979005 9 418 386
0.6102694309221683 0.5784290887922463 0.04547616857735104 9 418 426
0.5548171843817333 0.501513517660213 0.12671277900818145 9 418 453
0.5972093491643289 0.6919003918131129 0.01396047267402456 9 421 389
0.5977673381773536 0.6012339393555372 0.03453957984937106 9 422 418
0.5827486179944021 0.6621198450519115 0.029063839484371856 9 423 398
0.5844389699302146 0.6432597295272195 0.02806919808735775 9 424 404
0.5863179052734002 0.46990664980957336 0.07560097205703808 9 424 462
0.5739611016624322 0.6609922259996888 0.029965598973905827 9 425 398
0.6104566485454452 0.517582012675426 0.030983585821560578 9 425 445
0.5576713004648932 0.7436929896748472 0.01960274896595915 9 426 371
0.5772594987795672 0.6330511163836146 0.02984088293440723 9 426 407
0.5867422541027345 0.5873709128611704 0.032528351667233446 9 426 422
0.6135246579981624 0.44845921913563347 0.0429671568760388 9 426 468
0.6158631930733729 0.4364639502457427 0.04384007276769397 9 426 472
0.5474205314959335 0.7297415942300208 0.030418781466319933 9 427 375
0.5507297264800037 0.701808757999264 0.03031476159239732 9 428 384
0.5386109287876315 0.7345223558978297 0.02978914244760622 9 429 373
0.5495421257105242 0.6859781264822449 0.03171806770241692 9 429 389
0.5613141001984081 0.6620793877146232 0.025550266249993348 9 429 397
0.5800467850303463 0.5800839378528133 0.02850885855647478 9 429 424
0.30647976441183644 1.5787672609445218 0.03859133913517088 9 430 90
0.5565250135208337 0.6492426810818559 0.03010998484728611 9 430 401
0.5326587718823057 0.7086478564907444 0.03497867104618679 9 431 381
0.5756545662565635 0.6065995435083957 0.01661955933029624 9 431 415
0.5702400035579609 0.5553960997256057 0.037656784848481895 9 431 432
0.5388353229842471 0.6751283467836271 0.03336693765768306 9 432 392
0.5582350325976648 0.6211693010438711 0.02737693734071933 9 432 410
0.2546946401459913 1.7629619003905486 0.02938516025446125 9 433 28
0.2967504798210372 1.594921789341428 0.031376126865555465 9 433 84
0.51580878746244 0.761930876875972 0.02930796967087934 9 433 363
0.5427011252614193 0.6442384214361558 0.029096325304223125 9 434 402
0.6185342024349629 0.31570512343203627 0.04022393029637583 9 434 512
0.5155400909719594 0.758376969552351 0.021637482467538494 9 435 364
0.5175540373451495 0.7338237537752569 0.026618248818211843 9 435 372
0.5264439596177459 0.6794782031408246 0.03261150972805371 9 435 390
0.6038151052539353 0.4530960448977387 0.011788399257587123 9 435 465
0.6018546722782006 0.4386139142399418 0.018299803971392192 9 435 470
0.5998547368858016 0.3105858151009435 0.058461148629268544 9 435 515
0.572123623116088 0.5350940048219223 0.018966662632563747 9 436 438
0.6078430585058818 0.3504204119953125 0.033118387449070585 9 436 500
0.24600788142953678 1.7271127397702268 0.03197269890900767 9 437 36
0.27335779334369015 1.6168744468771297 0.03355929378884337 9 437 73
0.2873780083931121 1.6088032486014845 0.01994786172171592 9 437 79
0.28762037144948405 1.5940210699710726 0.024072982574723456 9 437 83
0.29332227886742 1.5660834177979506 0.02587935303158595 9 437 92
0.5434964914265641 0.6189744895657974 0.022149917074151038 9 437 410
0.5797337599094898 0.5014730377619832 0.015747591812968587 9 437 449
0.5918332334668215 0.46499155093325195 0.012790438786105973 9 437 461
0.5027628855591955 0.7283871771964734 0.0316197409711092 9 438 373
0.5179626141424165 0.6658969717832754 0.03286888212062378 9 438 394
0.5834122294891204 0.48881903032768637 0.010765701439341857 9 438 453
0.5615288408796721 0.5076210104956003 0.025726801744240024 9 439 447
0.5953332294904743 0.40789065298417815 0.016750616202030333 9 439 480
0.602213748276315 0.38085347307776407 0.016942537634293764 9 439 489
0.5993968715718905 0.3698526549780763 0.023476670162846158 9 439 493
0.48784668072656956 0.7659436290545485 0.028542483793993823 9 440 360
0.5065255455585822 0.7008098918762662 0.026579354808419442 9 440 382
0.5353909631204026 0.5818723459814519 0.029040576118325223 9 440 422
0.5391599911471994 0.5606731874624041 0.026575950972870688 9 441 429
0.5727378848676008 0.461745598392892 0.017558583675176598 9 441 462
0.220745412430412 1.7615372256894566 0.028419847685543287 9 442 21
0.22385889180171392 1.7383111183669928 0.0318305767520044 9 442 28
0.4934833145258599 0.7172849801797909 0.027717889885305214 9 442 376
0.5261205552397181 0.6137666275585848 0.02114969100861197 9 442 411
0.5429290191739964 0.5394740289433564 0.024111325827416152 9 442 436
0.21967590031559936 1.7539207883906909 0.02750837311507781 9 443 23
0.2633954452703584 1.598588875145909 0.02373344518955367 9 443 77
0.269232556069696 1.5674190354064408 0.026393520499659928 9 443 87
0.48141895778526544 0.7583252546956398 0.02482035768345847 9 443 362
0.520216505214206 0.5866597166130085 0.03172942475967089 9 443 420
0.6062685035904913 0.30888914195722605 0.015816651290615713 9 443 513
0.3244609018229747 0.11823681057154134 0.40168771686693594 9 443 635
0.4662611343476275 0.7895964467204809 0.02850751419531994 9 444 351
0.4776570409094867 0.739334777869362 0.030493104582188124 9 444 368
0.5680149943535364 0.41441732697406886 0.023840994700726537 9 444 478
0.48410235902525933 0.6885181646015788 0.03397370318957327 9 445 385
0.5323698358492097 0.5152715734798317 0.03030815168102352 9 445 444
0.5882054971677273 0.34786683511921845 0.015994341394744538 9 445 500
0.6152581166099218 0.27714376096277105 0.00588967038007171 9 445 523
0.21881309089365453 1.7110068143222055 0.028221634016813102 9 446 35
0.4569458579825534 0.772524659382756 0.035700702572267984 9 446 356
0.2114789548919006 1.7226203916410454 0.02884101273049855 9 447 30
0.24583752389848668 1.5739587669790098 0.0339905912220515 9 447 80
0.25305255849856545 1.5483369729735323 0.03335356361778996 9 447 89
0.4824449613518089 0.6551224532841358 0.037237470326964006 9 447 396
0.48615391046422496 0.6405480399967985 0.03734092572734937 9 447 401
0.5574902533767285 0.424840174771688 0.01497690740199431 9 448 474
0.565711231888385 0.39798780356260355 0.01352684561748596 9 448 483
0.5674122130821613 0.3722209588291965 0.01945214834584741 9 448 492
0.5769663072899238 0.3592131936399606 0.012161315174395337 9 448 496
0.5882435799916235 0.32035103386185515 0.010796503990405437 9 448 509
0.6034340748054641 0.23885053709082882 0.01793781252642912 9 448 537
0.21623150925568702 1.696844502843248 0.02224501236720533 9 449 39
0.5108218254469361 0.5637467957339662 0.02289171276666191 9 449 427
0.4746191346119959 0.6833802096262525 0.02439843206962089 9 450 386
0.49115896960608096 0.6102297891389783 0.027387635872132332 9 450 411
0.5360216871586243 0.4720050639592888 0.016842408979929946 9 450 458
0.5869482307685658 0.2746065535765355 0.0174203762379328 9 450 525
0.4680000625329781 0.727536663621966 0.01408671690506269 9 451 371
0.4628416175746579 0.7179389449342481 0.023227607017727525 9 451 374
0.5413254123915292 0.4394027688484776 0.016132014157216545 9 451 469
0.5749084160126685 0.3210137595004049 0.012848425246011708 9 451 509
0.5757121245908132 0.3097097276430375 0.015403064499098784 9 451 513
0.45197942688293846 0.743491837208328 0.023779268751455973 9 452 365
0.5266310144531499 0.47183960909063244 0.019097349193500257 9 452 458
0.5771997416249031 0.2975333809241161 0.012898111415847513 9 452 517
0.19906648645522984 1.6931386835268838 0.026060657821516786 9 453 36
0.4311958461149479 0.7945203185183157 0.028300644736634073 9 453 347
0.53559471757301 0.4276105598874572 0.017660961010390608 9 453 473
0.23841365012595128 1.5052605966948938 0.03314127142479606 9 454 99
0.45319098421537385 0.7072620121271587 0.0247087391243328 9 454 377
0.4644348820483777 0.6874185463628297 0.01738637385367303 9 454 384
0.469145353109343 0.6580908622289485 0.020911575058250698 9 454 394
0.4816861540344859 0.6115159760641337 0.020412903548414185 9 454 410
0.5447018663188203 0.36389407385109707 0.02217062940211001 9 454 495
0.5556527911203339 0.34790605253220086 0.013991715483516298 9 454 500
0.5607924861079165 0.33852692718617816 0.010741370571368147 9 454 503
0.432217430298655 0.7672299169135612 0.02671153283966099 9 455 356
0.4325080417000715 0.7552846748083453 0.030119276103776293 9 455 360
0.535002675415251 0.40114325171370235 0.01768009172540852 9 455 482
0.5772886250312697 0.2484833529551853 0.014610122504639111 9 455 534
0.1863450665323415 1.7082894826020842 0.023310096063781094 9 456 29
0.2206835813960938 1.5436869345603776 0.03363271436505033 9 456 84
0.22778836344910824 1.5184654625744478 0.03297960131144562 9 456 93
0.4222146467779855 0.7895252627058482 0.027335240415451434 9 456 348
0.4548426434209796 0.6801926704574479 0.02228591223288756 9 456 386
0.49466788647834914 0.5236983282612407 0.02339677580665489 9 456 440
0.5847071136796924 0.22383011859079838 0.00888116220684565 9 456 542
0.18843188921643228 1.6858118973632465 0.023434200997749732 9 457 36
0.43315095969069617 0.7430368101577282 0.02429052630196038 9 457 364
0.49702021162675947 0.49744789230304226 0.024366465391184144 9 457 449
0.5064908905431462 0.4683132568189063 0.022072192103952393 9 457 459
0.5203015514495477 0.432898529553966 0.016487786036990748 9 457 471
0.5256327054297094 0.39578832564639 0.021753376796168844 9 457 484
0.19562049070942378 1.6433087887979037 0.023709251055131997 9 458 50
0.2444825599053908 1.4297846889574042 0.03190631856319914 9 458 123
0.4839726381913618 0.5290507027102742 0.02577255783477561 9 458 438
0.5482713943043318 0.3382549453097149 0.007917970427971266 9 458 503
0.18058505610863795 1.6827845206509868 0.025084660351791577 9 459 35
0.18579644777218585 1.6703648161515166 0.022662942114028528 9 459 40
0.45045238643957064 0.6760594175344843 0.015497768519193045 9 459 387
0.4610577586874107 0.620953906823245 0.020072194908933305 9 459 406
0.5499311511881393 0.2932139062922233 0.015705390879063197 9 459 519
0.5594963777278312 0.2690585174676763 0.01169359215293464 9 459 527
0.48267462959976637 0.5083372782743015 0.025034234034404523 9 460 445
0.5116773163281603 0.42387987186186626 0.016414220673070634 9 460 474
0.5661543422347299 0.21698410114434552 0.01113785481437235 9 461 545
0.4034769646006109 0.7884542660396671 0.02387231782970778 9 462 347
0.4539680956924277 0.5766709400706009 0.02958114743562712 9 462 421
0.2360026297943667 1.4163458351397131 0.024478353924534124 9 463 126
0.43574490926678844 0.6448122709059265 0.025742114490535206 9 463 397
0.16803462997493668 1.6372809656263778 0.03306415623951553 9 464 45
0.23882674319752395 1.3644377788683568 0.03331280321113406 9 464 142
0.39106722734474886 0.8008911324789523 0.026340229640236634 9 464 342
0.4229427225135969 0.7343356551381741 0.008243153475710141 9 464 366
0.45826521693672717 0.5501757401228096 0.023899588309036712 9 464 430
0.5062062560287486 0.3671264514054927 0.02351083990213798 9 464 494
0.2312279398452044 1.3828912345076105 0.03238527609302233 9 465 135
0.4261578441882252 0.7048393856355273 0.009295282854191456 9 465 376
0.4570000548687374 0.5356820692225926 0.02571591245449012 9 465 435
0.16951384218038035 1.6086848506336855 0.03168593015301546 9 466 54
0.1988906064882916 1.4932480810552293 0.032505349568429764 9 466 95
0.4028597412968049 0.7609300416506345 0.01568093095841072 9 466 356
0.4193081416303335 0.6776691558428944 0.022201143358928643 9 466 385
0.47356973644126876 0.4724296495302544 0.02111691013168926 9 466 457
0.4901020565990044 0.426091924954064 0.015516643931563712 9 466 473
0.491718090027349 0.40111521581025145 0.021623130392381285 9 466 482
0.4458570536708988 0.5353325615362556 0.03088675684941844 9 467 435
0.5018840976711525 0.3523750384694849 0.02030633039133911 9 467 499
0.5098257393778871 0.33179758090138767 0.017058286573893522 9 467 506
0.4021700601325593 0.7221505096428715 0.02027156742944869 9 468 369
0.4254082448518153 0.6255278192632431 0.022657507867309024 9 468 403
0.5062671030609467 0.3157519351517776 0.022306423446805557 9 468 512
0.22377272526159353 1.3561061340735756 0.032854531836473466 9 469 142
0.44737193103817097 0.5092679065518393 0.028648039265440906 9 469 444
0.4750199880572834 0.445675218971855 0.014624347639924373 9 469 466
0.15523041532912163 1.630004109365768 0.02503163021704613 9 470 45
0.22122429884858485 1.378618804767346 0.024257169584402494 9 470 135
0.3685124959706034 0.8316032367785875 0.017904618142028594 9 470 330
0.39440208519877684 0.7589804416563877 0.009037523625487598 9 470 356
0.3905573979443562 0.729098729009407 0.02374993861018071 9 470 366
0.5105730999679003 0.29454397743735383 0.014893192416391088 9 470 519
0.21731183914468288 1.3456557631887134 0.0356850433522613 9 471 144
0.37122198607582213 0.8201465026275977 0.013782053777430248 9 471 334
0.4085135206589947 0.6524660951933519 0.02180778023172092 9 471 393
0.4182220516510935 0.5931735122763624 0.029064225546071576 9 471 414
0.427365976206203 0.5678133894789881 0.025826512802106905 9 471 423
0.18111284196426214 1.4713500945925304 0.03576295628359283 9 472 98
0.4035756393917105 0.6235686915510611 0.03322161921607991 9 472 403
0.48385589537308915 0.37144603802615683 0.014469131783112488 9 472 492
0.36888879145372044 0.7986607522305995 0.014940422976546186 9 473 341
0.42539174772766786 0.550275090781846 0.02527764614741601 9 473 429
0.4480796429313936 0.479571409734044 0.01977769838750687 9 473 454
0.2234107499965725 1.3326599086950646 0.01896891771863851 9 474 150
0.39095437637596153 0.6848205231879313 0.020132038615312098 9 474 381
0.47094925894948725 0.3967981125797615 0.013587643828631979 9 474 483
0.5300373770265414 0.17513781906758852 0.011725461409791027 9 474 561
0.17645357018041863 1.4559504404637154 0.033691791490885414 9 475 102
0.34794739165285615 0.8267426187445239 0.02353186403891705 9 475 330
0.4083552639731092 0.5972533666253461 0.022579738439675978 9 475 412
0.43115586418728435 0.510286269685137 0.022336654400274103 9 475 443
0.4497386514520736 0.43463625485927304 0.02373406404274281 9 475 470
0.38235004773416126 0.6750384875212687 0.025592211663199915 9 476 384
0.42257860270388115 0.5379571071062721 0.019670412909297053 9 476 433
0.44371013568076956 0.4811673463378027 0.011454980474517873 9 476 453
0.4405915701105638 0.4488017310314912 0.026336240499614583 9 476 465
0.4853999638652098 0.3015976495929451 0.017900814075153537 9 476 517
0.5069243204305363 0.2537633279112268 0.006174330320912524 9 476 533
